   9.04  153.76
  10.94  140.80
  12.74  157.89
  12.84   85.42
  13.91  154.40
  14.61  216.95
  14.86  215.79
  15.23  220.28
  17.62   63.26
  20.09  152.68
  20.28  134.19
  20.36  217.19
  20.92   74.05
  21.69   80.91
  25.36  212.04
  25.75   63.60
  25.98  125.76
  26.71  148.19
  27.45  236.13
  28.38  209.96
  30.13  123.62
  32.16   83.90
  32.17   74.55
  32.61  206.90
  34.76  119.75
  36.06  213.89
  36.63  239.91
  37.26  202.16
  38.73   67.75
  39.67   71.47
  42.00  209.01
  42.58   65.47
  42.75  240.98
  44.48   55.27
  46.25  209.97
  46.56  120.97
  46.92  115.79
  47.82   54.99
  48.35   70.70
  51.97  127.72
  55.07  127.76
  55.44   45.54
  56.82  123.07
  57.68  118.29
  59.85  125.91
  59.99  121.28
  61.38  114.53
  62.39   50.87
  63.28  151.90
  63.31   58.62
  63.46  119.76
  63.79  123.81
  64.43  111.61
  64.60   60.87
  69.83  151.50
  70.72  234.51
  70.75  231.30
  70.89  130.94
  73.02   43.21
  73.93   46.06
  74.50  227.75
  74.80  235.11
  75.15  123.40
  77.10  198.01
  77.21  197.85
  77.59  208.03
  78.20  202.66
  78.21  114.31
  78.55  138.44
  79.70  217.90
  80.47  125.15
  80.95  231.34
  81.06  183.08
  83.51  228.28
  84.03  123.82
  84.68   69.10
  86.50  235.88
  86.92  212.12
  87.08  191.95
  91.04  207.60
  91.12   68.33
  91.44  123.04
  91.65  177.20
  92.38   33.03
  93.31  221.93
  93.40   59.36
  93.66   62.83
  95.50  106.36
  96.82  116.87
  97.38  206.56
  97.39  199.97
  97.54  189.09
  97.56  207.54
 101.48  199.39
 101.95  191.51
 103.12  119.21
 105.50  203.16
 106.30   56.35
 106.70  199.55
 106.79   50.87
 107.01  116.68
 110.01   29.59
 110.37  199.45
 111.68   61.35
 111.93  130.51
 115.63   19.75
 117.72  125.08
 121.03  234.42
 121.54  118.80
 121.72  129.32
 122.09   51.63
 125.10   84.52
 125.31  125.98
 125.82   69.44
 127.48   44.05
 129.21  100.63
 130.01   59.11
 130.47   41.91
 131.14  106.79
 132.25  126.36
 132.43   37.02
 135.92   24.11
 136.86   42.85
 137.30  106.95
 137.77   59.47
 137.83   51.77
 138.26   36.25
 138.40  124.91
 138.50  121.31
 138.73  121.38
 140.11   56.02
 140.72   37.88
 141.04   76.31
 141.66   78.19
 141.86   31.04
 144.03   60.48
 144.51   70.23
 144.56   75.51
 144.94  105.44
 145.63   51.16
 148.29   56.09
 148.35   28.93
 148.47   69.24
 148.59   61.28
 150.30   53.31
 151.13  104.53
 152.29  122.15
 153.03   71.59
 153.06   62.28
 153.70   79.21
 154.36  117.02
 156.10   81.84
 156.42   40.63
 157.84   67.52
 158.73   93.24
 160.10   24.85
 160.47  107.56
 161.45   79.67
 164.00   78.97
 165.31   72.20
 165.40   52.92
 165.64   66.08
 168.83  108.14
 170.12   29.98
 173.27   62.32
 173.62  110.47
 174.27  123.06
 174.69   53.03
 175.03   44.72
 176.30  104.08
 176.43   44.71
 176.46  114.30
 179.39   52.17
 180.50  101.62
 181.52   78.62
 183.92  106.58
 184.74  102.97
 184.84  102.95
 184.90  100.51
 185.71   40.56
 185.78  112.33
 187.87  112.70
 188.95  103.12
 191.02   82.46
 191.61  107.05
 191.91   77.17
 193.52  116.49
 193.58   96.93
 194.59  108.84
 195.01   81.98
 195.33   92.28
 202.41   75.78
 204.85   74.22
 205.05   78.71
 205.45   99.73
 205.83   60.24
 208.56   81.66
 208.88   88.35
 210.76   72.83
 211.10   48.51
 215.80   69.30
 215.99  103.07
 216.25   61.57
 220.04   99.66
 220.46   99.50
 220.54   88.89
 220.99  110.55
 221.30   63.56
 222.00   69.00
 223.07   61.12
 223.21  107.28
 225.13   99.46
 229.84   99.61
 230.37   68.63
 230.86   83.84
 230.91   93.28
 231.18   52.68
 231.41   60.71
 231.45   43.32
 234.15   68.10
 234.15   98.38
 237.00   85.95
 238.03   57.85
 238.39   81.32
 238.90  106.73
 239.54   47.48
 239.96   61.73
 239.96   61.85
 240.87   52.25
 245.17   88.40
 249.06   66.70
 249.25   93.29
