   8.87  208.52
  11.50  210.36
  16.40  204.17
  16.65  188.85
  18.28  198.68
  19.66  201.50
  22.57  231.00
  22.91  240.93
  24.75  201.85
  28.47  235.49
  30.89  207.74
  32.63  236.69
  33.22  235.86
  39.50  184.64
  39.90  184.56
  45.56  207.59
  49.30  204.64
  51.22  201.08
  52.45  194.93
  53.78  198.38
  54.78  212.14
  55.01  204.50
  59.79  242.77
  61.39  211.91
  64.79  189.73
  66.15  202.44
  66.49  210.02
  69.22  207.07
  69.49  192.45
  73.29  188.81
  75.09  184.03
  75.20  207.53
  75.84  179.66
  76.24  202.20
  76.71  213.39
  77.02  203.83
  77.20  239.21
  81.56  200.95
  81.80  216.46
  83.22  207.38
  84.78  177.63
  84.83  217.35
  85.39  184.24
  85.92  193.36
  86.45  181.15
  87.79  162.03
  88.14  217.28
  90.80  168.98
  91.08  178.12
  92.34  184.65
  93.27  202.37
  97.29  185.10
  97.94  196.97
  98.24  178.76
  99.77  195.57
 102.19  183.55
 103.92  239.44
 106.00  161.78
 106.48  196.37
 107.52  192.50
 107.94  182.95
 108.22  235.53
 109.73  213.23
 110.60  214.78
 111.54  192.03
 111.69  130.12
 112.24  181.59
 112.35  144.42
 112.72  212.16
 112.77  130.37
 115.84  181.40
 116.37  198.67
 116.43  177.08
 116.52  189.32
 117.24  185.25
 117.80  247.68
 118.79  135.59
 119.32  152.60
 119.93  157.35
 120.68  189.51
 120.76  149.26
 122.80  204.54
 124.29  181.89
 124.55  187.88
 125.04  172.15
 125.11  155.18
 125.12  177.09
 125.51  139.04
 125.92  205.25
 126.96  146.90
 127.05  146.82
 128.67  170.92
 130.28  159.65
 130.75  176.53
 131.31  128.95
 131.68  203.24
 132.30  149.06
 132.79  239.28
 132.87  239.55
 134.50  168.31
 135.14  178.35
 135.31  160.03
 137.68  139.35
 141.01  177.83
 141.10  156.57
 143.72  133.91
 145.04  185.38
 145.76  124.79
 146.52  238.77
 146.60  139.09
 146.61  238.73
 146.71  182.41
 148.40  127.30
 148.80  126.94
 149.66  112.19
 149.71  148.50
 150.78  110.15
 152.78  181.31
 152.81  150.19
 156.26  230.15
 157.76  104.74
 158.72  225.35
 160.09  178.51
 163.31  221.07
 165.75  181.09
 166.17  218.87
 166.68  127.88
 167.96  169.99
 168.23  169.34
 168.57  174.44
 168.88  168.09
 169.29  212.96
 170.92  119.47
 172.13  209.04
 172.19   99.09
 173.58  117.20
 175.93  175.47
 176.17  163.44
 178.22  190.92
 179.49  137.30
 179.70  210.88
 180.27  176.85
 181.11  134.31
 181.64   82.82
 182.71   89.93
 182.99  213.49
 183.16  170.25
 183.50  110.65
 183.61   95.26
 183.71  145.16
 186.01  197.65
 186.22  141.93
 186.49  114.54
 187.80  207.68
 188.64  147.80
 188.71  105.39
 189.62   82.63
 190.47  121.05
 190.66  113.86
 192.34   79.45
 194.04   84.40
 194.35  209.89
 198.31  101.67
 199.28  217.88
 199.86  141.40
 202.04  153.07
 202.32  209.30
 202.45  145.43
 203.31   69.42
 203.86   72.84
 203.88  122.46
 203.94   72.73
 204.45   92.91
 205.17  204.23
 205.37  148.54
 206.56   86.46
 206.58  230.37
 206.63  215.38
 207.65  171.56
 209.13  160.39
 209.77  220.18
 210.26  148.81
 210.35  153.26
 210.79  107.45
 213.58  212.58
 213.61   74.90
 214.14  205.79
 214.76  201.59
 214.84  130.07
 215.54  214.91
 215.70  107.53
 215.76  107.71
 219.45   99.42
 219.93  127.05
 220.97  119.08
 222.15  106.63
 223.53  134.41
 223.59   89.04
 223.93  180.61
 225.09   78.98
 225.90  121.69
 225.99  110.22
 226.03  166.65
 226.93   82.67
 226.98  148.68
 227.03  162.49
 229.57   84.54
 231.21  125.03
 232.23  127.62
 232.65  106.16
 233.80  113.43
 235.45  188.53
 236.43   96.67
 238.03  193.62
 240.99  209.11
 241.29  189.54
 241.41  204.08
 244.20  110.91
 248.10  110.03
 249.02  205.11
