   9.19  199.40
  11.23  124.77
  13.22  187.16
  13.89  132.06
  16.75  176.70
  17.21  205.21
  17.67  241.21
  18.08  166.42
  18.14  154.87
  19.69  184.16
  21.45  173.76
  21.95  158.94
  21.99  169.04
  22.73  131.12
  23.22  147.11
  23.75  222.18
  24.78  247.61
  25.19  165.29
  25.29  198.70
  25.87  176.77
  28.39  203.92
  29.08  166.11
  30.19  141.24
  31.71  196.69
  35.12  140.13
  35.63  202.91
  36.13  199.51
  36.19  167.66
  37.38  198.06
  38.24  163.43
  38.44   95.73
  41.85  202.96
  47.09  147.37
  49.52  162.99
  51.72  193.39
  52.95  164.45
  53.72  198.80
  53.89  198.64
  54.44  160.59
  56.04  147.10
  56.76  151.35
  58.02  237.80
  58.71  161.89
  59.19  179.75
  59.61  125.18
  60.61  243.14
  63.52  216.73
  63.60  158.97
  65.00  217.31
  65.89  213.52
  68.79  147.14
  69.87  185.87
  70.16  239.32
  70.28  143.51
  72.79  241.87
  74.02  202.90
  78.63  193.46
  79.21  168.66
  79.29  147.71
  79.98  160.32
  80.85  171.15
  83.78  126.20
  84.22  157.63
  84.31  180.00
  84.60  216.19
  84.98  217.07
  85.02  173.04
  85.11  197.85
  86.46  209.33
  86.61  208.57
  87.60  148.19
  88.07  229.46
  88.37  237.41
  90.50  168.92
  90.61  132.51
  92.45  137.02
  92.59  137.29
  92.76  186.38
  93.40  181.88
  93.45  152.35
  95.78  130.67
  98.71  150.35
 102.10  146.82
 102.18  121.39
 103.23  118.71
 104.11  184.67
 104.38  141.22
 105.95  240.32
 106.43  181.07
 108.13  146.14
 109.06  122.91
 110.60  231.17
 112.00  166.49
 113.66  139.60
 114.01  127.31
 114.42  132.30
 116.44  233.39
 116.71  132.54
 117.47  139.42
 119.06  125.39
 119.77  146.21
 120.67  120.16
 120.71  147.79
 120.88  135.55
 120.96  208.81
 121.05  230.31
 124.10  137.55
 126.95  178.16
 127.08  142.18
 128.10  127.34
 128.86  164.04
 129.52  188.63
 129.87  133.00
 130.49  141.16
 132.48  182.16
 133.43  137.98
 137.38  174.36
 138.01   98.50
 139.89  179.35
 145.24  152.27
 148.21  216.87
 148.27  171.00
 148.94  175.08
 149.72  143.77
 154.07  193.33
 154.31  171.89
 155.63  187.41
 159.93  175.58
 160.17  159.68
 162.47  148.24
 162.87  177.41
 163.88  165.72
 164.18  146.37
 164.40  157.66
 166.28  176.50
 166.58  152.68
 168.37  192.08
 170.28  137.58
 170.28  158.89
 175.26  174.58
 176.74  161.59
 180.94  136.94
 181.08  101.19
 182.33  192.34
 184.43  183.43
 190.71  180.49
 192.01  195.95
 193.07  183.20
 193.82  214.20
 194.76  116.22
 195.07  110.04
 195.52  202.76
 196.25  226.65
 196.86  199.37
 200.19  220.57
 200.94  224.21
 202.18  198.95
 202.29  196.14
 203.47  173.11
 203.82  211.19
 203.89  217.70
 206.33  112.50
 206.53  195.72
 206.92  206.43
 209.00  183.35
 209.24  198.66
 210.39  186.04
 210.54  220.95
 215.09  180.87
 215.69  202.49
 216.28  173.06
 217.58  191.30
 220.11  231.70
 220.81  183.72
 221.64  234.37
 222.39  204.40
 224.04  228.18
 227.55  174.20
 231.78  166.87
 234.52  189.10
 246.59  179.34
