  11.80  117.84
  13.35  142.79
  15.94  141.20
  16.26  243.20
  16.32  240.46
  16.39   79.40
  17.30  183.15
  17.46  233.23
  17.95  122.35
  20.43  235.21
  21.62  171.18
  21.73  241.10
  21.95  147.43
  24.04  190.79
  26.34   68.87
  26.51  123.95
  29.21  184.36
  29.80  182.94
  32.34  133.19
  36.67  118.36
  37.52  195.84
  38.68  102.41
  39.64  192.27
  40.22  243.31
  41.82  240.45
  43.70  178.08
  45.44  186.11
  45.84  189.96
  49.00  180.36
  50.49   87.79
  53.97  185.55
  54.26  108.66
  58.13  181.27
  59.36  124.45
  61.75  130.65
  61.82  155.01
  62.38  224.14
  65.67  145.71
  66.04  104.44
  66.19  118.72
  66.74  108.57
  67.13  157.47
  67.27  149.20
  67.32  192.57
  67.99  113.96
  70.52  121.92
  76.56  227.11
  77.57  196.61
  80.75  174.89
  81.31  158.92
  82.49   53.43
  82.57   89.11
  84.36  175.43
  85.57  202.04
  85.64  150.12
  86.86  109.42
  87.33  170.45
  88.80   79.73
  89.90  155.49
  91.04  108.27
  91.37   74.76
  96.78  237.60
  97.23  175.72
  97.82   76.82
  97.93   80.89
  98.31   96.51
 102.51   95.65
 106.20  174.63
 108.70   88.95
 109.48  174.97
 111.44  175.89
 113.16  217.44
 113.76  166.03
 119.09  122.19
 119.51  137.30
 119.59  139.52
 119.99   94.74
 120.23  184.14
 120.65  209.54
 120.80  127.75
 122.59  187.43
 125.44  162.23
 125.91  204.87
 127.57   93.62
 128.18  172.11
 129.10  113.54
 129.79  155.85
 130.84   92.87
 130.96  156.32
 131.16  241.47
 131.70  169.87
 133.90  129.71
 134.36  148.74
 135.87  163.05
 137.43  132.01
 137.45  240.94
 139.20  104.03
 140.45  245.13
 141.20  165.85
 141.48  161.75
 142.39  153.41
 143.22  219.91
 144.41  208.62
 144.46  153.09
 145.04  162.61
 145.63  240.31
 149.97  175.42
 155.71  137.31
 155.92  114.15
 159.24  118.87
 159.48  235.95
 161.15  212.69
 161.90  248.98
 162.19  194.77
 163.34  235.79
 165.82  185.07
 166.52  196.34
 167.30  120.22
 168.04  153.28
 169.14  112.21
 170.26  221.77
 170.31  200.68
 170.82  195.75
 173.43  228.92
 176.47  157.76
 177.89  212.28
 178.03  119.54
 178.12  237.58
 178.56  232.42
 179.26  199.25
 180.02  157.87
 181.18  178.35
 181.99  200.30
 182.35  236.35
 183.27  172.95
 183.52  200.60
 185.74  118.17
 187.37  165.17
 187.41  180.78
 188.63  182.15
 188.90  204.52
 189.67  189.98
 190.74  120.75
 191.06  120.56
 196.87  197.07
 197.10  118.11
 197.74  116.47
 199.47  230.32
 202.94  188.70
 203.33  229.77
 203.92  122.66
 204.73  225.54
 205.83  126.72
 208.50  178.86
 209.02  175.56
 209.24  183.33
 212.48  126.65
 213.14  218.17
 215.74  185.59
 216.65  226.75
 216.76  131.22
 220.77  129.49
 223.43  191.60
 223.75  125.88
 224.05  200.17
 231.22  200.65
 239.88  186.88
 241.76  231.62
