   7.95  245.49
   9.41  109.85
  11.60  119.37
  12.34  104.48
  13.79  210.11
  16.77  199.62
  17.97  242.28
  19.13  218.06
  19.47  155.31
  21.84  110.54
  21.87  117.08
  22.11   90.25
  22.64  234.68
  23.10  200.97
  23.67  200.10
  24.00  221.86
  24.21  121.99
  25.45   98.92
  26.08  115.96
  26.46  216.96
  28.60  222.82
  29.14  113.94
  29.19   88.93
  31.68   84.07
  33.74  219.87
  35.54  236.27
  36.08   85.90
  37.48  232.48
  37.85   91.37
  38.93  240.25
  39.21   89.65
  41.40  217.90
  41.83  240.44
  42.05  207.44
  42.55  121.72
  42.64  154.81
  43.04  102.59
  43.62   80.77
  45.17  209.78
  45.46  230.06
  45.61  219.20
  47.51  111.55
  48.17  113.76
  50.32  104.03
  52.19  104.28
  52.44  124.52
  53.12  180.25
  53.81  171.01
  54.18  112.94
  54.27   73.30
  54.35  129.69
  54.95  165.02
  57.00  175.86
  58.57  152.12
  58.86  172.66
  58.93  120.65
  59.15  109.57
  59.54  149.66
  60.28  244.01
  60.76  168.93
  61.17   86.53
  61.92   77.55
  62.08   69.15
  63.42  244.60
  63.48  160.88
  63.72   66.00
  64.20  122.29
  64.55   74.51
  65.54  118.00
  66.52   97.01
  66.62  208.04
  66.70   64.41
  66.99   60.66
  67.59   93.06
  69.51  125.84
  69.88  109.68
  70.17  192.32
  70.24  217.98
  71.42   71.00
  71.48   57.49
  72.89  212.61
  73.30  196.52
  73.50   79.10
  73.52   67.14
  73.66  206.75
  74.91   72.24
  75.19  225.07
  75.66   59.78
  75.82   99.08
  77.43  107.65
  77.90  187.00
  78.08  117.01
  79.16  194.93
  79.74  228.93
  80.49  192.44
  80.80  110.77
  80.93   94.36
  81.21   85.48
  81.73  152.35
  82.95   71.25
  83.00  115.91
  84.07  240.28
  86.18   96.30
  87.61   75.09
  88.03  216.05
  89.61   66.40
  90.22  118.59
  90.42  184.66
  90.76  113.25
  90.91  110.28
  91.06  219.54
  91.19   88.60
  92.14   88.21
  93.53   81.24
  94.33  190.36
  95.11  242.09
  95.22   72.30
  95.46   74.67
  95.89  220.45
  97.03  128.87
  98.03   98.64
  98.60  118.69
  98.89  119.42
  99.77  121.22
 100.47  115.43
 100.49  196.87
 101.71  131.08
 102.62  221.92
 102.88  173.23
 103.98  134.40
 104.49  191.71
 104.70  104.78
 105.56  123.08
 105.60  139.07
 105.71  220.77
 105.94   96.57
 106.55  146.14
 106.90  108.42
 107.24  118.79
 107.39   96.58
 107.68  180.73
 107.75  239.22
 108.10  228.64
 108.10  130.91
 108.57   91.54
 108.96  246.58
 110.82   89.57
 111.75  144.45
 111.86   80.20
 112.29  128.60
 113.16  177.39
 113.46   85.65
 113.74  139.20
 114.01  106.72
 114.11  122.11
 114.99  217.39
 115.10  226.25
 115.28  138.20
 115.47  201.14
 116.11   76.44
 116.74   90.31
 116.88  119.36
 117.24  232.93
 117.63  151.89
 117.73  228.99
 118.03  203.79
 119.34  100.95
 119.82  102.25
 120.08  139.33
 120.50  122.61
 122.85  130.83
 122.85  241.73
 123.10  154.86
 123.15  113.48
 123.28  114.71
 125.13  228.65
 126.46   97.70
 126.67  126.88
 126.70  202.31
 126.80  208.56
 127.18  216.38
 127.81  146.74
 128.30  151.69
 129.31  107.81
 129.89  200.67
 130.47   99.84
 131.45  235.53
 131.91  135.68
 134.02  215.10
 134.39  166.97
 134.88  128.83
 136.00  212.69
 136.01  231.40
 136.50  227.30
 137.25  112.67
 138.11  176.02
 138.36  208.17
 141.90   97.55
 142.09  131.14
 142.51  219.57
 143.56  173.10
 144.26  238.06
 144.42  206.16
 145.84  110.55
 146.53  112.79
 146.97   96.21
 147.25  145.45
 147.27  124.45
 148.48  229.89
 148.97  134.43
 149.70  190.73
 152.01  114.28
 152.06  111.96
 152.20  228.95
 153.91  107.42
 153.96  226.79
 154.34  205.33
 155.48  186.09
 156.58  219.54
 158.15  202.59
 158.16  176.66
 158.33  138.74
 158.50  174.39
 158.58  222.52
 159.09  228.16
 159.36  151.23
 159.44  217.99
 160.08  106.41
 160.56  235.61
 160.70  246.65
 161.28  214.36
 161.55  204.21
 161.97  219.00
 162.83  112.84
 162.93  233.94
 163.54  107.50
 163.72  138.72
 164.40   98.90
 164.57  181.15
 164.77  193.66
 165.35  126.23
 165.67  230.64
 166.17  235.11
 167.48  126.25
 169.03  225.95
 170.85  228.76
 171.31  242.96
 171.31  100.10
 171.34  236.31
 171.68  222.39
 171.83  168.16
 172.00  179.20
 172.89  197.38
 173.89  134.94
 173.93  233.27
 173.99  129.26
 175.13  116.50
 176.09  230.26
 176.19  186.13
 176.20  132.25
 176.67  225.68
 177.11  114.29
 178.02  236.77
 178.24  200.83
 178.48  104.34
 179.83  182.99
 180.68  129.03
 181.31  223.19
 181.50  122.78
 183.99  234.12
 184.58  235.23
 185.14  173.43
 185.59  244.07
 186.48  106.64
 188.52  244.02
 188.58  141.08
 188.72  247.07
 189.22  198.75
 189.30  100.00
 190.87  226.62
 191.35  118.56
 191.52  115.48
 191.76  173.52
 193.15  231.75
 193.74  180.61
 196.14  226.26
 196.94  113.70
 197.84  108.76
 198.00  167.95
 199.01  131.76
 199.10  223.27
 199.96  147.75
 200.53  229.41
 202.14  239.94
 203.26  187.72
 204.15  227.70
 204.46  163.73
 205.63  232.46
 207.02  173.44
 207.42  119.92
 207.94  102.89
 209.03  240.98
 209.21  224.94
 209.35  248.66
 210.14  124.60
 210.23  232.55
 210.24  154.38
 211.11  213.64
 212.22  106.25
 212.74  120.73
 213.46  247.08
 213.68  180.07
 213.94  108.71
 215.72  231.56
 217.59  116.61
 219.60  240.70
 220.35  240.75
 221.32  126.21
 221.41  152.02
 221.46  134.23
 222.35  167.59
 223.66  161.71
 223.88  133.86
 225.07  140.99
 226.55  234.54
 228.21  171.42
 228.51  122.00
 229.13  247.28
 230.13  244.36
 230.21  147.90
 231.41  147.99
 242.14  138.81
 247.59  245.56
