  11.01  141.99
  11.18   96.23
  13.78   99.28
  16.27  157.23
  16.96  141.61
  17.42  137.68
  18.84  135.94
  20.00  144.79
  20.71  130.55
  20.84  163.30
  22.20   87.11
  22.34  153.54
  22.60  243.05
  23.85  114.59
  24.09  134.40
  27.88  138.38
  28.19  122.48
  28.32  126.19
  28.74  204.92
  33.17  161.19
  37.33  222.58
  37.73  153.30
  38.76  167.25
  42.83  230.93
  42.95  163.55
  43.20  230.74
  43.98  158.96
  46.16  239.83
  46.64  152.68
  48.23  165.66
  49.54  234.45
  49.78  242.72
  50.41   97.59
  51.38  203.13
  53.69  229.72
  53.97  222.05
  54.19   64.38
  54.21  233.81
  55.60  196.27
  56.80  238.81
  58.24  137.49
  58.71  133.62
  59.96   60.06
  60.25  232.21
  60.28   56.00
  60.33  200.57
  61.34  205.21
  61.99  210.23
  62.05  128.41
  62.74  195.69
  65.05  245.74
  65.35  181.82
  65.43  190.90
  66.24  209.26
  66.63  165.60
  66.72  212.72
  66.99  219.41
  67.12  203.15
  67.54  174.75
  68.71   47.23
  69.30  189.31
  70.22  115.97
  71.10  216.43
  71.44  132.35
  71.52  132.11
  72.54  248.11
  73.31  115.23
  73.69   46.60
  73.89  164.25
  74.33  102.29
  74.36  141.95
  74.46  110.93
  74.55  158.38
  76.07   88.28
  76.08   75.04
  76.44  158.96
  76.52   74.97
  77.42  135.24
  78.18  197.09
  78.89  152.81
  79.20   76.70
  82.48  112.23
  83.89  147.17
  84.89  122.57
  85.12  130.86
  85.57  134.14
  86.38  125.32
  87.49   75.07
  88.27   94.60
  88.75  144.43
  88.80  164.69
  88.81  201.10
  89.42  245.11
  89.85   88.11
  90.07  238.18
  92.91   78.24
  93.31  117.97
  93.36  150.78
  93.57   69.83
  94.01  125.20
  95.30  148.61
  95.89  199.58
  96.70  122.72
  97.28  218.31
  98.63   73.42
  99.25   60.23
  99.57  131.24
  99.72  219.49
 100.40   97.06
 100.60   52.69
 100.65  111.26
 100.86  161.11
 101.12  120.67
 101.74  190.22
 102.04  156.17
 102.14  201.97
 102.38   65.03
 103.46  205.63
 104.40  104.00
 104.54   91.91
 105.09  242.62
 105.09   48.52
 105.58  197.81
 105.58  193.80
 106.01   52.87
 106.27  153.17
 106.71  239.16
 106.76  200.40
 107.10  106.67
 107.94   97.08
 108.02   70.19
 108.81  202.10
 109.01   49.89
 109.43  108.21
 109.57  117.42
 109.69  219.23
 111.37   73.20
 111.77   88.37
 111.83   43.66
 112.40   48.71
 112.72  231.57
 112.80  149.04
 114.02  192.15
 114.70  216.67
 114.91  103.19
 115.78  135.25
 115.84  109.07
 116.20  125.12
 116.21  125.75
 116.84   55.92
 117.22  249.70
 117.36  111.78
 118.24  134.24
 118.40  160.42
 119.24  169.28
 119.67  223.16
 119.71  226.63
 120.64  195.40
 120.99  187.51
 121.03   39.64
 121.08   51.02
 121.93  131.50
 121.95  156.42
 122.68  225.92
 123.06  200.74
 123.12   95.64
 123.21  212.10
 123.23  118.86
 123.47  208.21
 123.56   32.43
 124.17  231.99
 125.59   70.52
 125.80   73.99
 126.18  162.27
 126.24  189.68
 126.40  242.38
 126.41   74.14
 126.58  203.24
 126.77  186.08
 126.99   83.04
 127.71  229.62
 127.75  101.67
 128.23  236.74
 128.71   58.76
 128.75  160.80
 129.08   40.50
 129.82   79.54
 130.52   71.09
 130.68  190.77
 130.70  195.36
 130.96   41.45
 131.03  144.77
 131.28  143.04
 131.28  105.46
 131.53  129.48
 132.58   60.49
 133.36  100.05
 134.24   32.10
 134.77  111.59
 135.16  137.79
 135.59  221.98
 135.71   54.24
 135.92  228.37
 136.04   85.39
 136.49   61.53
 136.54  101.65
 136.65   93.69
 137.25  135.59
 137.85  156.18
 138.29  225.41
 139.34  222.05
 139.41  101.23
 139.42   65.47
 139.67  238.67
 139.67  129.45
 139.93   70.41
 140.68  181.03
 141.14  155.39
 141.54  147.42
 141.63  123.76
 142.60   87.33
 142.63   91.91
 143.11  240.22
 143.17  226.30
 143.81  187.49
 144.39  236.87
 144.50  234.52
 145.46   62.73
 145.50  135.39
 145.52  144.83
 145.73  119.91
 145.76  221.61
 146.27   70.71
 146.35  112.07
 146.97   46.30
 147.02   44.41
 147.34  129.46
 148.05   82.17
 148.30  132.54
 148.48  198.11
 149.15  245.23
 149.16   99.68
 149.39  115.83
 149.84  234.67
 150.25   42.15
 151.14  179.20
 151.30  228.78
 152.17   70.80
 152.68  135.81
 153.04  112.84
 153.19  235.30
 153.20   44.30
 154.03   76.20
 154.11   55.34
 155.68   68.05
 156.38   56.36
 156.47  108.69
 157.45  245.18
 157.47  155.06
 157.55   97.84
 157.58  128.65
 157.94  242.46
 159.02  188.21
 159.22   86.63
 159.40   60.33
 159.46   78.01
 160.28  226.51
 160.66  220.21
 160.69   61.41
 160.82   49.44
 161.15  189.95
 162.14   82.75
 162.24  121.84
 163.08  195.71
 163.96  102.19
 164.46   78.03
 164.51  227.13
 165.06  108.27
 165.39  123.65
 165.45  237.43
 166.00  179.03
 166.52  204.69
 166.88   99.55
 167.08  185.78
 167.14  148.29
 167.15   48.81
 167.36  233.49
 168.01   87.79
 168.26   58.62
 168.89   68.20
 169.66   80.93
 170.90  129.91
 170.98  225.33
 171.08   94.30
 172.80   51.24
 173.48  147.98
 173.74  138.28
 173.98  106.21
 174.06   77.35
 174.54  157.09
 176.06   83.11
 176.18   91.21
 176.20  173.05
 177.00  215.10
 178.92  224.66
 179.38  127.15
 180.12  215.22
 183.66  219.90
 183.91   78.91
 184.69   96.07
 185.31  224.55
 185.33  214.52
 185.47  219.66
 187.22  227.93
 188.03   89.07
 188.40  197.17
 189.53  185.90
 189.65  165.72
 191.77  182.79
 192.02   99.12
 193.02  108.17
 193.24   64.68
 193.46  231.22
 194.54  117.12
 194.70   74.27
 194.72  173.60
 197.40  245.18
 197.98  117.49
 198.37  231.46
 198.50   77.85
 198.78  189.25
 198.92  194.85
 199.03  171.14
 199.15  229.54
 200.71   65.12
 200.72  129.24
 200.81  225.57
 203.12  236.30
 203.52   74.40
 206.01   93.67
 206.16  129.06
 206.45  105.44
 206.58  212.08
 207.33  108.65
 207.38  164.52
 208.01   77.58
 208.07   68.51
 208.28   64.78
 208.95  222.70
 209.59  195.20
 210.02  226.04
 210.30  137.38
 210.50   92.75
 212.31  245.68
 212.81   73.49
 213.19   77.62
 214.46  129.35
 214.55  137.58
 214.58  129.38
 215.14  114.34
 215.74  224.76
 220.12  122.51
 220.42   98.27
 220.80  214.05
 221.22  209.56
 221.72  159.49
 221.99  129.61
 222.88  125.40
 223.74  241.08
 224.43  235.51
 228.62   88.21
 230.57  128.24
 230.59  140.94
 230.84  248.00
 231.90  157.02
 232.15  149.49
 235.42  245.84
 235.73  173.89
 237.28  162.16
 238.09  130.19
 238.61  140.39
 238.65   91.80
 238.68  158.54
 239.49  171.97
 239.64  152.80
 244.37  169.06
 245.85   96.89
 248.74  237.57
 249.62  230.38
