  12.06   54.12
  15.21   80.68
  16.54   63.77
  19.62   59.25
  21.04   38.59
  21.49   63.03
  21.61   35.77
  22.87   52.41
  23.93   74.17
  24.20   59.87
  24.52   53.84
  25.35   37.29
  25.54   67.43
  27.56   41.98
  27.65   52.53
  28.38   35.12
  28.90   80.13
  29.60   38.33
  30.85   70.04
  31.05   62.04
  32.18   58.76
  32.95   56.08
  33.11   50.09
  33.12   85.27
  33.43   38.23
  33.47   68.85
  33.54   75.96
  34.67  119.07
  35.43   83.35
  35.48   51.52
  37.23   75.01
  38.17   87.03
  38.52   44.86
  38.68   52.21
  39.93   99.71
  40.26   69.89
  40.62   56.82
  42.10   83.09
  42.52   42.81
  44.46   99.72
  46.89   48.25
  47.12  107.29
  48.19   97.12
  48.52   79.06
  49.17   97.90
  50.03   94.59
  52.03  119.93
  53.76   99.09
  55.97   93.42
  56.92   93.63
  59.14   51.85
  59.80   86.12
  60.07   68.44
  60.30   63.36
  61.46   90.83
  61.50   46.14
  61.50  142.03
  63.12   86.35
  64.15   55.08
  64.34   58.21
  64.94   75.51
  65.39   49.86
  66.22  105.82
  67.46  116.13
  67.50   84.27
  67.89   97.39
  69.02  105.53
  70.12  119.38
  71.08   86.03
  71.68   70.50
  71.80   50.83
  72.06   58.79
  73.60   85.69
  74.92   61.66
  75.76  107.70
  77.39  238.52
  78.81   62.71
  78.97  108.86
  79.16   76.84
  79.81  104.72
  80.45   89.29
  80.83   94.50
  82.40   76.58
  82.71   73.56
  82.82  109.90
  82.86  110.13
  83.40  237.80
  83.64   93.72
  83.68  100.11
  85.12  116.44
  86.30   96.13
  90.95   74.45
  91.37   79.66
  92.28  103.30
  93.47   87.06
  96.50  147.12
  97.15   95.57
  97.90  112.51
  98.17   91.94
  98.27   86.60
  98.46  120.93
  98.51   78.72
  99.79   65.62
 100.03   60.01
 100.17  110.16
 100.70   63.15
 100.82   90.00
 101.02  129.67
 101.53  103.44
 102.19   99.86
 103.17  107.22
 104.41  126.57
 104.78   81.20
 105.23   92.45
 106.52  126.54
 107.43  229.56
 107.49   61.06
 108.99   90.69
 109.15   78.95
 110.08   54.75
 110.68  119.50
 110.97   73.11
 111.35   87.44
 112.95  121.01
 113.08  135.84
 114.58  153.07
 116.18   72.14
 117.06   85.42
 118.59  132.53
 118.90  106.33
 119.77  102.67
 120.66   82.11
 123.97  104.63
 125.70   87.54
 128.79  125.97
 129.94  139.11
 130.78  101.62
 133.31  185.03
 136.08  139.21
 136.21  106.15
 138.52   96.20
 150.23  228.46
 152.78  139.96
 157.77  201.14
 158.87  137.96
 162.66  151.31
 164.89  143.86
 165.47  142.29
 172.90  194.80
 175.16  184.56
 175.27  237.48
 177.20  239.71
 177.22  146.57
 178.30  236.18
 180.79  190.88
 182.95  190.09
 183.00   52.79
 191.69   64.78
 194.96  171.79
 196.59  165.73
 197.89  168.50
 202.55  151.90
 202.80  169.36
 210.11  151.49
 216.41  159.54
 219.31  161.95
 220.22  159.03
 224.19  153.00
 224.21  153.28
 226.80  148.62
 228.83  132.75
 229.77  141.75
 230.09   68.68
 231.35   76.33
 233.16  142.08
 234.70  136.96
 239.56  127.06
 241.69  133.40
