   7.31  215.41
   7.40  201.83
   7.46  158.06
   9.66  212.08
  13.55  142.91
  13.96  211.97
  16.78  143.37
  22.91  115.52
  22.92  212.12
  23.01  164.43
  26.84   86.44
  29.52  209.87
  34.05  212.54
  35.66  154.04
  36.92   91.15
  37.62  149.00
  41.22  146.99
  43.26  150.94
  43.52  208.10
  43.85  162.09
  44.32  204.37
  46.23  179.63
  46.94  206.90
  48.37  185.34
  48.53  185.22
  50.12  210.01
  50.40  214.26
  51.72  154.27
  53.20  208.06
  53.36  205.76
  56.45  186.92
  58.88  143.54
  62.66  142.70
  62.91  142.81
  62.97  209.05
  63.07  212.37
  66.42   80.72
  66.97  143.55
  68.06  212.47
  68.97  208.92
  70.54   86.39
  72.36  201.52
  72.67  212.58
  73.15   92.09
  73.21   82.24
  73.40  202.43
  79.82   79.92
  83.13   76.90
  83.16  200.19
  84.16  181.00
  84.96  143.90
  85.91  208.06
  86.26  109.36
  89.30  173.06
  90.95  191.58
  91.51  207.25
  92.34  200.23
  93.71   91.72
  93.87  155.68
  94.51   75.93
  99.43  190.18
  99.98  155.73
 100.97  203.59
 101.43  212.41
 103.21  122.75
 103.28  173.74
 103.72  208.52
 105.16  177.86
 105.33   71.20
 105.56  167.14
 105.85   90.48
 105.95  105.81
 106.88   77.09
 107.37   95.44
 108.19   76.35
 108.64   65.57
 108.82   93.48
 109.13   74.96
 112.29  175.76
 113.53   87.95
 114.65  201.58
 115.85  149.27
 116.75   64.25
 117.09   72.74
 117.19  174.28
 119.66  188.68
 119.82  215.03
 120.21  210.37
 120.26  117.11
 120.34  120.94
 120.45  169.53
 123.73   58.07
 125.62  125.98
 125.65  175.19
 127.02   58.25
 127.21   70.86
 127.25  109.88
 127.84   55.92
 129.66   76.14
 130.36  164.23
 130.69   96.58
 131.05   94.03
 131.70  100.18
 132.58   92.39
 132.78  213.08
 133.44  203.13
 134.08  191.88
 134.69  154.77
 134.71  169.49
 135.05  158.47
 135.32   56.73
 135.48  233.34
 135.86   92.58
 136.09  180.69
 136.49  205.98
 137.17   98.38
 137.88   58.46
 138.84   55.00
 139.00  214.18
 139.62  207.15
 139.62  202.96
 139.68  208.47
 141.61   75.79
 145.35   91.09
 145.52   50.35
 145.75  197.52
 149.46   92.19
 150.83  163.71
 151.91  205.47
 152.14   96.76
 153.82   52.02
 154.02   87.87
 155.13  221.86
 156.05  202.42
 156.08   46.52
 156.15   53.14
 157.19   90.07
 157.74  217.64
 158.17   83.34
 159.07  202.25
 159.28  189.49
 160.99  205.31
 161.72  146.00
 162.42  202.21
 162.76  202.21
 163.22  226.22
 164.42  105.97
 165.55  103.20
 166.23  181.06
 166.30  227.05
 166.50   99.29
 168.54   58.32
 170.06   65.71
 170.51  182.59
 171.41  236.01
 171.58   60.33
 173.01  174.08
 173.21  227.15
 173.79  202.39
 173.90  156.31
 173.95  179.94
 176.77  236.42
 177.22  204.99
 179.69   80.66
 179.78  119.43
 179.85  130.20
 179.94  202.78
 180.29  227.54
 181.60  106.88
 181.61  223.70
 181.63  136.10
 182.46  145.17
 182.64   39.31
 182.66  211.35
 183.61   85.97
 184.16   64.97
 184.34  117.34
 184.54  101.88
 184.68  230.72
 187.25  227.39
 187.50  118.41
 188.31  123.62
 188.56   98.42
 189.02  202.79
 190.91  236.83
 191.65   57.70
 191.68  227.76
 191.82  128.92
 192.80  237.90
 193.10  115.74
 193.56  137.56
 194.14   51.25
 195.08  231.94
 195.33  107.72
 195.56   37.09
 196.05  178.45
 197.02  176.11
 197.74  194.56
 197.77  117.82
 200.18  148.08
 200.49  220.21
 200.93  113.45
 201.13  204.14
 201.88   49.72
 203.48   89.95
 203.67  187.05
 204.13  211.89
 204.33   62.34
 205.14  101.65
 205.33   51.13
 205.99  193.03
 206.03  121.05
 206.60   69.04
 206.84  196.83
 207.41   65.29
 208.40   71.09
 208.64  167.69
 208.95  213.56
 209.71  199.97
 209.89   54.24
 210.57   33.88
 211.47  236.77
 211.58  129.75
 214.44   70.19
 214.91  191.72
 215.20  200.19
 216.60  196.55
 216.85   36.95
 216.95  217.89
 217.40  237.48
 217.70  173.84
 219.91   60.07
 220.29   70.48
 221.12   64.38
 221.40   53.58
 222.52   32.16
 222.64  182.73
 223.27   91.07
 223.90   50.45
 224.81  194.35
 225.46   67.07
 226.67  249.54
 227.49   60.71
 227.72   70.29
 230.78   66.31
 231.62   81.92
 232.12  226.98
 234.10   70.74
 234.55   65.60
 236.19  114.69
 237.05   30.44
 237.36   75.02
 238.49  237.97
 239.03  234.89
 239.37   62.13
 239.73  210.53
 240.07  217.13
 240.09   60.51
 240.94  205.89
 241.23  238.09
 244.04  154.91
 249.24  232.43
 249.58  214.04
