  22.41   72.67
  32.52  129.81
  39.32  117.14
  49.17  121.92
  52.57  110.05
  66.05  146.05
  67.52  146.41
  68.01  177.81
  72.34  145.49
  74.42  143.76
  77.29  132.33
  79.11  155.64
  79.49  133.06
  80.53   74.75
  82.53  156.83
  82.68  141.29
  83.12  150.20
  83.48  157.59
  85.08  136.35
  85.61  145.34
  85.92  123.40
  86.17  153.89
  87.14   73.41
  89.87  151.31
  90.31  119.19
  96.77  137.06
  97.57  157.85
  98.10   78.65
  98.64  150.49
  98.98  154.52
 103.10  140.63
 104.91   81.89
 105.50  173.90
 108.47  146.82
 111.75  175.24
 115.04  144.97
 116.16  167.93
 117.16   86.95
 117.51  146.40
 120.18  155.28
 121.81   86.72
 123.50  147.74
 124.52  155.92
 127.26  148.12
 127.57  172.50
 127.93  170.22
 129.97  157.66
 130.34  159.01
 131.37   90.19
 131.90  151.74
 134.94  173.87
 137.47  143.73
 139.65  192.04
 141.42   93.12
 141.95  167.70
 142.70  200.68
 151.64  149.02
 151.83  162.42
 153.38  144.87
 157.29  173.97
 159.62  167.70
 167.42  170.82
 168.99  111.44
 172.56  107.46
 173.05  105.89
 174.30  205.12
 175.38  166.13
 176.56  101.75
 176.88  188.29
 177.78  220.69
 177.97  149.34
 177.98  191.57
 182.28  181.21
 183.59  188.39
 188.83  100.03
 189.91  168.54
 194.45  170.11
 195.80  199.01
 197.55   87.48
 201.39   84.05
 201.50  173.65
 202.24  187.76
 202.37  166.89
 202.84  160.07
 203.29  196.80
 204.40  147.81
 205.04   83.60
 205.58  193.68
 207.11  204.99
 210.04  173.32
 215.81  155.23
 218.80   84.05
 225.47   89.39
 225.98  135.42
 226.79  125.54
 229.71  132.80
 230.66   89.33
 238.20  123.46
 243.66  115.17
 246.54  112.53
 248.15  158.24
