   9.26  246.09
  17.43  245.06
  19.84  238.66
  20.00  238.74
  22.74  243.33
  23.45  238.83
  26.99  239.69
  32.67  229.04
  33.64  247.66
  34.73  236.20
  35.36  230.20
  37.48  238.48
  37.86  233.68
  38.04  246.26
  42.62  235.34
  43.94  205.13
  44.37  228.05
  44.79  216.05
  44.84  208.76
  45.07  244.33
  47.17  236.64
  48.30  221.21
  48.83  214.60
  49.10  227.84
  49.50  242.29
  49.82  239.86
  52.35  185.71
  54.12  210.62
  54.97  215.41
  55.06  206.50
  55.25  193.59
  55.70  239.00
  56.48  245.87
  57.03  194.12
  57.36  239.89
  57.89  200.56
  57.99  224.83
  58.97  249.19
  59.04  233.83
  59.84  193.96
  59.96  194.39
  60.02  171.98
  60.56  222.97
  60.61  236.77
  61.85  231.18
  62.95  194.20
  63.44  239.67
  63.62  226.19
  63.68  162.50
  64.50  216.81
  65.72  203.54
  66.11  160.99
  66.62  237.71
  66.72  162.88
  67.09  208.34
  67.55  217.06
  68.00  241.02
  68.60  213.60
  69.18  193.46
  69.52  138.86
  69.65  233.40
  69.80  189.09
  70.67  238.46
  71.56  212.55
  71.76  228.89
  72.53  224.16
  72.70  155.21
  73.16  224.52
  73.45  196.29
  73.48  204.60
  73.62  205.84
  74.57  174.24
  75.13  191.36
  75.18  242.65
  75.29  127.04
  75.34  191.47
  75.40  160.19
  75.92  219.30
  76.22  201.03
  76.39  215.30
  77.75  227.61
  78.08  196.06
  78.74  169.02
  79.53  243.28
  79.85  223.87
  79.87  231.12
  79.89  146.79
  80.68  207.78
  80.90  188.61
  80.92  125.32
  81.22  160.49
  82.12  136.17
  82.45  212.13
  82.62  192.93
  83.97  224.01
  84.14  184.62
  84.27  244.71
  84.40  227.91
  85.26  208.66
  86.27  187.21
  86.78  246.39
  86.83  148.97
  87.08  136.25
  87.44  121.58
  87.49  113.59
  88.29  168.24
  88.42  216.95
  88.49  210.53
  88.89  179.65
  89.00  225.29
  89.24  108.20
  89.43  204.37
  89.59  102.11
  90.18  183.63
  90.53  239.59
  91.44  207.55
  91.66  176.96
  91.90  189.01
  92.33   96.06
  92.64  211.41
  92.72  219.90
  94.91  174.35
  95.41  139.62
  95.76  219.54
  96.47  183.43
  96.54  239.86
  97.47  213.85
  98.00  213.95
  98.02  201.76
  98.44   97.83
  98.54  180.16
 101.77  233.29
 101.96  190.74
 102.04  240.47
 103.72   85.46
 103.76  195.47
 103.78  181.30
 104.76  204.20
 105.33  244.74
 105.64  173.71
 105.96  186.06
 107.78  163.93
 107.97  164.63
 107.99   85.47
 108.92  212.38
 109.22  196.02
 109.41   87.41
 110.19  237.47
 111.57  200.95
 112.36  192.52
 112.75  231.77
 112.85  183.27
 113.68  240.42
 114.45  179.90
 115.75  234.64
 116.49  193.15
 116.98  197.48
 117.04  238.42
 117.27  224.87
 117.41  171.27
 117.78  170.06
 118.77  215.58
 118.86  227.89
 119.11   77.75
 119.36  222.09
 122.36  188.56
 122.99  171.16
 123.57   93.42
 123.88  216.02
 124.78  224.68
 125.27  200.22
 125.89  177.44
 126.02  184.84
 126.46  190.96
 128.44  204.54
 128.79  210.21
 128.87  243.45
 129.43  188.67
 129.51  210.13
 129.59  233.22
 129.76  219.37
 129.85  185.81
 130.18  182.58
 132.42  196.63
 132.48  204.49
 132.91  209.58
 133.00   77.99
 133.51  201.62
 134.75   63.55
 136.35  175.68
 137.35  238.87
 138.17  194.85
 138.27  178.63
 140.56  243.89
 140.92  198.89
 142.21  188.89
 142.52  177.82
 143.42   71.73
 144.29  244.97
 144.42  239.58
 145.67  177.92
 147.37  182.02
 147.67  244.53
 147.99  171.50
 148.40  186.20
 148.47   71.11
 151.16   75.95
 151.56  180.02
 151.85  190.22
 153.48   79.04
 158.24   82.79
 158.79   82.25
 159.61   82.24
 163.70  199.17
 163.94  203.57
 165.43  199.16
 166.94   87.09
 168.71  189.82
 169.58  190.01
 171.85   93.89
 172.08  199.07
 172.75  104.15
 176.35  219.13
 176.79  105.85
 178.88  198.19
 179.55  201.20
 179.60  226.32
 181.10  108.32
 181.18  187.07
 181.23  216.18
 181.36  199.84
 182.09  114.29
 183.98  202.44
 184.11  188.00
 184.99  230.44
 185.44  218.50
 185.88  196.83
 185.90  211.39
 187.55  114.37
 187.77  114.11
 188.24  201.23
 188.46  227.00
 188.96  118.77
 190.63  206.09
 192.92  214.43
 192.93  223.62
 193.55  120.81
 195.01  228.72
 196.47  194.53
 198.08  219.45
 198.69  212.56
 199.95  190.64
 201.18  194.51
 201.80  134.35
 202.25  236.56
 204.66  227.90
 205.45  191.52
 205.52  222.33
 206.22  212.94
 206.86  200.98
 208.98  229.94
 209.08  238.55
 210.10  245.10
 210.21  190.13
 211.32  190.17
 211.58  232.53
 212.75  202.91
 213.01  238.06
 213.89  137.37
 215.10  210.14
 216.05  211.39
 216.08  206.73
 216.13  185.10
 217.82  216.66
 218.56  223.94
 219.08  246.28
 219.95  201.55
 222.63  207.77
 224.42  201.41
 224.70  201.58
 225.95  184.65
 228.17  226.76
 228.37  226.95
 230.68  202.23
 231.74  221.75
 234.09  116.37
 234.68  203.11
 234.85  210.18
 236.83  219.87
 237.13  216.42
 238.18  115.02
 239.32  230.34
 239.43  224.64
 239.73  242.22
 239.95  222.42
 241.55  114.59
 241.91  219.58
 245.59  118.13
 245.83  218.09
 247.83  225.13
