  12.00  167.65
  27.99  175.49
  32.20  173.42
  33.42  159.40
  35.61  159.52
  37.26  165.39
  40.76  160.66
  41.72  188.55
  42.93  188.47
  43.72  145.20
  43.83  134.81
  45.99  188.67
  47.95  128.68
  49.18  131.01
  50.19  190.94
  50.52  187.63
  50.91  111.95
  52.13  108.15
  53.20  106.17
  53.31  115.48
  55.35  100.94
  56.09  139.66
  57.21  200.09
  58.61  133.99
  59.61  119.01
  59.82  199.05
  61.17  112.64
  64.83  207.56
  65.28  198.12
  65.77  209.37
  66.00  100.36
  66.37  201.78
  66.80   82.50
  66.93  111.30
  66.97  117.94
  67.99  196.07
  70.88  127.42
  71.05   92.64
  71.35  200.10
  72.87   95.18
  72.89  115.76
  72.99  205.14
  75.41  107.40
  75.74  195.51
  76.55   85.65
  76.86   96.07
  79.93   87.75
  80.96   64.92
  81.73  103.94
  83.28  125.05
  83.32   80.13
  83.33  191.83
  84.08   74.87
  84.81   65.47
  84.88   60.96
  85.20  116.91
  85.65  102.67
  87.29   78.39
  87.66   89.55
  88.63   72.79
  89.02   92.87
  89.09   60.97
  89.19   94.85
  89.24   94.99
  89.40   57.88
  91.24  205.20
  91.65   77.11
  91.78   69.37
  92.31   76.96
  92.65   54.11
  92.79  209.48
  95.63   47.28
  95.84  207.56
  96.21   62.51
  96.98  129.48
  97.08   88.39
  97.74   38.79
  98.01  204.85
  98.32   70.55
  98.58  166.50
  98.67  211.27
 100.20   79.74
 100.97   93.91
 101.27  203.78
 101.58   77.13
 101.73   49.69
 102.59   61.67
 103.22  104.47
 103.57   69.57
 104.87   35.21
 105.03   94.04
 105.89  116.67
 106.03   39.97
 106.87  204.53
 106.91   60.02
 107.57  193.78
 108.07   80.91
 108.28   36.43
 108.53   39.35
 110.01  103.31
 111.34   47.35
 111.83   86.17
 112.99  101.33
 113.12  191.16
 115.03  178.44
 115.28  193.20
 116.08  204.29
 116.14   49.24
 116.30   79.90
 117.51   72.04
 118.44  227.08
 120.13  123.32
 120.98   49.17
 122.13  174.96
 122.58   77.76
 123.04  100.92
 124.02  157.39
 124.11  230.69
 124.18  169.54
 124.35  219.44
 125.26   66.16
 125.57  106.81
 126.50  127.19
 126.52   49.26
 127.74   61.04
 127.97  137.23
 128.01  177.06
 128.02  114.33
 128.58  122.76
 128.94  145.76
 128.97  202.08
 129.00  164.72
 129.25   65.08
 129.39   51.62
 129.92  186.45
 129.97  158.77
 131.19   77.95
 131.21  161.92
 131.29  130.90
 131.35   66.47
 131.96  109.11
 132.16  117.90
 132.49  131.12
 132.83  110.37
 133.15  152.35
 133.28   68.42
 134.09  217.12
 134.36   53.30
 134.77   74.38
 135.37  189.77
 135.71  179.84
 136.06   96.06
 136.55  204.23
 137.89   88.98
 139.71   83.39
 139.80   62.76
 140.09   83.32
 142.17  124.06
 142.57   88.05
 142.99   85.16
 143.82  194.29
 143.86  114.18
 144.75   53.45
 145.84  199.02
 146.85  127.20
 147.52  172.27
 147.59  184.33
 148.47  196.92
 148.94  168.84
 151.46  178.38
 151.48  216.09
 151.56  181.84
 152.21  185.58
 152.22  167.59
 152.24  172.39
 152.58   63.13
 153.32  190.46
 154.50   60.66
 154.53  179.45
 156.52   92.41
 157.73   67.64
 160.02   90.43
 160.29   95.69
 160.99   80.03
 161.00  183.01
 161.95  100.10
 163.22  221.04
 164.07  191.07
 164.23   71.88
 165.01  220.78
 165.34  223.48
 167.53   74.44
 168.28  142.84
 169.26  188.24
 169.79  188.43
 170.20  183.85
 171.81  214.89
 172.10  218.65
 172.53  179.40
 172.99  174.86
 173.04   97.43
 173.49  206.37
 174.50  171.32
 174.72  196.47
 175.08  183.95
 175.66  179.28
 176.47   87.59
 176.89  188.21
 177.89  100.83
 179.57  217.04
 180.66  159.82
 180.83   85.52
 180.95  181.97
 182.28  189.11
 183.20  100.44
 183.59  235.00
 185.75  113.75
 186.02  244.04
 186.65   94.98
 187.23  223.97
 188.40  208.25
 189.62   99.83
 189.77  237.15
 190.25  220.76
 190.46  222.41
 191.78  242.84
 192.39  111.30
 192.89  225.26
 193.32  236.84
 194.00  234.75
 195.05  108.48
 195.47  240.09
 198.13  235.40
 198.86  224.26
 199.49  230.93
 200.72  242.87
 200.87  175.09
 202.98  229.92
 203.54  248.02
 206.35  128.61
 208.46  155.75
 208.51  230.32
 213.32  231.45
 214.35  165.03
 218.52  185.64
 219.28  182.34
 219.75  243.90
 220.30  188.47
 222.13  184.42
 222.23  232.25
 223.53  211.91
 225.06  208.53
 225.09  200.13
 225.53  235.70
 226.57  245.83
 226.80  219.94
 226.97  187.39
 227.32  215.32
 228.76  206.45
 230.00  225.99
 230.46  213.10
 232.37  202.41
 233.12  220.57
 233.91  211.17
 234.27  234.39
 234.45  234.68
 234.45  229.46
 234.56  196.95
 234.72  231.24
 237.41  204.75
 239.11  198.75
 240.29  202.67
 241.93  197.77
 244.38  215.23
 246.02  187.93
 247.38  232.86
