   8.00   56.37
   8.26  227.35
   8.30  237.77
  11.42  207.74
  13.33  215.41
  13.61  203.33
  13.74  220.85
  13.84  182.63
  14.74  223.40
  15.02  175.97
  15.47  192.73
  15.55  225.58
  16.45  233.18
  17.00  195.14
  17.05  214.58
  19.85  216.63
  21.31  235.20
  21.49   61.42
  22.35  219.75
  22.61  187.73
  23.58  238.95
  23.73  196.08
  24.86  189.73
  24.89  248.98
  25.52  203.07
  26.49  216.93
  27.65  191.95
  28.61  205.75
  33.25  177.70
  34.49  248.54
  34.77  206.46
  38.57  244.39
  39.04  195.03
  41.32    7.22
  41.37  231.78
  41.60  165.79
  43.13  169.61
  43.17  187.70
  43.87   57.39
  43.95  160.91
  44.02    9.41
  44.66  222.58
  45.71   59.50
  46.09  169.02
  46.42  169.71
  47.21  233.08
  47.82   10.11
  49.31  175.87
  49.79  229.56
  50.22  212.78
  50.41  178.64
  52.02  169.16
  52.12  199.00
  52.45  153.06
  52.56  164.40
  54.57  217.37
  55.99  228.45
  56.53  152.10
  57.64   58.99
  57.78  231.79
  59.11  163.29
  60.08  228.00
  60.69  243.12
  62.79  160.88
  63.56   52.27
  65.11  230.01
  67.45   49.95
  68.58   46.60
  69.62  225.03
  70.69   48.50
  71.10  243.37
  74.97  171.53
  76.22  244.36
  76.27   45.93
  78.11  233.27
  80.15  172.04
  80.46  203.97
  82.77  232.34
  82.85  236.43
  82.88  158.61
  83.38  165.79
  83.51  179.60
  84.97   38.91
  85.04   45.29
  86.79  196.92
  86.83   27.71
  89.73   44.45
  92.16   45.92
  93.92  204.73
  97.07   48.71
  97.25  236.35
  97.98  227.55
  98.41   52.99
  99.36  240.84
  99.88  249.68
 101.93  236.19
 102.38  245.95
 103.07   52.77
 104.65   56.54
 105.70  240.55
 105.88  236.57
 107.53   55.46
 108.97  230.08
 111.35  243.10
 111.57   58.24
 112.24  228.12
 112.75  237.33
 112.90   51.65
 113.30  200.37
 114.93  244.98
 115.17  240.73
 115.61   62.28
 115.76  236.06
 118.15  243.80
 118.66   63.85
 118.91  237.15
 121.39  231.31
 121.96  186.73
 124.11  194.58
 124.11  234.78
 124.54  245.15
 124.99  209.94
 125.18    8.08
 126.94   46.24
 127.47  200.03
 129.05   67.35
 129.88  243.94
 131.27  232.02
 131.84  240.17
 132.18   11.90
 133.03  230.23
 135.91  228.55
 136.08  198.35
 139.12  229.06
 139.87  213.41
 139.98   72.67
 142.80  231.09
 143.02   51.39
 143.78   47.13
 145.06   41.67
 145.68  193.47
 146.00  225.93
 146.18   74.72
 147.46  236.82
 148.01  191.03
 148.46   45.29
 148.83  194.09
 149.72   74.07
 150.57   77.53
 151.74   10.91
 151.77  206.07
 154.92   10.68
 154.99  194.19
 155.45  205.91
 155.94   78.88
 157.26   16.16
 158.49   55.62
 160.23  232.01
 160.55  206.39
 160.89   14.09
 161.54  225.18
 163.76   82.73
 163.88   12.34
 166.40  247.75
 167.44  243.88
 167.75   31.82
 168.08   56.36
 169.58  202.73
 170.72  237.49
 171.17   86.92
 172.69  205.39
 173.29   32.63
 174.31   38.33
 174.71   59.59
 175.21  241.48
 175.70  208.68
 180.22   32.01
 181.20  234.53
 181.82  235.04
 181.98   92.32
 183.74  241.52
 184.50   87.86
 184.58   44.84
 189.21   91.71
 191.05  207.66
 193.68  211.05
 193.88  218.24
 194.49   89.27
 194.76   92.05
 196.10  214.52
 196.97  217.68
 197.67  240.80
 199.20   89.54
 199.31   49.91
 199.80  220.27
 200.52  242.84
 201.25   85.49
 201.47   55.66
 203.72   55.30
 205.68   90.35
 205.80   86.00
 206.10   46.30
 207.94  114.61
 208.49  236.11
 209.36   95.94
 209.77   45.88
 210.05  220.62
 210.67  112.61
 211.07   43.01
 211.49   51.77
 212.15  245.60
 212.60  218.87
 214.90  217.13
 220.20  115.66
 220.74   42.67
 222.07  117.92
 223.10   96.58
 224.72  213.81
 225.46  229.70
 225.52  247.88
 225.84  197.84
 226.78  239.26
 227.19  240.07
 227.49  203.69
 227.75   90.69
 228.99  199.17
 229.63  237.72
 231.59   59.12
 232.05  118.22
 232.23   56.16
 232.25  239.67
 232.29   92.77
 232.79  243.22
 232.97  246.80
 233.57   90.88
 233.78  234.88
 234.26   64.56
 234.80  206.83
 235.02  145.65
 236.23  247.50
 236.50  135.27
 236.51  202.44
 236.83  142.89
 240.95   56.54
 241.17  131.93
 242.21   64.34
 242.27  240.17
 242.61   63.05
 243.63  117.88
 244.01   32.57
 244.50   35.80
 247.19  205.67
 247.30   34.06
