  46.35   82.19
  55.95  100.13
  57.68   78.46
  65.73   71.89
  68.76  105.57
  70.07   74.82
  88.28  215.42
  88.38  213.96
 109.42   84.40
 110.55   79.06
 113.75   89.31
 115.29   93.61
 117.97  205.58
 121.54   90.12
 124.82   89.49
 128.66   82.17
 134.13   90.64
 136.51   84.84
 138.60   65.01
 141.55   80.60
 141.85   60.12
 142.29   60.59
 142.87  193.64
 142.99   66.30
 145.93   60.07
 148.39   68.76
 150.21   57.13
 151.32   95.12
 152.38   61.38
 161.78   56.23
 162.31   60.50
 162.71   60.92
 163.01   51.23
 163.56   32.89
 168.57   57.45
 170.65   59.82
 173.71   40.23
 182.29   40.43
 189.73   67.96
 194.45   50.13
 200.96  130.10
 201.06   56.55
 205.84  110.81
 210.05   59.81
 210.55   61.96
 214.55   53.26
 216.18  157.16
 216.27   47.74
 221.53   68.10
 226.79   74.25
