   6.72   86.55
   9.94   72.09
  11.10   78.80
  13.15  179.74
  17.02   77.91
  17.08   96.19
  17.09   92.38
  17.44   96.09
  17.78  179.82
  22.59   94.49
  24.06   77.37
  25.68  181.84
  25.79   96.58
  25.93  190.04
  27.99   87.72
  28.96  188.23
  29.83  191.91
  33.55   86.63
  38.63  196.22
  39.28   83.51
  40.20  180.95
  40.23  204.34
  45.07  195.31
  46.88  208.02
  49.73  202.71
  50.57  195.96
  51.84  231.91
  52.71  199.86
  54.60  240.44
  55.59  234.77
  56.09  217.54
  56.48  202.81
  57.29  208.71
  57.30  188.94
  58.32  208.94
  61.14  203.53
  63.47  227.51
  67.20  203.11
  69.19  201.12
  71.53  224.06
  73.11  213.77
  73.51  231.57
  78.16  225.09
  80.70  225.37
  86.01  228.90
  86.85  239.10
  89.24  221.56
  91.61  233.51
  91.69  145.84
  92.87  229.95
  93.47  246.62
  95.83  105.90
  96.23  231.36
 106.60  158.67
 119.00  147.66
 121.92  172.65
 124.27  183.04
 125.55  185.33
 136.65  165.95
 139.02  100.28
 142.84  158.37
 145.45  182.23
 157.18  160.77
 159.80   52.70
 161.34  154.65
 161.40   50.65
 161.63   45.93
 163.25  193.77
 164.92  159.49
 167.41   50.02
 169.87  157.16
 169.88   46.99
 173.62  153.77
 175.53   45.69
 179.15   43.77
 182.70   48.46
 183.69   54.88
 195.02   57.83
 201.15   55.04
 202.79   66.69
 209.45   66.81
 211.85  144.33
 214.98   70.02
 215.80   62.95
 216.79   75.09
 218.38  146.51
 219.64  138.08
 220.24   75.54
 220.68  130.13
 223.00   75.73
 224.85  131.63
 243.88  105.60
