   6.98  186.78
   8.66  183.74
   8.84  174.04
  13.45  117.81
  13.46  103.50
  13.94  208.44
  15.16  168.22
  16.03  156.76
  16.76  183.35
  16.97  199.94
  17.25  147.03
  17.47   87.92
  17.96  159.51
  18.02   51.71
  18.16  121.30
  18.31   55.77
  18.32   35.84
  18.74  220.31
  18.93  156.25
  19.45  224.11
  20.76   29.53
  21.01   62.07
  21.05   55.33
  21.32  129.21
  21.78   71.10
  22.08  171.86
  22.48  149.79
  22.58  120.23
  23.64  224.72
  23.92  149.75
  23.92   92.33
  24.15   42.14
  24.28   50.15
  24.80  128.38
  25.03   22.76
  25.49  118.22
  25.61  194.18
  26.20   28.87
  26.44  143.23
  26.62  159.23
  28.05  117.38
  29.89  181.23
  29.90   37.27
  29.97  199.00
  30.01  152.09
  30.33  121.42
  30.63  194.18
  31.09   44.18
  31.37   33.20
  32.53   10.46
  32.58  205.80
  32.74  162.76
  33.29  144.07
  33.31   97.37
  33.75   26.50
  33.97   70.75
  34.36  117.09
  34.37  207.63
  34.77  103.63
  35.03  152.87
  35.20  232.73
  35.43  107.63
  35.50  133.13
  36.04   34.38
  36.19  112.01
  36.56   43.22
  37.80  126.36
  38.62  107.23
  39.05   95.81
  39.27  222.37
  39.55   29.79
  40.20  152.37
  40.61  235.86
  40.61   37.49
  40.66   32.35
  40.87  193.37
  40.99  118.58
  41.56  113.45
  42.01   65.38
  42.92   51.02
  43.96   33.66
  44.66   20.20
  44.74  116.74
  44.80  119.24
  45.13  241.72
  45.66  236.48
  45.86  133.01
  46.38  184.76
  46.84  158.23
  46.96   28.58
  48.02  178.62
  48.24  105.38
  48.79  102.04
  48.89  124.57
  48.91  144.19
  50.15   83.21
  50.86  238.97
  50.87   20.05
  51.38   58.66
  51.41   63.12
  51.79   66.86
  51.95   94.30
  51.96  107.92
  52.26   36.86
  52.38   46.09
  52.69  187.53
  52.87   69.99
  52.92  152.73
  53.15  205.32
  53.69  156.95
  55.19  190.15
  55.24  238.77
  55.38  144.67
  56.51   52.06
  56.93  204.73
  57.61  212.96
  58.01  132.29
  58.13  145.85
  58.48  125.59
  58.81   80.99
  59.16   56.04
  59.28  216.02
  59.47  138.88
  60.03  233.99
  60.24  205.88
  60.35   91.96
  60.38  229.21
  60.50  235.16
  60.83  188.22
  61.84   57.90
  62.30  210.95
  62.77   86.27
  62.79  193.81
  63.30  140.50
  63.92  185.13
  64.67  227.86
  64.81  233.11
  64.82   66.14
  64.98  144.52
  65.16   63.08
  65.43  196.73
  65.55  237.93
  65.81  120.22
  66.55  191.14
  68.73  117.36
  68.97  132.14
  70.07   40.55
  70.12   80.99
  70.70  185.76
  70.95  192.90
  72.07  175.79
  72.08  231.02
  72.22  213.27
  72.33  127.98
  72.51  178.52
  72.58  217.18
  72.62   58.37
  72.66   51.50
  72.90   41.14
  73.32   60.00
  73.71  204.38
  73.86  169.91
  74.37   39.58
  74.64   43.81
  75.43  220.15
  76.47  108.36
  76.77   74.21
  76.89  234.78
  77.08  215.97
  77.38  178.02
  78.23  139.54
  79.23   35.91
  79.64  135.26
  79.92  232.68
  79.99  171.13
  80.22  149.96
  80.54  144.00
  81.10  225.39
  81.37   19.62
  81.86  103.17
  82.01  215.60
  82.13   40.56
  83.01  153.78
  83.24  198.83
  83.43  104.27
  83.44  222.71
  84.03   89.14
  84.78  145.25
  84.90  217.95
  85.19  139.12
  85.43  109.45
  85.77  160.11
  86.56   55.40
  86.76  174.96
  87.47  211.83
  87.71  135.33
  87.77   66.54
  87.97   42.97
  88.31  173.59
  88.40  226.21
  88.48  168.97
  88.73  131.07
  89.60  181.61
  90.53  215.46
  91.77   42.79
  91.92  171.44
  92.08  111.08
  92.39   59.50
  92.60   70.36
  92.65  148.29
  93.14  200.25
  93.33  174.43
  93.90  215.59
  94.41  226.60
  94.50  189.60
  96.38  147.22
  97.10  142.21
  97.18  161.50
  97.54  122.34
  97.73  130.93
  97.81  138.78
  97.94   49.49
  98.26  183.89
  98.58  191.42
  98.63  204.73
  98.70   74.23
  98.86  185.01
 100.42   93.93
 100.55  160.30
 100.77   47.22
 100.82  146.86
 100.86   69.49
 101.08  151.96
 102.08  160.29
 102.09   44.57
 102.40  190.97
 102.93   87.18
 103.50   51.12
 103.86  131.17
 103.88  197.08
 104.27  212.25
 104.54  209.08
 104.54   78.58
 104.92  116.91
 105.33  100.30
 105.74  189.06
 105.88  135.97
 106.76   55.42
 107.66  199.26
 108.41   76.47
 109.09  124.56
 109.14   38.17
 109.64  207.08
 112.42  130.77
 113.43  115.63
 114.54  141.92
 114.74   76.59
 115.64   75.50
 116.08  148.67
 116.51   97.30
 116.80   90.66
 118.22  142.21
 119.43   53.99
 120.76  139.12
 121.30   91.05
 123.29   40.08
 123.63  122.48
 123.95   79.00
 124.48  104.61
 124.62   97.89
 124.67  200.78
 125.08  145.23
 126.84  182.91
 127.73   59.87
 127.81   65.80
 129.37   50.76
 129.40   52.89
 130.27   81.74
 130.71  181.46
 132.42   47.49
 133.16   75.18
 133.62  158.11
 133.71   40.11
 134.33  120.59
 134.76  104.60
 135.23  183.19
 136.33  118.78
 138.13   51.76
 138.33  148.72
 139.38  154.58
 139.66   62.89
 141.46   99.51
 141.46  109.57
 142.42  153.58
 142.69   31.03
 143.58   48.00
 143.65  149.30
 143.69   25.42
 144.66  101.56
 145.02  114.22
 145.43   32.00
 145.98  144.64
 145.99  140.81
 146.44  151.93
 146.47   91.48
 146.49   59.05
 146.50  157.19
 147.58  103.85
 148.79  159.78
 149.43   54.67
 149.50  116.47
 149.98  151.60
 151.40  104.13
 152.06   82.66
 152.56   40.06
 152.66   56.18
 153.09  148.18
 153.75  227.76
 153.89   98.42
 154.93  126.69
 154.96  229.66
 154.97   28.05
 155.05   98.00
 155.43   28.79
 155.55  234.17
 156.12  220.30
 156.41  157.84
 156.70  142.85
 158.17  107.88
 158.37  103.32
 160.06  194.94
 160.21  194.98
 160.24   42.40
 160.54  146.24
 162.07  109.01
 163.15  249.63
 163.42  136.13
 164.37   70.25
 164.41   52.12
 164.48  168.88
 165.62  221.01
 166.02  227.96
 166.13  230.89
 166.52  232.49
 166.68  159.48
 167.07   48.81
 167.47  160.20
 168.15  114.94
 168.29  248.26
 168.51  106.32
 169.19   97.01
 169.22  170.41
 169.89  204.46
 169.97  119.83
 170.96  136.79
 172.42  104.99
 172.51  128.83
 173.65   63.25
 174.09   24.34
 174.49  161.38
 175.62   65.93
 175.81  131.56
 176.33  168.40
 176.67  168.18
 176.84  138.62
 176.86   99.53
 177.82   41.02
 178.07   61.78
 180.43   69.77
 180.54   31.99
 181.12  205.20
 182.01  107.16
 182.34   30.87
 182.81   24.72
 183.07  116.78
 183.18  147.74
 184.08  120.90
 184.45  170.97
 185.36  109.75
 186.86  169.00
 189.16  119.84
 189.68   61.85
 190.70  159.82
 191.19  131.09
 191.30  168.96
 191.95   29.50
 193.55  240.03
 195.82  126.67
 195.85  139.29
 196.24  119.53
 197.34  109.73
 198.62  128.74
 198.81   21.01
 198.88   27.63
 199.04  142.54
 199.71  132.47
 199.96  145.00
 200.21  118.66
 200.82  169.16
 200.98  122.33
 201.07  216.31
 201.93  173.98
 202.88  132.14
 203.51  123.91
 203.77  110.01
 204.19  160.75
 205.07   55.98
 205.13   31.31
 205.27  153.31
 206.05  163.55
 206.83   39.59
 207.59   31.88
 209.69   28.40
 209.98   35.98
 210.50   35.63
 210.90   48.77
 211.23   73.20
 212.85  215.76
 215.85  198.02
 216.53   31.50
 216.60  148.00
 217.25  200.81
 217.71  137.95
 217.79  176.45
 220.02   53.66
 220.53  150.79
 221.15  159.77
 221.26  212.22
 221.92  135.86
 222.06  132.64
 224.17  155.23
 225.35   51.14
 225.38  140.64
 225.58   16.47
 225.61  148.54
 225.82   42.08
 227.14   29.71
 227.28  152.79
 227.44   19.30
 227.89   27.49
 228.08  192.72
 229.26  164.29
 230.24  129.91
 230.89  186.19
 231.84  145.21
 233.21  167.42
 233.73  151.65
 234.68  113.42
 235.24    8.11
 236.90  110.52
 237.63  148.89
 238.08  171.33
 241.00  113.17
 241.12  166.53
 241.16   24.26
 242.25   40.45
 243.80  116.92
 244.71  196.78
 245.62    8.94
 248.44  166.51
