  11.51  234.89
  11.74  247.14
  14.62  149.91
  14.94   94.25
  15.00  247.48
  17.78  238.24
  20.85   79.77
  21.15  243.49
  23.59   91.72
  24.79   71.89
  26.09  244.59
  27.09   94.52
  28.69   87.14
  28.86  241.79
  30.00   68.46
  30.16   61.24
  30.97   63.27
  31.94   79.78
  32.05  151.48
  32.56   88.68
  33.20   58.79
  33.79   50.22
  34.31   86.49
  34.59  150.06
  36.94   67.51
  38.04   50.04
  42.66   87.32
  44.41   50.09
  45.12   57.45
  47.28  246.08
  48.04  147.56
  48.04   62.75
  48.10   66.10
  48.84   70.63
  51.00   58.50
  51.45  126.29
  53.62   58.18
  54.05   89.34
  54.23  115.13
  55.37   77.34
  55.95  136.53
  57.63   70.66
  58.26  131.39
  59.30  146.01
  59.80  119.19
  60.00   92.82
  60.75   47.33
  61.29  138.43
  63.08  103.63
  63.32  142.63
  63.82  133.41
  63.90   59.83
  65.57  130.57
  65.71  136.15
  65.93   73.59
  66.05  126.22
  66.26   63.21
  67.78   75.69
  69.48   56.64
  69.94   72.22
  70.31   93.31
  71.43  132.46
  71.81   82.89
  73.07  140.39
  73.18   95.85
  73.40  243.25
  73.70  142.76
  74.18   91.95
  75.42  104.01
  77.06   84.71
  77.29   47.71
  77.91   77.45
  78.40   99.57
  78.76   88.44
  79.26  146.77
  79.64   44.61
  82.30  139.14
  82.82  100.88
  83.27   95.48
  84.15  106.84
  84.23   75.57
  87.72  142.72
  88.68   91.08
  89.65  135.04
  89.66  137.68
  89.80  101.91
  89.92  108.54
  90.88   60.85
  92.44  107.07
  92.66   84.53
  95.12   71.21
  95.45   96.02
  96.04   88.84
  96.54  117.36
  97.46   65.95
  97.82   75.89
  98.44   74.23
 100.51   83.91
 100.93   78.81
 100.98   64.00
 101.03   96.50
 102.23  110.45
 102.29   75.44
 102.85  118.79
 104.16   93.55
 104.26  122.18
 104.94   69.79
 105.36   96.72
 105.84   60.05
 106.02   79.54
 107.41   66.82
 107.95   85.32
 108.10   96.32
 108.48   99.74
 108.61  114.75
 110.28   99.84
 110.59  125.07
 110.82  123.46
 110.89  107.86
 111.19   93.57
 111.96   81.77
 112.23   68.61
 112.64   85.24
 112.75  114.09
 113.21   75.80
 113.50  200.13
 114.46  118.19
 114.51  129.26
 115.01   61.62
 115.24   82.19
 115.71   64.67
 117.31   72.09
 118.26   79.65
 118.26  101.16
 118.85  124.52
 118.94  243.05
 119.11  112.79
 122.66  242.90
 122.71   66.56
 122.72   84.10
 122.79  110.29
 123.60  106.28
 124.54   71.43
 126.36  126.47
 126.46   89.28
 128.05  115.19
 128.92   96.85
 129.43   87.90
 129.60   72.86
 129.76   79.42
 130.15  203.67
 132.00  100.48
 133.03  133.91
 133.73   68.61
 134.12   78.41
 135.97   83.54
 137.45  222.63
 137.53  210.96
 138.42  192.10
 139.15   68.64
 139.67  201.93
 140.04  153.50
 140.49   81.12
 140.57  216.35
 140.94  206.00
 141.00   88.03
 141.08   74.62
 141.08  130.75
 144.16  119.13
 144.64   78.23
 145.10  207.61
 145.89   77.44
 146.71   68.74
 147.12  103.44
 147.14  100.87
 147.43   72.53
 148.97  112.91
 149.03  190.95
 150.62  197.26
 150.82  175.00
 151.18  197.29
 151.38  119.16
 151.59  204.27
 151.59   71.50
 151.73  180.64
 152.10  127.62
 152.33  144.57
 152.80   76.10
 154.03  130.62
 154.06  112.42
 154.26  217.34
 155.10  167.20
 155.54   99.39
 156.43  180.95
 156.79   93.81
 157.42   75.87
 157.56  186.60
 157.83  165.23
 158.20  107.16
 158.63  197.12
 158.75  174.44
 159.29  164.44
 159.52   78.73
 160.46  136.59
 160.82   87.25
 161.23   76.09
 161.37   70.54
 163.08  111.81
 163.50  120.73
 164.50   88.77
 164.55  170.37
 165.75  130.29
 165.81  140.51
 166.44   72.69
 166.57   81.85
 167.27   65.50
 167.53  200.26
 167.91  134.38
 168.43  109.81
 168.72  105.79
 168.88   78.15
 169.07  140.30
 169.37  179.08
 170.25  132.03
 170.29  242.42
 172.12  198.61
 172.56  195.74
 172.64   70.36
 173.00  209.48
 173.11  241.00
 173.19   88.87
 173.87  107.01
 174.50  170.71
 175.08  103.03
 175.20  188.22
 175.22  183.42
 175.37  130.84
 175.49  158.17
 175.67  193.14
 176.26   97.68
 176.46  201.97
 176.76   67.71
 178.07  100.87
 178.50  159.41
 178.56   72.52
 180.00   97.04
 180.52  208.02
 180.57  184.87
 181.42  175.30
 181.75  243.98
 181.96  100.52
 182.32  215.26
 183.16  171.14
 184.63   77.70
 185.06  151.48
 185.11  182.71
 185.37  107.11
 186.32  186.11
 186.73  111.40
 187.10  214.91
 187.16   69.70
 187.44   72.94
 187.77   95.32
 189.82   95.38
 190.40  224.05
 190.61  157.71
 191.52  117.78
 191.79  122.66
 192.75  158.49
 193.04  105.44
 193.26  156.31
 193.71  121.10
 194.57  102.49
 194.60  170.68
 194.77  163.68
 195.47  183.78
 195.63   95.82
 196.82  124.95
 197.73   66.26
 197.98   93.15
 198.83   79.09
 199.28  160.79
 199.49  142.26
 201.10  221.82
 201.20  221.81
 201.21  157.31
 201.97   92.69
 202.03  147.15
 204.08  131.30
 204.08  213.17
 204.43  213.02
 205.85  149.12
 206.03  198.85
 206.57  194.43
 206.89   92.19
 206.96   98.57
 207.07  155.63
 207.35  168.16
 207.53  201.14
 208.36  167.30
 208.70   95.48
 209.13  126.65
 209.35  202.74
 210.23   63.50
 210.61  144.14
 211.20  153.67
 211.48  101.00
 211.97  205.76
 213.32  162.26
 214.30  108.93
 215.60  102.84
 217.63   91.48
 218.00   89.52
 218.72  145.67
 219.07   53.40
 219.20  159.54
 219.43  129.92
 219.75   59.95
 220.91   84.35
 221.33   71.53
 221.87   94.90
 222.78  155.96
 223.87  208.06
 224.19   59.83
 225.38  176.22
 226.03   51.30
 226.10   82.18
 226.52   85.10
 226.58  199.09
 226.79  160.26
 227.63   56.89
 227.92   90.81
 229.10   86.01
 229.42   76.67
 229.54  202.64
 229.71  243.30
 229.94  151.05
 230.00  123.07
 230.65  156.26
 230.83  242.24
 230.84  187.07
 231.48   89.99
 232.37   56.80
 232.61   47.79
 232.94   75.51
 233.45   94.07
 233.56   75.16
 233.67   52.68
 234.70  143.15
 234.71   77.94
 234.72  101.09
 235.31   55.52
 235.71  205.16
 236.08   61.31
 237.12  110.54
 237.52  190.80
 239.63   83.46
 240.35  124.91
 240.48   54.76
 241.90   37.30
 242.94  112.91
 243.38   80.96
 244.06  143.16
 246.39  174.32
 247.76   78.12
 248.50  172.31
 249.43  142.87
