   7.47  140.48
   7.51   66.41
   8.06  148.88
   9.07   79.42
  10.78  157.57
  11.34  140.07
  11.77   78.10
  12.40  175.21
  12.80   48.77
  13.28   90.41
  13.81  185.08
  15.05  167.20
  15.24  164.15
  16.30  173.49
  16.55  180.38
  17.84  192.12
  18.02   43.07
  18.04   74.71
  18.66   90.50
  19.45  187.77
  19.47  168.55
  20.11  164.60
  20.87  199.13
  20.89  133.77
  21.26   97.27
  21.43  121.37
  21.96  157.07
  22.45   46.00
  22.76   92.05
  23.45  108.28
  24.75   86.52
  25.66  128.94
  25.90   55.34
  25.98   61.13
  26.17  190.45
  26.21   61.19
  26.26  171.10
  26.30  196.90
  26.46   48.99
  26.61   55.79
  26.73   98.81
  26.83   51.86
  27.14  236.90
  27.73   47.19
  28.56  145.63
  28.88   88.52
  29.27  182.64
  29.42  195.89
  30.17  171.72
  30.46  125.18
  30.84  205.49
  31.06  247.46
  31.78  198.04
  32.43   52.25
  32.58  178.12
  32.78   61.63
  34.35   56.21
  34.88  195.78
  34.90  195.67
  34.97  191.70
  35.20  183.26
  35.22  240.49
  35.58   51.51
  35.72  118.46
  36.06  134.02
  36.32  157.68
  37.28   53.71
  37.84  132.44
  37.97  127.42
  38.55  205.70
  38.80  154.45
  39.45   72.57
  39.60  236.20
  39.68  167.28
  39.93  134.79
  39.98   81.37
  40.32  142.05
  41.17  212.42
  41.40   82.73
  42.58   53.56
  43.40   83.20
  44.05  142.80
  44.20   99.60
  44.54  204.59
  44.65   80.61
  45.06  203.19
  45.57  221.86
  46.59  119.38
  47.71   65.36
  47.72  205.67
  48.43  135.16
  48.80  194.10
  49.55  225.34
  49.58  130.16
  49.65  155.44
  50.00   59.78
  50.18  112.56
  50.61  175.64
  50.65  122.78
  50.98  126.80
  50.99  192.04
  53.39  221.09
  53.48  220.62
  53.76  157.98
  53.84  234.87
  54.17  191.63
  55.79  186.84
  56.02  180.73
  56.51  185.43
  56.53  202.16
  57.64  203.16
  57.75  192.40
  57.79  140.46
  58.88   67.12
  58.89   81.41
  59.00  110.58
  59.28  117.62
  59.33   97.82
  59.83  198.00
  60.68  241.51
  61.38  233.50
  61.49  241.16
  61.93  150.78
  61.97  203.53
  62.09   72.74
  62.39  197.19
  63.06   79.27
  63.08   98.53
  63.34   88.18
  63.51   98.82
  64.37  128.32
  64.52   91.04
  65.12  146.60
  65.43  104.90
  65.50  113.09
  67.64  185.52
  67.65   79.60
  69.36  104.47
  69.70   72.64
  70.12  122.68
  70.62   86.89
  71.74  185.11
  72.92  161.80
  72.98  103.31
  73.13  137.50
  73.98  112.84
  74.11   87.32
  74.37  146.24
  75.49  209.01
  76.73  183.62
  77.18  123.58
  77.76  208.16
  78.43  136.91
  78.60  137.36
  79.48  201.80
  79.80   77.59
  80.08  101.53
  81.07   67.33
  81.93  124.28
  82.44  106.44
  83.49  133.96
  84.88  214.54
  85.06  103.46
  85.57   80.78
  85.75  128.26
  85.88  189.39
  85.92   74.57
  85.95  153.84
  86.11  197.49
  86.90  130.77
  87.53  161.99
  87.61  146.67
  87.80  173.41
  88.82  137.93
  90.57   73.64
  91.18  192.48
  91.41   72.76
  93.99  184.20
  96.43  243.41
  96.93  137.78
  97.05  196.36
  97.12  130.41
  97.74  166.32
  97.78   72.97
  98.44  224.52
  99.54  228.00
 100.58  212.44
 100.95  212.80
 101.86  192.92
 102.94  178.52
 103.00  208.56
 103.26   69.94
 104.01   73.75
 104.46  143.21
 104.60  191.06
 106.22  214.74
 106.22  156.66
 106.48  176.29
 106.75  224.60
 106.96  225.30
 109.82  163.17
 110.94  191.38
 112.94  158.13
 113.09  139.47
 113.34  206.98
 113.45  177.41
 113.51  209.99
 113.71  148.08
 115.80   72.78
 116.69  180.87
 118.54  148.64
 118.63   76.12
 118.82  167.11
 121.63  171.93
 121.66  241.09
 122.56  221.63
 123.70  229.74
 124.30   65.57
 124.44  138.10
 124.71  241.33
 125.66   71.74
 126.82  197.90
 129.21  239.23
 129.24  163.45
 129.87   74.76
 130.23  216.92
 130.54  203.00
 130.85  242.75
 130.92  176.75
 131.58  195.05
 131.74  198.23
 132.19  147.54
 132.80  172.46
 132.83   70.82
 134.55  248.04
 135.40  208.53
 136.28   73.72
 136.77  184.06
 137.75  214.08
 139.89  182.40
 140.03   74.93
 141.84  212.57
 142.76   71.76
 143.74  166.53
 143.98   75.04
 144.47  157.91
 145.01  178.57
 145.22  173.30
 146.00   69.67
 146.78  219.70
 147.42  182.17
 147.46  230.54
 147.73  169.44
 149.24   73.12
 151.24  146.66
 151.25  138.23
 151.46  235.24
 151.86  229.50
 152.04  151.20
 152.17   68.97
 153.16  243.53
 154.12  209.71
 154.16  206.63
 154.74  165.04
 155.58  161.78
 156.97  180.07
 157.55  188.75
 157.84  165.33
 158.64  232.97
 159.06  200.85
 159.13   70.16
 159.22  193.02
 159.95  152.31
 160.14  211.36
 161.03  140.46
 162.95  205.02
 163.20  222.47
 163.61  161.96
 163.62  146.13
 165.11  184.53
 165.27  176.78
 165.64  215.02
 166.15  193.80
 166.36  228.01
 166.95  221.53
 167.37  140.99
 167.51  234.07
 168.71  239.05
 168.89  186.22
 170.07  152.86
 171.45  233.76
 171.83  162.58
 172.08  224.68
 172.26  186.52
 172.51  216.88
 172.66  209.35
 173.00  189.69
 173.32   67.21
 173.88  170.21
 173.92  141.55
 173.93  212.43
 175.01  171.06
 176.50  220.46
 176.71  163.48
 178.65  229.85
 179.03  226.19
 179.80  164.89
 180.24   66.13
 180.48  232.78
 180.50  166.56
 180.76   65.04
 182.77  148.24
 182.93  148.34
 183.23  234.39
 183.29  220.64
 183.42  230.48
 185.38  237.14
 186.42  150.91
 187.15  216.32
 187.27  139.76
 187.28  216.97
 187.98  207.68
 188.32  166.10
 188.42  237.98
 190.07  211.43
 192.33  177.77
 192.50  185.15
 192.78  171.31
 194.13  223.31
 194.44  213.03
 194.77  138.28
 194.99  174.61
 195.29  235.79
 195.32  150.11
 195.65  179.96
 198.53  193.88
 200.55  214.18
 200.67  162.00
 200.83  220.83
 201.54  226.39
 204.47  152.57
 205.76  193.01
 207.56  211.44
 208.26  174.98
 211.74  182.09
 215.53  244.88
 216.09  225.85
 217.62  221.25
 218.78  209.70
 219.71  172.68
 220.43  173.18
 221.73  239.93
 222.27   67.54
 223.10  213.64
 223.47  216.41
 226.31  212.43
 227.40  240.61
 228.10  220.65
 228.32  220.65
 228.50  174.31
 230.52  217.24
 231.38  209.29
 233.57  187.46
 233.68  230.54
 233.86  226.49
 234.51  216.76
 235.27  189.54
 235.79  193.05
 236.11  227.78
 236.64  182.54
 239.22  139.52
 240.45  191.82
 240.64  236.20
 242.06  246.12
 243.36  237.81
 243.46  202.95
 245.64  232.92
 245.84  187.16
 249.64  191.01
