   8.01  165.57
   8.26   99.76
   8.40  115.08
   8.73  155.38
  12.25   98.53
  13.73  176.19
  14.23  133.23
  15.00  144.48
  15.10   84.72
  18.20  175.39
  18.65  101.42
  19.56  183.52
  20.40  153.47
  21.02  108.29
  21.27  101.65
  21.43  104.41
  21.79  126.60
  21.79  197.57
  21.80  145.95
  21.81   88.90
  21.90   66.18
  22.04  185.36
  22.23  165.51
  22.23  131.45
  23.10  150.19
  23.66  144.05
  24.77  121.33
  24.90  142.74
  26.29  131.05
  26.37  168.53
  26.39  102.01
  26.94  127.47
  27.15  103.39
  27.31  195.28
  27.51  136.18
  29.31  129.30
  29.51  200.41
  29.61  191.44
  30.76  119.89
  32.35  145.96
  32.43  192.40
  32.56  138.10
  32.59   95.29
  32.88  180.88
  32.97  152.84
  33.39  108.35
  33.53   83.26
  33.94  185.67
  34.02  163.66
  35.70  132.32
  35.74  148.53
  36.20  137.45
  37.47  146.90
  38.80  111.70
  40.26   96.26
  40.72  131.18
  40.92   91.43
  41.74  105.72
  41.84  158.51
  41.86  153.77
  42.28   85.04
  42.81  184.02
  43.59  112.71
  43.96  146.90
  44.51  129.49
  44.61  117.69
  46.86   93.14
  47.23  155.11
  47.93   96.98
  48.24  178.98
  49.11  169.40
  49.47  139.48
  49.68  131.70
  50.54  104.64
  51.18  138.66
  52.02  127.94
  52.53  136.11
  53.52  179.54
  53.92  132.12
  53.98   80.90
  54.94  143.21
  55.13  171.11
  55.46  122.02
  56.01  179.20
  56.82  107.74
  57.23  127.41
  57.34  144.37
  57.61  158.96
  58.11  151.15
  58.67  119.80
  58.82  157.35
  59.23   94.68
  59.37  141.07
  61.52  145.53
  62.25  177.59
  63.15  167.08
  63.16  136.33
  63.44   82.89
  64.12  147.28
  66.51   87.04
  66.60  154.63
  66.80  102.25
  67.53   97.06
  68.20  107.89
  68.30  130.09
  68.95  174.83
  69.47   93.48
  70.36   87.44
  70.98  123.22
  71.58  146.37
  71.86  139.15
  72.31  131.41
  72.75  111.22
  72.76  111.22
  73.19  159.49
  73.21  147.80
  73.36   97.01
  74.35  108.53
  74.56  100.50
  75.69  153.63
  76.10  140.82
  76.23  153.50
  76.93  132.82
  77.06  125.12
  78.61  143.63
  78.89  116.31
  79.05  165.38
  79.15  107.07
  79.21  172.15
  79.93  168.75
  80.22  123.15
  81.26  154.46
  81.61  178.21
  83.21  145.50
  83.40  113.54
  84.57  172.17
  85.04  152.76
  85.26  166.08
  85.57   85.81
  85.60  125.08
  85.67  120.12
  85.79  177.94
  86.57  171.62
  86.94  112.46
  87.35  140.33
  89.10  115.84
  89.88  160.42
  90.72  132.04
  90.83  106.01
  90.87  178.36
  92.96   93.33
  93.12  113.45
  93.51  165.67
  93.69  110.06
  93.76   91.47
  94.47   96.18
  95.87  175.36
  95.96  105.93
  96.02  128.82
  96.03  148.08
  96.51   89.21
  96.95  170.45
  97.16   94.84
  97.51  102.12
  99.44   93.44
  99.93  159.68
 100.02  128.08
 100.40  137.10
 100.53  157.14
 101.39  101.49
 101.52  149.47
 101.60   89.55
 102.57  118.07
 102.73   90.76
 102.76   93.32
 103.45  151.44
 103.59  167.77
 103.83   85.71
 103.95  163.03
 105.26   99.02
 105.31  141.50
 105.43  109.57
 105.45  104.41
 105.93  101.44
 107.13  154.35
 108.61  161.13
 109.22  172.78
 109.95  124.78
 110.07  139.13
 110.78  165.15
 110.82  143.00
 110.88  136.10
 111.41  169.38
 112.35  202.00
 114.72  126.65
 114.75  123.38
 115.46  142.58
 115.56  179.81
 115.89  157.61
 116.04  136.34
 116.45  105.06
 116.88  131.44
 117.05  108.69
 117.40   95.14
 117.63  192.52
 118.32  147.30
 118.87  162.97
 119.07  163.25
 119.24  172.27
 120.04  160.03
 120.13  189.26
 120.72  135.88
 121.69  129.12
 121.99  197.32
 123.84  191.99
 124.10  188.67
 124.54  196.20
 124.76  140.09
 126.04  154.65
 126.08  147.13
 127.15  190.17
 127.29  112.96
 127.36  166.92
 127.59  136.52
 128.67  150.51
 129.07  182.73
 129.51  110.99
 129.76  161.32
 130.60  106.59
 131.48   77.82
 132.66  183.03
 132.96  168.51
 133.69  155.91
 133.74  191.14
 134.34   83.12
 134.94  117.33
 135.10  144.19
 135.67  186.02
 137.04  112.95
 137.06  180.39
 137.38  120.88
 137.91   85.05
 138.26  114.54
 138.40  130.68
 138.91   75.35
 139.35  119.04
 139.51   70.04
 140.30  158.71
 141.53  152.54
 141.74  100.32
 141.97  100.04
 142.01   93.86
 142.11   81.45
 142.17  164.80
 142.22   77.87
 142.38   81.54
 142.74  125.63
 143.13   73.61
 143.24  161.56
 144.85   94.10
 144.88  178.68
 145.94  106.56
 146.18   67.15
 146.54   84.28
 146.79   74.29
 147.17  144.85
 147.34  101.79
 147.96  154.92
 148.23   83.34
 148.24  149.34
 150.32   81.25
 150.37   96.74
 150.78  113.34
 152.08  164.51
 152.38  133.32
 153.70  157.27
 153.96   93.75
 154.41  167.04
 154.63   85.73
 156.45  104.57
 156.62  131.57
 157.71  125.21
 158.72  156.27
 158.95  118.10
 159.07  151.30
 160.26   76.73
 160.27  127.26
 161.07  188.03
 162.27  138.37
 163.52   86.21
 163.58   92.41
 163.78  174.80
 164.16  157.67
 164.21  164.25
 164.72  147.77
 164.73  112.59
 165.88  171.98
 169.43  160.81
 171.84   98.81
 172.37  172.76
 174.27  150.33
 174.87  139.36
 175.91  109.49
 176.43  103.82
 177.24  121.70
 177.75  144.43
 179.00  151.95
 180.58  137.10
 180.65  122.10
 181.19  173.54
 181.43  176.91
 181.59  107.91
 182.97  112.14
 183.10  146.06
 184.12  180.46
 184.99  177.73
 187.34  108.64
 187.35  158.11
 187.44  162.26
 188.92  126.19
 189.16  147.32
 189.89  160.11
 190.43  112.28
 190.78  121.12
 191.42  116.93
 193.21  157.70
 194.38  143.73
 195.51  113.80
 196.81  125.57
 196.91  174.35
 199.29  187.59
 200.62  139.46
 201.56  169.27
 201.96  155.70
 202.81  143.01
 204.38  151.42
 206.43  163.67
 206.75  171.26
 209.34  149.38
 209.48  174.77
 210.45  186.76
 210.52  179.53
 211.38  126.96
 211.72  139.69
 212.80  110.52
 213.16  132.92
 213.64  136.65
 214.19  176.21
 214.27  125.24
 214.73  173.64
 215.00  141.78
 215.09  145.16
 215.60  155.52
 216.27  152.43
 216.34  162.85
 217.76  157.45
 218.52  144.91
 219.63  105.59
 221.13  149.01
 221.16  166.12
 221.20  174.87
 222.40  188.81
 224.25  153.13
 224.37  134.71
 224.64  164.05
 226.93  182.07
 227.11  177.76
 227.27  177.85
 228.83  162.38
 229.00  164.99
 229.82  180.79
 230.40  145.53
 230.53  169.34
 231.98  146.00
 232.21  179.39
 233.28  176.99
 233.31  152.45
 233.96  153.90
 234.90  135.88
 235.61  161.58
 235.99  143.55
 236.28  167.28
 236.44   88.48
 236.72  171.56
 238.37  182.31
 238.42  183.42
 240.34  164.57
 240.88  171.68
 241.43  184.93
 242.43  156.84
 243.59  160.38
 245.96  172.85
