   7.42  140.04
   7.46  137.35
   8.27  190.91
   8.77  108.59
  10.11  135.47
  10.29  114.59
  10.44  149.91
  10.73  114.60
  10.95  163.00
  12.80  217.05
  13.87  164.94
  16.11  170.31
  16.40  167.21
  18.30  134.92
  18.87  116.31
  19.32  123.89
  19.93  218.31
  20.08  149.62
  20.57  224.24
  21.76  139.30
  22.63  130.14
  23.01  176.96
  25.69  125.84
  26.76  200.55
  26.87  121.38
  28.76  113.00
  29.34  115.22
  29.56  154.44
  30.24  194.37
  30.97  190.54
  31.82  133.53
  32.73  131.96
  32.97  106.78
  33.01  125.95
  35.45  109.45
  36.16  205.52
  39.55  173.84
  41.78  113.87
  44.37  212.91
  45.20  118.18
  45.27  155.54
  46.80  123.11
  52.34  194.60
  53.41  125.94
  56.05  150.91
  56.59  127.77
  57.25  147.93
  57.33   56.10
  57.70  123.75
  58.42  183.97
  60.25  134.23
  60.45  126.60
  60.50   89.43
  60.88  123.24
  61.57  123.17
  62.08  163.60
  63.69  192.80
  64.45  126.25
  67.42  123.65
  67.71  149.45
  68.57  133.91
  69.44   79.15
  69.61  231.78
  69.99  128.22
  70.56  199.05
  70.85  143.90
  71.03  128.16
  74.16   81.27
  75.41  189.68
  76.88  234.30
  78.74  143.70
  79.23   72.06
  79.30  199.69
  79.41  137.46
  80.25  182.08
  80.77  159.35
  80.98  193.14
  81.65  128.48
  81.75  189.59
  83.31   56.03
  85.47  136.37
  85.95  138.08
  86.14  235.72
  89.92  200.31
  90.43  179.81
  91.24  230.83
  91.52  140.48
  93.04   53.44
  93.22  204.44
  93.66  132.22
  94.15  213.74
  95.14  190.48
  95.37  171.03
  95.61  155.32
  96.50   57.73
  96.54  124.46
  96.99  200.06
  98.43  120.93
  99.51  173.33
  99.75  133.65
 100.29   59.70
 100.31  139.76
 100.33   45.53
 100.77  168.70
 101.64  177.96
 101.82  125.06
 102.68  120.01
 103.18  141.34
 104.37  157.41
 105.21  162.58
 105.93  169.58
 105.98   42.03
 106.16   61.10
 106.30  140.11
 106.61  181.05
 107.25  210.97
 107.51  161.70
 108.22   40.80
 108.52  164.43
 108.82  133.12
 110.19  176.14
 111.22  146.53
 111.60  145.07
 111.73  187.59
 112.19   38.50
 113.18  133.62
 114.14   60.59
 115.02   49.56
 115.57   61.67
 115.78   35.49
 115.86   40.25
 115.90  213.81
 116.36  218.89
 116.38   59.48
 118.59  151.21
 118.92  197.29
 119.23  209.87
 120.26  233.15
 121.01  241.16
 122.19  205.80
 124.09  148.18
 124.33   54.92
 124.43  149.44
 124.45  228.06
 124.76   58.74
 126.73   62.25
 126.85   42.06
 126.99   65.53
 129.00  234.86
 129.10   63.54
 129.26   67.13
 129.79   49.54
 130.52   60.34
 132.33  186.34
 133.16  229.98
 133.61   40.10
 135.79  156.28
 135.81  151.71
 135.89   60.07
 136.12   66.84
 137.17  148.42
 137.55  233.61
 137.91  233.25
 138.92  233.57
 139.12  227.84
 139.51  152.34
 139.64   43.36
 141.42   71.44
 141.46  150.07
 142.48   75.98
 144.46  149.49
 145.67  218.53
 146.49  131.19
 146.53   47.14
 147.72   97.34
 147.79   33.56
 148.06  226.91
 148.24   47.52
 151.22  208.23
 151.22   46.70
 151.25  211.69
 151.27   60.10
 151.70   71.73
 153.48   41.11
 155.51  125.37
 155.92  215.41
 156.37   51.84
 156.99   81.47
 159.32  213.65
 161.84   98.16
 162.18  213.45
 163.00   51.49
 163.28   74.53
 164.99   97.14
 165.25   56.80
 165.70   67.44
 165.77   60.76
 165.86   66.89
 166.00  247.02
 166.15   46.80
 167.96  141.86
 169.45  143.77
 170.80   45.63
 171.57  134.98
 173.28   69.90
 173.82  218.84
 175.43   55.78
 176.01  130.77
 176.65   48.52
 177.70  213.50
 178.31   74.49
 178.41   42.61
 179.36  147.28
 180.59  219.04
 182.45   42.68
 182.95   50.22
 183.86   73.27
 184.02   63.25
 184.85  136.50
 184.96   53.06
 187.10   56.84
 187.69  153.66
 189.46   35.22
 189.92   40.89
 190.06   79.27
 190.07  220.40
 191.08  159.42
 191.97   55.65
 192.59   50.03
 193.21  222.16
 193.37  145.40
 194.36   27.52
 195.15   45.60
 195.35  129.73
 195.42   34.66
 196.04   61.47
 196.13  163.78
 196.56   58.27
 196.69   40.94
 198.59  138.43
 199.48  159.24
 201.15   43.72
 202.11   37.03
 202.84   67.35
 203.55   59.66
 204.47   51.39
 204.75  144.11
 205.17   55.20
 205.95  216.01
 206.66   77.48
 208.24   72.56
 208.53  143.51
 212.16  152.72
 213.59  109.70
 214.37   52.08
 214.62   68.40
 216.14  133.08
 216.42  138.80
 217.59   74.96
 224.75   52.32
 225.47   55.54
 225.67  117.46
 226.11  209.61
 226.16   59.94
 227.63   73.67
 228.01  163.93
 228.14   75.01
 229.11  150.59
 230.59   61.55
 230.90  208.99
 230.93  215.92
 231.00  176.91
 231.17   58.58
 231.83  229.04
 232.38  209.20
 233.98  148.16
 234.25  221.38
 235.70  124.26
 236.85  151.13
 236.88  143.86
 237.48  180.53
 237.55  147.53
 237.64  176.86
 237.71  213.92
 238.32  173.27
 238.72  167.75
 239.42  120.51
 241.14  213.77
 241.35  223.64
 241.40  223.69
 242.17  169.36
 242.22  180.80
 242.35  150.03
 242.53  239.36
 242.59  150.34
 243.29   78.36
 243.51  173.99
 243.92  106.22
 244.92  217.32
 245.47  139.36
 246.00  114.20
 248.62  121.01
