  13.65   52.62
  15.28  118.63
  19.08   57.29
  19.74   50.34
  21.44   96.06
  23.61   46.68
  27.08   98.18
  27.21   48.92
  27.31  210.24
  34.81   94.76
  34.96   57.79
  39.55  102.77
  41.86  101.10
  43.83   57.98
  44.49   59.31
  49.58   62.17
  52.10   66.60
  55.12   60.59
  57.55   28.54
  67.61  106.48
  68.07   37.02
  70.12  114.85
  72.05   35.71
  72.28   39.52
  72.53   32.39
  73.38  120.25
  75.33  110.93
  77.25  114.09
  78.09   37.37
  80.93  104.15
  84.21   36.94
  84.43  106.95
  84.86  102.39
  88.42   43.04
  90.00  106.26
  93.49   45.73
  94.71  104.29
  97.32  106.31
  97.61  124.41
  97.79  118.66
  98.18   40.96
  99.78  107.92
 100.65   58.72
 100.67  105.13
 101.01  119.44
 101.21  220.12
 101.75   65.45
 107.38   85.27
 108.43   40.56
 110.44  109.50
 111.95   56.91
 112.85  116.71
 114.78   45.25
 115.89   97.76
 116.33  113.99
 116.57   62.48
 117.10   53.58
 117.11   58.31
 118.91   56.30
 119.38   51.96
 119.99   42.63
 120.96   36.26
 123.98   60.81
 124.00  221.31
 124.31   46.16
 124.70  104.84
 126.59   45.84
 126.64   37.21
 131.65   55.65
 131.88  107.88
 133.15  116.18
 135.45   43.07
 136.49   34.04
 137.09   94.89
 137.72   37.23
 137.77   51.34
 140.99   68.25
 141.77   42.14
 142.41   47.30
 142.85   60.59
 144.07   44.88
 145.22   52.45
 145.98   41.75
 147.96   61.46
 148.97   38.91
 150.52   44.06
 150.53   53.61
 152.03   70.52
 152.39   51.19
 153.00   55.11
 153.91   73.15
 154.23  225.22
 156.03   40.90
 156.42   57.39
 159.92   59.30
 160.62   97.10
 160.98  222.70
 163.52   45.48
 164.27   58.98
 165.16  170.34
 165.58   87.26
 165.78   72.57
 166.52   67.43
 168.64   41.46
 169.27   75.93
 169.77   75.96
 171.35   46.03
 172.65   58.53
 176.09   54.73
 176.24  153.32
 176.41   45.92
 176.69   60.98
 179.69  224.18
 180.36   39.90
 180.53  227.20
 180.89  101.02
 181.57   50.63
 181.76   57.78
 182.53   71.94
 183.09   66.94
 183.32   79.44
 185.79  226.34
 186.14   60.18
 186.39   43.64
 186.92   67.36
 187.55   38.03
 188.37   57.11
 188.80   63.24
 190.56   38.40
 191.29  185.77
 192.63   57.88
 193.22   56.29
 193.68   46.29
 193.74   83.73
 194.30   52.72
 195.20   67.88
 196.35   60.66
 196.75  229.80
 197.81   40.29
 198.02  226.99
 198.45   50.69
 199.56   83.37
 199.69   65.11
 199.92   57.40
 201.28   36.27
 202.86   42.53
 203.85   60.39
 204.57   35.05
 205.58   46.33
 206.14   46.91
 206.80   56.99
 206.85   38.58
 207.18  230.04
 208.19   61.43
 208.81   35.21
 210.23  230.04
 211.88   48.67
 212.66   39.31
 215.65   51.25
 217.09  227.41
 217.18   79.57
 218.45   83.06
 219.23   53.28
 220.68   34.97
 220.83   38.58
 224.58   35.81
 226.99  104.71
 227.25   64.72
 230.67   57.18
 231.33  143.33
 233.09  107.10
 233.35   66.54
 234.34  141.35
 234.96  109.85
 235.01   47.25
 235.42   57.23
 236.18   47.09
 236.25   54.01
 237.78   59.91
 240.05   63.58
 241.03  102.17
 241.10   59.37
 242.00   95.36
 242.98   55.65
 246.83   54.66
