   8.51  132.14
  10.22   22.08
  10.30  136.10
  10.87  141.26
  12.56  172.50
  15.80  101.76
  16.14  161.66
  16.18   19.98
  16.42  129.78
  16.51   48.21
  18.88   95.41
  19.89  119.89
  22.38   43.49
  22.77  114.52
  23.40  162.03
  23.79  131.25
  23.92  166.29
  24.76  158.72
  25.24  126.68
  26.30   17.97
  26.77   50.70
  27.81  168.68
  28.25  158.73
  28.79   93.18
  28.89  180.83
  29.56   36.03
  30.19  107.96
  30.41  161.92
  31.79   16.01
  33.36  137.99
  34.46   86.01
  35.08  102.82
  35.13   96.65
  36.07   61.76
  36.76  101.57
  37.12  118.12
  37.29  182.30
  38.57  121.55
  40.09  108.32
  41.21   32.81
  42.69   70.99
  44.05   19.42
  44.82   27.28
  45.60   56.31
  45.89   96.33
  48.08  114.43
  49.09   94.56
  49.61   19.40
  49.79   19.38
  51.76  145.51
  51.82  157.66
  52.46  149.32
  53.63   94.51
  53.84   81.62
  54.69  197.53
  55.17  116.32
  55.88  150.68
  57.31   69.85
  57.46  126.82
  61.08  126.03
  61.73   65.81
  62.21  122.65
  62.52   88.46
  62.52  131.52
  63.62  134.95
  66.10  174.17
  66.21  146.51
  67.23   17.03
  68.04   93.57
  69.91  133.89
  70.50   59.46
  70.65   17.55
  70.83  173.98
  71.09  143.91
  71.29   20.61
  72.50   99.08
  74.30  120.09
  74.58  202.16
  76.77  135.63
  78.02  143.82
  78.71   19.58
  79.11  140.12
  79.15   56.71
  79.45  166.17
  80.19  172.09
  80.50   84.88
  83.11   46.95
  84.66   23.63
  85.66  116.32
  86.17   44.01
  86.24   40.72
  87.12  104.44
  87.46   36.27
  87.63  124.29
  87.68  158.43
  87.69  136.31
  88.86   22.11
  90.08  107.69
  90.78  160.49
  92.03  169.58
  92.32   21.58
  92.55  109.52
  92.67  102.35
  95.06   11.59
  96.60   17.21
  97.01  127.01
  97.86   22.15
  98.10  130.65
  99.38   25.94
 100.10    8.30
 100.53  114.59
 102.24   56.29
 103.29   33.03
 103.82   60.56
 104.03   26.00
 104.85  133.77
 105.39  120.10
 105.45  111.41
 105.53  114.92
 105.62  130.79
 106.32   29.43
 107.01   33.13
 107.36   21.13
 107.67   99.93
 111.08  142.57
 112.86  153.30
 113.66   33.49
 113.94  150.97
 114.91  202.74
 117.45  175.36
 117.76  136.50
 118.60  131.51
 119.42  134.78
 121.39  123.99
 121.46   20.42
 123.03  108.78
 124.37  104.95
 124.44   24.06
 125.01   29.86
 125.64  118.88
 126.22  113.42
 126.55   28.76
 128.03   18.22
 128.50  202.83
 128.52  103.73
 128.74   23.89
 130.40  198.37
 132.47   88.00
 133.36   13.70
 134.60   90.43
 134.74  145.74
 134.79  160.68
 135.88   22.86
 138.15  136.73
 138.83   14.47
 138.90  115.43
 139.00  200.92
 139.04  102.52
 140.33  203.62
 141.62   89.49
 143.21  121.70
 143.94  209.09
 144.43   83.94
 145.54  108.72
 145.99  133.51
 147.46  146.47
 151.05  126.00
 152.88  134.86
 153.40  204.94
 156.47  201.57
 157.06  225.95
 157.64   89.91
 158.01  135.50
 158.81  115.84
 163.51   85.21
 164.66   94.00
 164.85   93.68
 166.83  156.51
 168.13  154.54
 168.28   49.17
 169.85  157.31
 169.89  118.44
 171.25   89.35
 172.61  149.80
 172.88   75.26
 173.65  154.22
 173.99  153.61
 175.86   66.95
 177.60  115.10
 181.50   19.11
 182.54  176.32
 182.63   63.74
 183.62  179.89
 183.79  121.18
 184.35  120.15
 184.46   57.18
 186.99  176.68
 187.49   60.45
 189.93  123.21
 190.08   62.01
 190.69   53.99
 193.59  177.74
 196.28  174.11
 197.56   16.01
 197.57  180.93
 198.28  205.51
 198.56  106.18
 199.24   95.63
 200.09   94.39
 201.07  136.64
 202.67  119.84
 202.68  132.84
 202.78  132.78
 203.47  145.23
 205.31  131.91
 205.73   91.92
 207.62   89.33
 207.96   45.68
 208.24   97.51
 209.69   77.08
 209.76  126.22
 211.06  103.40
 211.21  115.18
 212.15   95.58
 213.64  106.80
 215.08   39.77
 217.12   96.85
 217.25  180.78
 218.75   39.40
 218.86  117.45
 219.39  100.96
 220.65  119.37
 223.33   91.41
 223.53  104.84
 224.28  121.21
 225.74   32.19
 229.36  223.80
 229.93  134.43
 230.56   60.46
 231.16   66.96
 231.58   65.82
 233.07  180.94
 233.27  129.84
 233.40   30.16
 235.35   50.59
 235.62   54.33
 235.67  114.39
 236.31  174.79
 238.19   52.45
 238.69  120.35
 238.85   38.46
 239.80  101.20
 242.07   35.43
 242.19   65.61
 242.44  113.25
 243.08  160.97
 243.52  110.10
 244.76   51.79
 246.89   33.58
