   8.17  220.15
  13.30  233.47
  14.96  198.89
  17.01  235.70
  20.23  217.05
  22.78  192.45
  24.95  227.17
  27.58  222.40
  29.67  193.24
  29.98  238.03
  33.23  206.46
  33.50  219.69
  35.14  211.34
  36.10  189.68
  37.57  217.38
  38.94  187.71
  42.72  178.02
  43.58  173.04
  44.52  224.96
  44.85  163.70
  45.07  218.86
  46.72  237.60
  46.90  248.13
  50.66  164.59
  51.29  232.31
  51.83  148.75
  55.41  145.65
  56.95  240.84
  57.46  232.36
  57.63  168.67
  57.99  179.61
  59.68  153.56
  59.76  210.21
  59.99  169.12
  60.17  112.39
  60.95  158.88
  62.19  128.52
  62.23  191.37
  62.49  111.00
  62.59  117.93
  62.68  197.53
  62.83  217.32
  62.96  170.87
  63.06  192.95
  63.68   93.07
  64.71  202.31
  64.77  160.29
  66.42   78.03
  67.46  219.96
  67.50  208.89
  67.55  223.85
  68.26  143.31
  68.87  144.33
  69.00  179.28
  69.19   44.73
  70.27  170.44
  71.10   48.11
  71.72  167.18
  71.82  206.56
  72.00   72.41
  72.16   54.46
  72.29   72.16
  74.44  212.80
  74.89  245.21
  75.16   46.17
  75.31   58.43
  75.70   30.99
  75.75  199.42
  75.92  164.36
  76.42  152.99
  76.43   54.76
  76.75   20.24
  77.13   16.91
  77.40  208.41
  77.66  135.95
  77.84  147.19
  78.29  166.11
  78.41  228.82
  78.59   14.15
  78.76  123.79
  78.81  189.11
  79.06  207.54
  79.10  224.90
  79.56  204.02
  80.20   85.87
  81.44   21.64
  82.19  138.59
  82.43   80.29
  82.66  117.44
  82.86  192.02
  82.94  151.43
  83.33  200.31
  84.43  121.83
  85.03  187.37
  85.16  123.87
  85.18  187.77
  85.46  103.62
  85.48  101.01
  85.57  101.12
  86.02  117.45
  86.07  166.60
  86.31   50.17
  86.32  231.52
  86.95  110.78
  87.28  174.27
  87.38  158.17
  87.42  221.05
  88.02  245.63
  88.54  124.34
  88.93  199.84
  89.15   87.55
  89.29  188.72
  89.30  155.48
  90.09  216.09
  90.27  151.01
  91.24  129.71
  91.27  233.45
  92.53  219.31
  92.89  146.34
  93.04  147.94
  93.50  136.21
  94.26   86.66
  94.54  128.26
  94.87  234.01
  94.89  199.85
  95.19  154.33
  95.48   21.49
  95.57  134.14
  95.62   72.46
  95.72   96.35
  95.86  142.34
  95.86  137.75
  95.91  166.71
  96.43  120.91
  96.84  207.04
  97.11  193.58
  98.24   17.38
  99.68   25.59
  99.94  225.34
 100.03   82.97
 100.11   42.17
 100.13  142.87
 100.30   10.93
 100.53  233.37
 100.72  190.36
 100.84  138.35
 101.35  214.96
 101.94  190.11
 102.13  172.09
 103.77  156.29
 104.08  196.21
 104.80  235.42
 105.28  226.81
 105.80  190.49
 106.25   87.21
 106.69  193.70
 107.20  174.57
 107.53  150.10
 107.60  232.32
 107.78  170.21
 107.85  200.19
 107.85   13.89
 108.37  183.72
 108.49  208.47
 108.61  245.80
 108.80   40.26
 110.10  162.81
 110.46  151.23
 111.05  222.30
 111.84  157.33
 112.54  229.72
 112.59  216.30
 112.68  199.28
 112.98  190.90
 113.74  234.00
 114.37  195.71
 115.21  208.34
 116.36  201.73
 116.55   90.24
 117.40  205.84
 117.42  188.57
 117.98  226.15
 120.53  215.76
 121.14  194.37
 121.34  229.57
 122.61  184.72
 123.62  200.96
 125.08  195.87
 125.63  231.17
 125.77  185.76
 126.22  225.23
 126.30   26.11
 126.45  189.22
 126.53  200.65
 126.55   26.80
 127.60   89.38
 127.63   37.43
 128.54  141.62
 129.28  247.54
 129.69  147.77
 129.74  235.39
 130.06  145.31
 130.13   43.15
 131.64  226.88
 132.23   19.76
 132.44  226.12
 132.78  143.49
 133.46  147.09
 134.71  242.01
 136.65  237.06
 137.67  222.21
 138.60  220.33
 139.88   29.70
 143.44   16.05
 144.23  241.17
 145.11   13.29
 147.35   77.48
 149.00   36.89
 150.64  176.96
 151.06   47.10
 151.92   38.56
 152.04   36.24
 152.17  185.64
 152.44  211.17
 153.18  170.21
 153.28  152.90
 154.50  177.66
 157.33  218.20
 157.98  203.51
 158.56  247.49
 161.04   94.81
 162.16  100.88
 162.45  135.27
 163.10  104.23
 164.84  195.84
 164.88  159.13
 165.68  152.44
 166.02  191.65
 166.90  200.08
 166.90  119.99
 167.60  155.70
 168.12  140.84
 168.21  160.56
 168.26  249.62
 168.51  137.77
 168.82  197.02
 169.99  107.16
 170.52  152.73
 171.70  156.16
 172.61  223.73
 172.97  166.73
 173.57  152.78
 173.93  126.73
 176.16  152.49
 176.33  156.94
 176.50  206.73
 177.02  118.95
 177.35  199.87
 178.47  178.94
 179.99  174.29
 180.44  136.00
 180.52  115.69
 180.69  131.93
 181.71  165.18
 181.76  162.26
 181.80  162.08
 183.34  149.13
 183.89  118.13
 186.74  186.27
 187.09  173.50
 187.53  130.03
 188.57  140.95
 190.37  174.54
 190.46  150.45
 190.96  179.36
 191.08  231.37
 191.19  157.29
 192.64  189.21
 192.71  117.11
 192.76  154.86
 193.24  142.83
 194.13  138.19
 194.20  128.36
 195.58  152.25
 195.85  156.80
 196.39  184.17
 196.62  217.44
 199.31  143.25
 199.35  134.43
 202.47  182.40
 202.65  162.90
 204.06  135.72
 204.50  123.44
 205.83  150.41
 206.22  145.29
 206.57  141.18
 206.74  136.37
 207.46  132.73
 209.89  139.76
 209.98  158.98
 210.88  224.20
 211.68  149.52
 214.86  236.27
 215.73  214.31
 215.97  178.33
 216.61  142.35
 216.67  133.11
 218.80  185.97
 220.91  156.10
 229.68  228.39
 229.95  245.35
