   8.42  208.07
  10.48  233.47
  13.77  219.83
  14.67  211.34
  17.02  215.88
  17.34   29.65
  19.47  220.08
  19.72  233.84
  20.04  237.58
  20.11  114.84
  20.92  110.54
  21.48   28.87
  22.36  184.73
  22.64  215.28
  24.98  109.15
  26.06  220.04
  26.52  223.61
  26.76  211.19
  27.11  186.87
  28.72   73.49
  28.90  111.37
  30.11   69.11
  30.25  181.28
  31.21  216.37
  31.60  115.79
  31.69   77.05
  32.24  110.41
  33.76  191.54
  34.04  136.76
  35.64  224.93
  35.83  112.04
  37.01  238.14
  37.08  155.45
  38.69  223.94
  39.09  229.45
  39.34   91.39
  39.85  102.36
  40.23   82.71
  40.32  149.02
  40.84  111.49
  40.92  130.90
  41.24  212.34
  41.36  194.51
  42.06  154.94
  42.48  241.03
  43.29  204.28
  43.36   82.14
  43.48   25.37
  43.57  200.25
  44.26  114.50
  45.73  234.60
  46.20  223.23
  46.26  217.27
  46.28  118.44
  47.14  209.66
  47.20   53.50
  47.22   53.39
  48.00  213.54
  48.46  150.12
  49.46   39.18
  49.55   85.49
  50.14   55.93
  50.29   33.59
  50.37   94.17
  50.50   82.11
  50.87   28.84
  51.15   88.23
  51.75  235.10
  52.83   16.32
  53.16  118.90
  53.43  166.90
  53.90   30.00
  54.84  120.87
  55.16   44.80
  55.37   39.08
  58.24   67.00
  58.82  217.66
  59.68  120.64
  59.71  100.33
  60.10  224.10
  61.57  112.71
  62.57    8.95
  62.90  221.65
  63.55  119.36
  64.27  211.15
  66.88  132.07
  67.65  218.80
  67.71  154.01
  68.81  132.51
  70.67  126.92
  70.79  224.30
  71.01  115.75
  71.23  102.55
  72.00  209.75
  72.67   97.22
  73.10  186.32
  73.74  175.07
  74.28  218.56
  74.60   68.96
  74.60   74.23
  74.62  173.25
  75.68  172.78
  76.04  122.08
  77.42  156.61
  77.98   70.17
  79.10   90.54
  80.39  218.82
  81.20   80.24
  82.49   28.76
  83.02  115.89
  83.83  216.07
  83.89  220.21
  86.24  248.78
  86.59  150.75
  87.02   34.50
  88.73  206.10
  89.42   40.15
  90.22  245.61
  91.16  223.72
  93.12   60.47
  93.26  109.48
  93.27   37.00
  93.57  155.34
  93.72   27.76
  93.76  220.18
  95.44   56.77
  95.82  207.04
  96.30   52.59
  96.97  102.91
  97.11  195.79
  97.14  222.58
  97.33   19.62
  97.41  109.74
  97.52  122.97
  97.59  122.93
  98.00   27.59
  98.28  190.36
  98.92  227.40
  99.10  189.62
  99.68   73.99
 100.13  217.05
 102.88   60.52
 103.94  221.38
 104.07  103.90
 104.11  205.47
 105.00  152.34
 105.14   63.87
 107.13   73.97
 108.38   66.01
 108.63  133.15
 109.29  191.58
 109.35  223.77
 109.68  220.53
 109.79   44.37
 109.95  186.32
 110.25   50.94
 110.61   36.07
 111.75  167.05
 112.80  127.01
 112.84  171.18
 113.01   49.12
 113.14  180.23
 113.75  162.63
 114.71   43.14
 114.89   13.20
 115.14   64.96
 117.03  138.45
 117.88  216.82
 118.52  164.23
 119.27  168.91
 119.77  183.88
 121.45   73.58
 122.38  131.72
 122.76   43.42
 123.04  219.16
 123.38  224.26
 123.58  109.27
 125.30  203.40
 125.31   19.31
 125.46  170.69
 126.46  124.57
 126.61  166.67
 126.72  144.19
 128.31  175.54
 128.82   36.32
 129.01  106.53
 129.23  159.65
 129.60  127.68
 129.82   24.07
 130.17  127.75
 132.01   31.35
 134.06   60.36
 134.87   43.40
 135.07  205.77
 135.40  225.56
 137.09   26.97
 137.17  156.56
 137.84   21.63
 140.25   35.48
 140.74  156.99
 143.87   41.25
 145.74  226.57
 147.94  136.97
 149.28  214.15
 150.56  169.92
 151.23  221.41
 153.11  228.07
 154.95  170.99
 155.16  160.11
 155.63  244.40
 155.89  238.25
 158.22  242.62
 158.67  173.68
 162.12  239.51
 163.01  177.55
 163.84  226.89
 164.09  228.95
 164.58  236.29
 164.77  224.59
 165.07  232.27
 166.44   82.08
 166.75   20.54
 167.36  133.50
 167.72   58.44
 167.90  151.11
 168.06   72.23
 170.85  131.25
 170.95  134.84
 171.06  231.01
 171.27   14.62
 171.58  222.88
 171.66  170.33
 172.11   68.53
 172.27   37.63
 172.64  245.97
 172.98   11.23
 173.63  160.13
 173.68   26.82
 174.31  144.99
 175.11  191.05
 175.60  181.40
 175.64   91.05
 176.77  246.54
 176.86   29.80
 177.56  106.27
 177.88  243.55
 178.26  148.49
 178.41   35.42
 178.47  171.46
 179.08   88.34
 179.51  135.19
 180.24   26.71
 180.68  240.34
 181.15   67.61
 181.54   13.43
 181.54  149.92
 181.67  179.83
 182.04   55.48
 182.27   38.34
 182.71  177.13
 183.06   19.79
 183.08  237.99
 183.75  159.19
 184.48  154.30
 184.74  249.51
 185.08   14.95
 185.32   47.32
 185.66  112.10
 185.71   65.61
 185.74  144.72
 186.24  156.14
 187.16  230.54
 188.90  138.76
 188.94   86.92
 189.66  227.40
 189.71  234.10
 189.81   93.86
 190.65  177.32
 191.62   45.60
 191.87  172.78
 192.58  104.69
 192.93   66.98
 192.94   37.35
 193.25   96.49
 193.61  125.50
 194.16   61.55
 194.83  248.66
 194.92   93.87
 195.78  239.14
 196.02  207.21
 196.57  234.60
 196.79  169.38
 196.89  246.22
 196.97  145.84
 197.14   19.51
 197.32   97.70
 197.57   36.24
 198.29  159.80
 198.48   30.19
 198.81  237.84
 199.54   46.68
 199.95  109.27
 200.28   12.24
 200.58  153.91
 200.61  173.09
 201.82   67.50
 201.83   49.01
 202.12  118.84
 202.37   89.52
 202.80   17.46
 203.36   80.76
 203.41  239.19
 204.43   14.79
 204.61   39.07
 204.81  235.58
 205.01  106.71
 205.94   64.46
 206.58  150.26
 206.65   68.27
 206.97   46.09
 206.99  149.40
 207.19  239.67
 207.38  115.77
 207.69  122.40
 207.81  246.19
 208.44  208.06
 209.92  133.40
 210.56   89.28
 211.18  100.48
 211.92  103.87
 211.94   45.91
 212.45  224.81
 212.85  123.84
 212.90   34.90
 212.98  145.90
 213.33   42.33
 214.07  234.84
 214.43  234.65
 215.62   43.65
 216.14   59.34
 216.50  148.08
 217.02  127.40
 217.25  215.08
 217.73   65.81
 218.05  210.39
 219.64   85.26
 219.74  249.27
 219.83   52.90
 219.91   56.96
 220.84  208.66
 220.85  234.59
 220.94  202.36
 220.96  234.64
 221.42  246.91
 221.51  223.99
 222.26   85.36
 223.52  119.31
 223.74   58.41
 224.21  248.60
 224.70  218.01
 224.84  212.90
 225.37   63.19
 225.45  230.34
 225.67  203.76
 225.74   93.74
 226.62  142.62
 226.79  130.75
 226.87  199.52
 226.92  103.71
 227.36   84.77
 227.38  101.92
 228.41   87.31
 229.56  131.76
 229.93  142.26
 230.08  115.07
 230.44  136.46
 231.02  238.10
 233.20  108.51
 233.87  159.73
 235.28   89.54
 235.45  248.93
 235.47  151.74
 236.18   99.36
 238.25  113.40
 238.58  198.69
 239.77   89.64
 240.89   77.59
 241.66  117.40
 242.70  204.62
 243.16  204.37
 243.48  141.54
 244.01  216.40
 244.43   99.56
 246.88  113.11
 246.90  148.79
 247.66  189.93
 249.47  147.38
