   6.74  128.93
   8.72   33.13
  12.76  178.61
  14.19  133.82
  14.91  112.53
  15.64   73.90
  15.89   56.85
  16.27   68.19
  17.62  106.03
  18.62   49.53
  21.65  126.44
  21.75  127.07
  24.39  107.37
  25.32   42.29
  25.89  118.60
  28.10   92.89
  28.64   92.81
  29.80  112.02
  29.96  124.62
  31.13  102.28
  31.27   78.26
  31.36   74.86
  32.11   86.66
  36.15   73.34
  37.81  120.11
  37.82  119.94
  38.13   85.87
  39.24   78.47
  40.25  114.00
  41.66   76.10
  44.17   77.02
  44.91   88.12
  45.04   83.29
  45.14   86.66
  50.23   81.07
  51.34   87.36
  53.10  116.80
  54.25   84.48
  55.81   88.60
  58.36  117.29
  59.70  120.81
  60.00   94.37
  62.89  114.48
  63.23  159.03
  63.77  102.65
  64.25  148.14
  66.48   89.42
  68.06  145.07
  70.18  119.34
  76.13   84.82
  76.42  111.42
  78.80  129.86
  80.01   76.00
  80.31   83.92
  80.50   95.89
  81.97  104.46
  84.63   70.76
  85.55   80.32
  88.83  105.55
  89.64   62.80
  89.91   72.36
  89.95   87.80
  90.85   42.51
  90.88   93.89
  94.59   42.87
  96.11  109.44
  96.65   58.74
  96.73   58.70
  96.78  116.71
  97.17   71.97
  97.91   97.17
  99.97   83.98
 100.17   76.13
 100.40   43.82
 101.04  118.53
 101.04  144.62
 103.00  138.01
 104.06   73.37
 104.12  106.56
 104.30  114.65
 104.70  123.78
 105.00   65.48
 105.54   88.50
 105.94   53.62
 106.03   62.65
 106.28   91.95
 106.57   99.31
 108.70  142.49
 109.08  137.50
 110.28   95.45
 110.56  132.68
 110.96  112.30
 111.26  126.13
 111.80  119.98
 111.86  141.44
 112.64  118.73
 113.19  100.51
 113.91   87.06
 114.26   70.46
 115.33  109.98
 118.39   88.48
 120.01  128.08
 120.94  111.38
 123.69   56.44
 124.54  140.19
 127.12  130.75
 127.99   98.14
 128.69  110.32
 130.48  123.68
 130.98   53.28
 131.86  115.29
 131.87   78.05
 132.95  101.12
 132.99  106.76
 133.01  108.87
 133.87  101.16
 136.11   57.89
 136.72  117.00
 138.47  143.14
 141.19  146.71
 142.45  125.05
 145.53  137.12
 149.98  143.04
 151.28  121.01
 154.51  140.55
 155.23  109.85
 156.12  116.61
 156.41  116.69
 157.08  116.10
 158.03  143.18
 159.11  111.69
 161.16  121.75
 163.40   90.08
 163.53   87.87
 167.03  147.51
 172.85  131.11
 177.20   90.86
 177.79  119.81
 178.77  149.23
 179.52  123.35
 180.41  127.18
 180.82   66.41
 181.39  133.47
 183.21  158.31
 183.47  156.32
 183.51  156.49
 184.49  143.49
 186.90  125.62
 189.70  138.11
 191.72  104.59
 192.14  113.05
 194.28  109.24
 194.41  105.55
 197.84  140.12
 198.69  133.35
 202.73  139.42
 204.96   78.88
 205.24  117.81
 207.00   74.93
 208.87  142.35
 210.41  140.94
 213.96  131.76
 215.22   77.61
 219.51  166.42
 219.79  165.06
 220.52  114.61
 222.07  158.28
 222.32   70.71
 222.36  156.00
 223.63   70.89
 229.22   71.39
 230.99  136.20
 233.56  118.93
 233.79   72.49
 235.51   74.38
 235.77  110.69
 236.54  158.09
 239.30  113.73
 242.79  120.14
 242.94  120.29
 246.52  153.42
