   7.06   30.42
   8.28  145.79
   9.45  155.39
  10.47  151.53
  11.53  115.41
  13.18  246.02
  14.09   86.15
  14.41   86.53
  15.33  126.22
  15.40  144.68
  15.79  149.77
  17.49  113.84
  17.78  204.16
  18.24  147.70
  18.55  150.25
  18.89  177.20
  19.23  248.98
  19.52  117.64
  19.55  228.09
  19.56  222.35
  20.03  103.98
  20.47  138.96
  21.62  196.68
  22.23  207.46
  22.24  114.63
  22.30  111.81
  23.62  114.72
  23.75  132.98
  24.16   39.93
  25.04  105.52
  25.33  195.36
  25.60  108.17
  27.17  184.84
  27.41  238.81
  27.48  122.29
  28.41  104.85
  29.12  208.16
  31.29   57.86
  31.31  127.37
  31.83  122.53
  32.38  201.12
  32.80  105.55
  34.06  242.57
  35.95  216.90
  36.27  171.07
  37.25   65.26
  37.35  117.61
  37.91  172.76
  38.16  215.06
  39.30  147.27
  39.54  211.92
  39.99  241.94
  42.56  245.87
  43.39  193.23
  44.58  240.11
  46.90   76.13
  47.13  135.23
  47.42  146.53
  47.81  170.99
  50.71  148.50
  50.78  207.28
  50.99  234.79
  51.10   68.64
  51.16   90.34
  51.20   72.40
  51.41  128.11
  51.73   88.29
  52.23  128.47
  52.28  102.42
  53.75  176.36
  55.21  227.90
  56.63  208.99
  57.13  224.00
  57.29   63.41
  57.81  136.70
  59.19  123.72
  60.20  228.49
  60.58  218.03
  60.81  176.81
  60.82  140.12
  61.42   73.24
  61.50  222.90
  62.97  205.52
  63.89   37.08
  64.10  150.55
  66.24  201.99
  67.71   83.72
  68.13  221.32
  68.80  200.19
  69.22  128.43
  72.17  245.91
  72.27  214.06
  72.32  202.61
  72.47   77.45
  72.63   88.63
  73.05   36.21
  73.19  224.85
  73.54   98.54
  73.59  174.09
  73.82  178.21
  74.54   42.15
  74.97   79.09
  75.61  204.18
  76.26   68.79
  78.87   66.32
  79.55  204.41
  79.85   49.76
  80.40   26.80
  82.30  215.55
  82.49  245.36
  82.72  207.92
  82.81  207.48
  82.90  103.05
  83.44   69.02
  85.19  231.57
  85.35   55.00
  87.86  238.23
  88.29  232.63
  90.58  237.75
  91.42  151.84
  92.34  223.61
  92.52   94.98
  93.49   45.03
  93.64  210.50
  94.08   68.95
  94.21  227.40
  94.43  189.58
  95.19   47.00
  96.21  215.79
  96.77   30.52
  99.24   68.41
  99.91   34.16
 103.23   58.47
 105.41  195.71
 106.47  201.94
 106.62  246.19
 106.87  207.76
 106.94  166.69
 107.49  173.11
 108.72  205.74
 109.40   62.83
 109.51  208.20
 110.00   66.10
 110.25  185.92
 110.63  199.76
 110.65  196.81
 112.67  146.34
 113.39   93.99
 113.77  239.21
 114.02  132.36
 114.31  206.38
 115.76  234.51
 117.43  168.41
 117.93  204.46
 118.84  176.84
 119.79   93.80
 119.90  174.39
 121.42  193.39
 121.93  200.71
 122.04  138.25
 122.12  126.79
 123.80  187.39
 124.72  178.25
 126.17  194.24
 126.69  107.86
 126.72  182.24
 126.83  133.97
 127.79  224.96
 127.98  224.95
 128.52  139.29
 128.80  199.06
 129.01  211.97
 129.44  190.36
 130.35  184.92
 131.21  144.38
 132.11  164.98
 132.91  209.85
 134.16  217.61
 134.84  208.59
 137.42   82.91
 137.74  174.06
 137.92  179.19
 141.73  201.98
 142.46  185.37
 143.49  196.29
 144.49  177.04
 145.84  164.96
 146.46  188.91
 146.98   66.24
 147.59  185.16
 150.90   71.32
 150.91  196.53
 150.93   72.59
 150.95   77.64
 151.46  164.60
 151.68   64.91
 152.02  185.25
 154.82  118.62
 154.88  161.56
 154.94  171.89
 155.49  116.75
 155.55  206.66
 155.58   53.64
 156.32  156.70
 157.58   55.33
 158.03  247.39
 158.08   62.12
 158.94   72.65
 159.66  152.25
 161.98  175.00
 163.21  152.82
 163.53   75.38
 165.36  146.85
 168.38  161.09
 168.41  146.50
 168.61   63.82
 170.06  123.40
 170.24  140.77
 170.28   48.40
 170.56  184.11
 173.93  129.29
 174.33  137.94
 176.30  195.51
 176.34  127.04
 176.42   67.26
 176.88  145.01
 178.03   75.99
 178.56   63.98
 179.31  129.69
 179.62  180.13
 179.86  139.20
 180.43   55.42
 181.21  183.97
 181.30  188.09
 181.40  149.81
 181.70  170.42
 181.82  122.72
 183.71  146.06
 184.48  185.86
 186.81  134.18
 187.88  179.23
 187.93  137.59
 188.04  185.30
 188.94  174.01
 189.02  127.06
 190.25   58.20
 190.34  162.98
 190.50  158.54
 190.61  186.03
 190.95   71.56
 191.06  244.86
 191.31  151.36
 191.33   70.71
 192.97  197.81
 193.48  174.01
 193.86  169.90
 193.96  154.96
 194.88  118.23
 195.06  163.42
 195.18  141.96
 195.27  161.67
 195.30  129.66
 195.42   59.75
 196.61  190.84
 198.23  180.22
 198.89  138.54
 200.38  157.30
 200.40  118.45
 201.14  129.48
 202.43  141.73
 202.51  147.67
 202.67  147.79
 202.94  179.62
 203.12  169.93
 204.41   40.85
 205.14  172.92
 206.51  113.68
 206.76  179.61
 207.53  144.00
 207.69  161.23
 208.21  116.04
 208.78  149.45
 208.81  171.68
 209.76  164.26
 209.96  126.94
 210.24  120.46
 210.28  159.92
 210.50  144.77
 210.66  113.30
 212.74  230.11
 213.43  133.38
 214.32  174.11
 214.43  130.66
 214.55  151.14
 214.66  202.11
 215.29  161.71
 215.30  156.91
 215.35  161.73
 216.16  154.66
 216.47  124.77
 217.03  196.74
 217.14  183.21
 217.39  142.48
 217.69  173.58
 218.25  173.19
 219.41  157.40
 219.75  168.42
 219.82  168.63
 220.35  179.84
 221.30   41.75
 221.70  146.98
 222.60  136.46
 222.84  173.65
 223.27  151.28
 223.29  167.74
 223.76  163.02
 224.28  147.67
 226.78  169.69
 227.46  134.51
 227.57  165.72
 227.58  119.06
 228.41  110.61
 228.91  106.11
 228.94  142.56
 229.34  147.49
 230.09  126.43
 232.03  135.44
 232.45  101.66
 234.21  102.26
 234.49  158.95
 234.68  167.24
 234.85  137.29
 235.75  150.17
 235.87  115.60
 236.37  128.52
 236.62  155.21
 237.84  245.12
 238.31  168.99
 238.32  197.99
 238.86  114.27
 239.35  243.77
 239.77  234.02
 240.04  216.11
 240.77  193.47
 241.59  164.97
 242.08  230.88
 242.58  225.20
 242.73  151.10
 242.74  151.24
 244.04  115.46
 244.48   64.59
 245.08  240.70
 245.84  124.27
 246.16  191.00
 246.55  167.06
 247.37  232.21
 248.05  214.74
 248.23  174.36
