   9.95  119.99
  12.72  208.88
  17.54  126.77
  19.89  148.66
  29.39  224.50
  31.01  151.66
  31.31  149.05
  34.14  118.59
  34.48  118.46
  40.50  247.89
  42.69  240.71
  48.70  151.89
  50.76  111.02
  51.28  183.53
  54.74  148.90
  57.26  229.71
  59.48  151.60
  61.29  149.06
  63.55  229.08
  65.40  149.56
  66.72  154.44
  70.35  228.27
  73.78  230.78
  79.23   89.89
  82.39  232.88
  94.60  154.75
  94.90  158.23
  98.98   70.16
  99.07   69.65
  99.48  126.09
 100.02  159.10
 100.30  153.86
 102.25  127.84
 102.63   72.96
 102.86  229.75
 103.57  158.86
 108.36  233.83
 108.45  157.13
 110.54  230.73
 113.08  233.67
 115.08  158.28
 116.05  165.26
 116.32  231.32
 127.41  234.86
 127.76  171.17
 127.81  231.06
 129.54  207.87
 131.36   60.20
 131.76  233.24
 132.46  226.26
 137.02  230.10
 137.59  208.08
 138.58   58.67
 138.94   59.08
 139.86  225.66
 141.20  170.56
 142.01  165.82
 142.91  226.63
 146.72  231.20
 147.27  223.64
 147.48  171.72
 150.51  214.17
 151.01  234.20
 151.38  206.43
 154.04  226.78
 154.84  173.23
 155.32  205.15
 155.62  175.83
 157.24  196.88
 157.75  212.30
 160.17  182.91
 161.17  203.00
 161.67  235.06
 161.87  226.05
 164.13  174.38
 165.05  194.79
 165.13  217.47
 165.58  201.04
 165.58  221.10
 165.72  242.53
 166.69  171.61
 167.06  230.81
 167.57  240.59
 168.16  196.39
 168.52  193.49
 169.60  180.13
 170.88  237.91
 172.48  201.23
 172.52  224.76
 172.69  178.45
 173.44  197.89
 174.42  203.22
 177.80  183.08
 181.71  229.42
 181.79  196.10
 181.85  204.76
 182.92  234.32
 184.39  192.67
 184.95  219.16
 185.20  188.29
 185.48  221.35
 185.72  225.18
 186.21  229.12
 186.35   23.17
 187.00  226.67
 187.84  191.56
 188.96  208.69
 193.12  225.41
 193.71  229.11
 195.21  223.00
 195.70   91.26
 196.56  213.32
 196.78  234.01
 199.29  229.94
 201.05  232.30
 203.40  199.74
 203.52  236.82
 204.25  172.20
 205.61  176.45
 205.80  221.10
 206.36  224.17
 207.78  224.56
 207.92  224.83
 210.28  198.05
 211.35  221.50
 211.91  227.40
 212.29  230.23
 212.89  164.49
 215.08  166.67
 215.95  209.54
 216.07  220.37
 216.18   77.29
 219.18   87.24
 219.85   80.00
 220.41  161.12
 220.54  184.15
 221.42   84.46
 224.38  206.76
 225.55  155.77
 226.55  215.76
 227.27  157.72
 231.95  171.93
 232.20  180.58
 233.86  152.08
 233.87  184.13
 233.91  157.42
 235.02  227.63
 235.40  212.04
 236.96  202.28
 237.72  233.20
 238.27  204.19
 239.17  150.04
 239.97  228.03
 240.19  216.17
 240.75  165.36
 240.88  214.23
 242.43  170.08
 243.40  197.56
 243.98  226.21
 248.16  233.91
 249.21  190.58
