   8.14  204.13
   8.80  198.90
  10.84   14.16
  16.45  202.64
  16.80  193.51
  17.52   49.32
  19.01  141.72
  21.73   37.19
  21.89  139.08
  24.09  191.04
  28.12  155.33
  28.52  114.33
  28.93  130.56
  29.22  117.08
  29.27   29.35
  29.34  198.97
  30.62   27.01
  33.42  152.40
  34.02   39.77
  36.19  127.29
  36.33  127.40
  39.25  187.52
  42.99   59.91
  43.04  174.12
  45.46  187.01
  45.80  202.63
  46.13  202.57
  46.17  209.54
  46.23   63.65
  47.32  213.76
  47.37  239.69
  47.89  158.36
  48.32  133.52
  49.03  136.49
  49.28   28.87
  49.57  180.24
  50.41   24.96
  50.47  170.59
  50.95  161.31
  51.59   22.12
  52.42  220.64
  52.72  232.64
  53.68  184.09
  54.00  156.52
  55.23  183.16
  55.46  151.15
  55.90  154.11
  56.00  240.64
  56.54  169.09
  58.54  145.56
  60.99  231.24
  62.24  140.35
  62.51  148.24
  63.12  173.71
  64.32   31.97
  69.51  235.26
  72.04  198.74
  72.92  164.56
  73.30  155.37
  75.83  180.85
  75.88  160.39
  76.40   20.47
  81.53  158.89
  83.20   48.38
  84.53   44.90
  84.87  165.34
  87.02   23.53
  87.18   30.39
  88.64  164.03
  89.65  204.27
  89.74   26.24
  89.90  240.33
  90.73  152.36
  91.80  167.89
  95.17  218.38
  96.37  191.05
  97.76  196.88
  99.33  185.00
  99.57  172.38
  99.57  239.01
 101.16  164.51
 101.64  181.46
 102.51  242.94
 104.38  192.08
 104.51  193.63
 107.02  180.21
 107.03  171.56
 108.88  200.94
 109.66  165.85
 110.02  183.53
 110.54  176.36
 111.14  162.86
 111.46  168.93
 111.77   12.99
 111.83  217.21
 112.94  201.46
 113.75  223.89
 116.10  159.13
 116.40  182.87
 116.47   48.87
 117.50  195.79
 120.32   50.99
 121.59  161.79
 121.90  173.89
 122.72  167.36
 122.78   33.66
 123.22   11.08
 123.49    7.13
 124.48   19.80
 124.54  239.68
 126.09   16.52
 126.21  155.83
 126.78  195.06
 126.97  209.97
 127.29  172.45
 130.09   18.38
 130.64  171.52
 131.07   21.89
 131.58   15.02
 135.10  246.73
 135.34   20.62
 137.98   14.92
 138.25   48.27
 140.80  175.68
 142.42  228.05
 144.05   13.40
 146.44  203.45
 152.62  177.45
 153.24  211.89
 155.61  157.03
 156.33   17.38
 156.36  220.21
 157.36  152.63
 158.26  166.78
 158.52  184.98
 158.53  216.45
 159.22  171.89
 159.42  220.02
 160.39  213.99
 160.86   67.35
 161.96   64.56
 162.12  174.02
 162.62  218.69
 162.68  152.11
 163.06  229.67
 163.19  159.72
 165.13  227.33
 165.67   23.32
 166.60   20.02
 167.45  151.06
 167.70  223.56
 167.76  218.97
 168.10  180.04
 169.36  235.33
 169.37   44.71
 169.62  156.27
 172.23   45.22
 173.28  240.11
 174.96  242.76
 176.22  191.98
 176.71  209.04
 177.90   11.71
 178.76   50.22
 179.74  226.17
 179.80  219.43
 181.74  152.02
 182.47  244.01
 183.15  189.91
 183.71    9.20
 183.96  239.01
 187.56  189.47
 191.80  192.17
 192.38  240.24
 193.15  225.56
 193.88  224.65
 194.40  235.36
 195.95  204.19
 197.42   27.45
 200.65  199.20
 201.74  201.37
 203.67  245.73
 203.81  205.14
 204.99  146.58
 205.77  149.37
 207.31  172.68
 208.92  172.74
 209.96  145.67
 210.93  148.80
 212.94  177.04
 214.60    7.41
 217.70  245.39
 218.13  180.23
 218.25  145.99
 218.69  210.37
 220.27  177.94
 220.44  226.88
 220.47  137.04
 221.47  215.32
 224.51  155.40
 225.19  184.59
 226.01  134.75
 226.67  131.63
 227.58  225.70
 230.10  204.35
 230.40  186.65
 231.88  124.65
 233.40  199.46
 234.08  150.67
 234.47  235.70
 234.91  194.29
 235.76  181.05
 236.07  221.38
 236.32  228.51
 236.90  224.92
 237.10  184.17
 237.50   11.53
 238.57  178.61
 240.76  182.19
 242.40  222.80
 243.01  142.56
 243.79  146.21
 244.53  206.01
 245.12  157.32
 247.72  173.47
 248.04  188.99
 249.41  220.32
