   6.85  203.52
   7.79  100.03
   8.27  149.24
   9.69  228.91
   9.84  205.11
  10.17  167.48
  11.03  118.10
  11.07  113.64
  11.34  240.25
  11.41  195.57
  11.73  129.14
  12.64   47.79
  13.72  226.30
  15.99  211.27
  16.28  112.60
  16.70  214.38
  16.73  223.45
  16.84  152.67
  16.96   99.65
  18.06  147.90
  18.21  219.38
  18.49  159.56
  20.08   91.00
  20.64  160.22
  21.52   41.29
  22.28  184.60
  23.01   39.12
  23.09  131.99
  23.72   83.67
  23.90   45.73
  24.15  203.69
  24.27  125.97
  24.39   88.05
  24.64  207.67
  24.83  150.42
  25.21  191.40
  25.57   84.82
  25.89  113.64
  26.42  180.47
  26.61  131.52
  27.59  120.35
  27.67  105.05
  27.91  186.71
  28.31  201.09
  28.43  114.55
  28.54  215.39
  29.15   86.50
  29.40  129.94
  30.08  145.47
  30.40  188.47
  30.71  208.00
  30.75   77.79
  31.09  222.02
  31.85  194.46
  33.28  108.75
  34.16  139.25
  34.57  187.22
  34.62  171.42
  35.37  193.76
  35.88   54.01
  36.06  211.19
  36.31  175.00
  37.37  108.13
  38.50  183.34
  38.65   97.44
  38.72  190.29
  39.26  137.17
  40.06  123.12
  40.89  185.23
  40.90   43.10
  41.81   88.71
  42.88  201.23
  43.04  125.73
  43.23  199.48
  43.62  115.21
  43.84  205.98
  44.11  181.47
  44.90  166.39
  46.03   99.11
  46.32  119.80
  46.62  104.93
  46.99  214.11
  47.30   90.61
  47.39  124.75
  47.51  182.10
  47.55  190.48
  47.63  124.98
  47.70  109.75
  47.79   74.85
  48.23   28.37
  48.37   37.06
  48.57   33.83
  49.48  178.11
  49.59   77.54
  49.95  181.05
  50.00  132.96
  50.30   80.56
  51.00  192.17
  51.32  117.14
  51.34  100.67
  51.56   50.45
  52.01  183.95
  52.11  205.10
  52.50  145.45
  52.59  166.70
  52.80   91.48
  53.37   31.78
  53.46  225.13
  54.52   69.12
  55.07  118.20
  55.08   95.95
  56.04  145.37
  56.17   97.91
  56.30  232.31
  56.40  151.59
  57.29  187.92
  57.44  108.40
  57.59  171.23
  58.22  178.09
  58.58   35.64
  59.48  191.11
  60.15  109.67
  60.40  134.10
  61.34  142.84
  61.53  217.36
  61.83   60.59
  61.94  174.06
  63.37  210.75
  63.66   97.61
  63.89   76.96
  64.60  116.20
  64.71  141.11
  66.08  192.13
  66.77  200.94
  67.88  200.21
  68.18  146.32
  69.94  238.44
  70.28   77.35
  70.55  225.65
  70.79  200.78
  71.34  185.20
  71.64   65.35
  71.99  245.89
  72.94  185.53
  73.04  215.62
  73.47  219.93
  73.61  211.76
  73.79  199.62
  73.93  243.33
  74.16  189.51
  75.67  225.09
  76.02  201.56
  76.45  171.78
  77.60  189.91
  77.63  120.02
  78.06  206.52
  78.10  183.70
  78.73   94.75
  78.82   78.38
  79.20  230.33
  79.52  209.65
  79.57  220.89
  79.72   84.08
  79.82  238.40
  79.83  217.04
  79.90  122.36
  80.02  223.90
  80.04  187.03
  81.34  103.95
  81.51  177.18
  81.53   73.59
  81.64   73.67
  81.92  193.15
  82.85  227.20
  82.94  202.07
  83.13   84.23
  83.27  237.90
  83.56   77.67
  83.90   93.40
  84.02  179.84
  84.10  185.37
  85.04   89.53
  85.99  157.77
  86.17   38.07
  86.19  182.41
  86.65   31.22
  86.72  232.83
  87.43   44.14
  87.48  175.92
  87.54   78.13
  88.17  223.17
  88.67  127.24
  89.97   85.81
  90.18  179.55
  90.28  199.24
  90.89  212.59
  91.78  194.37
  92.10  239.18
  92.17   37.92
  92.35   75.71
  92.43  111.02
  92.98  103.84
  93.30  223.33
  94.37   99.43
  94.84   36.07
  95.34  197.91
  95.38  194.58
  95.79  207.71
  96.21  169.48
  96.29  107.84
  96.48   49.41
  97.12  141.61
  97.99  176.09
  98.00  235.42
  98.25   31.05
  98.39  163.52
  98.52  243.87
  98.88  231.43
  98.95  134.48
  98.97   35.24
  99.03   82.50
  99.69  137.78
  99.86  220.22
  99.86  124.64
 100.11  124.61
 100.70  191.54
 101.19  162.87
 101.24  246.09
 101.48   78.58
 101.65  199.95
 101.81   51.18
 102.08  148.90
 102.20  226.75
 102.78  232.54
 103.66  217.18
 103.92  188.41
 104.00  169.27
 104.15   47.10
 105.06  237.08
 105.27  209.87
 105.34  132.04
 105.40  162.57
 105.60  157.00
 106.67   42.49
 107.60  123.48
 108.34  143.47
 108.35  122.16
 108.44   99.61
 108.98  141.33
 109.60  182.39
 112.21  213.50
 114.66  192.77
 115.04   84.53
 115.96  171.30
 116.55  235.93
 118.17  232.15
 119.59   50.96
 119.63  217.20
 119.70  225.23
 120.22   40.95
 120.40  247.36
 120.53  205.38
 121.29  223.91
 121.57  187.63
 122.06   54.77
 122.43   43.84
 125.38  212.76
 126.54   85.14
 126.80  238.58
 127.22  239.20
 127.37   55.92
 128.31  228.54
 128.54  112.58
 129.07  221.67
 130.03  202.08
 130.10  116.87
 130.91  200.90
 131.05  182.57
 131.15  101.96
 131.27  205.29
 131.31  101.72
 131.37  101.77
 132.23   63.00
 132.54  235.41
 132.87   56.07
 133.11  181.10
 133.43   47.71
 133.60  200.75
 133.88  224.83
 134.46  245.74
 134.49   39.95
 135.85  193.49
 136.24  229.77
 136.26   49.72
 136.78   33.55
 136.82  108.02
 136.82  103.38
 137.30   58.61
 138.08  207.42
 138.66  119.34
 140.46  223.59
 140.72   52.74
 140.97   46.69
 141.10  115.03
 141.19  184.42
 141.45  218.47
 141.72   97.83
 141.89   60.52
 142.00   68.49
 142.12  123.04
 142.67   25.06
 143.03   67.09
 144.70  223.82
 145.06   48.09
 145.32  235.94
 145.44  111.85
 145.82  213.32
 145.83  125.21
 145.86   63.65
 147.72   68.38
 147.91  103.43
 147.95   44.12
 148.03   50.14
 148.96  105.33
 149.18  225.93
 149.24  143.45
 149.53   52.31
 149.75   75.50
 150.08  112.50
 150.19   56.65
 150.50  125.03
 150.54  108.91
 150.82  153.90
 150.85  239.70
 151.51   62.73
 152.09   49.70
 152.22   35.38
 152.80  228.25
 153.12  129.13
 153.44  101.81
 153.54  245.00
 154.55   66.92
 155.17  220.26
 155.53   24.51
 155.56  141.68
 155.59  117.53
 155.68   53.72
 156.06   46.73
 156.08  227.61
 156.57  103.94
 156.68  154.73
 156.75  111.49
 158.01  198.62
 158.09   75.45
 158.16  115.38
 158.31  165.65
 159.15  147.09
 159.37  133.44
 159.89  116.81
 160.27   47.53
 160.29  161.89
 160.50  194.09
 160.55  101.15
 160.92   34.76
 160.97   51.91
 160.99   92.29
 161.73   55.56
 161.89   95.80
 163.07  121.17
 163.77   27.46
 164.64  132.12
 164.72  144.15
 165.15   48.10
 165.72   52.99
 166.05   42.28
 166.13  118.17
 166.18  160.95
 166.40  124.88
 166.52  173.82
 167.39   46.87
 167.72  138.25
 168.87   53.54
 169.29  141.05
 169.47  192.41
 169.56   35.74
 169.96  116.21
 170.02  112.09
 170.41  198.80
 170.50  245.04
 170.63  134.86
 170.68  156.22
 171.66  159.42
 171.88   99.70
 172.06  213.20
 172.41   98.76
 172.48   20.94
 173.06  149.17
 173.40  177.12
 173.55  140.79
 173.73   53.06
 173.89   58.07
 174.59  188.45
 174.61  193.43
 174.72  110.84
 174.88   13.28
 175.05   82.20
 175.09  153.64
 175.14   17.93
 175.22   42.85
 175.50  182.44
 175.57  143.22
 175.69   69.31
 175.71   68.18
 175.83  115.07
 175.83  133.11
 176.38  127.29
 176.92   43.27
 177.55   96.39
 178.28   24.62
 178.30  185.13
 178.51  122.77
 178.86  100.00
 179.09   66.37
 179.27  181.88
 179.46   88.30
 179.67   36.20
 179.70  137.82
 180.07   47.08
 180.13  155.56
 180.57  165.46
 181.16   83.83
 182.03  118.39
 182.05   70.54
 182.80  191.52
 183.25  181.52
 183.27  142.92
 183.59  125.84
 183.69    8.82
 183.82  114.09
 183.99  168.92
 184.08   99.62
 184.35   54.40
 184.81  120.38
 184.98   91.78
 185.02   91.41
 185.21  137.91
 185.53  126.00
 185.91   47.70
 186.42  180.46
 186.88  111.71
 186.90   37.20
 186.91  104.05
 186.95   47.72
 186.97   37.28
 187.02   66.26
 187.08   85.13
 188.29  174.59
 188.73  150.93
 188.75   15.72
 188.84  137.74
 189.21  113.71
 189.63   44.40
 189.83  125.97
 190.11  111.49
 191.03   92.68
 191.53  173.38
 191.58  135.20
 191.84  168.43
 194.79   87.66
 194.98   51.21
 196.19   35.14
 196.19   93.58
 196.34   62.96
 197.83  181.11
 198.43  117.84
 198.91   10.04
 198.92   76.59
 199.24  195.39
 200.60   72.91
 201.65  108.57
 202.15   89.48
 202.57  135.19
 202.57   27.46
 202.76   75.75
 203.39   15.76
 203.67  119.18
 205.14   85.83
 205.39   19.25
 206.16  110.61
 206.17   79.75
 206.23   79.40
 207.08  217.50
 208.43   66.59
 208.99   48.19
 209.36  183.65
 209.64  131.76
 210.14  113.05
 210.61   72.86
 211.01   84.46
 212.42  120.50
 212.76  171.24
 213.08   18.76
 213.57   24.57
 215.08  125.21
 215.09   33.09
 215.85  111.73
 216.10   89.65
 216.37   70.52
 216.94   22.21
 218.64   36.52
 218.79   67.15
 219.01  169.67
 219.52  153.79
 220.41   62.12
 221.40  166.92
 221.82  240.19
 223.09  124.75
 223.18  173.47
 223.79   21.32
 224.45  114.41
 224.83  164.91
 224.90   24.03
 225.69  179.71
 225.92   88.05
 226.46  162.76
 227.13  170.63
 227.93  223.28
 228.27  116.32
 228.29  143.43
 229.28  124.47
 229.40   36.52
 230.18  132.36
 230.78   29.59
 230.84  143.71
 231.55   92.77
 232.84  134.90
 232.86  151.45
 232.94  227.48
 234.12   95.34
 234.20   89.10
 235.22   46.85
 235.32  245.97
 236.52  135.53
 236.79  130.86
 237.26  106.67
 238.01   40.62
 238.49   91.43
 239.01   77.25
 239.04   86.42
 239.10   46.79
 240.04  113.01
 240.27  117.53
 241.47   89.36
 242.01  115.09
 242.72  102.17
 243.02  135.31
 243.77   80.90
 246.02  122.53
 246.16   43.02
 247.77   39.76
 248.51   92.37
