  10.96  126.37
  11.22  166.59
  13.06  171.03
  14.99   59.05
  18.04   81.73
  19.76  174.98
  19.95  169.60
  22.24   48.75
  25.03   53.48
  25.31  155.66
  25.85   44.54
  25.95  157.09
  30.61  105.90
  34.12  107.12
  42.31  183.31
  47.26  188.83
  48.77   49.02
  50.23  187.54
  52.23   43.90
  52.34  106.27
  53.39   43.40
  55.66  129.53
  56.23  101.50
  56.31  190.97
  58.09  112.02
  59.10  118.16
  59.15  157.05
  59.18  115.09
  59.32  122.55
  59.49  156.78
  59.67   52.02
  60.94  187.82
  61.39   56.19
  62.48   61.95
  65.58  108.47
  65.89  104.62
  66.18  104.52
  67.47  104.08
  68.66  124.16
  70.62   48.52
  72.67  127.28
  75.38  203.46
  76.55  132.45
  76.91  121.40
  77.15  111.73
  77.23   66.08
  77.45   71.91
  77.82  153.40
  78.40  127.84
  78.85  164.21
  79.28  184.92
  79.52   75.35
  80.47  131.06
  81.38  162.86
  83.43  200.58
  84.51   53.60
  85.59  198.57
  85.95  132.97
  86.02  160.13
  87.03  168.84
  88.20  123.61
  88.22  202.46
  89.08  124.55
  89.17  164.89
  89.40  163.24
  90.83  204.98
  90.85   57.68
  91.11  142.52
  91.14  201.86
  93.41  201.43
  93.88  159.58
  94.42  160.47
  94.72  154.14
  96.37   58.73
  96.71  167.85
  97.09   58.18
  97.29  205.87
  97.48  145.00
  98.03  176.75
  98.62  142.06
  98.64  160.39
  98.90  160.10
  98.91   66.45
  99.47  147.11
 100.24   62.65
 101.35  144.68
 101.92  125.79
 103.13  176.32
 103.38  175.65
 104.57   63.82
 104.92  138.87
 105.71  161.85
 107.78  178.78
 108.18  172.71
 108.24  151.10
 108.67  133.43
 109.27  120.79
 109.78  186.43
 109.81  169.56
 109.91  169.67
 109.96   65.00
 110.04  186.38
 111.61  211.59
 112.17  134.87
 112.24  203.14
 113.12  179.28
 113.49  167.06
 114.04   73.51
 114.11  159.95
 114.41  209.83
 114.67  159.54
 115.29   68.31
 115.64  187.02
 116.06  120.49
 116.31  173.51
 117.96  172.03
 117.97  128.69
 118.17  138.72
 118.97  160.53
 118.97  194.01
 119.38  167.83
 120.53   72.88
 120.77  143.51
 120.89   91.54
 123.59  178.97
 123.69  204.21
 123.81  189.23
 125.29   93.86
 125.68  195.02
 126.44  143.09
 126.49  176.83
 126.67   71.88
 126.87  162.58
 127.52   82.67
 127.94  200.76
 128.43  183.50
 128.49  149.43
 129.39   94.85
 130.43  221.70
 130.76  165.12
 130.99  201.41
 131.80  153.82
 131.95   89.89
 132.96  210.25
 133.45  124.78
 133.88  129.92
 134.48  193.89
 135.03  193.37
 135.31  227.89
 136.25  154.36
 136.29  224.06
 136.57  188.05
 139.34  224.87
 139.53  152.86
 139.62  205.55
 140.00  128.56
 140.71   79.29
 141.63  137.35
 141.82   94.08
 142.55  220.29
 142.61  161.11
 143.29  219.20
 146.64  200.24
 147.51  137.92
 147.99  171.70
 148.10  163.86
 149.04  197.41
 149.54  179.57
 149.96  138.25
 150.04  179.77
 150.29  194.00
 152.03  237.81
 152.35  199.17
 153.15  193.50
 155.09   80.74
 155.58  201.02
 155.82  229.64
 157.65  236.09
 157.97  240.29
 158.48  189.57
 159.01  194.08
 160.38   92.37
 161.46  169.12
 162.43   83.12
 163.71  188.46
 164.00  138.46
 165.04  202.98
 166.10  105.56
 166.54  212.70
 167.50  232.48
 169.28  246.00
 169.84  166.12
 169.89  124.66
 170.60  232.28
 171.24  238.87
 173.07  247.60
 173.98   79.95
 175.09  209.48
 175.59  118.47
 176.32  227.43
 176.73  117.36
 176.90  200.86
 178.76  106.95
 178.95   87.83
 179.04   89.39
 179.07  173.79
 179.36  164.53
 179.66  142.22
 180.29  157.54
 180.51  174.98
 181.08  213.67
 182.73  113.39
 182.80  134.71
 183.11  124.00
 183.49   98.09
 184.03  118.08
 184.52  153.49
 185.48  153.51
 185.48  159.14
 185.61  230.84
 185.64  126.99
 185.85  184.08
 186.10  186.02
 187.07  165.75
 187.90  107.55
 188.35  121.89
 188.48  100.82
 188.52  192.41
 188.72  197.03
 188.75  160.17
 188.81  150.97
 188.82  238.43
 189.38  201.43
 189.48  226.37
 191.90  189.47
 191.93  101.72
 192.21   93.97
 192.28  194.95
 192.45  205.34
 192.92  179.48
 193.33  121.47
 195.22  156.19
 195.60  198.48
 196.21  129.27
 197.44  200.14
 197.62  217.29
 199.36  100.22
 199.50  172.39
 200.25  201.46
 200.90  223.14
 200.94  164.16
 201.01  179.12
 201.32  102.47
 202.17  160.23
 202.36   91.60
 202.41  170.49
 206.18  226.10
 206.52  182.41
 207.66  120.61
 207.77  160.48
 212.13  179.38
 212.58  156.53
 212.86  212.71
 212.87  216.82
 212.93  152.57
 213.55  226.75
 213.77  206.76
 214.72  111.95
 214.79  111.99
 215.44  184.63
 215.78  242.16
 215.87  239.87
 215.95  176.49
 216.49  233.16
 217.48  150.70
 217.74  213.19
 217.80  223.96
 217.83  109.74
 218.73  201.95
 219.05  147.50
 219.81  185.20
 220.32  222.20
 220.77  209.37
 220.88  209.08
 222.47  149.34
 223.03  230.08
 223.06  155.36
 223.44  202.38
 223.50  191.91
 223.62  223.63
 224.38  237.35
 226.76  178.46
 227.31  142.59
 228.63  150.31
 228.97  136.07
 228.98  233.36
 229.88  167.44
 229.92  179.98
 230.01  199.91
 230.63  143.75
 232.05  181.59
 232.13  162.91
 233.71  123.98
 233.77  247.80
 234.34  203.23
 234.84  237.09
 235.78  117.98
 236.49  150.83
 236.53  154.34
 238.44  191.02
 238.50  233.14
 239.41  197.97
 239.89  141.00
 240.12  171.29
 241.42  147.44
 245.33  208.02
 246.32  145.56
 246.91  192.99
 247.78  199.10
 248.68  149.39
