   7.96   45.48
  13.35  195.45
  14.23   28.57
  14.28   28.60
  14.57  100.80
  18.21   39.94
  20.04  102.68
  21.82   50.32
  22.33  176.15
  22.56  109.51
  22.79   41.12
  23.25   92.22
  23.98   32.78
  24.41  123.08
  25.35  201.83
  26.11  129.84
  26.32   48.04
  26.62  202.13
  27.48   42.01
  29.23   94.47
  29.89  124.27
  30.58  105.53
  32.09   66.02
  32.24   99.69
  32.53  132.41
  32.99   96.05
  34.90   15.65
  36.26  119.47
  36.90   11.04
  36.91   55.23
  37.83  205.07
  37.88  104.55
  38.12   27.27
  38.29   56.79
  38.49  107.80
  38.75   91.12
  39.42   59.90
  39.65  113.75
  39.72   32.79
  39.78  102.02
  41.47   54.04
  41.50  211.98
  42.25  219.02
  43.03   32.22
  44.81  108.82
  45.15   67.03
  45.62   62.46
  46.31   73.43
  49.82  228.99
  50.16   64.78
  50.30  126.96
  50.90   79.64
  51.09   75.86
  51.57  217.53
  52.61  237.08
  52.62  238.24
  52.98   42.29
  53.95   37.29
  54.50  119.33
  55.27  209.55
  55.27   68.01
  58.57   65.68
  59.26  111.73
  59.46   58.59
  60.48   98.77
  60.53   31.80
  61.24  218.46
  61.41  127.63
  61.65  228.28
  61.98  105.89
  62.32   21.25
  62.40   64.56
  63.48  118.80
  63.48  112.64
  63.58  219.12
  63.98   10.03
  64.14  243.21
  64.76  200.80
  64.83   10.32
  64.91   49.22
  65.07  234.70
  66.17  107.11
  66.42   45.82
  66.67  209.82
  67.19   64.77
  67.66   33.16
  67.78  198.51
  69.70  130.28
  71.46   68.13
  73.29   40.96
  73.41   60.60
  74.03   36.56
  74.94   26.79
  75.19  111.60
  75.55  197.88
  75.97    8.47
  76.06  121.59
  76.21   29.15
  77.13  129.71
  80.38   34.12
  80.82  127.49
  81.37  122.55
  81.53  111.63
  81.98   41.03
  82.12  117.14
  83.15   53.13
  86.50   56.88
  87.01   66.85
  87.40   30.41
  88.05  120.35
  88.71   54.51
  91.23   36.45
  91.33  224.92
  91.45  193.81
  91.74   20.93
  93.43  234.50
  93.71   81.92
  93.74  187.69
  94.85   92.65
  95.33   35.47
  96.81  180.49
  96.83   11.38
  98.76   89.76
  99.12   13.94
  99.38  193.85
 100.15  131.13
 100.35   62.29
 100.39   49.63
 101.71  107.34
 102.14  143.80
 102.87  190.64
 103.37   99.74
 104.26  186.10
 104.29  128.92
 104.57   55.66
 104.88  195.26
 105.00  195.31
 108.24  166.63
 108.67  192.47
 110.05  186.02
 110.29   94.56
 110.99  107.94
 112.47   56.50
 113.10  104.15
 113.19   68.16
 114.09  122.29
 114.86   86.51
 115.00   41.35
 115.02   41.41
 115.14   28.00
 116.01   90.55
 116.52  164.65
 117.10   35.19
 117.80  207.19
 117.88  176.32
 117.91  186.54
 117.92   69.11
 118.33  110.87
 118.82  132.32
 118.83  122.98
 119.61  199.89
 119.72  102.39
 120.20  184.61
 120.34   92.24
 122.36  127.46
 122.36  122.33
 122.64  135.81
 124.22  206.13
 125.29  178.32
 126.49  127.45
 126.59  135.89
 126.78   89.48
 128.23   37.89
 129.02   49.33
 130.16   73.29
 130.83  143.57
 131.18   70.75
 132.52   98.89
 132.87  211.35
 133.94   53.18
 134.06   96.44
 134.77  110.38
 137.19  156.35
 137.35   70.01
 138.69   35.68
 139.25  220.04
 139.27  102.01
 140.09   98.07
 141.92  184.52
 142.17   47.14
 142.45  142.20
 143.02   91.19
 143.25  219.63
 143.52  220.40
 144.25   39.13
 144.65  192.14
 144.78  124.39
 145.29  225.45
 145.96  102.54
 146.16  214.77
 148.16  105.16
 148.68  157.51
 148.90  157.75
 150.21  133.59
 150.56  113.48
 150.96  121.68
 151.28  116.27
 151.37  133.30
 151.74  220.57
 151.86  201.66
 151.93  196.53
 153.48  184.51
 155.19   45.83
 155.53   57.16
 155.59  201.94
 155.73   90.22
 157.34  135.22
 157.65  219.15
 158.12  224.95
 158.66  200.00
 159.00  142.82
 159.55   87.78
 160.57   68.90
 161.50  207.58
 161.58  149.47
 162.36  141.17
 162.61   33.22
 163.26  219.93
 163.35  181.86
 163.59  144.26
 164.26   36.07
 164.43  152.54
 166.01   30.88
 167.24  203.89
 167.32  220.83
 167.74  146.57
 169.57   65.67
 170.96   54.99
 171.10  210.00
 171.43   33.16
 171.53  149.12
 172.08  214.42
 172.14  120.03
 172.81   80.71
 173.05  104.73
 174.37   46.01
 175.14  243.69
 175.17  209.98
 175.76  126.34
 177.70   34.53
 179.62   57.68
 179.84  221.31
 180.81   34.17
 182.14  201.07
 182.21  215.60
 182.36   72.47
 182.87   49.33
 183.30  152.93
 183.39  209.02
 183.55  208.66
 183.57  134.22
 183.66   65.80
 185.18   47.96
 185.38  199.87
 185.64   38.77
 185.76  130.23
 186.95  221.52
 186.96  183.85
 188.05  137.26
 188.36  206.46
 188.83   44.87
 190.26  153.99
 190.48  228.53
 190.49   20.27
 190.49  214.99
 191.20  119.50
 191.34   55.26
 192.26   66.89
 192.66  220.12
 193.10  134.29
 193.40   77.74
 194.90   48.32
 195.15  222.47
 195.71  104.50
 195.81  119.51
 196.08   96.84
 196.64  100.37
 196.69   50.92
 196.97   40.04
 198.51  122.46
 199.47  237.45
 199.64  179.54
 200.32  144.59
 200.64  117.43
 201.79   40.77
 203.16   98.66
 204.03  114.46
 204.17   75.77
 204.84  166.91
 204.93   49.82
 205.32  200.98
 205.38   97.00
 206.12   40.10
 206.61  152.63
 206.72  126.33
 206.98  121.83
 208.29  103.93
 209.12  124.79
 209.18  240.29
 209.49  235.16
 209.93  216.09
 210.46  167.30
 211.79   50.04
 212.08  242.99
 212.31  180.74
 212.63   76.71
 212.64  170.19
 212.70  124.67
 213.00   91.78
 215.16   94.75
 216.48  170.85
 216.79  130.90
 217.11   90.76
 217.76   78.83
 217.99  126.02
 218.88  137.10
 220.39  158.04
 220.72  145.17
 221.33   27.46
 221.63   74.82
 223.85  181.76
 224.27  151.55
 224.32  238.48
 224.43  173.69
 226.46   54.73
 227.78  179.28
 228.62   42.16
 229.14  158.72
 232.24  118.96
 233.05  157.85
 233.65  181.67
 234.31   66.25
 234.95  200.56
 236.23   52.96
 237.27   60.38
 237.42  176.66
 240.76  150.34
 241.16  199.22
 244.03  154.81
 245.00  186.06
 247.64   70.03
