   9.62  137.59
  12.69  152.26
  13.21  139.91
  13.84  145.99
  15.05  149.21
  15.45  138.45
  16.44  191.97
  21.32  150.98
  21.75   32.29
  22.27  146.52
  24.24  129.91
  26.09  143.21
  27.69  181.97
  30.03  111.85
  30.31  140.92
  31.85  127.91
  31.99  193.98
  32.47  181.42
  32.57  200.36
  32.75  109.45
  33.54  172.40
  33.64  131.36
  34.42  185.78
  34.70  143.99
  35.51  205.93
  36.21  196.03
  36.22  147.92
  36.98  126.33
  37.55  185.14
  37.67  130.91
  37.73   22.08
  38.07  140.45
  38.20  185.10
  39.66  200.46
  40.79  175.31
  41.27  124.48
  41.62  207.83
  41.78  131.97
  41.79  118.33
  42.25  180.08
  43.02  145.03
  44.09  114.39
  44.36  150.46
  44.40  147.77
  45.74  206.17
  45.96   22.24
  46.11  145.61
  46.12  140.75
  47.63  126.92
  48.48   80.58
  49.07   43.85
  50.72  205.77
  51.02  202.17
  51.03   89.72
  52.70  133.92
  52.98  126.87
  54.14  142.49
  54.35   18.79
  54.83   14.42
  55.05  145.59
  55.08   22.38
  55.13  209.64
  55.83   25.41
  56.51  213.24
  56.65  205.37
  56.81  199.39
  57.71  194.19
  57.94  122.14
  58.07   96.32
  58.49  170.02
  60.43  135.44
  60.75  197.74
  61.02   87.09
  61.08  107.15
  61.12   71.63
  61.13  119.12
  62.12   90.44
  62.19   48.33
  62.43   36.74
  63.97  211.97
  64.52  196.43
  64.53  201.70
  65.06  145.51
  66.39   44.72
  66.57  105.23
  67.75  110.64
  67.78  132.75
  67.91  129.39
  67.92   95.94
  68.01  129.47
  68.26   93.88
  69.38  193.67
  69.81  177.03
  70.26   47.73
  70.33   13.55
  70.41  114.46
  70.97  123.22
  70.97   83.42
  70.97  127.53
  71.09  105.44
  71.17   88.60
  71.73  208.75
  72.08   69.26
  72.29  112.56
  72.47   60.75
  72.59  203.94
  73.06   93.68
  74.34   13.43
  74.42  119.71
  74.70  172.86
  75.10  115.26
  75.11  104.00
  75.17  106.87
  76.06   17.11
  76.15  206.28
  76.19  211.78
  76.90  190.58
  76.96  199.57
  77.68  177.50
  78.12  185.23
  78.28  130.35
  78.29  211.20
  79.47   88.99
  80.06  175.56
  80.24  199.25
  81.10  103.54
  81.21  132.66
  81.25  213.73
  81.52   70.11
  81.68  139.95
  81.74  173.73
  81.84   82.49
  81.85   71.06
  81.92  192.45
  82.56  206.39
  82.62  107.15
  83.17  125.77
  83.46   77.38
  83.63  104.37
  84.88  100.13
  84.88  130.33
  85.30   14.94
  85.51  196.66
  85.68   83.15
  87.57  162.03
  87.97   18.79
  89.04  173.92
  89.26   69.71
  89.78  166.78
  89.88  132.62
  90.08  137.03
  90.49  110.86
  90.80  104.15
  91.15   65.19
  91.87  169.07
  92.55  176.46
  93.15   67.51
  93.51  124.89
  93.78  127.83
  93.82   70.82
  94.50  118.56
  94.51   79.06
  94.82  165.34
  95.48  184.71
  95.54  170.12
  96.79  101.61
  97.79  181.08
  98.03  175.35
  98.20   94.23
  98.50  133.04
  98.69  114.32
  99.08  130.62
  99.95   14.77
 100.06   15.93
 102.08  114.62
 102.90  175.40
 103.45  223.77
 103.82  131.35
 103.95   65.22
 104.39  110.52
 105.15  137.53
 106.35  174.77
 106.65  135.15
 107.50  225.84
 108.19  103.48
 108.20  172.97
 109.62  118.75
 109.74  126.48
 110.17  223.21
 110.55  213.88
 110.86  101.76
 111.40  177.43
 111.65   84.03
 112.77  169.61
 114.57  111.40
 114.61  121.19
 114.93  105.41
 116.15   93.97
 116.99  170.10
 117.51  135.48
 117.53  135.45
 117.65  229.96
 118.14   88.25
 119.56  111.24
 119.79   19.20
 120.09  173.81
 120.56  139.39
 120.85  198.34
 122.59  120.71
 122.73  117.66
 122.88  231.85
 123.20   32.65
 123.43  124.15
 123.57  111.05
 124.17  197.36
 124.71  136.35
 125.00   69.17
 125.65   69.16
 125.70  232.68
 125.71   80.38
 125.92   32.67
 126.76   84.53
 126.84  133.78
 127.42   16.61
 128.83  233.86
 128.98   55.64
 129.74  116.61
 130.93   76.50
 131.13  221.07
 131.27  131.08
 131.48  138.95
 132.55  235.42
 132.65   68.70
 134.69  217.09
 134.81  134.24
 134.82  127.86
 134.84   19.68
 135.48  223.06
 137.26  229.88
 138.88  126.04
 139.43  219.23
 139.57  214.59
 140.35  233.32
 141.25   82.79
 141.29   82.54
 141.55  113.55
 142.01   63.79
 142.08  217.29
 143.12   59.48
 143.12  236.14
 143.65  150.84
 144.77   73.22
 147.07  211.06
 147.71   84.00
 148.74   22.01
 149.49  236.22
 149.63  117.00
 150.10   61.33
 150.93   64.70
 151.04  110.98
 151.28   78.49
 153.27   44.17
 153.29   97.09
 153.47  213.52
 153.66  135.32
 153.78  146.48
 153.84  102.54
 153.92   53.32
 154.52   86.01
 155.20   67.23
 155.62  117.56
 156.71   11.27
 157.45  107.14
 157.63  121.78
 157.75  210.97
 157.99   76.88
 158.75   15.51
 158.89  206.27
 159.52   25.15
 160.20  104.23
 160.86  112.61
 161.53   63.70
 161.71  138.75
 161.88  155.10
 161.90   86.38
 162.07   41.19
 162.22   23.16
 163.12  236.52
 163.41  107.05
 165.15  185.54
 165.29   98.78
 165.52  222.49
 165.84  138.08
 165.86  219.52
 166.74  131.93
 167.05  225.64
 167.12   67.11
 167.31   91.26
 167.45   32.28
 167.92  228.77
 168.27   35.90
 168.59  243.83
 168.66  165.32
 169.54   30.69
 169.56  200.07
 169.86  219.23
 170.14  127.53
 170.21  153.88
 170.43  149.62
 170.82   86.07
 170.91  115.62
 170.97  121.96
 171.05   72.92
 171.71  236.19
 171.85  173.86
 172.07  223.79
 172.30  184.93
 172.68  111.44
 173.50  150.79
 173.83  150.78
 173.84  133.36
 174.28  243.13
 174.37   70.86
 175.72  103.93
 175.73  230.98
 177.21  145.00
 177.87  238.94
 177.94  115.04
 178.08  141.77
 178.17  177.01
 178.61  161.08
 180.24  125.93
 181.22  181.50
 181.84  175.29
 182.02  119.92
 182.42   17.40
 182.42   76.44
 183.54  105.46
 184.05  112.96
 184.37  235.58
 184.92  224.68
 185.00  150.11
 185.82  138.60
 187.30  221.60
 187.84  191.33
 188.67  123.18
 189.20  165.64
 189.94  165.80
 190.10  230.85
 191.12  191.63
 191.62  183.39
 191.84  155.48
 191.99  238.15
 192.05  119.83
 192.41  165.56
 192.70  113.59
 194.68  232.62
 195.54  153.12
 196.60  124.57
 197.58  244.55
 197.65  180.73
 197.74  110.21
 198.20  231.71
 198.23  119.77
 198.58  169.45
 198.60  144.43
 200.00   23.15
 200.08  112.81
 201.68  140.89
 201.89  144.47
 202.14  169.93
 202.82  225.72
 202.96  233.63
 203.22  110.06
 203.64  228.93
 203.74  130.50
 203.89  137.16
 204.42  242.03
 204.74  140.98
 205.11  145.58
 205.94  155.61
 205.97   23.01
 206.54  223.76
 206.62  100.19
 206.69  201.50
 206.84  182.89
 207.34  175.84
 207.39  226.77
 207.41  160.10
 207.49  144.92
 207.60  245.10
 207.73  114.46
 208.06  108.46
 208.60  125.46
 209.22  149.70
 210.24  247.93
 211.06  120.36
 211.20  187.11
 211.61  147.77
 211.67  228.57
 212.54  125.34
 212.92  138.60
 212.97  211.78
 213.02  222.34
 213.58  150.75
 213.82  188.04
 214.08  246.65
 214.14  196.01
 214.20  200.87
 214.70  141.58
 214.82  191.51
 215.38  228.36
 215.38  109.81
 215.58  188.33
 215.70  108.44
 215.85  119.71
 216.26  183.38
 216.42  132.38
 216.75   99.98
 217.28  186.89
 217.74  242.76
 218.34  201.65
 218.67  146.49
 218.98  245.24
 219.38  116.05
 221.26  125.70
 221.33  136.10
 221.36  129.02
 221.41  151.91
 222.27  128.84
 222.38  210.67
 222.50  247.66
 222.81  199.20
 223.68  100.22
 223.86  111.96
 223.93  194.43
 225.02  244.44
 226.39  131.44
 226.50  153.49
 227.76  105.76
 227.77  200.41
 228.25  149.27
 229.39  122.45
 229.39  229.03
 230.15  203.74
 230.21  193.70
 231.50  154.40
 232.11  154.35
 232.13  111.62
 232.20  117.10
 232.71  205.82
 232.86  132.38
 233.28  220.24
 238.68  198.29
 239.06  197.84
 239.42  127.45
 239.78  104.57
 241.57  111.75
 242.39  216.37
 242.61  178.78
 245.68  216.78
 245.89  155.29
 247.04  151.77
