   7.05   99.36
   7.07  177.11
   8.94   91.97
  10.52   65.58
  12.40  177.66
  16.93   62.43
  18.06  130.41
  21.25  178.30
  25.73  239.63
  28.20  172.26
  28.81  140.47
  30.47  148.79
  31.43  180.33
  36.56  108.44
  36.58  136.09
  36.97  103.86
  37.36  173.45
  37.98   71.80
  39.55  105.78
  39.64   67.51
  39.93  183.67
  40.16  206.62
  40.52   47.98
  41.09   84.13
  41.41   52.51
  42.95  206.09
  44.48   70.19
  44.85  148.01
  44.95  207.15
  45.12   66.06
  45.22  182.18
  45.55   66.17
  46.39  146.06
  46.66  139.84
  47.44   61.98
  48.44  185.92
  48.71  178.14
  49.51  234.85
  52.15  136.56
  52.56  164.38
  52.67  139.54
  53.34  183.48
  53.85  178.99
  57.05   97.94
  58.78  192.04
  59.18  141.70
  59.32  108.79
  61.78   85.77
  62.24  232.04
  62.70  245.38
  64.02  159.11
  64.74  141.34
  65.64  168.78
  66.49   68.53
  68.70   73.40
  70.54  161.69
  73.16  189.69
  74.87  158.88
  74.97  149.55
  76.90  244.07
  77.60  165.09
  79.94  143.63
  81.03  189.18
  82.45  211.41
  83.54  162.27
  84.23  128.10
  84.58  128.78
  86.35  230.96
  88.00   68.04
  88.36   68.29
  88.76   73.92
  90.70  200.40
  90.98  191.95
  93.12   67.55
  93.23  153.24
  93.49  228.69
  94.42  166.51
  94.60  165.12
  96.78  173.43
  97.05   85.10
  97.24  215.66
  98.43  199.85
  99.10   84.60
 100.06  159.52
 101.58  246.44
 102.74  188.04
 103.58   78.17
 104.42  181.43
 104.70  202.22
 105.38   75.12
 105.47  218.28
 105.65  167.73
 107.69  196.75
 107.78   64.14
 107.95   70.17
 108.73  105.91
 108.99   90.68
 109.20   62.48
 109.72  207.51
 110.35  104.02
 110.47  220.59
 110.77   76.36
 111.44  240.18
 111.49   92.94
 112.72   83.46
 112.91   64.28
 114.34  116.00
 114.47   98.92
 115.91  186.58
 115.93  201.03
 116.04  207.80
 116.40   88.36
 116.64   93.19
 117.09   93.43
 117.72   80.29
 117.78   58.99
 118.09  106.05
 119.40  188.49
 119.48  178.85
 120.60   66.99
 121.35  123.51
 121.44   90.79
 122.48  155.42
 123.88  245.33
 123.93   99.75
 124.42  110.11
 125.21  193.63
 125.55   99.91
 126.87  114.00
 127.31  228.16
 128.51   84.91
 129.77   90.26
 130.23  212.21
 131.19  194.59
 132.18   98.78
 132.70   49.24
 134.77   51.99
 135.01  110.33
 135.27  215.72
 135.30   62.93
 135.47  215.48
 136.17   88.36
 136.27  149.62
 136.73  227.03
 136.89   74.76
 137.62  145.17
 138.05  147.92
 138.15  140.70
 138.49   78.92
 138.86  115.14
 138.87   94.66
 139.04  207.49
 139.74   98.63
 139.90   78.84
 140.00  219.02
 140.16  198.76
 141.04   86.92
 141.69  134.98
 141.76  135.02
 142.95   94.48
 143.02   89.86
 143.03   66.91
 143.33  224.01
 143.34   54.38
 143.65  216.66
 143.96  224.30
 145.44   46.94
 147.37   62.58
 147.64  108.87
 148.68   69.75
 148.81   64.16
 148.85  162.08
 148.99  110.52
 149.77   99.97
 152.91   87.07
 155.63   70.67
 156.54   60.17
 156.67   51.04
 156.91  204.91
 157.02   88.09
 158.44  243.21
 159.83   45.68
 160.09   94.67
 160.89  229.45
 161.85   78.96
 162.07   64.81
 162.17  233.41
 162.54   89.69
 164.86   82.30
 165.49  150.02
 168.93   55.26
 169.76  165.12
 169.99   45.45
 170.15   77.40
 171.06   59.07
 171.06   35.73
 173.11  157.17
 173.35  151.60
 174.13   83.06
 176.36  198.75
 176.45   49.21
 177.45  148.45
 183.01  109.14
 184.88   56.50
 185.17   68.82
 185.72   34.84
 185.80   79.83
 185.88   50.07
 186.05   43.84
 186.54   60.65
 188.13   56.06
 188.25  148.91
 189.08   41.34
 189.91  107.74
 190.45   58.90
 191.89   55.03
 192.51   76.48
 192.75   61.94
 192.86   58.01
 192.94   39.59
 194.84   84.28
 195.09  198.87
 195.37   51.83
 195.74  243.03
 196.24   60.45
 197.71   47.64
 197.85   63.61
 200.50   67.02
 200.80   74.79
 202.03   76.64
 202.97   60.97
 203.39   53.91
 204.10   44.26
 204.91  193.28
 206.01  209.30
 206.49  207.65
 206.81  231.82
 206.86  199.29
 207.64   60.79
 208.27  221.68
 208.34  196.85
 208.62   64.54
 208.63   42.19
 209.78   75.79
 209.98   42.35
 210.32  232.00
 210.89   55.78
 211.20  237.32
 211.42  204.25
 211.42  210.09
 211.85  238.02
 212.12  243.25
 212.30   48.89
 216.79   63.00
 217.62   50.68
 217.97   50.66
 218.75  207.59
 220.35  140.80
 220.74   51.33
 221.66  199.98
 221.70  226.31
 225.40   62.92
 226.40  236.63
 226.84  205.73
 227.75   56.09
 228.66   94.84
 228.79  240.07
 228.81  111.59
 229.22   63.81
 229.27   57.19
 229.28   70.51
 229.55  244.84
 230.60   68.35
 230.88   92.42
 231.27  237.08
 232.88  240.11
 233.86  247.89
 234.25  111.24
 238.81   55.29
 240.66   85.37
 240.72   85.32
 242.39   95.36
 246.12  217.35
