   8.13  189.07
   8.79  218.87
   9.51  191.87
  10.81  208.59
  10.85   68.46
  14.05  198.27
  15.54   68.16
  23.16  218.51
  25.52   58.00
  31.32  218.49
  31.38  213.61
  31.60  234.65
  33.93  217.15
  34.11  222.31
  35.93  233.57
  38.86  232.75
  40.07  229.56
  41.18   59.29
  41.47  242.52
  41.82  221.42
  43.49  230.99
  44.57   65.36
  45.43  229.89
  46.88  224.78
  47.55  236.89
  47.71  150.44
  48.04  231.63
  50.26  143.23
  50.74  146.56
  51.03  122.15
  51.37  122.38
  52.31   60.64
  52.95   65.72
  54.66  126.31
  57.19   67.56
  59.55  109.28
  59.60   60.00
  64.52   74.37
  64.64   50.56
  68.69   75.60
  70.07   81.89
  74.17   51.65
  75.01   82.18
  75.97   78.37
  76.87   37.41
  77.02   68.69
  77.69   35.21
  77.81   60.05
  79.06   71.20
  80.80   58.58
  81.07   33.16
  81.42   46.18
  82.99   80.60
  83.24   71.48
  86.10   32.04
  86.72   27.97
  88.42   37.01
  88.55  150.74
  91.51  104.15
  92.73   33.20
  94.23   57.54
  94.33   53.42
  94.43   41.44
  95.79   26.91
  96.19   25.43
  97.65  102.61
  99.22  121.98
 101.55   44.11
 101.55  113.62
 102.35   56.86
 102.81   29.25
 102.85   24.93
 104.11   48.29
 105.06   36.07
 109.77  146.09
 114.15   86.95
 114.33  209.20
 114.56   94.81
 114.64   39.00
 115.45  243.51
 116.26  208.75
 120.21  203.93
 125.00  228.13
 128.03  235.03
 129.69  141.51
 130.38   71.20
 132.61   46.75
 148.87   62.08
 154.75  217.93
 154.76  217.71
 155.79   83.89
 158.96   78.81
 159.28   85.16
 162.37  221.11
 162.41  221.47
 164.20   86.93
 164.36   92.59
 166.45   94.30
 167.37   80.31
 167.42   90.04
 169.10   94.00
 169.13   87.60
 169.43  245.87
 170.59  178.54
 174.05   73.60
 176.03  116.34
 176.56  121.10
 177.42   96.01
 179.09   85.06
 180.00   70.57
 182.83   75.55
 184.02  100.76
 184.60   94.70
 185.47   66.79
 186.86  127.70
 187.27  103.87
 187.89   76.05
 190.19   80.51
 191.02   91.51
 193.06  105.59
 193.83   87.45
 196.22  241.43
 196.78   96.59
 197.10  197.93
 199.28  233.71
 200.19  103.84
 201.69  140.49
 202.60  130.47
 204.52   77.13
 205.42   86.65
 205.54  115.06
 205.69  119.01
 207.99   74.98
 208.25  131.53
 209.86  103.85
 211.25   79.04
 214.19   81.89
 214.65  135.32
 216.59   78.64
 216.64  120.61
 216.75  168.24
 217.34  184.29
 218.52   82.62
 219.06  135.19
 220.21  162.81
 222.25   86.17
 223.78  130.85
 225.38   86.40
 228.39   84.34
 229.43  162.23
 230.82   85.44
 231.53   74.21
 231.58  108.01
 231.64  101.26
 232.62  163.75
 233.35   87.42
 234.12   64.56
 234.28   71.80
 235.16   78.47
 236.07  187.18
 237.22  147.59
 237.50  120.11
 237.79  111.74
 238.53   67.22
 239.42  144.15
 241.06   75.72
 242.29  116.23
 242.70  112.43
 243.31   60.14
 244.13   78.91
 244.32  120.86
 245.01  103.12
 245.92  161.21
 246.18  158.04
