   7.17  130.24
   7.71  101.21
   7.74   72.05
   8.64  202.23
   8.99  180.00
   9.85  187.66
  10.67  156.53
  11.08  208.48
  11.18  199.56
  11.21  173.65
  11.64   85.52
  11.88  125.09
  12.63   96.35
  12.76  132.72
  13.34  120.45
  13.59   90.39
  13.85  163.06
  14.11  142.16
  15.20  178.14
  15.42  225.29
  15.55  199.64
  15.72  211.37
  17.79  220.97
  17.90  211.31
  17.96   93.50
  18.01  172.97
  18.47  134.26
  19.41  149.03
  20.10  126.21
  21.06  178.88
  21.85  202.14
  21.89  215.92
  22.14  100.66
  22.38  214.91
  22.68  228.49
  22.98   94.53
  23.78  115.30
  23.86  198.26
  24.50  184.55
  24.53  107.11
  24.90   86.84
  25.42   78.32
  25.68  111.92
  25.80  147.41
  25.80  104.12
  27.15   92.62
  27.36   98.39
  27.75  124.89
  28.10  162.41
  28.80  244.41
  28.92  145.28
  28.97  112.41
  29.33  194.31
  30.42  204.30
  30.71   76.47
  30.75  206.29
  30.91  100.69
  31.03   89.43
  31.51  211.23
  31.88  112.05
  32.00  219.04
  32.31  129.29
  32.41  148.37
  32.87  200.85
  34.21  180.72
  34.39  176.41
  34.74   85.03
  35.28  124.52
  35.61  236.71
  36.02  129.47
  36.14   88.07
  37.11  157.64
  37.18  227.13
  37.62  247.82
  37.90   78.95
  38.65   96.14
  38.94  183.95
  39.08  170.29
  39.38  130.22
  39.70  242.03
  39.90  201.42
  40.03  206.57
  40.23  238.53
  41.71   95.82
  42.04  194.20
  42.12  110.21
  43.03  138.29
  43.13  134.09
  43.41  159.59
  43.95  219.71
  44.02   91.19
  44.08  147.19
  44.08  162.07
  44.10  178.63
  44.77  232.59
  45.04  188.98
  45.18  157.09
  47.24   99.90
  47.89  180.75
  48.09   86.53
  48.13  108.66
  49.07  243.15
  49.07  238.37
  49.08  170.84
  49.71  230.85
  50.01  208.56
  50.12  139.91
  50.29   96.86
  51.00  107.49
  51.44  112.43
  54.66  221.95
  54.84  208.54
  54.91  114.96
  55.00  119.03
  55.25  183.55
  55.79  232.29
  56.56  157.59
  56.97  112.06
  58.36  173.16
  58.55   94.16
  58.82  153.50
  58.83  224.50
  59.27  227.48
  59.34  124.03
  59.45  178.32
  59.76   98.20
  60.71  201.11
  61.25  119.19
  61.39  247.09
  62.55  157.74
  62.59  101.04
  64.09  237.96
  65.73  100.96
  65.79  194.02
  66.44  175.52
  66.54  156.81
  66.66  170.45
  67.15  221.11
  67.79  201.19
  68.72  246.76
  69.96  214.89
  71.02  181.12
  71.89  167.53
  72.21  219.97
  72.61  112.92
  73.18  169.71
  73.79  101.29
  75.96  159.60
  76.06  154.76
  76.42  223.72
  76.75  229.33
  77.91  227.31
  78.28  104.84
  78.62  169.69
  78.70  209.89
  78.73  209.65
  79.08  185.49
  80.53  171.09
  80.65  182.51
  81.54  233.79
  81.66  106.43
  82.76  217.73
  83.31  208.67
  83.62  178.67
  83.69  166.10
  83.85  175.19
  83.92  116.63
  86.60  165.55
  88.22  103.68
  89.49  104.42
  89.67  164.97
  89.93  100.06
  90.97  108.68
  91.69   96.76
  92.11  218.55
  93.66  242.35
  93.97  215.41
  94.00  235.75
  95.77  211.32
  95.93   97.08
  97.02   94.02
  97.41  234.76
  97.52  228.47
  97.63  215.63
 101.42  248.98
 101.91  168.80
 102.82  197.70
 102.91  241.06
 102.98  212.12
 103.62  101.76
 104.22  235.58
 104.27  111.37
 104.84  202.25
 104.90  119.06
 105.17  192.85
 105.50   90.04
 106.22  209.59
 106.69  227.30
 106.93  209.63
 107.08  240.49
 107.94  115.79
 110.36  225.27
 110.49  126.63
 110.62  229.37
 110.82   93.58
 111.51  193.95
 111.54  176.58
 112.16  121.16
 112.53  221.94
 112.90  237.24
 112.98  171.75
 113.72  206.37
 114.27   95.29
 114.30  213.54
 114.63  179.65
 114.72  185.32
 116.38  100.22
 116.40  239.90
 116.65  234.06
 117.49   92.72
 118.48  119.32
 118.51  106.86
 118.98   92.91
 119.31  228.01
 119.49  225.65
 120.06  101.20
 121.41   87.31
 122.04  240.67
 122.59  199.90
 122.97  204.62
 123.39  168.28
 124.07   94.88
 124.28  225.61
 124.59  207.82
 124.80   90.58
 125.29  229.14
 126.12  243.35
 126.36  107.74
 127.20  102.49
 127.83  234.87
 128.04  198.75
 129.66  107.77
 129.95  190.12
 130.07  214.83
 130.60  241.46
 131.83   99.12
 131.87  210.00
 132.78  151.23
 133.23   86.74
 133.29   85.48
 133.44  192.38
 134.00  213.44
 134.28  202.03
 135.40  241.60
 135.94  140.66
 136.02  212.54
 136.76  154.54
 137.49  146.04
 137.52  232.52
 138.14  199.24
 138.43  133.94
 139.05  139.88
 139.08  128.47
 139.38  183.12
 140.09   87.73
 141.30  192.39
 141.36  138.17
 141.63   96.72
 141.98  217.48
 142.30  108.55
 142.39  151.62
 142.87  215.33
 143.79  153.88
 143.97   94.57
 144.05  225.44
 145.00  205.31
 145.29  129.86
 145.31  174.79
 145.81  193.23
 146.10  188.98
 146.23  230.06
 146.84   89.00
 147.57  240.48
 149.19  153.67
 149.88   81.89
 150.14  189.91
 150.89   80.27
 150.97  200.10
 150.97  239.20
 151.21  222.86
 151.27   78.88
 152.08  183.87
 152.44  212.31
 154.54  154.62
 155.09  158.32
 156.40  218.09
 156.61  180.34
 156.78  236.56
 157.15  154.64
 157.67  111.19
 157.84  157.55
 158.38  238.05
 158.44  200.13
 159.46  210.57
 159.68  150.53
 159.81  206.42
 160.44  122.42
 160.50  223.77
 160.64  175.45
 160.92  157.37
 161.13  218.00
 161.22  105.05
 161.23   85.79
 161.27  162.84
 162.03  165.53
 162.31  226.38
 162.32   92.23
 162.53  126.78
 162.97  158.13
 163.52  213.06
 163.75  113.93
 163.87  209.44
 164.27  145.20
 164.86  242.42
 165.84  179.49
 165.92  233.55
 165.99   97.68
 166.18  228.90
 166.21  121.95
 166.22  158.27
 166.34  122.02
 168.05  181.50
 168.16  221.57
 168.27  225.66
 168.58  215.08
 168.67  194.39
 169.02   91.70
 169.17  238.97
 169.69  202.85
 169.92   84.72
 170.15  193.68
 170.86  211.31
 171.18  179.77
 171.50  214.20
 172.00   91.20
 172.35  201.80
 172.55  173.43
 177.00  206.22
 177.92  193.24
 178.72   70.96
 178.85  182.26
 179.46  191.93
 179.83  177.76
 180.05  217.62
 181.44  210.65
 182.36   78.47
 184.40  214.16
 185.44  198.24
 185.99   66.32
 187.15   87.25
 187.94  183.82
 188.52   77.63
 188.64  216.36
 188.88  190.41
 191.55  213.09
 191.56  190.39
 192.51  174.83
 192.58   75.62
 193.52  218.18
 193.57  228.17
 193.57  245.25
 194.25  194.75
 194.72  224.23
 197.41  192.65
 198.36  213.72
 198.73  213.69
 199.08  203.71
 199.34  165.19
 200.41  171.62
 202.48  216.43
 203.13  145.60
 203.23  199.11
 203.55  177.69
 203.73  223.73
 203.91  181.85
 204.12  129.06
 204.74  226.77
 206.55  128.25
 206.68  201.73
 208.70  221.49
 208.83  197.27
 209.07  164.86
 209.83  216.54
 210.12  170.38
 210.88  200.27
 211.77  155.63
 213.37  246.34
 214.05  208.64
 214.34  217.48
 214.98   59.08
 215.32  179.01
 215.39  240.02
 216.91  160.04
 217.55  242.56
 217.87  173.88
 217.91  230.18
 218.97  221.26
 219.27  164.00
 219.72  147.33
 219.75  141.20
 221.40  200.55
 221.47  205.87
 221.94  132.47
 221.95  216.17
 222.78  169.53
 223.59  176.40
 223.81  242.67
 224.30  139.29
 224.83  176.02
 225.50  180.96
 227.04  154.44
 227.48  167.00
 227.53  139.20
 227.89  195.17
 229.02  221.49
 229.12  242.54
 229.13  199.74
 229.52  224.02
 230.03  217.55
 230.55  159.88
 230.60  144.95
 231.04  126.55
 231.07  138.36
 231.22  127.09
 231.72  207.98
 231.90  172.53
 232.16  239.35
 232.55  215.35
 232.91  183.29
 233.41  149.17
 233.55  222.51
 234.43  198.91
 234.54   60.29
 234.87  170.10
 235.41  136.60
 236.44  216.65
 237.18  247.93
 237.22  154.80
 239.46  215.62
 240.01  195.45
 240.05  205.46
 240.11  219.56
 240.32  149.08
 242.80  159.26
 243.18  223.91
 243.29  132.80
 243.89  187.44
 246.24   69.90
 247.88  150.63
