   6.94  248.89
   7.18   80.20
   8.68   40.55
   9.16   64.50
   9.19  121.81
   9.27  159.37
  10.11   36.31
  10.62  238.11
  11.79   95.99
  12.71  177.89
  12.77  230.94
  13.00  116.05
  13.08  235.65
  14.10  129.09
  14.96  126.06
  15.75  110.87
  16.09   95.71
  16.60   91.91
  16.61  120.72
  16.75  105.79
  17.31  225.79
  17.46  201.99
  17.53  180.43
  18.11  186.13
  18.23  197.96
  18.43  207.98
  19.06  244.87
  19.30   66.37
  19.86   73.81
  20.14  100.34
  20.63  231.14
  20.77  186.11
  21.06   80.03
  21.09  113.38
  21.35  134.81
  21.52  200.39
  21.94  227.25
  22.48  102.99
  23.12  103.91
  23.58  165.74
  23.61  170.02
  23.79   84.67
  24.77  132.76
  24.78   53.40
  24.92  193.77
  25.06   32.96
  25.07  201.80
  25.18   57.15
  26.01  110.76
  26.46   96.15
  26.91   83.19
  27.85  143.64
  28.30  235.47
  28.39   84.03
  28.47  165.52
  29.02   80.42
  29.08  165.61
  29.23  242.38
  29.86   48.93
  30.28   92.43
  30.56   76.89
  31.09  187.25
  31.30   89.11
  31.42  158.67
  31.57  154.91
  31.96  244.71
  32.61   42.83
  32.79  137.75
  33.24  165.11
  33.39  190.59
  33.46   56.75
  35.75   76.84
  36.14   96.93
  36.60  140.83
  36.95  163.38
  37.23  232.35
  37.44   31.11
  37.83   93.43
  37.84  143.15
  38.02  183.49
  39.50  168.95
  39.66   79.47
  39.91   63.35
  40.10   71.00
  40.21  151.09
  40.30   57.82
  40.31  239.83
  40.72  121.06
  40.82   85.43
  41.93  142.27
  41.94  225.27
  41.97  166.00
  42.43   60.87
  42.67   94.21
  42.96  232.99
  44.13  154.54
  45.00  165.60
  45.02  231.44
  45.32  149.08
  45.35  153.58
  45.42  235.59
  45.53  182.14
  45.91  190.05
  46.95  247.40
  47.37  218.06
  47.56   99.13
  47.82  215.04
  48.63  107.03
  49.01  130.58
  49.27  166.45
  49.76  177.32
  49.86  209.70
  49.93  224.03
  50.06  144.64
  50.28  136.20
  50.45  246.98
  50.61  220.39
  50.89  150.34
  52.32   92.58
  52.49  181.50
  53.67   76.35
  53.75  229.18
  53.91   95.87
  54.10  136.52
  55.36  131.65
  55.82  142.33
  55.84  145.50
  56.41  162.46
  56.61  124.09
  56.62  215.93
  57.38  248.57
  57.44  219.38
  58.37  223.63
  59.40  173.73
  60.40  164.47
  60.45  164.52
  60.59  172.87
  61.08  111.76
  61.18   65.44
  61.48  135.45
  61.98  130.14
  62.10  148.26
  62.19  205.29
  62.55  169.37
  62.88  110.35
  63.57  127.36
  63.67   77.03
  63.68  211.34
  65.11  104.97
  65.44  160.65
  65.86  118.05
  66.63  242.54
  67.55  133.73
  68.14   91.04
  68.60  203.05
  69.05  225.56
  69.58  236.38
  69.92  106.54
  70.37  217.24
  70.38  101.13
  71.45  101.29
  71.71   89.02
  72.50  245.00
  73.20   75.76
  73.23  200.73
  73.48  220.85
  73.95  100.95
  75.21  208.17
  75.58  216.45
  75.95  122.39
  76.89  119.34
  77.62  237.66
  79.60  115.98
  79.94   81.16
  80.20  108.10
  80.45   85.55
  80.69  233.42
  80.75  127.82
  81.20  231.29
  81.32  220.18
  81.33   90.18
  81.91  100.29
  81.92  215.50
  81.98  222.57
  82.29  102.27
  83.33  146.74
  83.99  136.10
  84.02  235.40
  84.10  237.88
  84.31  242.87
  85.38  139.71
  85.52  204.99
  86.39  145.90
  86.77  104.56
  87.81  216.65
  88.40  183.89
  89.07  197.48
  89.98  234.13
  90.05  117.27
  90.13  134.01
  90.93  166.06
  91.03  111.82
  91.35  238.41
  92.20  217.00
  92.87  192.72
  93.71  246.12
  93.91  116.97
  94.19  108.15
  94.37  192.44
  94.48  107.95
  94.51  136.13
  94.90  173.83
  95.55   95.45
  95.75  180.92
  96.17  161.91
  96.79  104.94
  97.24  205.08
  97.28  220.05
  97.86  228.90
  97.97  224.75
  98.50  128.79
  98.59  233.22
  99.44   86.48
  99.99  182.01
 100.24  167.86
 100.41  156.10
 101.02  197.00
 101.19  152.65
 101.67  192.88
 102.31  177.62
 102.53  113.54
 103.53  112.94
 103.61  189.77
 103.75  235.49
 103.84   92.85
 104.06  208.48
 104.22  160.24
 104.22  156.51
 104.32  223.08
 104.70   98.88
 105.18  151.52
 105.61  204.93
 105.79  201.90
 105.86  214.98
 106.01  179.35
 106.05   38.56
 106.22  197.00
 106.47   56.78
 106.97  144.25
 107.34   60.65
 107.80  171.62
 108.67  242.68
 108.94  150.64
 109.06  184.32
 109.69  187.38
 110.06  232.09
 110.16   95.10
 110.27  131.74
 110.89   99.50
 111.03  201.64
 111.07  246.58
 112.43  191.62
 112.94  244.62
 113.18  228.54
 113.80  238.78
 115.40  231.99
 115.83  170.97
 116.10  205.10
 116.84  120.56
 117.22  144.25
 118.37  226.88
 119.05  212.26
 119.40  146.79
 119.96  127.13
 120.44  182.51
 121.25  235.32
 121.94   84.56
 122.08  242.04
 122.52  213.48
 123.03  111.47
 123.25  245.14
 123.38  158.23
 123.74  248.84
 124.37  233.65
 124.48  229.25
 125.25   88.47
 125.36  222.01
 125.96   93.27
 127.70  190.18
 128.23  166.71
 128.97   82.90
 128.99  200.41
 129.06  211.16
 129.14  231.14
 129.23  200.57
 129.53  237.85
 129.79  241.59
 129.80  225.83
 130.25  111.62
 130.44  103.34
 130.72  216.73
 131.04  205.57
 131.05  133.62
 131.24  189.20
 131.95  129.60
 133.26  146.10
 133.68  189.09
 133.75  203.22
 133.76  212.23
 133.88  107.74
 134.08  229.75
 134.10  218.47
 134.21  247.03
 134.64  221.45
 135.12  162.46
 135.17  197.79
 135.35  249.41
 135.51  169.84
 135.52  166.69
 136.70  104.35
 136.76  240.32
 136.78  241.39
 136.88  217.09
 136.89  128.56
 136.91  192.52
 136.97   94.65
 137.49   96.93
 138.14  151.87
 138.39  201.34
 139.51  208.30
 140.78  109.39
 140.84  181.84
 140.99  225.75
 141.28  214.06
 141.35   73.13
 141.51   77.45
 141.55   90.87
 141.96  249.73
 142.38  172.71
 142.68  125.58
 143.60  189.19
 143.93  128.57
 143.94  102.79
 144.00  106.12
 144.60  168.76
 144.77  155.92
 144.77  211.96
 144.92  122.43
 145.00  151.91
 145.07  166.04
 145.13  198.13
 145.24  145.42
 145.64  179.93
 145.99   57.50
 146.16   87.43
 146.46  173.90
 147.33  195.12
 148.19  199.77
 148.78  129.92
 150.91  243.32
 150.95  213.35
 151.26  160.84
 151.43  119.93
 152.01  129.11
 152.40  225.23
 153.34  127.02
 154.08  166.61
 154.10  197.86
 154.23   72.52
 154.45   79.19
 154.57  153.94
 155.19   61.69
 155.77  149.56
 155.84  169.03
 156.28  171.89
 156.62  245.92
 157.20  204.93
 157.76  212.97
 157.94   97.99
 158.10  186.18
 158.11   69.09
 158.19   80.85
 159.83  114.61
 160.28  193.89
 160.40  158.75
 160.56  124.74
 161.75   76.18
 161.81  229.43
 162.03   89.34
 162.57   57.81
 162.65  223.79
 162.93   69.09
 163.01   49.68
 164.63  200.90
 164.80  140.91
 165.03  197.50
 165.04  211.54
 165.27   55.22
 165.68  219.98
 165.69  150.04
 165.83  117.31
 166.00  146.70
 166.17   60.41
 166.29  246.31
 166.98  124.04
 167.09  132.54
 167.14  112.84
 167.26  154.60
 167.27  138.72
 167.68  205.29
 167.74  176.42
 169.64  148.67
 169.78  129.11
 169.99  129.47
 170.49  122.37
 170.49  110.50
 170.57  231.34
 171.48  135.19
 171.73  170.47
 172.18  140.93
 172.38  180.54
 172.42  109.38
 172.62  117.74
 172.69  209.22
 172.72  227.45
 172.91  167.34
 172.97  248.27
 173.63   83.11
 174.25   52.75
 174.52  191.01
 174.73  191.20
 175.10  141.92
 175.47  182.19
 175.72   92.33
 175.88  225.12
 175.94   34.04
 176.48  109.52
 176.48  234.80
 177.08  172.50
 177.09  202.03
 177.11   80.08
 177.14  102.39
 177.60  120.96
 177.70  219.95
 177.99   58.37
 178.74  204.73
 178.86  159.10
 179.37  127.66
 179.78  170.08
 179.94  166.92
 180.08  148.46
 180.31  105.19
 181.08   98.70
 181.43  117.61
 181.49  102.25
 181.52  179.41
 181.71  217.18
 181.86  111.81
 182.19  239.73
 183.49   45.69
 183.65  194.49
 184.08  105.46
 184.10  101.15
 184.13  221.78
 184.14  164.62
 184.21   95.15
 184.96  234.68
 185.02   36.86
 186.04  203.58
 186.08  200.54
 186.47  114.46
 186.78   63.85
 187.13  231.38
 188.64  169.08
 188.72  221.45
 188.73  227.46
 189.01  209.92
 189.01   46.45
 189.60  126.49
 189.63  201.11
 190.00   38.56
 190.55  186.01
 190.59  122.26
 190.60   94.71
 191.66  106.11
 191.77  152.87
 192.42   50.28
 192.54  216.02
 192.57  167.22
 192.97   27.25
 193.24  230.96
 193.40  205.63
 193.54  118.13
 193.57  179.57
 193.69  237.92
 193.75   44.22
 193.81  103.53
 193.81  102.18
 193.83   68.71
 194.12  192.48
 194.78  143.34
 195.60  107.50
 195.94  125.38
 195.97  174.01
 196.05   72.60
 196.20  216.14
 197.10  103.63
 197.19   41.76
 197.50  178.14
 198.34  123.88
 198.45  129.26
 198.67   45.47
 198.69  223.94
 198.85  156.55
 198.87   98.23
 199.12  172.92
 199.35  161.19
 199.55  189.10
 199.55   62.81
 199.72  231.98
 201.00   36.02
 201.08   52.36
 201.33  189.94
 201.35  167.66
 201.35  103.12
 201.39   40.19
 201.41  177.22
 201.71   31.14
 202.16  164.77
 202.32  238.68
 202.42  197.16
 202.96   48.38
 203.27   67.08
 204.42   21.62
 204.73  206.75
 204.77  129.77
 204.82   50.33
 204.86   54.33
 205.09   59.41
 205.09   74.85
 205.27  117.71
 205.29  240.95
 205.54  118.12
 205.63  162.99
 205.64  223.86
 205.75   90.99
 205.75  133.06
 206.28  188.87
 206.65  204.50
 206.78  157.39
 206.85  169.77
 207.04   75.41
 207.27  124.93
 207.43   80.43
 207.50  176.17
 207.99  248.94
 208.34  189.04
 208.83  170.29
 208.96  151.13
 208.97  216.86
 210.25  143.82
 211.03  121.33
 211.15   98.84
 211.30  195.67
 211.76  181.30
 211.84   50.45
 211.96  202.92
 212.00  117.94
 212.19  224.36
 213.34  128.69
 213.48  158.14
 213.49  181.04
 213.63   42.51
 213.91  152.21
 213.95  209.24
 214.03  187.53
 214.61  173.79
 214.88   58.32
 214.93   39.79
 215.32   68.44
 215.95  166.21
 216.35  124.88
 216.82   54.88
 216.90  112.03
 216.98  101.44
 217.55  155.59
 217.61  161.35
 217.90  191.22
 217.91  206.21
 217.92  148.53
 218.00  140.10
 218.06  246.61
 218.47  177.02
 218.50   16.17
 218.54  191.80
 218.57  181.05
 219.76  114.52
 219.96   64.38
 221.11  121.34
 221.22  227.30
 221.27  120.44
 221.54  117.28
 222.57  173.44
 222.77  212.38
 223.02  109.59
 223.51  150.51
 224.91   28.88
 225.08  152.20
 225.83  209.01
 225.85   66.29
 225.85  157.67
 225.88  140.57
 226.52  135.95
 226.64  186.07
 226.72   26.09
 227.39   23.96
 227.66  181.33
 227.76   60.96
 228.08  162.94
 228.79  145.79
 229.04    7.11
 229.48  239.20
 230.12  198.36
 230.18   41.98
 230.21  169.51
 231.21   49.28
 231.62  224.66
 231.86  154.37
 231.87  142.96
 232.11  189.20
 232.41   39.05
 233.25  212.60
 233.26  237.45
 233.40   35.38
 233.46   77.38
 233.74   47.56
 234.00   25.85
 235.05   90.72
 235.26  162.10
 235.70  225.81
 235.83  205.09
 235.84  210.42
 235.92  183.65
 236.03  128.61
 236.60  177.84
 236.70   58.87
 236.76  160.81
 236.79  239.21
 236.89  197.66
 237.22  152.99
 237.30   97.68
 237.42  199.81
 237.53  189.39
 238.10  212.42
 238.47   35.70
 238.79  207.40
 239.11  221.71
 239.79  131.88
 240.41  209.76
 240.61  186.08
 240.80  224.52
 240.97   57.33
 241.04  161.71
 241.21   67.38
 241.47  167.07
 241.90   22.78
 241.98  242.13
 241.98  218.97
 242.03   40.72
 242.30  147.06
 242.56  205.05
 242.86   72.53
 242.95  111.91
 243.27   46.96
 243.38   53.06
 243.53  228.72
 244.27   97.71
 245.11   16.93
 245.18   12.12
 245.31  214.87
 245.41  233.32
 245.55  207.62
 245.63  189.50
 245.64  129.02
 245.99   88.15
 245.99   28.90
 246.14  166.71
 247.11   19.14
 247.75   68.19
 247.90  199.42
 249.68  152.90
