   7.98   97.42
   9.80   73.63
  14.84   70.68
  15.28  131.14
  15.72  135.00
  16.33   87.61
  17.67  105.57
  19.26  136.33
  19.44   71.15
  20.40  190.23
  20.87   65.75
  22.49  125.20
  25.62   89.42
  26.38   84.48
  27.78  121.11
  28.28  113.83
  30.12   85.19
  30.56   66.55
  31.20   61.81
  31.90  118.53
  33.25  107.60
  34.74   65.01
  34.91  139.97
  35.11   92.58
  35.22  208.33
  36.05  101.03
  36.76  121.57
  38.18  137.59
  38.54  201.35
  38.58   97.60
  39.07  119.32
  39.92  116.65
  40.08   61.85
  40.48  133.28
  40.84   88.71
  40.89  206.89
  42.65  210.13
  42.91  110.07
  43.33   63.57
  43.79  147.55
  44.01  120.57
  44.03  117.94
  44.52  102.97
  45.15   88.46
  45.28  143.38
  45.61   71.84
  45.76   91.33
  45.98   75.83
  46.18   96.08
  47.04  113.72
  48.19  102.02
  49.45   78.96
  49.73   61.42
  50.54  148.08
  50.64  206.29
  50.85   87.76
  50.97   83.59
  51.71   66.18
  52.07  113.24
  52.75  211.93
  54.95   60.85
  55.12  203.46
  55.12   81.75
  55.23  135.29
  56.98   65.13
  57.32   60.11
  58.14  199.53
  58.17  157.06
  58.47  144.74
  58.69   98.54
  58.75  114.98
  58.93  115.96
  59.04  205.06
  60.89  188.55
  61.25  121.05
  61.73   67.88
  61.87  204.23
  61.91   71.62
  61.97  194.73
  62.22  152.96
  62.54  191.30
  63.32   57.42
  63.89  101.94
  64.23  108.91
  65.03   81.88
  65.16   85.34
  65.31   85.37
  65.33   77.43
  66.08  118.45
  66.29  113.98
  66.40   53.21
  66.78  160.34
  66.88  227.75
  67.35  115.67
  68.73  188.69
  69.98  121.78
  70.33  158.44
  71.24  165.05
  71.62   56.93
  71.70  155.47
  72.41   84.58
  73.29   90.55
  73.88  181.04
  74.35  184.67
  76.23  195.16
  76.72  145.60
  77.85   97.73
  78.16   66.83
  78.48   81.42
  78.77  191.57
  78.93   51.09
  79.01  139.47
  79.11   50.81
  79.40  143.84
  79.62  125.58
  79.66  155.59
  79.70  167.32
  80.42   50.04
  80.62   63.69
  80.96   66.95
  81.64   79.25
  82.03  171.89
  82.39  110.26
  82.92   43.29
  83.16  172.83
  83.34   72.40
  83.45   72.16
  83.59   45.89
  83.64   95.74
  83.68  248.14
  84.06   49.76
  85.75   92.09
  87.09  137.26
  87.25   57.69
  88.99  166.74
  90.59   91.35
  91.54   65.95
  92.06  149.52
  92.20   91.92
  92.46   59.19
  92.59  189.40
  92.87  130.77
  92.95  186.76
  93.79  101.67
  93.87   43.30
  94.96  140.57
  96.23  178.43
  96.44  116.15
  97.11  166.37
  98.22   36.10
  99.47  174.50
  99.81  190.15
  99.99  165.90
 101.00  189.06
 101.43  163.71
 102.04   85.49
 102.10   96.15
 102.48  192.39
 102.63  178.62
 102.77  147.43
 103.40  166.20
 104.56  131.75
 105.31  175.84
 105.54   37.07
 106.13  137.08
 108.64   85.20
 109.66  182.77
 110.74   39.09
 110.77  174.59
 111.82  194.77
 111.99   89.56
 112.25  131.36
 112.45   87.02
 113.38  164.80
 113.89   90.62
 114.55   41.05
 116.14  177.39
 116.37  158.83
 116.95   89.08
 117.11   30.81
 117.18  152.18
 117.35  169.97
 117.94  105.06
 118.59   42.91
 119.30  192.79
 119.68   68.73
 119.69   88.55
 121.25  127.36
 122.16   31.99
 122.42  161.04
 123.11  131.76
 123.20   77.69
 123.46  182.20
 123.48   42.99
 123.68   85.36
 123.68  135.54
 123.73  193.33
 123.78  155.88
 123.89  133.17
 123.94   67.55
 124.01  148.17
 124.04  212.03
 124.08  124.06
 124.52   61.96
 125.14   76.01
 125.23  151.39
 125.46  133.57
 126.13  192.82
 126.35  144.93
 127.00  173.36
 127.26  149.52
 128.01   25.36
 128.05  160.51
 128.33   86.73
 129.37   84.78
 129.44   34.86
 129.53   27.76
 129.53   40.04
 129.61   72.81
 129.75   66.97
 129.88   79.81
 129.94  185.58
 130.61  131.38
 131.49   70.00
 132.15  191.91
 132.77   73.90
 133.14  161.44
 133.21   93.69
 134.57   55.31
 134.57   55.36
 134.73   48.51
 134.97  139.24
 135.20   26.67
 135.71  163.75
 136.06  153.86
 136.11   65.61
 136.24  160.21
 136.40  101.09
 137.04   97.31
 137.51   36.92
 137.87   50.11
 138.25   78.30
 138.28  184.95
 138.95   61.07
 139.42  102.91
 139.67   29.06
 139.84  136.40
 140.00   38.71
 140.98   91.94
 141.24   53.74
 141.33  186.12
 141.74  150.11
 141.75   42.05
 141.98  217.48
 142.17  156.90
 142.45   81.27
 142.68   98.36
 143.17  141.55
 143.21  168.13
 143.76  174.11
 144.01  101.83
 144.12  153.23
 144.26  196.81
 144.32  214.04
 144.48   90.95
 144.67  132.41
 144.78   56.97
 145.07  105.92
 145.26  181.41
 145.54  170.01
 146.63   93.55
 147.18  174.85
 147.24  113.30
 147.32   51.30
 147.63   97.49
 148.01  125.10
 148.06  153.92
 148.56  163.44
 149.64  127.93
 149.76  182.75
 149.81  182.84
 149.94  155.98
 149.97  113.15
 150.05   55.89
 150.38  218.64
 150.44   51.68
 150.50   97.62
 150.55  139.18
 150.95   89.14
 151.00  189.64
 152.11   69.32
 152.94  114.10
 152.98  118.80
 153.02  215.27
 153.03  225.04
 153.40  138.51
 153.60  144.50
 153.92   72.61
 155.39  207.48
 155.53  200.19
 155.55   53.02
 155.56   76.31
 155.86  216.06
 156.16   59.66
 156.97   40.16
 157.16  175.39
 157.46   60.17
 157.70  145.79
 157.85   22.27
 158.16   48.68
 158.54  149.46
 158.59  112.79
 158.61  201.28
 159.01  179.34
 159.14   99.09
 159.23  138.65
 160.07   18.41
 160.32   82.15
 160.38  140.13
 160.47   58.41
 160.79   72.57
 160.99   88.50
 161.29  182.42
 161.45  147.04
 161.54  141.51
 162.80  117.29
 162.88  123.26
 162.92   76.23
 162.93  150.10
 163.06  157.21
 163.74  107.37
 164.43   94.93
 164.65   94.77
 165.18  135.40
 165.75   43.95
 167.31  163.11
 167.86  132.01
 167.89   68.65
 168.17   97.24
 169.17  145.27
 169.24   88.17
 171.00  171.95
 171.12   78.32
 171.38   55.04
 171.52  233.81
 171.91   98.09
 172.13   39.87
 172.26   92.44
 172.76  142.54
 173.43  146.74
 174.32   74.75
 174.43   56.79
 174.91  163.32
 174.94   46.47
 175.20  130.36
 175.76  134.64
 175.77   82.62
 175.86   46.27
 176.85  152.18
 177.31  170.43
 177.82  120.82
 178.00  142.44
 178.21  165.33
 178.34  162.03
 179.03  105.17
 179.25   68.46
 179.31   92.73
 179.39   68.72
 179.72  228.76
 179.77   14.30
 180.39   48.64
 180.42   74.66
 180.67  146.74
 180.88   84.21
 181.46   79.32
 182.06  129.39
 182.07   63.24
 182.23  179.69
 182.28  167.69
 182.90  174.43
 183.24  110.29
 183.53   76.61
 183.56   12.86
 183.59   52.61
 184.24   69.30
 184.40   46.50
 185.53  132.50
 186.89  121.39
 187.06  153.04
 187.72   60.77
 187.73   49.18
 188.28  171.22
 189.02  161.63
 189.11  135.42
 189.65   49.86
 189.70   68.12
 189.78   68.05
 189.80  224.73
 189.99   13.06
 190.70  155.04
 190.81   37.05
 191.09   29.02
 191.18  125.35
 191.74  131.83
 191.74   78.33
 191.74  126.98
 192.23  139.35
 192.32   49.28
 192.36  181.64
 192.43  118.66
 192.58  172.91
 192.71  157.13
 193.01   58.88
 194.65  123.59
 194.94  190.59
 195.10   64.88
 195.76   62.31
 195.91  107.91
 195.94   17.88
 196.29  171.58
 197.90   50.47
 198.59  132.84
 198.63   56.27
 198.99  119.24
 199.63  150.20
 199.86  141.01
 200.80  182.57
 201.08  125.93
 201.15  223.88
 201.49   44.85
 201.56  215.31
 201.56  122.83
 201.82  132.84
 201.96  113.43
 201.96   32.74
 202.52  105.53
 202.82   29.84
 203.20  153.23
 203.75  198.07
 204.18  149.63
 204.22  128.45
 204.46  118.42
 204.48   49.80
 204.73  181.80
 204.86  199.95
 204.92  137.94
 205.03  166.67
 205.21  121.90
 205.56   66.00
 206.69  154.60
 206.78  178.65
 207.37  158.48
 207.49   41.90
 207.65  203.17
 208.09  121.15
 209.06  173.67
 209.30  196.72
 209.32  124.61
 209.59  244.78
 209.76   44.05
 209.97  149.23
 210.18  110.03
 211.15   64.71
 211.31  130.00
 211.38  150.53
 211.48  196.92
 211.53  158.03
 211.80   69.75
 212.14  155.66
 212.54  114.52
 212.99  175.95
 213.09   56.14
 214.88  118.33
 214.98   65.73
 214.98  103.90
 215.32  184.58
 216.11  181.66
 216.20  162.82
 216.38  125.74
 216.83   50.78
 217.42  135.15
 217.47   72.87
 217.86  219.43
 217.87  127.34
 218.41  106.30
 218.71  135.25
 218.74   76.39
 218.91  169.26
 218.97  129.78
 219.04   59.45
 219.71  189.65
 220.33  214.97
 220.38  178.06
 220.41  111.71
 220.73   68.55
 220.97  220.72
 221.45   74.06
 221.96   48.06
 222.05  234.45
 222.71  137.24
 222.96  172.58
 223.51   30.39
 223.81  109.18
 223.85  198.95
 223.88  203.86
 224.28   82.08
 225.31   49.91
 225.66  117.37
 225.66  182.12
 225.77   95.46
 225.82   28.08
 226.13  222.72
 226.31  140.08
 226.45  195.52
 226.54  148.00
 227.73  170.18
 227.81  207.89
 228.08  157.34
 228.11  157.39
 229.29  113.55
 229.34  183.12
 229.89  224.36
 230.01  191.67
 230.27   93.92
 230.38  161.88
 230.45  135.03
 230.83  227.12
 231.21   52.83
 231.47   52.75
 231.53  201.93
 231.70   98.90
 232.17  205.84
 232.59  153.41
 232.81  187.94
 232.86   89.13
 233.11  107.26
 233.45  101.60
 234.14  177.26
 234.29  202.76
 235.31  136.38
 235.55   86.56
 237.35  224.03
 237.63   47.31
 238.04  205.90
 238.18   92.54
 238.60  103.50
 238.68  153.37
 238.76  139.02
 239.19  217.71
 239.76  189.82
 240.41  169.88
 240.53  110.29
 241.69   89.95
 241.99  191.04
 242.34  141.92
 242.57  174.85
 242.84  225.15
 244.25  197.49
 244.93  190.96
 245.07  155.76
 245.12  220.78
 246.14  209.59
 246.89  111.99
 247.98  175.51
 248.22  140.20
 248.65  143.91
