   6.94  215.20
   7.18  209.57
   9.28  223.80
   9.34  161.87
  11.69  210.01
  14.80  208.88
  15.46  223.08
  16.00  201.87
  17.16  214.62
  18.67  207.10
  22.32  200.77
  22.32  210.40
  22.40  205.18
  24.16   94.60
  24.52  197.24
  25.24   73.91
  28.25   69.58
  29.23   76.36
  29.31   79.71
  30.97  206.21
  31.24  212.50
  32.32   80.00
  32.64   62.15
  33.52  210.56
  34.19   95.17
  34.27  113.63
  34.42   91.68
  34.43  202.16
  35.23  109.96
  35.72  208.09
  37.90   62.55
  37.98   95.32
  39.37  214.12
  42.12   76.42
  42.27   97.20
  42.27   70.77
  42.31  143.93
  42.98  143.15
  43.05   61.23
  43.22   79.55
  43.37   84.21
  43.59  101.68
  44.44  206.23
  44.87   73.58
  46.03   70.61
  47.23  220.80
  47.91  203.21
  48.00   99.49
  48.03  201.72
  49.25   61.65
  50.06   88.59
  50.32   97.15
  50.89   90.93
  53.24   92.37
  54.54   89.02
  56.07  206.88
  57.14  210.40
  58.41  208.06
  58.76  108.89
  59.45  201.40
  61.26  107.42
  61.61   81.94
  61.92   73.06
  62.31  200.48
  63.33  105.17
  64.16   68.74
  66.17   66.04
  67.84   61.33
  68.02  220.73
  68.45  204.93
  69.31   75.32
  70.17   64.04
  70.37  173.92
  71.10   92.24
  72.80   78.49
  72.83   86.85
  74.61   90.96
  76.86   94.30
  77.04  220.12
  77.26  212.69
  78.97   60.60
  79.71  210.42
  80.88   77.75
  81.81   91.04
  82.74   93.70
  84.78  219.26
  85.17   75.69
  85.52   58.96
  85.60   89.54
  86.70  190.56
  90.29  218.30
  90.44  211.57
  90.66  124.28
  94.39  186.18
  94.80  211.29
  95.09   84.97
  96.32  161.18
  97.13   80.59
  97.37  183.65
  97.59  207.88
  97.96  120.68
  98.31  217.76
  99.09  168.38
  99.60   59.13
  99.75  118.26
  99.76   86.75
 100.47  105.64
 103.00   57.78
 107.75  196.14
 108.53  209.05
 108.66  213.47
 110.14  121.12
 111.06  216.39
 111.42  206.43
 113.28  117.35
 116.43  216.05
 117.56  213.29
 118.24  123.40
 118.73  134.39
 121.85  209.80
 122.68  150.49
 123.00   86.02
 124.76  126.97
 124.98   67.22
 125.23  147.96
 125.77   70.49
 125.80  130.24
 127.03  192.07
 128.50  132.98
 128.72  141.56
 128.81  183.33
 129.98  144.69
 130.27  188.54
 130.49  136.19
 130.57   68.05
 131.26  186.93
 131.53   72.84
 131.57  212.26
 131.87  121.13
 131.91  190.72
 132.85  141.97
 133.47  117.93
 133.53  126.18
 135.33  193.59
 135.70  135.91
 136.11  122.44
 136.70  205.75
 136.74  204.15
 138.52  207.86
 140.09  143.25
 140.22  193.11
 140.99  110.85
 141.96  207.58
 142.76   66.10
 143.76  195.13
 147.18  193.09
 147.85  210.09
 150.20   69.93
 150.72  107.06
 152.92  201.08
 153.25  127.40
 153.66  193.42
 155.88  105.14
 156.74  209.38
 157.54  190.44
 161.72  191.17
 162.35  102.28
 162.56  202.80
 163.81   69.53
 164.03  197.43
 164.55   59.84
 164.81  190.95
 166.31   68.02
 168.13   60.48
 169.42  135.57
 171.21  210.91
 171.31  137.71
 171.49   51.92
 174.31   98.77
 175.62   51.52
 175.85  207.50
 175.91  117.98
 176.72  199.40
 178.76   49.48
 184.31  185.43
 185.60   97.15
 186.96  119.13
 189.41  184.41
 191.14  104.94
 192.21   47.96
 193.42  102.16
 193.50  144.59
 193.87  106.01
 194.34  188.54
 198.38  205.19
 198.99   98.30
 202.73  188.55
 203.45   79.05
 204.89   62.26
 206.51  204.03
 208.80   49.67
 209.00  182.16
 209.83   57.68
 210.73   52.35
 211.51  192.23
 213.45  198.40
 215.95   76.91
 216.10   56.61
 216.94   86.17
 217.02   63.28
 218.25   73.97
 218.80   26.54
 219.88   69.20
 220.72   95.27
 220.86   65.52
 221.27   78.61
 223.49   68.75
 223.49  115.90
 223.57   38.00
 223.70  196.70
 224.20   76.72
 224.92   45.19
 226.67   88.52
 227.43   83.73
 230.82   79.09
 230.86  178.63
 231.16   44.56
 231.46  196.78
 231.56   85.97
 231.80   77.91
 232.01   74.42
 236.02   89.54
 239.45   83.77
 240.80  179.49
 240.98  195.57
 241.59  142.41
 243.07   92.14
 243.07  198.65
 243.21  192.02
 243.69  181.52
 245.86  157.68
 245.95  189.04
 246.11  105.44
 249.17  158.20
