   7.21  148.88
   8.30  163.34
   8.60   54.10
   9.31  159.57
   9.39  222.99
   9.69  182.57
   9.83  196.23
   9.93  201.11
  10.23  245.34
  10.46  240.36
  10.65  147.31
  12.61  223.20
  12.65  159.66
  12.72  227.75
  12.82  130.99
  12.95  216.05
  12.99  138.16
  13.44  239.34
  13.79   36.90
  14.88  206.19
  15.17  161.60
  15.38   40.24
  15.43  242.73
  15.68   40.00
  15.83  211.89
  16.60  146.48
  16.76  155.52
  16.77   88.87
  17.15  238.41
  17.68  220.71
  17.78  227.46
  18.19  214.17
  18.73  198.72
  19.26  232.68
  19.69  177.18
  19.78  205.61
  19.95  101.96
  20.00   64.06
  22.08  218.57
  22.36  230.09
  22.72  247.17
  23.07  209.33
  23.59   93.26
  25.18   39.78
  25.69  184.83
  26.40  113.50
  26.53  193.95
  26.79  180.39
  26.97  241.61
  26.97  232.65
  29.37  225.66
  30.06  180.76
  30.75  142.87
  31.06  237.25
  32.02  172.06
  32.82  210.71
  33.03  215.64
  33.03  219.59
  34.08  163.39
  34.35  113.67
  34.78   77.67
  35.23  118.39
  35.59  129.40
  37.11   31.53
  37.25  220.39
  37.65  116.93
  37.94  225.22
  38.39  163.18
  39.15  241.28
  39.49  226.76
  39.60  115.07
  39.73  126.09
  40.73  169.46
  41.25  207.79
  41.34  146.13
  41.41   86.21
  41.47  216.27
  42.88   70.48
  43.40  228.58
  43.40  205.54
  43.71  138.30
  44.25  160.64
  44.26  221.26
  44.27   30.86
  44.39  216.36
  45.95  140.76
  46.56  186.45
  46.58  236.05
  46.85  199.36
  47.11  159.87
  47.35  229.19
  47.53  204.45
  47.85  228.98
  48.26   26.77
  49.24  237.43
  49.33  241.47
  49.65   66.50
  50.14  171.17
  50.16  186.25
  50.24  195.14
  50.35   82.69
  50.43  217.48
  50.48   23.53
  51.16   86.03
  51.18  201.21
  52.19  241.56
  53.85   81.70
  54.06  198.68
  54.16   89.22
  54.87  176.92
  55.05   30.02
  55.45  242.19
  56.18  137.07
  56.93  121.85
  56.98  205.75
  57.97  167.24
  58.22   71.46
  58.72  198.38
  58.77  201.81
  59.16   32.63
  59.30  232.40
  59.73  210.22
  60.06  218.68
  60.76  187.25
  60.83   74.10
  60.83  240.29
  61.27  191.27
  61.72   66.48
  63.33  218.45
  63.43  232.97
  63.47   97.47
  63.79  225.78
  64.29  131.72
  64.97  145.52
  65.94  237.96
  66.88  224.67
  67.37  192.63
  67.64  165.34
  67.66  231.58
  70.34  164.41
  70.76  238.10
  71.16  139.22
  71.45  234.23
  71.66  218.07
  72.07  226.10
  73.51   64.92
  73.59   22.35
  74.35  167.94
  74.93  185.78
  75.13  228.55
  75.15  219.77
  75.18  224.93
  76.30  240.61
  76.39  215.33
  76.40  230.50
  76.58  205.72
  77.40  166.56
  77.57  194.43
  77.98  169.04
  78.02  205.37
  78.14   87.98
  78.23   82.40
  78.87  143.00
  80.92  204.40
  81.25   21.73
  81.50  211.87
  81.65  212.39
  82.71  216.32
  84.54  201.57
  84.78  118.95
  85.33   60.03
  87.30  171.83
  88.87   60.27
  89.59  125.18
  89.87  194.26
  90.21   56.85
  91.82  166.93
  91.84  205.50
  93.43  163.04
  94.46  203.73
  94.54  121.85
  94.54  213.48
  95.13  118.01
  95.25  146.52
  95.41  133.99
  95.95   56.49
  97.63  166.30
  98.94   61.33
 101.41  203.21
 101.80  220.26
 102.63  170.78
 102.75  232.78
 103.26  187.85
 104.05  220.77
 104.23  201.29
 105.10  194.08
 105.48  217.03
 105.73  139.06
 105.86  122.85
 106.01  193.65
 106.57  134.88
 106.62  126.41
 106.95  163.78
 107.15  183.11
 107.15  241.79
 108.52   48.52
 108.69   48.67
 108.69  198.03
 109.04  245.49
 109.13  227.61
 109.34  181.06
 109.35  140.08
 110.02  118.86
 111.64  200.88
 112.46  167.51
 112.70  135.52
 113.12  203.49
 113.14  117.40
 113.87  189.53
 114.19  190.48
 115.60  109.98
 115.61  198.34
 116.06  194.66
 116.14  183.77
 116.53   73.56
 118.38   75.27
 120.95  116.58
 121.67  182.67
 121.88  176.80
 121.96   78.02
 122.03  241.75
 122.23  112.65
 122.64  107.79
 123.00  227.59
 123.27   81.21
 123.91  230.41
 124.39  148.73
 124.79  177.78
 125.19  200.61
 126.01   96.01
 126.18   98.58
 127.51  114.51
 128.68  170.86
 131.72  240.32
 131.72  236.92
 131.91  167.77
 132.05  210.13
 132.62  215.49
 133.13  116.45
 133.55  199.21
 135.21  226.72
 135.96  120.45
 136.18  201.21
 136.36  152.68
 138.70  106.86
 138.73  144.82
 139.52  223.49
 140.46  167.38
 141.04  215.42
 141.11  209.67
 141.18  210.29
 141.77  141.26
 143.28   96.87
 146.21   81.16
 146.35  141.48
 146.47  206.41
 146.66   99.67
 147.87  207.60
 148.39  197.64
 149.22  133.94
 149.38   97.92
 149.84  105.99
 151.63  202.22
 152.25  141.88
 152.36  215.37
 152.58  102.03
 154.34  102.04
 154.51  166.56
 155.58  233.62
 155.81  222.92
 155.84  110.22
 155.85  178.85
 157.53  230.21
 159.88  113.26
 160.14  156.59
 160.47  237.92
 161.96  200.24
 162.18  103.53
 162.24  126.22
 162.88  149.47
 163.17  210.10
 163.23  240.70
 163.51  174.16
 163.58  114.68
 163.99  157.52
 167.40  197.31
 167.44  152.64
 167.69  161.98
 169.12  163.72
 169.28  224.80
 169.70  192.65
 170.10  205.09
 170.23  195.38
 170.43  247.50
 170.45  209.52
 170.66  203.82
 170.68  148.64
 171.57  218.09
 172.43  173.26
 173.27  193.64
 173.29  159.64
 173.32  242.98
 174.02  198.16
 176.69  203.62
 176.91  212.16
 177.30  120.24
 177.60  132.64
 179.92  147.00
 180.02  222.01
 180.56  194.08
 180.74  161.82
 181.60  201.44
 183.49  227.97
 183.79  192.74
 183.97  176.42
 184.08  208.70
 184.26  220.65
 184.35  230.79
 184.74  157.30
 186.55  187.58
 187.52  231.39
 190.51  234.79
 191.04  190.58
 191.37  221.02
 191.85  208.59
 192.83  197.92
 195.74  231.09
 196.47  235.19
 196.78  137.38
 196.85  172.30
 197.41  212.50
 197.58  230.97
 197.73  166.39
 198.24  183.96
 199.31  202.64
 200.13  162.34
 200.57  173.93
 200.82  170.17
 201.10  230.63
 201.56  173.39
 204.04  187.72
 204.44  213.95
 204.46  158.60
 205.12  201.12
 205.80  226.02
 207.59  167.38
 208.24  215.72
 208.73  225.26
 209.59  195.34
 213.00  162.50
 213.67  136.28
 214.49  191.06
 215.33  211.14
 215.56  155.42
 217.40  246.66
 217.98  204.21
 219.42  172.36
 219.49  166.19
 221.59  190.61
 221.77  205.76
 222.02  244.53
 222.11  143.01
 222.24  180.47
 222.81  145.67
 224.51  186.84
 224.87  157.26
 226.14  201.78
 227.43  162.26
 228.99  216.43
 229.27  152.73
 231.00  152.18
 231.14  161.10
 231.32  156.88
 232.03  200.54
 232.20  197.85
 233.71  194.66
 234.48  248.07
 234.87  148.89
 235.22  160.20
 236.42  152.56
 238.07  197.50
 238.13  156.89
 238.26  172.92
 238.54  213.82
 240.75  153.74
 240.94  201.32
 244.85  198.53
 249.62  239.78
