   7.41  206.18
   8.00  122.76
   9.31  114.43
   9.43  133.17
   9.54  200.99
  10.29  115.47
  10.38   87.19
  10.89  122.22
  13.19   91.33
  15.75   90.64
  16.11   95.59
  16.94  124.26
  17.68   88.93
  18.01  135.72
  19.58   86.95
  19.97  132.93
  21.09  116.47
  23.43  101.80
  24.26   98.12
  24.33  217.01
  24.40   86.08
  27.22   79.00
  27.29  101.21
  27.56  107.84
  28.07  111.03
  28.13  109.58
  30.30  115.53
  30.51  100.37
  30.98  123.42
  32.97  120.15
  34.55  210.75
  35.49  242.46
  35.88  121.81
  36.97  100.46
  39.19  115.72
  40.27  119.04
  40.68   97.58
  41.37  211.11
  44.24  161.42
  51.01  206.69
  54.69  157.18
  55.12  203.31
  55.58  160.95
  55.93   78.63
  57.08  227.99
  58.00  110.51
  59.58  194.41
  62.28  134.20
  62.81  105.94
  63.12  152.89
  63.35  149.83
  63.90  129.17
  66.03  192.55
  66.77  206.56
  66.90  149.75
  72.02   82.83
  75.17  150.42
  78.68  149.03
  79.42  203.56
  82.42   89.59
  85.03   87.30
  86.38  111.63
  86.67  168.51
  87.19  146.42
  89.91  148.35
  91.84  186.67
  92.47   85.46
  92.82  160.60
  93.64   94.80
  94.29  164.16
  97.24  166.66
  97.52  176.93
  98.05  183.13
  99.64  171.13
 100.45  154.05
 101.96  174.37
 105.48  155.80
 105.53  163.87
 105.66  170.58
 107.57  150.59
 110.52   82.74
 111.34  179.05
 111.42   93.45
 113.17  170.02
 115.17   92.61
 115.78  164.75
 119.25  100.48
 119.93  162.84
 121.28   93.59
 122.13   99.19
 122.92   96.50
 124.66  161.50
 130.22   94.83
 130.34  226.02
 130.63   91.87
 130.78   80.73
 133.21   78.51
 134.27   90.43
 135.20   80.89
 143.50   70.02
 143.95  208.77
 149.04  151.05
 151.32   70.24
 151.49  166.83
 159.24  197.19
 160.48  235.35
 161.30  152.90
 161.55  201.31
 167.60  133.55
 173.79   72.33
 173.79   83.45
 177.24  105.85
 177.71  103.14
 178.25  109.68
 178.93  230.02
 179.78  227.02
 182.87  224.38
 183.68   71.30
 183.71   48.45
 184.35   74.60
 185.57  106.28
 186.01  205.94
 186.36  110.20
 186.39  113.12
 186.39   81.86
 186.72  120.47
 187.15  103.97
 189.95   76.16
 190.78   83.60
 191.08  102.39
 191.15   48.06
 192.49   94.48
 193.58  114.74
 193.61  204.42
 193.73   97.86
 194.02  104.98
 195.08  110.91
 195.90  108.16
 196.53   86.92
 197.02  103.97
 197.41   81.47
 197.88  116.92
 199.06  111.86
 199.81  124.44
 200.41  115.37
 200.45  100.87
 200.50  165.49
 202.33  149.86
 203.08  108.23
 205.92   95.50
 205.97  118.28
 206.59  117.92
 207.79  101.05
 211.66  118.35
 212.29   80.81
 214.52   82.71
 214.62   45.14
 216.27  120.18
 216.89  190.08
 218.39  100.64
 218.42  109.26
 218.55  113.23
 220.49   39.06
 221.53   45.35
 222.14  106.27
 222.15   28.03
 223.04  108.96
 223.65   41.80
 224.36  123.15
 225.80  230.97
 225.91  120.85
 226.26  105.12
 226.71   38.32
 227.50  138.56
 229.44  140.43
 232.37  162.99
 233.18  201.13
 235.97  134.30
 238.85  163.18
 239.03  123.47
 239.22  117.94
 239.30  115.00
