   7.54  166.48
   7.65  185.04
   8.20  163.25
   8.26  100.51
   8.31  222.53
   8.75  216.64
   8.95  136.26
   9.39  207.56
   9.74  228.96
   9.98  244.34
  10.00  143.31
  11.12  219.58
  11.18  209.41
  11.58  172.75
  12.11  225.65
  12.27  192.97
  12.44  225.79
  12.55  243.14
  13.14  200.01
  13.62  195.24
  14.31  173.87
  14.80  100.63
  15.19  106.91
  15.25  110.45
  16.20  237.37
  16.23  224.16
  16.31  119.90
  17.13  126.69
  17.34  116.49
  17.72  220.81
  17.89  123.86
  18.50  113.69
  18.58  154.12
  18.73  234.16
  18.94   98.43
  19.02  102.09
  19.80  176.44
  19.89  211.06
  20.01  170.13
  20.04  211.46
  20.16  165.94
  20.36  230.03
  20.75  157.61
  20.82  188.80
  21.25  194.19
  21.27  107.78
  21.96  113.99
  22.22  162.27
  22.23  235.04
  22.26  221.15
  22.34  227.16
  22.35  139.01
  22.47   91.19
  23.18   98.16
  23.34  210.41
  23.39  213.98
  23.68  176.80
  24.36  193.29
  24.45  190.08
  24.71  218.22
  24.88  239.39
  24.96  134.67
  25.33  165.67
  26.37  119.61
  27.12  209.96
  28.00  172.99
  28.09  102.67
  28.29   98.59
  29.51  205.43
  29.85  100.84
  30.22  109.78
  30.47   84.82
  30.70  216.56
  30.72  166.58
  31.67  239.19
  31.71  187.30
  31.84  134.32
  31.93  196.26
  31.96  134.31
  32.52   87.18
  32.81  100.98
  33.14  219.57
  33.23  179.60
  33.45  143.37
  34.01  132.90
  34.41   91.71
  34.65  186.72
  34.71  173.38
  34.78  109.35
  34.90   98.26
  35.02  148.34
  35.31  105.75
  36.03  221.97
  36.11  168.52
  36.18  217.50
  36.24  227.14
  37.06  180.76
  37.31   88.06
  37.37  120.80
  37.82  125.91
  38.06  109.24
  38.20  154.78
  38.76  210.13
  39.14  178.02
  39.24  128.94
  40.04  148.88
  40.12  213.07
  40.92  162.29
  41.26  173.32
  41.29  246.72
  41.52  217.58
  41.66  123.85
  41.77  170.05
  41.84   87.13
  41.85  181.87
  41.99  167.30
  42.12  154.22
  42.47  117.59
  43.02  129.46
  43.52  220.99
  43.59   82.05
  43.59  107.21
  43.67   81.96
  44.28  235.47
  44.70  207.99
  45.56  205.28
  46.02  110.18
  47.66  100.75
  47.75  157.09
  47.81  121.92
  47.83   86.26
  48.06  130.55
  48.07  214.77
  48.38  243.58
  48.47   91.89
  48.53   95.52
  48.93  172.77
  49.78  132.78
  49.87   93.05
  49.89  197.01
  50.58  211.59
  51.06  106.62
  51.63  109.32
  51.71  149.34
  52.16   78.35
  52.21  177.79
  52.71  199.25
  52.78  123.59
  53.04  170.10
  53.23  115.20
  53.34  206.30
  53.66  146.67
  53.83  214.58
  53.89  113.66
  54.44  143.42
  54.95  120.99
  55.32  180.62
  55.91   89.97
  56.15   84.24
  56.83  111.71
  57.00  177.81
  57.66  187.78
  57.88  207.08
  58.21  202.70
  58.92  139.63
  59.15  141.40
  59.27  133.51
  59.52  148.17
  59.81  205.95
  60.14  210.10
  60.14  184.10
  60.39   94.82
  60.48   72.09
  60.51  108.08
  60.76   97.95
  61.21  190.42
  61.55  106.90
  61.97  199.87
  62.43  118.46
  62.63  103.42
  62.64  181.02
  62.65  152.45
  63.05  186.97
  63.05  195.24
  63.06  150.19
  63.17  162.90
  63.63  133.40
  63.69  107.77
  63.80  202.32
  63.83   93.03
  63.91   99.77
  64.33   78.98
  64.74  113.06
  64.97  173.56
  65.35  197.71
  65.41   91.71
  65.49  142.94
  65.54  105.61
  65.54  192.18
  65.87  170.61
  66.06  139.25
  66.24  127.07
  66.26  138.40
  66.63   63.32
  67.09   88.37
  68.41  102.12
  68.94   97.84
  69.25  155.38
  69.41  198.61
  69.42  148.51
  69.45  182.62
  69.70  130.49
  69.74   81.50
  69.94  111.78
  69.97  140.12
  70.35  145.60
  70.52  159.22
  70.56  135.60
  70.74  167.28
  70.89  205.81
  72.13   74.67
  72.65   67.54
  73.51  128.96
  73.88  182.08
  73.90  102.91
  74.14  101.87
  74.15   63.17
  75.03   90.73
  75.18  145.93
  75.32   84.62
  75.46  141.84
  75.90  194.42
  75.95  162.88
  76.04  185.42
  76.13  127.50
  76.99  103.62
  77.75  135.53
  78.13  130.84
  78.35  191.74
  79.23  145.05
  79.36  106.27
  79.46  138.02
  79.92   75.64
  79.97   78.83
  80.49   95.25
  81.25  133.89
  82.08  199.46
  82.27   65.36
  82.53  153.92
  82.82  119.30
  83.28   61.25
  83.47   78.94
  83.64  131.80
  83.67   97.78
  84.04  129.16
  84.28  122.76
  84.46  191.13
  84.68  125.73
  85.03  152.04
  85.28  134.51
  85.58   86.76
  85.99  150.73
  86.12  166.91
  86.64  170.39
  86.66   96.55
  86.81  131.40
  87.26  163.88
  87.67  190.67
  88.40  194.54
  88.63  194.55
  89.06  117.09
  89.70  190.16
  89.72   94.01
  90.20  153.38
  91.65  110.23
  92.13   86.22
  92.30  199.63
  92.50   70.03
  92.69  147.43
  92.93  133.15
  93.54   91.52
  93.72   74.87
  93.79  141.75
  93.85   77.73
  93.89  127.15
  94.11  181.47
  94.73   61.27
  94.90  108.88
  95.16  206.66
  95.26   88.28
  95.40  180.91
  95.85  209.33
  96.25   80.05
  96.33  202.45
  96.35  150.78
  96.71  113.36
  96.86   73.21
  97.06  185.76
  97.08   76.38
  97.58  134.66
  97.85  140.07
  98.35  200.16
  98.59  144.47
  98.86  197.88
  98.87  111.01
 100.13  235.10
 100.90   83.80
 101.20  203.14
 101.28   65.25
 101.94   61.84
 102.10  117.55
 102.29  135.52
 102.33  131.67
 102.43  213.90
 102.56  112.27
 102.59  101.72
 103.41  141.15
 103.65  194.49
 103.70  194.50
 103.81  122.13
 104.48   82.75
 104.70  149.78
 104.84   73.92
 105.03  189.33
 105.76  166.32
 105.77  158.67
 106.39  155.51
 106.44  142.72
 106.47   68.07
 106.94   71.67
 107.19  126.30
 107.41   60.63
 107.60  106.44
 108.19   92.32
 108.41  174.97
 108.80  178.20
 108.94  132.40
 109.23  153.73
 109.91   60.13
 109.91   63.60
 109.95   58.56
 110.07  224.71
 110.14  231.61
 110.19  118.13
 110.21  164.82
 110.44   75.76
 110.52   84.74
 110.77   76.03
 110.93  151.45
 110.95  159.84
 111.72  123.55
 112.09  204.96
 112.26  241.55
 112.45  228.01
 112.73  127.95
 112.77  216.45
 113.00  147.63
 113.60  234.56
 113.76  193.49
 114.13   67.93
 114.24   90.93
 114.66  134.51
 114.85  165.59
 115.71  130.69
 115.88  177.89
 115.91   79.68
 116.14   63.68
 116.15  197.38
 116.63  108.95
 117.01  187.40
 117.04   87.34
 117.14  163.46
 117.28  141.17
 117.35   86.93
 117.35  192.84
 117.68   76.54
 117.72  118.70
 117.77   93.16
 117.81  152.46
 118.30  189.77
 118.49  218.50
 118.59  179.95
 118.71   58.86
 118.85  198.72
 119.58  183.20
 119.69  103.20
 119.98  155.02
 120.26  232.20
 120.84   80.04
 121.05   75.69
 121.36   98.01
 121.42   83.27
 121.55  233.40
 121.77  164.16
 121.97   86.37
 122.27  202.68
 122.58  176.14
 122.59  131.44
 123.23   66.38
 123.47  208.81
 123.58  108.13
 123.63  104.86
 123.63  169.19
 123.88   81.85
 124.17  136.53
 124.46  152.02
 124.47  160.75
 124.64  221.36
 124.68   62.28
 124.75  196.89
 124.81  164.73
 124.95   60.20
 124.96   77.11
 125.46  129.52
 125.58  104.70
 125.62  211.60
 125.69  206.25
 126.11   73.53
 126.60  187.29
 126.77  129.99
 126.86  149.08
 127.11   93.79
 127.12  102.50
 127.21  158.45
 127.27  192.19
 127.40  126.79
 127.88  109.10
 128.03  204.01
 128.03  172.85
 128.22  176.10
 128.27  135.01
 128.36  183.92
 128.69   63.73
 128.79  148.75
 129.16  165.25
 129.38  230.58
 129.69  216.95
 129.73   90.65
 129.88   93.46
 130.08   59.98
 130.13  101.00
 130.35  227.55
 130.58   86.58
 131.00  150.04
 131.65  144.18
 131.79  170.79
 132.22  174.53
 132.43  175.23
 132.44   91.60
 132.53  153.39
 133.30  115.29
 133.31  171.74
 133.37  119.24
 133.39   83.43
 133.69   77.89
 133.91   90.95
 134.13  196.77
 134.23   70.19
 134.30  124.17
 134.69   57.43
 134.90  204.86
 135.49   65.98
 136.08  172.29
 136.08  185.09
 136.10   54.79
 136.30  227.43
 137.52  194.37
 137.75   87.90
 137.83   95.47
 137.96  207.81
 137.98   62.10
 138.46  163.62
 138.49  191.63
 138.51   99.39
 138.61  247.82
 139.03   71.74
 139.61  229.14
 139.79  177.70
 139.79   57.19
 140.21  195.24
 140.45  161.69
 140.47  171.51
 140.53  193.38
 140.71   66.56
 140.81  140.27
 140.83   85.87
 141.05   82.74
 141.22  124.63
 141.62  188.17
 141.71  195.23
 141.74   60.92
 142.25   73.03
 142.37  132.08
 144.06  170.13
 144.18  135.11
 144.29  202.97
 144.57   84.42
 144.59   75.63
 144.89  239.04
 145.00  206.66
 145.12   57.35
 145.14  115.92
 145.29   88.58
 145.33  141.87
 145.72   67.11
 145.91  130.24
 146.07  146.91
 146.34   63.65
 146.37   56.55
 146.40  199.72
 146.60  246.17
 147.36  208.36
 147.69  157.54
 147.79  243.37
 148.19   84.38
 148.21  240.27
 148.50   76.60
 148.76  127.74
 148.77  167.28
 148.85   73.77
 148.90  136.65
 148.97  247.97
 149.17  217.64
 149.55  225.01
 149.75  160.27
 149.99   57.15
 150.18   78.85
 151.19  220.32
 151.26  168.88
 151.49  222.99
 151.58  145.45
 151.61  133.54
 151.73  155.19
 151.95  140.55
 152.41   80.32
 152.79  230.44
 152.88   58.38
 152.94  244.42
 153.61  237.22
 153.65   63.57
 153.88  246.85
 154.00  100.75
 154.13  157.03
 154.25  115.28
 154.28  217.42
 154.30  160.12
 154.42  182.13
 154.43  230.95
 154.76  220.71
 154.87  150.62
 154.90  203.79
 155.14  121.11
 155.23  176.22
 155.37  234.17
 155.53  143.47
 155.81  184.63
 155.96  137.42
 156.26  239.21
 157.19  217.99
 157.19   94.64
 157.36   73.45
 157.97  153.59
 158.00  149.69
 158.01   59.51
 158.35   67.35
 158.49  243.74
 158.62  144.09
 159.01   63.79
 159.42  158.81
 159.64   53.63
 159.84  100.90
 160.12   76.48
 160.62  176.76
 160.71  127.74
 160.76   83.05
 160.80  193.54
 160.99  122.61
 161.22  213.94
 161.22   69.69
 161.37   79.83
 161.95  151.43
 162.33  217.71
 162.78   89.02
 162.86   54.19
 163.02  120.97
 163.16  236.58
 163.51   72.60
 163.75  116.77
 163.88  177.93
 164.05  181.20
 164.33  214.93
 164.53   60.30
 166.23  143.80
 166.23   56.44
 166.45  159.75
 167.37  123.48
 167.78  149.43
 168.23   61.74
 168.57  242.29
 168.59   52.25
 168.61  124.35
 168.65  138.38
 168.66   84.74
 168.69  234.54
 169.18  106.08
 169.27  163.85
 169.61  155.29
 170.21  119.49
 170.42  221.43
 170.81  247.71
 171.25  151.03
 171.26   64.96
 171.33  243.87
 171.34  116.60
 171.39   60.47
 172.05  238.91
 172.18  157.60
 172.22   86.67
 172.39  152.65
 172.54  132.20
 172.72   98.84
 172.76  111.25
 173.13   53.64
 173.34  125.92
 173.56  107.46
 173.82  122.46
 174.14   78.01
 174.33  206.58
 174.68  119.38
 174.80   50.55
 174.94  161.49
 175.07  185.31
 175.42  183.63
 175.75   98.95
 176.03  195.98
 176.10  198.89
 177.23   55.69
 177.55   57.35
 177.55  111.02
 177.89  120.66
 178.44   77.40
 178.68  113.75
 178.79  242.86
 178.80  247.76
 178.90   90.90
 178.96  185.90
 179.15  106.88
 179.18   95.83
 179.53  190.62
 180.53  118.38
 180.94   84.99
 181.47   89.20
 181.53   84.22
 181.68  243.29
 181.73  167.42
 181.97  192.66
 181.97   57.51
 182.68  132.22
 183.49  216.67
 183.52  234.53
 183.54  181.73
 183.72  201.43
 184.13   60.30
 184.42  168.16
 184.46  214.02
 184.54   91.14
 184.63  187.86
 184.69  137.20
 184.81   73.98
 185.02  194.48
 185.63  211.11
 185.77  241.73
 186.28  105.65
 186.87   54.24
 187.10  135.09
 187.23  111.38
 187.42   78.33
 187.73   70.26
 187.77  164.73
 188.29   99.25
 188.47  128.21
 188.50  236.70
 188.66   47.47
 188.82  172.75
 188.95  134.59
 188.99  218.06
 189.07  172.70
 189.16   66.96
 189.25   75.31
 189.40  104.60
 189.63   86.23
 189.89  190.74
 189.93   61.43
 190.05  230.60
 190.16  227.64
 190.88  114.99
 190.95   56.24
 191.44  213.37
 191.78  191.61
 191.84  133.75
 191.94   48.23
 191.95  134.70
 192.25  103.07
 192.28  126.69
 192.33   76.38
 192.62  104.60
 192.79  204.93
 193.00  184.71
 193.54   45.63
 193.61  199.40
 193.64   75.46
 193.90  173.08
 193.94   93.85
 194.15   52.11
 194.29  212.48
 194.37  139.28
 194.71  193.47
 195.81  198.40
 195.98   90.80
 196.10  241.02
 196.24  104.08
 196.61   54.89
 196.82  191.40
 197.00  114.43
 197.05  236.94
 197.15  221.81
 197.36  225.85
 197.37  111.21
 197.74  182.62
 198.27  107.40
 198.44   57.05
 198.57   90.08
 198.59  140.35
 198.92   65.02
 199.04   82.51
 199.50   97.04
 199.55  150.90
 200.11   59.37
 200.44  113.98
 200.59   85.60
 200.80  230.76
 200.80   91.62
 200.84  158.52
 200.93   72.64
 201.02  110.86
 201.11   45.84
 201.14   48.91
 201.66   51.97
 202.13   63.94
 202.28  224.90
 202.31  151.62
 202.34  147.32
 202.80  211.55
 202.87  154.72
 203.04   89.15
 203.27   55.35
 203.47  177.37
 204.27  180.77
 204.30  168.64
 204.31   51.76
 204.77  102.42
 204.79   62.56
 204.84  159.27
 204.97  173.17
 205.02  123.88
 205.92  206.40
 206.08  133.29
 206.10   64.07
 206.13  130.33
 206.31  234.80
 206.42  148.79
 206.66  244.97
 207.10  170.20
 207.20  126.49
 208.18  163.87
 208.27  238.61
 208.29   55.33
 208.49  223.35
 208.54  206.12
 208.73  242.01
 208.87  132.38
 209.31  170.31
 209.42  226.50
 209.53   59.04
 209.92   84.92
 209.95  128.86
 210.06  198.01
 210.71  186.25
 210.98   44.88
 211.12  189.65
 211.43  151.01
 211.57  192.89
 211.82   94.35
 212.14  162.69
 212.20   75.61
 212.21  203.52
 212.34   90.06
 212.39   53.96
 212.45   70.67
 212.60   62.24
 213.13  215.89
 213.32   42.31
 213.53  166.54
 213.55  220.31
 213.58  100.60
 213.64   78.64
 213.74  233.74
 213.95  214.06
 214.02  157.86
 214.56   79.50
 214.73  149.87
 214.77   51.51
 215.02  186.41
 215.06  211.07
 215.28  207.55
 215.37   93.47
 215.63  188.95
 215.76  195.41
 215.81  212.61
 216.05  172.92
 217.07  247.49
 217.33   43.95
 217.73  216.07
 217.75  204.03
 218.10  197.63
 218.29   94.27
 218.70  148.61
 218.72   94.36
 218.90   84.62
 219.36  228.05
 219.50   47.01
 219.81   79.92
 219.94  161.42
 220.13  201.51
 220.53   72.94
 220.58  153.11
 220.87  118.08
 221.08  126.86
 221.26  205.87
 221.53  111.01
 221.66  159.02
 221.82   50.99
 222.33  150.55
 222.51  187.57
 222.51   48.18
 222.74  226.99
 222.87  107.53
 223.01  155.50
 223.31  195.99
 223.54  246.50
 223.64  147.52
 224.06   79.78
 224.08  166.55
 224.25   50.67
 224.52  185.80
 224.62  112.49
 224.80   77.25
 225.08   72.56
 225.73  236.77
 226.11  104.88
 226.19  217.76
 226.52   52.33
 226.86  107.48
 227.19  212.86
 227.38   92.94
 227.40  143.21
 227.50  179.73
 227.77   77.67
 227.91  183.37
 228.09  169.70
 228.24   49.56
 228.25  147.42
 228.33   89.53
 228.50  150.64
 228.58  114.32
 228.84  163.46
 229.13  210.71
 229.37  167.26
 229.90  178.10
 230.12  101.44
 230.21   79.85
 230.24   86.01
 230.59  142.60
 230.91   51.92
 230.99  137.81
 231.14  206.98
 231.36  197.15
 231.41  175.69
 231.60  168.52
 231.71  226.71
 231.75   91.45
 231.94  182.69
 232.12  172.90
 232.26  157.66
 232.29  185.58
 232.98  134.49
 233.04   81.33
 233.56   87.22
 233.57  144.94
 233.81  106.37
 233.86  222.61
 234.45   93.17
 234.53  138.61
 234.80  115.52
 235.44  195.41
 235.46   53.68
 235.48  207.28
 235.62  128.22
 235.66  104.54
 235.70   83.56
 236.10  134.50
 236.19  175.22
 236.31   89.12
 236.49  237.70
 236.55  113.90
 236.63  142.28
 236.70  110.75
 237.63  164.70
 237.98  249.45
 238.36  215.76
 238.74  149.17
 238.82  130.02
 238.89  124.41
 239.26  168.27
 239.29  210.59
 239.31  190.96
 239.45  202.62
 239.72  179.52
 239.98  111.76
 240.01  156.32
 240.55  223.69
 240.59   79.47
 240.60   85.45
 241.29  161.38
 241.35  132.80
 241.77  192.23
 241.90  119.50
 241.92   72.26
 242.15   94.69
 242.61  244.52
 242.69  128.60
 242.99  145.34
 243.14  219.13
 243.22   68.42
 243.28  181.78
 243.64  178.61
 244.16   81.42
 244.82  131.94
 244.99  193.25
 245.04  209.39
 245.42  128.95
 245.44  197.50
 245.68  223.35
 245.96  188.02
 246.08  105.68
 246.40  183.42
 246.51  117.82
 246.71  143.89
 246.97  102.34
 247.70  134.41
 247.79   75.35
 247.91  137.71
 248.04  166.22
 248.21   94.23
 248.29   85.97
 248.98  203.32
 249.40  178.72
