   7.04  203.88
   8.13  186.74
   8.39  195.85
   9.52  138.71
   9.52  133.93
  10.22  205.65
  10.29  131.62
  11.70  125.39
  11.84  191.39
  12.27  122.33
  12.78  112.89
  13.11  108.00
  13.33  133.67
  16.06  208.30
  16.08  183.41
  16.08  143.90
  16.93  172.98
  17.99  113.17
  18.68  137.56
  19.01  129.31
  19.02  200.22
  19.14  133.84
  19.41  123.88
  20.10  177.52
  21.43  145.41
  21.86  207.23
  21.88  131.81
  22.36  164.77
  23.11  204.02
  24.93  128.04
  24.95  116.23
  24.99  137.90
  25.62  143.96
  26.30  137.70
  26.97  201.03
  27.07  219.39
  27.25  208.63
  27.32  213.85
  27.42  132.06
  27.94  124.90
  28.17  160.72
  28.94  217.44
  29.79  175.52
  29.89  148.82
  30.40  179.05
  31.41  188.71
  31.55  216.37
  31.67  144.85
  31.97  213.48
  32.19  163.73
  33.84  206.87
  34.61  216.19
  34.88  181.73
  35.97  187.99
  36.10  160.93
  36.12  134.19
  36.68  141.10
  36.73  206.04
  36.99  137.62
  36.99  209.26
  37.45  218.86
  37.96  146.01
  38.38  155.51
  38.49  156.84
  39.74  130.37
  40.06  173.63
  40.41  213.21
  40.77  213.43
  40.87  154.91
  41.12  210.02
  42.71  161.29
  43.26  126.64
  43.46  130.50
  44.46  190.09
  44.65  170.26
  44.65  218.26
  44.81  187.37
  45.26  164.53
  45.50  140.94
  46.09  136.41
  47.24  226.68
  47.33  175.49
  47.64  197.47
  47.73  188.70
  47.92  163.75
  48.23  181.80
  49.40  221.28
  49.51  134.38
  49.90  126.44
  50.22  211.37
  50.39  123.22
  50.42  167.13
  50.69  200.41
  50.71  182.85
  50.89  217.63
  50.95  226.77
  51.30  221.13
  51.31  187.00
  52.81  178.89
  54.16  198.86
  55.19  228.28
  55.64  202.49
  56.09  186.82
  57.17  177.01
  58.62  169.44
  58.83  233.06
  58.97  192.99
  59.48  125.33
  59.65  125.28
  60.70  225.16
  61.66  192.64
  61.79  221.50
  61.97  231.76
  62.43  188.56
  62.89  136.90
  63.09  128.93
  63.65  132.92
  64.33  198.66
  64.90  166.33
  64.92  121.10
  65.25   99.25
  65.37  129.87
  66.19  140.41
  66.48  117.46
  66.48  240.14
  66.83  156.16
  67.43  140.11
  67.52  124.40
  67.60  175.29
  67.95  137.24
  68.41  133.24
  68.46  196.47
  68.60  128.78
  69.80  147.67
  69.88  157.07
  70.27  219.97
  70.67  135.68
  72.50  220.64
  72.95  235.75
  73.02  177.70
  73.22  243.25
  73.33  223.95
  73.41  119.03
  73.67  134.83
  73.71  248.40
  75.36  165.50
  75.40  241.75
  75.47  156.27
  75.92  245.95
  76.54  145.02
  77.24  235.22
  77.57  104.13
  77.77  153.02
  78.07  120.54
  78.09  198.15
  78.14  229.26
  78.25  169.07
  78.81  191.65
  79.57  187.08
  79.60  171.52
  79.62  125.79
  79.69  149.72
  80.44  245.87
  80.70  180.71
  80.81  176.04
  80.85  167.75
  82.08  163.91
  82.13  239.79
  82.31  145.35
  82.40  140.29
  84.30  153.63
  84.48  100.96
  84.54  248.24
  85.62  139.04
  86.06  167.03
  86.49  242.52
  87.35  129.18
  87.41  115.07
  88.11  110.35
  88.14  156.86
  88.52  212.60
  88.60  164.41
  89.96  161.20
  90.50  238.05
  90.83  128.00
  91.11  217.87
  91.14  244.39
  91.95  211.52
  92.61  235.35
  92.71  175.61
  92.86  247.63
  93.09  150.76
  93.11  190.27
  93.26  239.52
  93.44  139.99
  93.64  187.53
  93.81  184.48
  93.83  157.10
  94.12  174.74
  94.26  181.14
  94.74  181.48
  94.93  220.73
  95.18  199.68
  95.45  113.40
  95.46  140.95
  95.63  116.09
  95.85  162.74
  95.95  119.80
  96.15  142.93
  97.34  179.42
  97.59  152.49
  97.59  222.64
  97.85  217.05
  98.50  117.95
  98.85  161.49
  98.96  176.30
  98.96  154.61
  98.99  172.03
  99.22  215.87
  99.32  139.69
 100.23  160.95
 100.45  167.01
 100.49  180.35
 100.53  223.19
 100.83  167.15
 101.55  116.46
 101.99  134.12
 102.31  223.03
 102.72  234.18
 104.77  200.86
 105.18  206.43
 105.35  176.37
 106.00  100.33
 106.21  154.74
 106.27  154.72
 106.30  150.03
 106.74  165.52
 107.02  179.02
 107.09  249.69
 108.41  176.78
 108.55  113.59
 108.96  173.07
 109.00  247.17
 109.72  150.69
 110.42  233.85
 110.71  195.73
 110.73  139.06
 110.79  203.65
 110.83  207.62
 111.12  104.38
 111.64  229.24
 112.13  136.03
 112.36  197.96
 112.57  215.73
 113.37  214.14
 113.74  147.27
 114.54  151.55
 114.87  133.66
 115.12  239.63
 115.12  136.37
 115.13  196.07
 115.50  175.25
 116.20  154.21
 117.01   97.00
 118.06  171.12
 118.52  162.97
 118.72  178.57
 119.09  212.25
 119.61  139.73
 120.14  143.29
 120.32  194.96
 120.68  169.72
 120.75  215.80
 121.21  189.23
 122.11  174.47
 122.98  143.73
 122.98  172.32
 123.19  150.19
 123.99  164.69
 124.30  196.80
 124.37  229.19
 124.69  239.55
 124.83  133.56
 126.12  200.93
 126.97  138.44
 127.21  169.23
 127.82  121.06
 127.85  181.36
 128.05  132.71
 128.62  150.36
 129.46  192.13
 129.89  125.69
 131.80  239.08
 132.13  171.96
 133.44  229.98
 134.12  246.09
 135.22  139.45
 135.80  171.76
 135.97  174.94
 136.90  179.94
 137.06  229.78
 137.63  238.94
 137.79  167.03
 138.13  148.86
 139.37  246.96
 139.50  176.28
 139.57  241.79
 139.57  112.38
 139.92  164.06
 140.58  164.52
 140.90  157.26
 141.13  170.22
 141.55  150.72
 141.58  149.60
 142.13  115.05
 142.90  173.59
 143.44  109.37
 143.73  169.13
 145.43  181.94
 145.61  112.94
 146.05  136.10
 146.16  145.34
 147.06  108.32
 147.30  152.09
 147.59  155.69
 147.74  194.54
 148.98  166.85
 149.53  136.91
 149.94  157.95
 150.05  218.74
 150.50  134.62
 151.27  147.71
 151.41  189.26
 151.60  183.62
 151.73  134.40
 152.22  150.68
 152.41  110.70
 152.61  127.23
 152.98  182.08
 153.73  104.27
 153.78  159.17
 154.17  176.93
 154.38  207.20
 154.61  194.74
 154.71  203.91
 155.36  170.89
 155.36  155.08
 155.72  114.41
 155.86  111.15
 156.38  107.98
 156.44  141.19
 156.94  200.17
 157.38  148.00
 157.50  177.88
 157.79  163.75
 158.62  121.93
 158.90   94.66
 159.19  230.87
 159.37  201.22
 160.37  193.35
 160.57  153.54
 161.48  198.49
 161.76  163.08
 162.33  176.51
 162.34  189.72
 162.93  111.57
 163.15  144.22
 163.26  154.17
 163.41   91.99
 163.98  167.35
 164.87  197.11
 164.90  208.58
 164.91  108.22
 165.70  160.90
 165.88  194.49
 166.26  111.59
 166.27  160.65
 166.94  205.78
 167.12   89.90
 167.17   93.00
 167.76  147.42
 167.86  156.53
 167.88  185.96
 168.06  150.95
 168.29  202.19
 168.48  140.40
 169.06   97.84
 170.00  206.48
 170.15   83.77
 170.85   89.57
 170.97  188.48
 171.16  156.81
 171.19  120.43
 172.05  192.13
 172.54  147.27
 174.29  185.02
 174.48  153.27
 176.14  127.28
 176.28  181.24
 176.45   91.96
 176.65   99.59
 176.79   78.37
 177.11  190.42
 177.98  209.90
 178.13  173.12
 178.27  120.43
 178.58   80.38
 179.05  193.33
 179.36  144.24
 180.61  153.86
 180.80   89.81
 181.05   96.47
 181.85  195.13
 182.09  191.58
 182.84  109.05
 184.58  115.89
 185.02  132.87
 185.32  187.80
 186.10  183.65
 186.50  151.02
 186.59  111.56
 186.66  161.11
 186.98  137.45
 187.32  106.18
 187.63  105.44
 188.06  194.56
 188.88  206.91
 189.48  183.64
 190.24  100.00
 191.71  139.95
 191.77  109.94
 192.15  117.11
 192.22  213.69
 193.33  119.06
 193.39   85.19
 194.03  186.49
 194.37  191.53
 194.89   96.54
 195.08  133.47
 195.90  176.09
 195.93  111.43
 196.33  150.95
 196.49  162.86
 196.51  104.31
 196.70  181.73
 197.74  188.63
 198.24  160.08
 198.87   77.77
 199.53  100.73
 199.58   74.02
 199.87  157.94
 200.29  166.22
 200.49  182.55
 200.76  178.75
 201.09  133.02
 201.39  126.31
 202.35  163.26
 202.49   97.87
 202.60  184.98
 202.62   67.36
 203.91  176.33
 203.92   97.67
 204.24  143.91
 204.40   94.19
 204.78  144.93
 204.79  160.30
 204.84  133.96
 204.94  165.22
 205.05  119.97
 205.28  178.76
 205.57   67.94
 206.13  102.30
 206.55  127.89
 207.05  151.44
 207.17  169.59
 207.37  114.32
 207.42  124.42
 207.86   59.92
 208.24   81.41
 209.32   93.12
 210.11  161.86
 210.43  117.33
 210.53   75.40
 210.90  121.55
 211.37  121.53
 212.33   69.66
 212.68   80.77
 212.88   63.51
 213.91   93.57
 214.09  161.40
 214.24   92.90
 214.74   83.21
 215.48  126.70
 215.90  114.61
 216.92   91.72
 217.83  162.83
 217.84  169.60
 217.87  111.60
 218.83   96.54
 219.11   73.17
 219.13   70.54
 219.79   87.21
 220.14   79.90
 220.27  119.96
 220.53   91.71
 220.98  176.26
 221.22   61.63
 221.78  107.66
 222.21   73.26
 222.75  122.79
 223.44  113.16
 223.95   80.02
 224.00  172.72
 224.73  243.72
 224.85  151.24
 224.97   88.21
 225.00  177.55
 225.36  145.66
 225.77  115.17
 226.20  172.00
 226.46   77.75
 226.65  105.70
 227.47  168.12
 228.20  228.35
 228.63  225.07
 228.77   99.93
 229.58   79.46
 229.70  132.07
 229.86  138.45
 230.06  232.18
 230.30  176.11
 231.03  126.89
 231.28   61.25
 232.50  223.80
 232.53  160.36
 232.96  178.80
 233.61  103.00
 233.80   71.19
 233.82   67.99
 233.87  164.53
 234.39  120.95
 234.46  125.37
 235.03  118.43
 235.09  174.61
 235.50  100.72
 235.55  170.07
 237.65  229.37
 237.93  106.24
 238.23  121.45
 238.43  188.41
 239.02   92.68
 239.37  171.74
 239.48  226.95
 241.21  141.35
 241.90  127.73
 242.23   67.04
 242.49   96.56
 243.15   84.59
 243.47  155.44
 243.77  158.16
 244.71   55.84
 244.97  146.58
 245.14  203.43
 245.49  142.35
 246.33  111.41
 246.99  200.42
 247.14  114.99
 247.24  145.12
 247.40  132.14
 248.37   63.84
 248.66  120.87
