   8.21  219.46
  11.11   75.49
  11.38  209.24
  12.89  123.01
  12.99  223.55
  13.49  245.09
  14.26  120.79
  16.14  145.83
  16.78  240.36
  17.97  203.21
  19.43   67.50
  19.72   67.34
  20.50   90.49
  22.14   66.19
  24.20   56.43
  25.20  218.49
  26.05  212.42
  26.62  143.01
  27.07   57.57
  27.80   55.97
  28.43   70.77
  31.67   73.49
  35.65  129.25
  37.08   48.73
  37.60  119.17
  38.49   42.02
  39.46  127.45
  39.72  122.15
  41.90  115.43
  42.57   45.31
  43.11  156.77
  43.40  152.83
  43.87  125.33
  46.21   42.81
  46.97  155.40
  48.61   38.03
  49.46   45.84
  49.82  152.49
  50.34   42.39
  50.66  234.20
  50.79  132.61
  52.45   56.27
  53.46  226.27
  53.50  139.05
  53.90   47.12
  54.50  230.78
  55.17  124.22
  55.37  237.82
  55.44  232.08
  57.26  199.78
  57.59  210.43
  58.17  192.14
  58.21  204.64
  59.74  220.96
  60.43   42.82
  61.00  234.25
  61.27  185.26
  62.99   67.02
  63.55  231.37
  63.93   70.29
  64.02  124.90
  66.58  238.00
  68.01  239.32
  69.11   32.22
  69.82   61.62
  71.42   69.29
  71.97  209.57
  72.14  241.14
  72.18  179.41
  72.19  237.44
  72.67   33.69
  74.34   63.30
  74.36  128.73
  77.89  117.88
  78.41  208.67
  80.05   69.86
  82.24  193.78
  82.39  201.37
  83.98  120.28
  86.08  198.44
  86.28  204.69
  86.51   55.83
  86.93   57.01
  88.39  198.92
  89.96   29.60
  90.38  201.40
  91.75   62.37
  97.35  237.83
  97.72  125.77
  99.01  129.97
  99.34  103.28
 101.03   53.33
 101.53  120.05
 102.79  131.27
 106.21  133.86
 106.22   85.49
 106.63  127.39
 106.94   69.29
 107.45   21.32
 108.25   45.27
 111.00   60.21
 111.60  108.09
 117.08   24.85
 117.67   43.49
 118.12   59.81
 118.21   48.33
 118.52  108.04
 118.78   52.76
 119.39   36.16
 119.47  122.26
 120.97   57.15
 121.69   92.82
 121.78   37.96
 122.68   79.16
 123.03   30.97
 124.50   67.95
 125.02   61.53
 126.94   51.95
 127.88   29.97
 128.62   57.20
 130.26   70.33
 130.32   61.95
 130.59  113.68
 130.64   23.17
 131.19   65.98
 132.09   54.90
 132.48  106.16
 132.73  124.32
 133.38  123.16
 134.04   62.73
 134.87   80.11
 135.73  117.76
 136.25   49.65
 137.08   77.00
 139.05   94.75
 139.07   67.95
 141.10   24.75
 141.45  108.59
 142.45   80.69
 144.67   57.88
 146.49   66.26
 146.52   72.77
 148.14  113.54
 149.76  109.26
 150.75   62.89
 151.85   76.18
 153.35  106.13
 153.62   63.13
 154.87  111.66
 155.59   67.88
 155.68  123.94
 156.95   45.68
 158.16   45.52
 158.39  105.95
 158.64  115.30
 161.43   53.12
 162.53  103.58
 163.53   79.69
 166.94  102.48
 166.98  105.06
 167.65   40.95
 167.70   40.92
 167.89  113.42
 170.71  104.99
 173.44   78.13
 174.65  117.13
 175.04  117.55
 175.04  103.02
 176.22  109.11
 183.74   55.17
 183.90   76.23
 185.95   79.14
 186.83   75.25
 187.01  101.37
 187.22   92.43
 190.47   82.71
 190.76   89.45
 192.11   70.50
 192.25   48.87
 193.16   73.27
 197.73   69.65
 197.96   82.32
 198.15  105.03
 198.21   62.39
 201.84  101.61
 202.60   89.87
 203.14  111.64
 203.20   70.01
 203.54   63.98
 205.09   99.15
 205.29  108.77
 205.30   61.76
 208.62   93.81
 209.70  103.99
 210.20  100.15
 212.41  101.46
 212.68   65.69
 212.98   49.93
 213.26   54.15
 213.44   94.65
 213.53   63.77
 213.70  107.91
 213.72   84.84
 213.98   48.70
 219.00  102.72
 219.10   86.95
 219.73   69.99
 219.85   98.71
 220.42   58.72
 220.86   82.26
 221.62   48.44
 222.38   62.45
 222.82   53.29
 223.80   70.16
 225.26   68.39
 227.12   89.48
 227.56   56.20
 229.55   74.06
 229.66   51.01
 232.21   61.20
 232.63   56.64
 232.72   53.30
 233.88   61.83
 235.14  103.10
 235.60   78.90
 235.81  106.09
 235.92   46.70
 235.94   55.75
 236.71   59.87
 240.09   70.75
 240.54   53.43
 241.71   55.53
 245.75   52.67
 246.19   67.90
 249.01   60.89
