   8.58   94.61
   9.46  122.22
  10.85  197.20
  12.41   97.79
  12.47  130.56
  12.73  170.36
  13.50  173.50
  13.70  195.44
  13.76  121.62
  15.20  116.60
  15.86  150.13
  15.99  140.60
  16.33  208.99
  16.98  137.48
  17.34  177.34
  17.74  102.39
  18.01  174.46
  18.07  133.12
  18.51  124.16
  18.63  188.77
  18.73  145.78
  18.94  179.73
  20.50  185.34
  21.02  104.69
  21.53  187.26
  23.21  208.94
  23.47  106.55
  24.21   95.27
  24.61  114.39
  25.61  191.61
  25.87  202.89
  25.92  105.02
  26.83  179.42
  27.14  188.87
  27.88  119.42
  27.93  200.53
  28.09   71.48
  30.54  135.51
  30.63  183.46
  30.67  123.30
  30.87  203.14
  32.40  208.02
  32.74  144.01
  33.41  182.22
  33.89  100.98
  35.26  131.35
  35.58  215.99
  35.91  185.45
  36.38  138.69
  36.80  134.83
  37.79   84.33
  38.19  212.44
  38.40  123.69
  40.59   83.83
  40.75  217.27
  41.28  196.61
  41.47  137.13
  41.63  206.21
  41.85  192.11
  42.35   95.49
  42.85  108.34
  43.25  199.30
  44.00   85.38
  44.61  121.96
  45.11  189.58
  45.22  124.89
  45.53   90.36
  45.67  186.80
  45.93  197.99
  46.51   78.45
  47.80  198.50
  47.90  129.13
  48.14  101.85
  48.27  204.00
  48.62  105.30
  49.29  137.31
  49.54  188.38
  49.56   80.40
  51.54  201.84
  51.93   87.46
  52.70  140.40
  53.06  193.02
  53.12  121.41
  53.25  199.46
  53.31  113.76
  53.72  204.96
  53.74  110.64
  53.97  124.45
  54.14  127.94
  55.43   88.03
  55.81  143.74
  55.84  209.32
  56.08  119.45
  56.79  109.22
  56.81  195.46
  57.24  138.00
  57.54  124.43
  59.00   87.34
  59.03  200.45
  59.04  191.13
  59.07  140.95
  59.34  122.30
  60.07  104.84
  60.23  202.49
  60.56  111.47
  60.66  131.92
  62.06  118.77
  62.77   98.05
  63.32  139.81
  63.40  199.60
  63.62  122.55
  63.69  104.02
  63.89  111.86
  64.52   75.13
  65.11   99.29
  65.14   91.71
  65.53  216.51
  66.19  201.97
  66.53  216.90
  67.13  213.45
  67.24  220.25
  67.67  146.88
  68.00  205.29
  68.18  118.59
  68.46  208.27
  68.63  101.66
  68.93  235.28
  69.43  161.90
  69.85  155.55
  69.96  216.44
  70.04  194.94
  70.09  212.47
  70.18  167.51
  72.26  201.92
  73.22   93.05
  73.43   96.60
  74.32  104.46
  74.35  195.08
  74.76  167.70
  74.81   82.74
  75.11  124.77
  75.32  156.45
  75.52  219.30
  75.58  142.72
  75.98  222.06
  76.43  197.82
  76.65   97.24
  76.74  163.94
  76.75  185.55
  77.62  158.89
  77.96  119.00
  77.96  170.57
  78.17  121.73
  78.18  116.13
  78.53  200.02
  79.08  177.02
  79.19  194.71
  79.51  191.92
  79.63  105.17
  80.03  173.74
  81.16  115.28
  81.31  165.23
  82.54  205.86
  82.59  180.47
  82.69  130.48
  83.13   83.55
  83.15  192.84
  83.76  153.68
  84.10  112.40
  84.23  224.39
  84.31  159.66
  84.76   92.08
  84.87  149.90
  85.26  186.49
  85.38  167.05
  86.04   89.01
  86.61  105.26
  86.73  115.80
  86.90  162.34
  87.90   93.95
  88.24   96.87
  90.21  164.30
  90.58  159.03
  90.90   95.59
  91.26  189.39
  91.40  180.55
  92.05  130.36
  93.37  171.30
  94.16  167.66
  94.49  131.77
  94.57  129.04
  94.96  179.82
  95.57  103.99
  95.96   81.53
  96.05  101.29
  96.89  164.33
  97.01  191.13
  97.87  158.92
  98.44  187.47
  98.46  181.89
  98.70  174.62
  98.84  200.12
  99.08   94.37
 100.80  164.89
 101.15  150.93
 101.89   92.27
 102.10  155.65
 102.34   81.50
 104.04   84.09
 104.04  170.84
 104.40  151.75
 106.00  159.36
 106.05  161.59
 106.68  149.41
 107.34  126.27
 107.37  167.00
 107.64  187.82
 107.67  174.40
 108.71   89.08
 109.27  162.80
 110.25  150.99
 110.84   85.13
 111.38  183.71
 111.58  160.80
 112.20  158.06
 112.34  154.28
 112.84   98.22
 112.98  166.14
 113.08  120.61
 113.20  177.59
 113.70  150.34
 114.29  160.50
 114.30   91.87
 114.50  128.42
 114.89   57.89
 115.20  185.30
 115.56  207.02
 115.85   97.68
 115.88  104.46
 115.96  102.02
 116.19  181.65
 117.69  140.68
 117.78  185.35
 117.85  198.68
 117.98   88.60
 118.75   84.78
 119.17  187.31
 119.79   83.26
 120.09  165.84
 120.11   99.15
 121.01   96.08
 121.03  139.28
 121.36  178.52
 121.48  208.88
 121.53  217.69
 121.76  186.04
 121.79  142.16
 122.43   86.48
 123.13   82.87
 123.28  171.91
 123.38  139.39
 123.71  199.67
 123.81  151.41
 124.12  175.52
 124.84  186.66
 125.10   96.37
 125.78  119.48
 125.94  171.41
 126.33  205.29
 126.58   80.86
 126.84  170.92
 127.01  140.51
 127.54  162.40
 127.60  121.89
 128.00   93.14
 128.27  112.90
 128.31  106.24
 128.60  147.01
 128.74   89.10
 130.60  208.00
 130.85  162.15
 130.95  201.94
 131.10  198.19
 131.15  166.18
 131.90  100.72
 132.04  111.20
 132.10  159.37
 132.15  115.10
 132.19   97.17
 133.11  210.30
 133.15  217.94
 133.51  205.75
 134.38   84.46
 134.97  202.67
 135.10  121.09
 135.13  210.61
 135.67  215.04
 136.25  146.95
 137.34   90.68
 137.38  218.69
 138.57  112.11
 138.59  174.97
 138.59  215.25
 139.16  226.16
 139.19  194.78
 139.81  182.93
 139.91  219.89
 140.48  231.57
 140.90  108.19
 141.20  235.25
 141.47  213.99
 141.52  223.40
 141.57   81.72
 141.57  139.40
 141.59  126.70
 142.57  166.61
 142.62  105.29
 142.89  193.07
 143.27  133.32
 143.52  124.90
 143.56  211.67
 143.78  162.65
 143.97  149.01
 144.35  189.89
 144.56  102.56
 144.94   90.92
 145.33  112.48
 145.83  208.13
 145.93  225.36
 146.65  196.26
 146.66  187.89
 147.14  241.42
 148.30  139.50
 148.38  133.47
 148.56  102.83
 148.86  135.48
 148.89  159.60
 148.96  115.03
 149.09  119.10
 149.69  181.88
 151.25  208.75
 151.42  174.22
 152.12  114.50
 152.14  217.11
 152.35   93.05
 152.58  201.31
 153.75  118.48
 155.49  233.07
 155.58  204.96
 155.66   91.82
 155.68  197.21
 157.10   87.14
 157.18  162.30
 157.46  242.33
 157.52  115.02
 157.55  199.64
 157.66  104.93
 157.79   95.67
 157.88  222.49
 157.89  122.80
 158.34  217.73
 158.80  159.73
 159.51  126.09
 159.54  236.13
 159.95  112.36
 160.31  116.28
 160.45  200.40
 161.06   88.17
 162.03  215.95
 162.08  104.37
 162.47   89.53
 162.89  172.61
 163.00  148.03
 163.48  168.86
 164.13  114.78
 164.41  157.56
 165.01  224.60
 165.06  177.89
 165.12  106.31
 165.15  243.70
 165.67  160.36
 165.88  209.58
 165.90   89.92
 165.97   85.55
 166.34  233.34
 166.39  202.10
 166.52  219.44
 166.76  148.98
 167.28  237.15
 167.38  241.52
 168.10  188.61
 168.12  189.95
 168.26  102.52
 168.32  109.27
 168.83  230.23
 168.97  150.74
 169.40  225.17
 169.66  186.01
 169.86  207.94
 169.87  198.77
 170.41  182.07
 170.81  236.66
 171.08  202.95
 171.48   84.28
 172.09  215.15
 172.11  174.67
 172.28  222.93
 172.48  111.85
 172.76  224.85
 173.12   98.31
 173.41  234.67
 174.08   92.52
 174.29  150.88
 174.35  206.46
 174.59   81.01
 176.07  204.11
 177.17   83.67
 177.60  150.58
 177.82  191.29
 178.14  101.11
 178.75  216.33
 178.95  245.06
 179.29  104.29
 179.37  224.29
 180.09  181.78
 180.46  135.47
 180.52  160.59
 180.97  231.38
 181.15  210.53
 181.39  109.82
 181.94  105.61
 182.21   78.92
 183.03   93.37
 183.38  204.29
 183.52  145.68
 183.81  117.02
 183.84  233.16
 183.92  212.60
 185.11  183.53
 186.22   85.78
 186.39  178.97
 186.61  160.91
 186.99  213.09
 187.17  190.50
 187.28  170.25
 188.29  165.21
 188.87  189.67
 188.98  185.09
 189.14  173.45
 190.21  206.25
 190.25  168.58
 190.41   99.53
 190.86  193.90
 191.10  239.27
 191.26  135.94
 191.67  221.51
 191.75  151.74
 191.98  115.94
 191.99   95.80
 192.22  219.22
 192.24   79.63
 192.81  238.07
 193.02  186.53
 193.07  233.17
 193.09  183.86
 193.31  188.35
 193.73  169.22
 193.90  118.91
 194.32   82.26
 194.44  114.95
 194.55  214.42
 194.59   92.93
 194.60  235.50
 194.92  175.56
 196.56  172.51
 196.74  188.06
 197.15  219.57
 197.30  115.32
 197.39  216.82
 197.61  199.55
 197.93  179.69
 198.36  181.83
 198.40  185.42
 199.58  160.88
 200.28  201.50
 200.30   81.45
 200.68  173.66
 200.82  158.50
 200.88  209.32
 200.94   73.44
 201.55   78.18
 201.96  246.63
 202.00  177.31
 202.60  112.67
 202.72  161.40
 203.11   81.79
 203.70  109.90
 204.04  198.57
 204.32  121.22
 204.70   78.05
 204.97  201.71
 205.30  155.64
 205.53   96.50
 205.81  200.75
 206.57  244.63
 206.93  240.83
 206.95   41.26
 207.01  144.80
 207.38  125.59
 208.25  108.36
 208.45  169.65
 208.60  185.55
 208.67  234.63
 208.90  194.88
 209.10  243.58
 209.49   83.54
 209.57  137.16
 209.94   91.68
 210.21  188.12
 210.77  236.67
 211.49   89.39
 211.50   92.25
 211.62  100.37
 211.87   79.84
 212.00  103.35
 212.22  131.95
 212.87   97.44
 214.02   93.71
 214.41  122.77
 214.41  192.79
 214.49  234.21
 214.56  199.17
 214.63  189.67
 215.23  221.90
 215.39  147.41
 215.46   82.00
 215.84  134.59
 215.88  129.55
 217.58  203.06
 218.43  116.41
 218.60  199.97
 219.61   88.18
 219.61  180.96
 219.76  163.74
 219.91  150.62
 220.06  113.41
 220.25  100.85
 220.25  189.04
 220.99  130.08
 221.00  192.33
 221.26   94.50
 221.50   91.64
 221.55  173.86
 221.91  152.78
 221.98  146.86
 222.44  195.32
 222.79  205.66
 223.01  199.15
 223.04  162.94
 223.10  230.35
 223.12  216.76
 223.47  101.92
 223.49  239.25
 224.65   90.07
 225.32  162.12
 225.42  196.53
 225.62  125.64
 227.16  130.42
 227.21  103.44
 227.31   95.93
 227.68  117.87
 227.86  163.28
 229.25  181.08
 229.48  123.10
 230.42  140.18
 232.06  236.15
 232.43  137.82
 232.90   99.16
 233.22  238.79
 233.49  114.35
 233.70  145.73
 234.07  152.25
 234.16  175.55
 234.94  209.57
 234.99  134.94
 236.01  104.01
 236.36  123.28
 236.73  216.23
 236.78  181.06
 236.97   86.19
 237.13  184.55
 237.19  233.95
 237.57  158.27
 238.99  137.51
 239.03  131.01
 239.17  228.33
 239.76  172.05
 239.92  176.26
 240.62  180.51
 241.49  159.42
 241.83  133.26
 242.75  103.10
 243.23  182.98
 243.41  178.26
 244.19   85.78
 244.60  157.82
 245.08  154.41
 245.39  150.24
 245.70   96.49
 246.70  247.05
 247.16   87.59
 248.61  187.36
 249.14  112.59
 249.65  181.91
