   7.68  249.33
   9.45   42.42
  14.06  136.30
  14.39  238.20
  14.70  206.91
  15.55  185.42
  16.71  131.77
  18.23   24.96
  18.50  182.72
  19.17  185.43
  19.31  119.26
  19.49   20.79
  21.09  142.34
  22.34  145.00
  22.99  182.93
  23.08  216.93
  23.99   36.66
  24.70  226.50
  24.81  148.87
  24.97  136.02
  25.39   38.87
  26.00  142.56
  26.28  220.01
  26.46  120.46
  26.99  139.06
  29.65   23.17
  30.43   31.05
  30.76  155.84
  30.95   16.01
  31.00  136.57
  31.16  170.16
  31.22  238.04
  31.48  205.20
  31.80  206.78
  32.67  132.53
  33.31  143.36
  33.43  221.25
  33.49   14.34
  33.49  174.80
  34.32  212.88
  34.35   17.15
  34.63  129.63
  35.33  153.56
  35.38  166.04
  38.88  179.24
  39.37  167.51
  39.95   25.30
  40.50  239.46
  40.73   14.65
  40.77  151.35
  41.62  231.67
  43.78  193.54
  44.17  222.92
  44.61  162.34
  44.78  184.43
  47.77  161.04
  49.03  223.68
  50.03  210.77
  51.05  186.64
  52.02  217.97
  52.45   15.71
  53.13  174.93
  54.73  200.82
  55.71   65.78
  56.41  190.69
  57.15  228.61
  57.68  217.97
  57.86   73.97
  57.97  144.81
  58.30   60.26
  58.58  155.30
  58.84   64.43
  59.46  183.12
  59.83  165.04
  61.12  231.98
  61.61   67.59
  61.73   89.22
  62.33  215.07
  63.19   82.19
  63.29  206.73
  63.46   84.31
  65.26   63.91
  65.66  126.56
  67.73   61.50
  67.85  146.11
  67.96   18.08
  68.15  220.19
  69.24  201.31
  70.37  210.71
  70.91  165.50
  71.88  169.21
  72.12  144.61
  73.55  169.97
  73.96   88.70
  74.27  230.97
  74.56  166.50
  74.61  218.38
  75.68  105.47
  76.87  210.83
  79.11  231.30
  79.58  182.28
  80.08  127.09
  80.11  121.26
  80.69  187.59
  81.14   49.62
  81.57   77.14
  81.72  116.64
  81.79   91.07
  82.44  175.31
  83.36  121.56
  83.37  121.08
  84.70  110.93
  85.15  129.47
  85.60  181.90
  86.57  168.68
  86.68  192.06
  86.94   92.34
  87.27  122.18
  87.76  132.69
  88.89  100.82
  91.29  128.44
  92.73   42.71
  92.75  175.53
  93.12   36.78
  93.66  111.55
  95.93  105.48
  96.27   36.18
  96.83   39.43
  96.86   39.20
  97.33   85.01
  97.39  173.13
  98.09  171.24
  98.60  227.49
  98.99  121.55
  99.08  121.11
  99.25  166.95
  99.27   99.79
  99.91  155.53
 100.24  234.89
 101.33   84.32
 101.68  109.47
 102.16  153.46
 102.20  171.05
 102.30  208.23
 102.45  191.68
 102.86   91.29
 103.31  100.24
 103.80  107.24
 104.00  140.40
 104.12  160.82
 104.97  210.34
 105.28  112.05
 105.58  159.25
 106.22  192.12
 106.23  151.42
 107.05   39.61
 108.08  145.25
 108.71  109.84
 109.47  191.17
 109.71  186.38
 109.83  207.52
 110.73  162.16
 110.76  150.42
 110.82  165.42
 111.45  170.45
 111.78  117.40
 112.03  189.24
 112.79  169.85
 113.03   36.28
 113.24  189.12
 113.42   99.55
 113.43  106.47
 113.52  153.00
 113.78  243.56
 113.80  108.26
 113.93  202.58
 114.69  168.89
 114.85  148.60
 115.97   38.49
 116.24   45.41
 116.49  101.37
 116.70  166.14
 117.11  196.33
 117.31  183.36
 117.54  158.56
 117.79  119.48
 118.20  111.54
 118.28   38.35
 118.35  117.76
 118.46  162.96
 118.75  202.28
 119.54   50.79
 119.80  219.92
 120.18  224.84
 120.84   45.13
 120.92  223.04
 121.01  111.21
 121.82  238.19
 122.40  158.23
 122.91  176.82
 123.35  143.92
 123.82  110.00
 124.06  223.37
 124.40  114.08
 124.62  189.98
 124.86  151.24
 125.15  120.40
 125.39   43.79
 125.58   51.71
 126.72  142.70
 126.84  198.27
 128.32  144.28
 128.48  152.12
 128.48  160.79
 128.72   56.26
 130.35  119.25
 130.48  230.32
 130.71  105.14
 130.78  162.91
 131.64  138.91
 131.93  113.01
 132.33  219.37
 132.53  107.58
 132.53  150.55
 133.84  222.26
 134.17  231.31
 134.38  148.12
 135.17  114.42
 135.61  218.20
 136.10  156.04
 136.62   11.08
 136.89  117.71
 137.79   39.41
 138.54  227.07
 138.56  144.93
 139.08  151.13
 141.17   39.60
 141.55   34.71
 142.12  118.22
 143.69  122.09
 144.38  235.68
 144.53   40.06
 145.27  107.01
 146.57  150.29
 146.93  228.69
 147.50  125.41
 147.77  139.09
 148.65  220.29
 148.99  148.78
 149.79  235.57
 149.85  163.85
 151.22  133.32
 151.49   46.94
 154.57   84.68
 154.98  219.38
 157.64  215.28
 157.69   40.02
 159.38   12.32
 159.64   46.72
 159.72  141.63
 160.28  155.31
 161.28    7.10
 162.76  129.76
 162.91   44.22
 163.02  210.15
 163.18  211.73
 163.98  141.15
 164.76  218.04
 165.24  158.46
 166.88   55.41
 167.00  134.72
 168.91  130.05
 169.19   38.82
 169.44  211.27
 170.63   44.70
 172.30   33.66
 172.30  224.18
 172.44  153.42
 173.74  219.25
 173.91   41.66
 174.87   56.68
 175.10   66.53
 175.18   22.00
 175.47   19.17
 176.12   45.21
 176.14   64.02
 176.17  142.36
 177.71   72.46
 177.77   64.57
 178.00   55.92
 178.42   25.19
 178.65   81.28
 179.00   64.87
 179.07  154.04
 179.31   35.24
 179.74   50.10
 181.11   55.13
 181.49   80.40
 181.71   43.70
 181.76   17.90
 181.76  200.84
 182.38   47.35
 182.51   13.14
 183.37   30.52
 185.81  212.89
 185.89   36.26
 186.01   15.09
 186.37   22.53
 186.41   67.37
 186.78   49.44
 187.20   40.87
 187.20  104.56
 188.05  204.31
 188.81  205.60
 189.36   73.57
 189.58   18.93
 190.22   13.76
 190.34   32.79
 190.84  209.24
 190.93   27.75
 191.42   55.98
 192.01   23.23
 192.86   40.49
 193.02  224.81
 193.28   59.73
 193.68  170.16
 193.77  156.54
 194.20   22.78
 194.32  200.39
 194.58  186.57
 196.92   41.23
 196.92  190.09
 196.93  235.85
 196.94  227.69
 197.03  141.40
 197.10   31.48
 197.40  218.70
 197.71  231.28
 197.95  215.25
 198.00   52.13
 198.52  224.55
 198.53   37.00
 198.64   58.01
 198.96  140.95
 198.98  231.62
 199.58   20.26
 199.90  229.10
 201.05  220.08
 201.63  205.99
 201.66  209.63
 201.73   40.39
 201.86  213.94
 202.24   44.15
 203.00  236.46
 203.37  150.46
 203.79  242.29
 204.09  214.17
 204.30  103.75
 205.05  188.12
 206.33   30.50
 206.46  149.29
 206.50  167.09
 207.07   18.52
 207.22   43.27
 207.22  207.43
 207.82  103.66
 208.85   36.40
 209.21  145.62
 209.45  206.62
 209.87   25.50
 210.29   64.17
 210.43  192.52
 210.54  160.13
 210.77   52.64
 211.05  209.79
 211.21  196.57
 211.23  212.64
 211.41   20.88
 213.16   70.66
 213.33   29.35
 213.90   60.76
 214.29   36.13
 215.23   45.48
 215.78   57.72
 216.09  110.57
 216.46   22.88
 217.82  134.32
 218.60   61.47
 218.75  111.20
 219.54   30.47
 219.76  106.87
 220.18   38.29
 220.64  232.30
 221.84   57.40
 222.09   22.59
 222.36  184.21
 222.85  205.33
 223.48  247.26
 223.58  167.92
 223.67  131.47
 224.81  192.05
 224.84  231.10
 224.87   25.59
 225.38  172.22
 225.57   73.59
 227.24  130.91
 227.36   27.96
 227.42   59.02
 228.04  168.20
 228.09  194.36
 228.21   38.48
 228.44   44.56
 228.93  131.17
 229.26   68.55
 229.36  173.07
 229.62  166.91
 229.96   40.96
 231.10   29.49
 231.62  156.13
 232.19  118.27
 232.63   26.11
 232.65   25.01
 232.68  192.47
 233.00  175.32
 233.08  138.44
 233.66   34.67
 233.96   62.88
 234.28  242.39
 234.49  160.73
 234.56  186.58
 235.05  168.35
 235.49  121.81
 235.97   65.57
 236.76  137.10
 236.93   51.61
 237.15  124.98
 238.10   60.39
 238.52  174.84
 238.62  139.95
 238.97  198.99
 239.35   31.47
 240.11  209.01
 240.44  224.23
 241.03  156.53
 242.21   51.85
 242.25   38.37
 243.15   27.86
 243.77  118.72
 244.10  198.62
 244.81   96.55
 244.88   55.48
 244.91   37.24
 247.76   18.93
