  18.07   79.48
  18.67   75.30
  18.89   79.09
  21.32   88.86
  25.03   95.13
  26.49  102.06
  27.21   93.17
  30.69  108.47
  39.72  106.59
  40.70  115.47
  41.88   82.59
  45.21  117.01
  48.92  115.57
  50.43   80.30
  52.48  123.70
  57.69  130.37
  63.24   69.75
  78.75   69.49
  79.13   69.58
  92.02   69.05
 106.39   70.05
 114.07  162.32
 114.86   74.24
 116.91  163.29
 119.59  164.71
 124.69   80.96
 125.33   71.61
 128.60   80.44
 130.60   83.79
 132.23   71.21
 133.35   88.63
 153.94   69.81
 159.63   67.18
 163.94   76.56
 173.63   92.44
 185.56  227.54
 197.74  211.55
 200.56   72.86
 201.10  210.43
 204.34  208.76
 206.17  214.03
 206.32  213.78
 207.39  209.48
 210.88  213.58
 210.92  217.72
 213.33  217.95
 215.44  219.86
 218.23  223.27
 222.80  223.94
 233.13  235.75
 237.02  234.81
 246.02  246.10
