   9.92  142.13
  25.16  153.30
  32.17  144.60
  32.47  141.17
  34.60  136.98
  35.27  140.32
  37.89  129.87
  39.99  132.10
  40.40  125.42
  40.82  140.48
  41.55  128.26
  42.52  122.79
  42.75  126.62
  42.81  126.39
  44.96  145.39
  45.37  119.62
  45.69  129.00
  46.31  140.64
  47.40  116.63
  48.61  114.22
  48.84  119.65
  50.34  116.44
  50.39  111.12
  50.58  180.12
  52.80  175.85
  54.24  107.46
  54.28  177.92
  56.06  134.20
  57.77  108.96
  58.07  176.55
  58.09  118.07
  58.36  105.79
  58.71  136.00
  61.92  106.11
  64.50  101.35
  68.64   99.34
  71.40   95.30
  71.64   99.34
  80.71   99.76
  82.62   94.32
  87.32   92.48
  90.14  195.99
  90.16   86.20
  95.75  221.82
  95.98   95.00
  99.07  174.70
 102.10  210.41
 103.13   82.05
 104.54  216.06
 108.40   76.15
 114.09  102.48
 115.78   80.64
 117.75  148.58
 117.84   82.53
 120.04  226.93
 120.90   79.68
 122.90   76.44
 123.47  165.23
 125.45  245.78
 126.02  168.34
 126.54   77.05
 127.47   74.36
 127.78  160.78
 127.98   84.92
 131.28   82.20
 132.01   77.13
 132.41   87.34
 132.46  136.85
 132.97  163.28
 133.31  192.87
 134.28  246.53
 134.42  175.08
 137.95  164.59
 138.50  159.71
 140.09   75.49
 140.60  237.07
 140.87  157.00
 141.36  168.79
 142.77  168.06
 144.32  103.77
 144.34  143.24
 147.66  168.56
 147.73  172.87
 147.75  156.53
 148.19  143.66
 148.85  103.52
 149.39  165.78
 149.88   66.35
 150.09  109.05
 150.62  169.51
 151.38  161.95
 151.59  248.53
 152.47  168.89
 155.30  113.60
 155.40   63.24
 156.05  246.46
 156.57   60.03
 157.38  242.46
 158.92  181.14
 159.88   59.54
 160.56  204.58
 161.04  182.86
 161.60  241.61
 161.83   54.77
 162.77  232.04
 162.77   96.66
 164.12   88.53
 165.58   52.86
 165.93  184.09
 167.63  240.49
 167.99  232.49
 169.03   48.59
 169.36   42.89
 169.37  183.36
 169.75  202.38
 171.18  224.96
 171.80  243.07
 172.08  249.71
 172.08  200.23
 172.15  209.49
 172.35   37.73
 173.30   41.54
 175.59  184.55
 175.84  228.18
 176.06  224.84
 176.28   43.64
 177.08   29.22
 179.71  179.26
 180.17  185.56
 180.29  242.88
 181.94  239.90
 182.40  246.59
 184.29   36.36
 184.34  179.76
 184.39  222.47
 187.00   17.22
 189.02   18.81
 189.64  142.00
 191.45  237.92
 191.54  137.83
 193.69   11.81
 195.94   14.68
 196.27    9.22
 196.79  170.20
 198.34  124.40
 198.56  233.85
 200.96  125.68
 201.30  243.07
 205.83  226.88
 206.58  105.36
 206.99  214.91
 207.93   39.61
 209.30  247.83
 209.67  193.82
 210.23  102.93
 210.75  228.40
 210.96  235.08
 212.45   12.29
 213.12   55.49
 213.20  229.15
 213.89   88.42
 213.98   64.66
 214.53  242.10
 216.74  209.60
 219.44  186.02
 219.80  235.98
 220.62  200.71
 221.00  240.17
 221.43  208.68
 222.37  112.06
 222.85  122.75
 224.12   68.02
 225.03  239.86
 225.64  243.93
 227.79  194.81
 232.38  234.80
 233.09  169.30
 233.36  238.62
 233.81  184.00
 235.17  209.32
 238.24   20.71
 240.79   12.69
 242.14  233.23
 242.19   10.31
 242.47  209.52
 244.30  149.03
 245.10  162.46
 245.18   49.79
 245.73   12.73
 246.87   36.46
 247.90  154.59
 249.43  236.48
