  13.89   65.77
  28.81  157.28
  33.19  154.67
  35.43  152.09
  88.58   54.52
  89.29   53.53
  91.31  188.97
  97.49  177.99
  98.08  182.45
 100.59  189.27
 101.82  177.06
 102.29  168.67
 102.31  178.95
 102.97  172.57
 103.47   65.12
 104.89  174.97
 105.27  234.46
 107.29   58.77
 107.43  225.28
 108.90  235.88
 109.44  229.73
 109.61  164.13
 111.25  183.10
 112.68  154.03
 113.50  174.85
 114.28  237.95
 114.49  160.73
 116.51  146.75
 116.56   74.66
 116.94  225.82
 117.33   64.92
 118.00  160.10
 118.99  153.11
 119.15   90.82
 119.32  174.98
 119.34  242.30
 120.14   79.39
 120.85  146.49
 121.38  178.33
 121.42  150.07
 121.56  161.67
 122.19  156.96
 122.21  173.09
 122.65  153.80
 124.15  192.39
 124.43  175.62
 124.73  104.59
 125.10  109.09
 125.26  241.32
 125.49  161.53
 126.67   98.17
 127.61  243.52
 127.73  116.93
 130.15  183.27
 130.33  163.99
 130.68  137.85
 131.04  148.95
 131.72  172.15
 132.89  153.03
 133.12  178.10
 134.00  125.39
 134.50  131.21
 136.81  159.23
 137.00  190.64
 138.24  131.25
 139.30  187.63
 139.40  164.68
 141.48  176.36
 143.59  168.52
 146.67  226.04
 147.16  212.83
 147.49  162.25
 148.66  171.87
 149.47  147.54
 150.68  141.49
 155.48  163.30
 155.70  144.77
 157.33  168.49
 157.43  153.25
 158.59  156.82
 159.88  220.95
 160.49  172.01
 164.01  223.18
 164.45  173.66
 166.19  149.40
 167.69  166.74
 169.29  161.36
 169.44  156.91
 171.32  223.99
 171.56  133.24
 171.90  160.09
 172.82  162.90
 173.09  133.96
 174.60  139.46
 175.79  171.54
 178.57  136.56
 179.93  131.94
 182.27  181.05
 184.82  152.58
 184.94  133.05
 185.64  217.72
 185.82  210.30
 186.89  166.00
 189.01  202.80
 190.85  155.06
 191.13  209.63
 192.38  191.87
 192.41  139.47
 192.68  163.42
 195.07  158.72
 195.10  172.18
 197.47  183.41
 197.68  110.26
 197.82  200.64
 198.29  154.15
 198.89  194.92
 200.62  113.05
 202.17  118.95
 203.16  109.14
 203.70  124.83
 207.89  107.08
 208.06  125.02
 209.71  120.75
 210.87  109.85
 212.62  130.33
 213.63  164.13
 215.50  130.35
 219.62  146.76
 220.17  119.57
 221.01   46.73
 221.37   46.65
 223.13   40.50
 224.07   90.68
 227.27  128.23
 227.66   41.80
 228.74  128.48
 229.23  108.76
 229.64   38.52
 230.68  137.93
 230.93  133.48
 231.42  167.36
 232.89   43.14
 233.99  139.13
 234.95  110.39
 235.64   39.33
 236.66  185.00
 241.14   90.32
 242.31   46.47
 242.33  236.15
 243.65   47.06
 244.55   10.47
 244.83   87.62
 248.59    9.30
 249.07   11.91
