  11.30  189.69
  11.61  237.43
  17.12  181.69
  17.60  208.56
  19.10  169.13
  19.57  205.86
  24.17  180.96
  25.76  152.77
  26.15  164.88
  27.15  173.86
  28.45  139.99
  30.02  168.35
  30.54  183.97
  30.68  186.96
  31.74  247.68
  32.14  153.64
  32.69  169.77
  33.45  194.02
  34.70  203.64
  35.74  141.92
  36.44  149.30
  36.48  215.45
  36.54  182.08
  36.56  176.83
  36.80  176.26
  37.70  204.51
  38.42  159.46
  38.61  245.52
  38.81  173.45
  39.39  186.40
  40.77  242.81
  41.96  145.80
  42.23  161.76
  43.03  245.22
  45.76  154.97
  45.95  192.39
  47.43  178.06
  49.33  240.73
  49.62  217.17
  50.11  200.45
  50.54  222.56
  50.80  144.41
  51.40  184.20
  51.43  175.37
  51.58  178.42
  52.02  147.38
  53.13  143.98
  53.50  208.38
  54.87  172.13
  55.74  136.00
  56.76  193.68
  57.69  209.66
  58.39  232.08
  58.58  168.45
  63.62  235.98
  64.24  228.87
  64.71  229.73
  65.02  218.69
  66.17  176.21
  66.85  189.05
  70.39  204.34
  70.42  119.65
  70.66  137.48
  72.08  200.71
  72.95  193.64
  73.42  142.41
  73.51  225.80
  73.81  150.36
  74.96  151.34
  76.42  127.95
  77.20  237.26
  77.55  137.67
  78.85  200.58
  79.42  167.10
  83.13  127.13
  83.54  188.08
  84.90  131.76
  86.54  220.26
  86.55  109.75
  87.28  171.73
  89.90  184.38
  89.91  216.56
  90.19  209.43
  91.03  219.56
  93.04  108.68
  93.74  113.24
  94.40  215.13
  95.24  218.56
  95.54  178.63
  96.66  115.36
  96.82  119.19
  97.03  210.11
  97.79  196.42
  99.02  108.91
  99.72  200.95
 100.19  103.79
 101.01  114.73
 101.07  212.44
 101.52  180.42
 101.76  192.47
 102.55  155.92
 103.39  208.55
 103.61  106.13
 105.63  205.88
 107.34  235.98
 107.38  172.90
 108.34  233.02
 110.06  124.06
 111.67  176.08
 112.26  171.11
 112.59  164.31
 112.85  133.60
 115.23  204.26
 116.54   95.40
 117.60  190.48
 119.20  161.33
 119.34  130.78
 119.38  164.51
 120.01  153.09
 120.29   97.81
 122.21  152.84
 123.05  117.31
 124.36  114.24
 125.54  160.51
 125.68  123.31
 125.75  105.09
 125.81  146.62
 126.87   91.28
 127.20  247.62
 128.22  110.11
 129.12  139.98
 129.16  130.15
 129.76   99.80
 130.93  115.70
 131.08  152.93
 132.64  135.29
 133.12   94.18
 133.33  243.75
 133.90  159.18
 134.07  152.66
 134.23   90.00
 134.63  127.72
 134.72   97.83
 141.01  241.27
 141.87   99.34
 142.03  157.49
 142.78  116.97
 148.07  124.93
 148.36   93.83
 149.48  152.37
 149.73  157.97
 150.63   97.43
 151.33  115.85
 153.35  127.46
 156.57  115.18
 157.93  124.67
 159.79  127.35
 160.64  109.06
 161.25  115.36
 161.41   82.29
 161.75   87.78
 162.36   92.96
 162.80  118.91
 163.70  127.33
 163.80  115.72
 163.87  107.48
 164.20  139.49
 165.08  121.93
 167.13  120.06
 167.26   79.13
 169.05   96.08
 169.39  157.07
 170.05  127.43
 171.63  161.54
 172.69  116.91
 173.56   96.15
 174.06   75.96
 174.75   83.09
 175.24  202.50
 175.89  196.67
 175.90  206.58
 176.24  150.50
 176.63  122.39
 177.17  210.14
 177.29  161.45
 177.46   91.93
 178.17  109.77
 178.40   82.19
 178.59  126.21
 180.19  107.46
 180.67  148.77
 180.83   79.52
 181.33  153.35
 181.42  199.46
 181.96  167.44
 181.99  140.00
 183.07  123.08
 185.80  154.11
 186.65  122.63
 187.46  107.91
 190.92  109.89
 191.27  104.10
 193.59  200.35
 193.81  127.08
 194.20  129.99
 197.95  147.28
 198.07  201.13
 199.63   96.47
 200.10  101.89
 200.39  102.00
 200.61  164.07
 200.72  117.75
 204.40   78.57
 205.85  123.09
 211.19  121.76
 211.58  230.41
 211.84  230.26
 212.44   74.81
 212.47  247.57
 213.24  113.80
 214.59  145.11
 214.60  135.31
 217.30   60.71
 219.60  115.74
 220.07  128.13
 222.82   65.87
 224.22  219.87
 224.45   45.29
 224.66  244.94
 225.77  240.19
 225.82  127.78
 227.24   70.74
 227.58   45.34
 228.78  243.33
 230.49   68.80
 231.89   47.66
 232.49  131.69
 233.09   42.30
 234.58  236.55
 234.83   70.36
 236.00   55.26
 236.15   39.88
 236.32  125.60
 236.76   47.48
 237.44  210.75
 237.75   56.82
 238.28  240.09
 238.83   78.20
 239.26  209.51
 240.58   75.47
 242.22  210.09
 242.58   31.06
 242.62  236.24
 244.06  143.71
 245.26   73.72
 246.42  232.37
