   7.61  151.20
   8.84  162.43
   9.82   58.91
  11.41   49.07
  12.66   97.26
  13.23  247.38
  13.47   58.61
  13.76  103.52
  14.13   40.84
  14.75   71.03
  15.02   78.84
  15.09  185.74
  16.18  111.83
  16.20  165.73
  16.66  180.05
  16.97   69.04
  17.23   56.83
  17.84   77.11
  18.27  180.83
  18.29   41.31
  18.66   62.33
  19.05   79.97
  20.77   39.30
  21.97   88.21
  22.31  125.01
  22.59   69.93
  23.05   65.08
  23.52   83.93
  24.66  144.43
  25.34   87.02
  25.52   97.31
  25.68  131.18
  26.02   79.81
  26.48   42.16
  26.88  101.35
  27.76  184.95
  28.44   73.70
  28.63   66.55
  28.93   44.11
  28.99   46.75
  28.99   86.23
  29.40   91.13
  29.69   70.19
  29.72  112.59
  30.03   49.54
  30.47   81.60
  30.69   75.69
  30.75   61.45
  31.03   58.86
  31.28  132.25
  32.31   52.11
  33.37  127.13
  33.82   99.93
  34.37   83.00
  34.76   76.09
  35.38  119.26
  35.57   79.65
  35.63  156.27
  35.83  116.22
  35.84   57.36
  36.51  185.87
  36.67   59.95
  37.23   54.05
  37.88   85.97
  38.12  175.92
  38.40   47.45
  38.51  121.57
  39.13  101.34
  39.21   43.38
  39.24  184.96
  40.45  127.32
  40.89  104.62
  41.02  176.14
  43.35   49.74
  43.89   68.53
  44.00  110.57
  44.22  134.02
  44.77  179.19
  45.07   97.00
  45.41   57.32
  45.96   59.62
  46.24  140.69
  46.24   74.47
  46.28   78.03
  46.30  167.45
  46.84   64.26
  46.99  111.51
  47.03   53.68
  47.06   83.29
  47.37   95.21
  47.66  136.19
  47.98  149.20
  47.99  102.72
  49.00  109.30
  49.55  179.41
  50.82  101.58
  50.95  114.37
  51.05   65.36
  51.11   78.74
  51.14  166.65
  52.08   83.63
  52.15   96.65
  52.25  186.01
  52.61   89.18
  52.74  117.00
  52.80   94.11
  52.90  103.98
  52.96  181.10
  53.85  112.42
  54.26   68.42
  54.40  166.42
  54.95   62.54
  54.97   76.46
  55.38   71.49
  55.46   53.96
  56.17  126.55
  56.65  103.74
  57.03  119.06
  57.25  113.29
  57.62  133.40
  57.78  136.96
  58.06  128.56
  58.38   82.67
  58.61  142.99
  58.65   72.89
  59.24  180.17
  59.82  122.35
  59.99   91.74
  60.36   44.80
  60.47   87.95
  60.68  157.34
  61.10   65.74
  62.46  131.27
  62.88  118.65
  63.37   88.35
  64.47  248.83
  64.76   61.57
  64.83  130.94
  64.84   45.76
  65.94   86.87
  66.73   69.29
  67.39  133.96
  67.82  152.54
  67.92   95.10
  68.08   55.71
  68.55   98.75
  68.72   47.60
  69.20  136.46
  69.61  149.06
  69.73  116.85
  70.22  186.94
  70.52  119.79
  70.70  164.53
  70.90   84.25
  71.33   60.04
  71.35  141.57
  71.48   65.85
  71.74  107.28
  71.82  123.85
  72.06  121.86
  72.25   99.96
  72.55   95.65
  72.58  113.93
  73.57  189.68
  73.59   77.29
  73.74   78.04
  73.82  131.26
  73.95  157.98
  74.01  123.21
  74.39   45.74
  74.44   65.09
  74.89  109.30
  75.02   98.32
  75.06   60.33
  75.58   90.49
  75.86   95.24
  76.13  136.24
  77.71   71.66
  77.73  156.72
  78.44  138.96
  78.53  162.08
  78.53  105.77
  78.69  118.47
  79.12   96.96
  79.15  101.91
  80.20  150.14
  80.75  135.60
  81.67   99.09
  81.95  127.09
  82.10   76.75
  82.24   63.98
  82.97   91.10
  83.05  226.36
  83.07   49.37
  83.25  137.64
  83.26  156.31
  83.35  110.30
  83.36   57.35
  83.40  142.49
  83.70   54.70
  83.97  169.52
  84.05   74.17
  84.31  118.10
  85.06  123.54
  85.40   62.74
  85.48   47.84
  85.56  154.06
  85.98   95.91
  86.31  159.53
  86.72   66.53
  86.78  113.29
  86.98   92.27
  87.56   59.77
  88.14   77.73
  88.64   49.35
  89.09  164.87
  89.86  194.26
  89.86   90.39
  89.94   97.36
  90.02  133.60
  90.27   69.57
  90.73   84.02
  90.78   87.55
  91.66  107.83
  91.76  122.37
  91.85  167.42
  91.87  160.95
  92.19   49.09
  92.64   59.27
  92.64  135.08
  93.08  115.50
  93.09  150.87
  93.37   85.73
  93.63   92.04
  93.80   56.22
  93.96  142.48
  94.30   88.46
  94.49  187.47
  94.75  125.51
  94.83   76.68
  95.28   51.42
  95.33  178.93
  95.76   72.94
  96.00  108.69
  96.06   94.27
  96.09  120.69
  96.17   69.82
  96.20  166.60
  96.33  100.50
  96.34   54.12
  96.39   97.61
  96.56  157.40
  96.68  134.58
  96.74   49.09
  96.83   83.71
  97.87  180.22
  97.88   89.53
  98.15   75.71
  98.25  155.89
  98.81   56.45
  99.72  110.07
  99.96  137.58
 100.11   98.78
 100.61   64.95
 100.81   63.31
 100.84  120.44
 101.05   78.06
 101.29  114.80
 101.73  113.74
 101.77  155.17
 102.84   49.48
 102.88  169.89
 102.92  179.27
 104.20   55.94
 104.67  128.21
 105.11  134.13
 106.00  170.95
 106.25  151.07
 106.60  102.99
 106.82  113.49
 107.16   71.07
 107.53  155.33
 107.62   98.67
 107.76  136.29
 107.90   98.65
 107.97  105.25
 108.12  116.22
 108.95  123.34
 109.01  191.99
 109.03  108.21
 109.18   49.62
 109.19  131.47
 109.32  177.55
 109.71  140.87
 110.63   76.84
 111.03  117.64
 111.24  151.26
 111.49  195.79
 112.21  184.08
 112.29   67.95
 112.56  168.16
 112.58  110.87
 112.66  126.40
 112.76  190.00
 112.90  119.16
 113.80  163.81
 114.61  104.73
 114.62   74.97
 115.34  156.96
 115.37  202.37
 115.63  148.20
 115.65  179.02
 115.76  144.90
 116.20  166.85
 116.33   90.26
 116.83  158.12
 116.95  155.48
 117.34  208.92
 117.37  108.99
 117.51  105.60
 117.54  189.43
 117.65  173.71
 117.68   83.01
 117.79  140.88
 118.48  223.22
 118.92  143.43
 119.04  185.17
 119.10  119.93
 119.40  160.41
 119.79  205.66
 120.25  115.63
 120.39   96.91
 120.83  146.12
 121.18  126.12
 121.58  180.69
 122.27  179.43
 122.73  112.41
 123.24  192.36
 123.34  148.72
 123.50   81.64
 124.07   88.91
 124.07  105.97
 124.22  138.70
 124.30  144.00
 124.62   93.80
 124.84  155.45
 124.88  200.55
 125.18  103.24
 125.48  141.45
 125.56  122.54
 125.78  178.77
 125.99  121.23
 126.20   54.04
 126.41  214.99
 126.54  147.17
 126.70   97.58
 126.70  209.12
 126.73  195.14
 127.22  115.15
 127.87   98.95
 128.31   94.26
 128.34  144.49
 128.60  161.71
 129.63   92.09
 130.08  201.67
 131.30  100.40
 131.31  214.13
 131.58  135.33
 131.80  203.40
 131.84   94.66
 132.01  184.52
 132.10  210.18
 132.33  119.24
 132.37  111.36
 132.43   91.43
 133.21  165.65
 133.64  129.85
 133.69   82.80
 133.86  126.78
 133.91  138.89
 133.93  147.41
 134.29   97.98
 134.30  131.02
 134.38   89.59
 134.50  102.96
 134.91  189.71
 135.19   69.62
 135.58  166.16
 135.66  141.94
 136.08   51.73
 136.70  144.82
 136.86   84.51
 137.97  131.39
 138.18  217.41
 138.34   94.19
 138.67  127.21
 138.97  140.17
 139.05   86.78
 139.27  186.05
 139.62   54.95
 140.07  227.69
 140.12  194.87
 140.65  151.52
 141.03  203.69
 141.76   96.01
 141.86  154.44
 142.37  132.87
 142.39  110.05
 142.62   99.78
 142.74  189.16
 143.10  210.39
 143.13  127.48
 143.17  118.27
 143.18   77.73
 143.48  157.82
 144.22  222.92
 144.36  112.05
 144.37  161.77
 144.62  225.74
 144.63   89.05
 144.71  219.71
 145.36  192.55
 145.67  182.86
 146.09  144.65
 146.14  228.62
 146.67   77.54
 146.94  156.11
 147.06   95.32
 147.68  135.70
 148.10  230.04
 148.22  108.54
 148.33   54.46
 148.36  181.93
 148.48   86.23
 148.50   86.57
 148.63   64.54
 148.91   78.86
 149.30  101.65
 149.39  101.72
 149.67  143.17
 150.01  147.90
 150.97  209.08
 151.15  156.42
 151.27  147.27
 151.66  111.77
 152.11  153.66
 152.21  226.98
 152.23   87.10
 152.52  222.39
 152.88  209.42
 153.64  118.09
 153.82  178.91
 154.40   80.10
 154.48  195.79
 154.62  128.28
 154.63  183.22
 154.78   90.45
 154.85  205.50
 154.90  225.23
 154.95   86.89
 155.07  123.51
 155.30  139.96
 155.66  190.10
 155.71  106.53
 155.91   69.03
 156.06  104.59
 156.19  112.74
 156.56  175.89
 157.02  241.80
 157.70  116.87
 157.79  113.38
 158.02  210.23
 158.73  137.05
 159.01  155.10
 159.25   72.75
 159.33  124.46
 159.49  119.77
 159.74  177.65
 159.97   69.37
 160.47  163.67
 160.76  193.25
 160.96   80.70
 161.28  128.14
 161.58  104.34
 161.59  217.65
 161.70  143.88
 162.75  242.45
 162.95  186.13
 162.95  181.36
 163.21   86.24
 163.27  149.76
 163.37   82.96
 163.42   54.60
 163.56   70.51
 163.58   78.26
 163.63  182.69
 164.37  125.10
 164.53   50.24
 164.82  135.25
 164.92  140.05
 165.29  207.37
 165.39  134.78
 165.45   60.15
 165.68  217.37
 165.85   79.86
 165.95  137.97
 165.97   74.26
 166.14  189.00
 166.25  119.82
 166.37  247.43
 166.42  128.07
 166.45   91.82
 166.45  115.94
 166.48  101.30
 166.71  176.87
 167.09   52.42
 167.18  210.22
 167.36  163.71
 167.43   76.48
 167.61  184.63
 167.65  171.46
 168.02   58.05
 168.38   85.13
 168.52  174.19
 169.13  187.21
 169.55  126.61
 169.57  114.64
 169.64  208.09
 169.79   54.81
 170.32  100.92
 170.45  242.41
 170.54   67.48
 171.77  202.76
 172.10  147.19
 172.98  111.15
 173.06  243.88
 173.07   80.45
 173.17  125.13
 173.18  245.02
 173.28  184.53
 173.29  104.52
 173.29   61.49
 173.31   75.61
 173.73   84.62
 174.01   82.99
 174.07  135.83
 174.39  176.93
 174.62  173.21
 174.79  199.27
 175.02   99.78
 175.77  130.72
 176.65  105.28
 177.01  151.53
 177.36  116.44
 177.61   91.60
 177.68  154.23
 177.78   76.43
 178.38  209.56
 178.86  179.14
 179.05   94.40
 179.40  150.10
 179.84  144.97
 179.88  131.74
 179.99  150.80
 180.62   84.28
 181.06  104.29
 181.62   58.08
 182.61   99.43
 182.81   91.63
 183.49  118.48
 184.07  153.50
 184.32  127.36
 184.45   49.49
 184.46  146.20
 184.94   86.16
 185.56  106.59
 185.80  216.85
 186.14   64.96
 187.21  169.41
 187.37  119.82
 188.04   66.96
 188.05  239.27
 188.70   94.54
 189.23  146.99
 189.50  123.64
 189.55  211.84
 189.71  118.89
 189.94  182.53
 189.95   48.35
 189.96  218.37
 190.04  154.91
 190.26  130.58
 190.29  171.68
 191.11   64.98
 191.39   45.34
 191.55  125.48
 192.17   98.13
 192.19  184.29
 192.40   68.01
 192.42  190.58
 192.51   81.47
 192.74   60.51
 193.05  102.69
 193.49   91.70
 193.70   86.45
 194.37  182.30
 194.39  126.94
 194.83  110.57
 195.29  152.37
 195.55  159.93
 195.68  139.48
 196.13   81.86
 196.45  180.22
 196.79  175.82
 197.21   72.64
 198.19  111.20
 199.17   83.00
 199.22   64.41
 199.34   43.06
 199.53   74.73
 200.13   68.40
 201.75  195.51
 201.76  104.31
 202.10  183.99
 202.36   71.28
 202.41  225.24
 202.88  165.44
 203.03   52.52
 204.27   43.98
 204.40  118.52
 205.11   61.38
 205.17  136.56
 205.81  107.89
 206.33  156.98
 206.47  133.72
 206.54  161.69
 206.78  180.18
 207.04  110.73
 207.33  194.51
 208.15  142.11
 208.21  240.45
 208.30  119.22
 208.39  130.74
 208.93   88.22
 209.03   99.01
 209.08   73.20
 209.19  164.58
 209.26   60.01
 209.39  159.14
 209.80  124.77
 209.86   56.69
 210.30  111.26
 210.70   95.68
 211.00  174.24
 211.59  147.05
 211.67  103.79
 211.92   41.43
 212.04  177.45
 212.32  112.57
 213.02   58.64
 214.20   61.74
 214.31   54.09
 214.52   74.19
 214.55  109.79
 214.81  104.26
 214.93  170.13
 215.11  142.33
 215.53  119.61
 216.47  132.10
 216.55  157.10
 216.55  125.02
 216.61  134.70
 216.85   75.99
 216.85   70.27
 216.98  142.22
 217.76   45.10
 217.96   86.35
 217.97  144.22
 218.08  186.53
 218.20  162.97
 218.69   54.48
 219.03  173.47
 219.18  172.03
 220.12  144.39
 220.25   71.78
 220.29  152.25
 220.67   89.81
 221.04  158.13
 221.17   52.39
 221.22  140.80
 221.23  140.96
 221.36   74.05
 221.61  132.87
 221.79   70.96
 221.96  102.53
 222.12   45.63
 222.30  114.77
 223.27  182.95
 223.35   78.34
 223.44  172.09
 223.61   81.35
 223.80   88.18
 225.43   21.30
 225.45   85.65
 225.66  159.58
 225.98  248.15
 227.07   39.48
 227.36  143.26
 227.46   58.80
 227.53   53.47
 227.56  104.58
 227.87  205.27
 228.30  109.35
 228.32  116.12
 228.86   56.40
 229.27  236.80
 229.28  126.82
 229.63   45.23
 229.91  157.55
 231.03  124.18
 231.04  101.53
 231.27   51.91
 231.30  244.36
 232.09  164.13
 232.53   69.88
 232.86  216.74
 233.07   69.13
 233.30  246.19
 233.48   38.70
 233.62  158.94
 234.05  163.90
 234.34   34.76
 235.38  206.11
 235.65  154.88
 236.11   42.92
 236.70  245.54
 237.31  128.02
 237.99   35.28
 238.23   93.92
 238.43   64.99
 239.07  171.72
 239.70   69.11
 240.22   84.90
 241.12  232.19
 241.31  138.99
 241.37  139.00
 241.48  145.49
 241.62  186.28
 242.32  132.61
 242.84  234.59
 243.19   73.17
 243.39  139.85
 243.90  219.54
 244.00  142.91
 244.32  241.60
 244.76  111.24
 245.07   26.33
 245.45  191.61
 245.47  183.03
 245.48  114.73
 245.51   39.90
 245.96  124.45
 246.99   32.09
 247.18  240.62
 248.07  141.85
 248.44  117.67
 248.52  196.31
 248.71  159.45
 249.03   73.52
