   7.76  199.31
   9.43  120.54
  10.63  196.11
  12.17  118.42
  14.12  123.43
  15.54   45.23
  18.06  115.75
  19.48  154.58
  19.68  121.31
  20.72  244.43
  21.14  162.21
  24.90  164.28
  26.69  244.89
  28.75  163.75
  29.32  175.17
  41.47  172.21
  42.16  213.56
  45.06  245.28
  46.81  183.39
  48.72  239.95
  50.02  191.06
  50.81  220.39
  51.36  186.72
  51.70  235.55
  52.84  182.79
  54.33  236.91
  54.78  172.04
  55.15  235.75
  55.49  187.37
  56.49  220.73
  56.82  175.80
  58.49  184.74
  59.48  188.53
  60.66  178.74
  61.65  231.68
  61.90  173.20
  65.02  171.98
  66.14  164.11
  66.67  202.23
  67.00  165.55
  67.40  171.08
  67.56   92.16
  70.30   94.31
  72.98   94.40
  75.49  206.95
  75.72   96.17
  77.84  150.74
  78.05  107.79
  80.32  220.92
  80.54  110.31
  84.49  200.92
  86.11  179.32
  86.68  205.91
  95.30  132.56
  95.60  134.17
  95.61  183.18
  96.20  196.41
  96.46  138.15
 101.99  130.59
 102.10  135.33
 102.54  125.75
 103.72  145.19
 104.50  139.51
 104.91  130.19
 104.95  148.58
 106.09  164.57
 106.45  147.48
 106.91  133.23
 108.23  131.09
 109.33  149.41
 109.37  116.03
 109.68  149.39
 110.01  133.60
 110.45  122.64
 110.54  154.15
 111.31  186.45
 111.82  127.11
 111.94  135.58
 112.64  110.96
 112.69  233.78
 112.71  117.45
 113.93  238.58
 115.35  143.71
 116.87  131.89
 117.74  185.48
 118.12  110.62
 118.30  161.25
 118.73  176.26
 118.76  236.20
 119.10  121.75
 119.14  128.74
 119.34  113.60
 119.34  167.81
 119.45  174.45
 119.63  180.74
 121.06  137.34
 121.37  164.49
 121.41  235.97
 121.49  171.19
 121.77  112.54
 121.78  116.70
 122.13  123.49
 123.05  111.52
 123.48  178.01
 123.63  234.36
 123.80  221.06
 123.89  132.32
 124.02  217.02
 124.24  173.99
 124.39  190.33
 125.88  116.09
 126.36  165.79
 126.66  239.94
 126.86  161.81
 126.89  122.74
 127.30  135.07
 127.91  109.60
 128.39  126.01
 128.87  129.83
 129.90  241.52
 130.45  158.44
 130.98  180.40
 131.04  154.98
 133.68  185.73
 133.81  109.82
 134.02  162.19
 134.33  130.56
 134.37  105.69
 134.43  182.51
 134.46  189.10
 135.74  202.21
 135.92  121.45
 135.99  154.89
 136.05  124.75
 136.12  116.14
 136.26  181.12
 136.64  168.28
 136.66  119.02
 137.20  171.26
 137.68  156.93
 138.97  163.55
 139.22  159.00
 139.46  162.34
 139.66  168.60
 139.71  134.05
 140.05  104.77
 140.15  140.44
 140.25  191.88
 141.25  108.88
 141.27  144.63
 141.49  136.76
 142.18  194.79
 142.23  206.52
 142.53  198.85
 142.62  146.76
 142.74  169.65
 143.10  123.24
 143.65  164.73
 144.47  138.42
 144.48  176.47
 144.55  117.71
 144.85  195.70
 145.52  135.90
 145.72  127.95
 146.95  123.90
 147.36  177.62
 148.13  217.96
 148.63  162.67
 148.64  211.85
 148.81  136.43
 149.22  195.70
 149.24  132.71
 149.30  129.36
 149.47  109.70
 150.75  172.97
 150.79  127.12
 151.03  124.68
 151.80  179.78
 151.90  116.03
 152.99  170.76
 153.69  130.73
 153.86  106.09
 154.44  180.18
 155.30  145.14
 155.53  207.42
 155.79  121.06
 155.98  171.78
 156.05  126.16
 156.46  177.32
 156.59  132.14
 156.67  136.54
 156.97  209.93
 157.23  109.63
 157.24  169.61
 157.38  139.71
 157.84  112.49
 158.00  179.92
 158.71  185.97
 159.57  182.90
 159.93  168.03
 161.17  170.84
 161.64  193.89
 163.27  180.10
 163.31  156.38
 163.55  135.89
 163.96  201.51
 164.00  190.53
 164.40  123.99
 164.86  179.08
 165.05  105.49
 165.81  185.78
 166.08  109.53
 166.24  168.26
 166.53  161.63
 166.55  111.45
 166.75  156.10
 167.37  119.40
 167.40  116.11
 168.16  181.47
 168.24  104.95
 169.15  126.37
 169.30  166.83
 170.27  111.09
 170.72  163.54
 171.11  143.79
 171.18  171.61
 171.20  122.44
 171.31  163.70
 171.32  118.68
 172.22  140.07
 172.72  175.09
 172.84  159.13
 173.30  186.09
 173.51  129.58
 174.05  163.56
 174.06  125.89
 174.34  114.47
 174.36  181.28
 174.57  163.45
 174.73  178.30
 174.80  103.39
 174.82  168.73
 175.47  152.03
 175.56   99.57
 175.76   99.48
 175.99  183.85
 176.70  221.13
 176.96  120.74
 177.98  205.64
 178.00  180.37
 178.33  125.55
 179.02  112.88
 179.62  146.43
 179.91  134.96
 180.21  105.98
 180.25  100.36
 180.40  247.38
 180.42  115.33
 180.46  131.84
 180.74  181.28
 181.11  154.36
 181.88  162.59
 182.07  185.05
 182.13  139.56
 182.56  111.53
 183.74  145.58
 183.96  169.89
 184.14  119.90
 184.78  142.31
 184.79  189.08
 185.04  136.24
 185.43  114.98
 185.46   99.97
 185.84  165.35
 186.10  123.76
 186.15  156.77
 186.88  131.51
 186.96  150.28
 187.38  170.21
 187.67  103.97
 187.78  176.11
 188.16  161.08
 188.25  121.86
 188.71  142.02
 188.88  111.07
 189.92  130.81
 189.98  157.59
 190.39  179.08
 190.79  146.47
 190.99  170.23
 191.13  100.53
 192.60  141.99
 192.80  106.70
 193.01  159.75
 193.22  136.71
 194.06  191.27
 194.45  156.55
 194.54  110.18
 194.57  102.84
 194.98  127.39
 195.17  119.69
 195.99  231.98
 197.07  225.67
 197.13  160.61
 197.65  100.20
 197.72  154.60
 198.28  197.43
 198.29  168.48
 198.52  103.81
 198.60  127.96
 199.43  164.49
 200.93  107.36
 202.49  132.47
 202.91  175.26
 203.43  118.51
 203.59  164.96
 203.66  136.06
 204.22  161.02
 204.23  157.31
 204.76  170.42
 205.67  120.22
 205.82  152.21
 207.71  114.98
 207.82  147.20
 208.31  119.02
 209.72  122.83
 210.04  110.60
 210.22  159.63
 212.73  166.95
 212.76  166.93
 213.19  110.10
 213.29  246.95
 214.45  160.85
 214.89  164.63
 215.52  143.61
 216.51  143.93
 217.45  211.83
 217.48  154.00
 217.86  169.54
 218.15  125.16
 220.77  161.16
 221.15  158.04
 221.17  122.37
 221.44  234.07
 221.58  148.53
 221.63  241.04
 221.78  119.19
 222.60  164.58
 223.32  224.43
 223.62  220.68
 224.55  155.99
 225.63  214.00
 226.69  217.93
 226.95  120.49
 228.20  175.58
 228.74  190.70
 228.80  176.73
 230.27  227.67
 232.16  147.62
 232.28  190.43
 233.24  184.45
 234.08  151.76
 234.44  170.35
 234.50  186.90
 234.63  121.66
 234.98  140.63
 235.15  228.87
 235.89  146.45
 236.15  202.49
 236.22  196.70
 236.26  220.42
 236.48  224.90
 236.87  171.95
 236.99  217.39
 237.23  124.11
 237.25  216.76
 237.44  168.32
 237.90  200.46
 238.25  147.67
 238.43  144.08
 238.56  160.40
 238.57  150.49
 238.97  168.81
 239.25  240.42
 239.32  191.92
 239.67  186.13
 239.99  206.06
 240.18  135.13
 241.60  244.81
 241.74  164.76
 241.96  167.67
 242.58  247.26
 242.85  151.38
 243.24  188.19
 243.54  182.83
 243.76  120.99
 245.01  159.76
 245.03  164.92
 245.12  168.32
 245.96  148.70
 247.62  186.86
 247.87  121.69
 248.01  151.17
 248.08  183.64
 248.51  183.77
 248.51  223.94
 249.46  196.56
