  10.69  166.56
  12.85  169.38
  13.36  211.02
  13.46  166.08
  14.53  155.37
  14.98  223.04
  15.24  218.17
  17.95  209.46
  19.24  213.30
  20.20  217.96
  20.21  162.07
  21.70  210.66
  21.90  157.84
  22.99  231.67
  23.39  160.65
  25.93  156.32
  26.41  150.31
  26.97  242.41
  27.68  156.80
  27.81  159.90
  29.30  157.62
  30.53  154.55
  30.94  149.07
  33.43  162.06
  34.56  144.65
  35.58  214.56
  38.58  145.42
  38.88  159.62
  39.87  240.18
  41.62  143.33
  43.07  137.70
  44.00  246.13
  46.45  150.00
  49.22  148.61
  49.34  143.79
  51.01  122.02
  52.85  164.09
  52.94  137.37
  53.53  131.65
  54.61  142.53
  54.89  140.61
  56.16  118.35
  56.23  114.80
  56.29  127.83
  57.10  181.45
  57.65  136.80
  57.80  132.53
  59.31  127.03
  60.01  139.71
  60.77  148.18
  60.82  215.24
  61.78  121.03
  62.75  233.73
  63.37  111.96
  64.67  129.21
  66.12  112.75
  68.16  124.66
  69.11  107.59
  70.33  128.20
  72.39  182.79
  72.45  224.73
  73.57  231.53
  73.87  113.46
  78.19  124.06
  78.65  185.99
  80.69  116.22
  82.36  193.13
  82.41  124.81
  86.63  198.71
  86.65  112.04
  87.35   94.07
  87.60  193.57
  87.79   98.08
  88.16  108.58
  89.00  101.76
  89.23  204.13
  89.89  172.25
  90.33  180.38
  91.92  139.75
  92.19   85.02
  92.26   92.92
  92.28  136.86
  94.45   98.68
  95.35   87.33
  97.75  191.14
  98.45  180.45
  98.57  180.38
  99.60  162.75
 101.24   80.57
 101.28  177.09
 102.00  172.10
 103.02  197.76
 103.11  190.11
 107.37  134.98
 107.39   87.99
 107.57  158.05
 107.79  184.00
 107.89  201.00
 108.10  151.69
 108.21  183.65
 108.25  197.79
 108.42  143.83
 111.02   97.74
 111.08  140.19
 111.64   81.90
 111.65   74.39
 113.30  196.17
 113.33  134.82
 113.43  171.73
 115.04  233.57
 116.18   75.35
 118.40  131.47
 119.26   83.13
 120.42   93.98
 123.19   75.29
 123.52   85.59
 123.90  201.01
 123.94   89.52
 124.56   80.64
 125.36  230.09
 125.52  230.66
 125.91   66.84
 126.51  237.92
 128.59   89.05
 130.72   73.54
 130.90  155.47
 131.70   60.20
 132.52   56.75
 133.60   94.87
 135.00   80.00
 135.08   73.23
 136.46   75.69
 136.76   97.80
 136.91   41.42
 137.82  129.32
 137.95   62.91
 138.96   84.20
 139.40   89.49
 139.79   51.62
 140.97   83.42
 141.60   42.93
 142.52   55.75
 142.95   71.29
 143.20   50.81
 145.14  107.75
 145.88   92.85
 146.00   43.56
 146.36   87.09
 147.13   53.85
 148.16   74.97
 150.03   98.98
 150.12   85.59
 151.10   71.96
 151.11   89.01
 151.30  115.18
 151.33   64.22
 152.88  161.10
 154.03   87.72
 154.74  193.95
 155.01   68.02
 155.61   48.52
 155.89   94.51
 156.06  116.99
 156.06   77.98
 157.57   36.11
 158.49  149.11
 158.72   96.07
 160.08   96.02
 160.51   62.20
 160.61   82.08
 160.62   66.05
 161.35   58.16
 161.36   75.37
 163.39  125.57
 163.98   30.74
 164.23   36.97
 164.55   76.81
 164.89   60.27
 165.09   33.62
 165.35  176.30
 165.97   49.84
 168.54  148.96
 169.26   48.59
 170.42  134.16
 170.43  122.39
 170.58   36.93
 170.89   52.60
 171.07  136.27
 171.44  118.43
 171.78   40.09
 172.41  130.66
 172.53  127.05
 172.97   30.42
 173.60  156.12
 173.73  171.64
 173.87   53.78
 173.99  137.47
 174.22  161.10
 174.46  121.90
 174.70   45.23
 174.79  132.57
 176.01  128.58
 176.09  165.82
 178.33   31.80
 178.56   38.90
 178.96  163.05
 179.15   59.09
 179.44  125.04
 179.59   44.26
 179.76  130.66
 180.02   25.53
 180.44  123.59
 180.54  171.84
 181.14  117.31
 181.99  163.01
 182.00  155.36
 182.33   40.65
 183.50  111.39
 184.85   34.61
 185.65  125.80
 185.66  125.84
 185.67  118.39
 185.75  158.14
 185.90  175.55
 186.19  165.58
 186.73   53.01
 186.80  109.60
 187.12  195.04
 187.53  211.73
 187.78  188.44
 188.04  162.97
 188.98  151.11
 190.37   71.20
 190.46  211.16
 190.99  175.75
 191.25   73.69
 191.73   49.58
 191.89   58.80
 192.15  120.41
 192.74  173.28
 193.39  148.24
 193.47   28.07
 194.07   56.10
 194.41  153.08
 194.43   41.47
 194.45  136.47
 194.75   45.16
 194.83   34.96
 195.43   23.51
 195.82  143.09
 196.29  143.05
 196.56  130.81
 196.74   54.28
 196.75   62.45
 196.85   65.47
 197.16  151.47
 197.28   93.27
 197.33   72.17
 197.48   26.19
 197.69   50.22
 197.72  110.37
 197.80  164.31
 197.84  106.32
 198.08  195.08
 198.67  168.53
 198.87  188.70
 198.90   48.15
 198.92   55.37
 199.96  108.13
 200.03   57.98
 200.14   20.70
 200.19   72.26
 200.28  215.97
 201.58   50.02
 201.82  223.78
 201.85  171.32
 202.58  214.57
 202.63  118.95
 203.47   34.48
 203.67   17.44
 203.76  109.70
 204.01   39.55
 204.76  145.43
 205.53   43.08
 205.62   67.89
 206.24  115.51
 208.23  143.79
 208.49  216.72
 208.55   71.92
 208.91   35.27
 209.06  155.01
 209.25  128.27
 209.41  109.24
 209.49   21.89
 209.53  134.29
 210.17   84.08
 210.33  169.13
 210.35  163.03
 210.57  159.84
 210.66  157.08
 211.19  163.52
 211.29   33.10
 211.31  139.71
 211.32  173.02
 212.27   72.80
 212.34  148.25
 212.41   76.32
 212.73  153.46
 213.39  142.76
 213.58  197.86
 213.90  112.22
 213.99  176.05
 214.13  112.16
 214.29  108.09
 214.32  118.14
 214.52  152.42
 215.13  131.43
 215.23  145.49
 215.26  183.26
 216.02   80.77
 216.45  155.12
 216.86   68.27
 217.12  212.78
 218.22  181.34
 218.23  174.34
 218.48  184.32
 219.32  178.32
 219.40   75.69
 221.41  103.55
 221.52   42.34
 222.33  150.00
 222.40   67.33
 222.40  112.66
 222.50  136.26
 222.96  110.52
 224.26  154.05
 225.31  112.18
 226.43  137.94
 227.54  132.58
 228.48  120.37
 230.19  247.52
 230.21   90.33
 230.90  140.22
 231.36   52.84
 232.54  130.35
 233.62  225.12
 233.69  199.41
 234.37   60.26
 235.90  213.98
 239.04  201.84
 239.47  140.04
 240.02  209.14
 240.58  234.33
 242.14   70.35
 244.43  183.87
 245.08  202.01
 245.11  116.71
 247.86  225.98
