   7.96   25.98
  12.16   39.96
  14.18   47.29
  16.32   85.78
  17.28   73.85
  17.36   38.35
  17.42   58.82
  18.86  245.14
  18.93   42.29
  20.38   46.83
  25.78   70.56
  27.04   92.48
  29.72  244.55
  33.81  239.91
  34.15   43.56
  35.04  105.01
  37.84   68.32
  38.35  241.26
  38.65  246.12
  41.80   73.95
  43.50  238.48
  45.33  232.04
  45.67  239.09
  47.65   81.42
  50.80  230.89
  51.43   82.79
  53.43  234.06
  54.71  102.03
  56.76  221.71
  57.87  234.21
  58.81   44.35
  59.40  228.30
  60.64   61.58
  61.06  228.65
  61.47  222.14
  61.86  236.11
  63.71  133.98
  63.93  221.91
  64.20  215.28
  65.04  227.57
  65.78   71.08
  66.22  231.77
  66.41  238.03
  66.61  217.80
  68.72  135.64
  69.60   52.67
  70.63   59.79
  71.04  221.86
  71.61  246.13
  73.42  225.44
  73.70  211.14
  74.52  200.05
  74.85  207.52
  78.06   79.35
  78.68  133.81
  78.69  207.21
  79.89  246.53
  82.29  214.63
  82.76   28.04
  83.89  195.43
  84.19  127.07
  88.29  181.38
  88.84  206.35
  89.72  245.87
  89.75  174.72
  90.26  132.15
  91.19  187.46
  91.48  249.07
  91.52  243.07
  92.70  193.31
  93.98  184.71
  94.02   20.81
  94.62   86.31
  95.56  187.90
  96.51  201.46
  96.80  244.00
  97.65    7.56
  98.95   26.75
  99.71   21.07
 100.88  139.54
 102.00  101.75
 102.11  170.69
 103.31  186.77
 103.81  207.35
 104.10  131.30
 104.14   30.20
 104.30  131.50
 104.34   26.98
 105.96  174.44
 106.17  243.30
 106.48  184.62
 107.80  128.89
 108.45   25.46
 108.78  187.93
 109.19  144.48
 109.66  191.70
 110.48   61.55
 111.04  181.23
 111.35  167.97
 111.46  240.66
 113.05  175.44
 113.11  244.51
 115.50   71.03
 115.72  130.80
 117.10  231.97
 117.15  144.37
 117.22  243.88
 117.72  179.57
 117.94  175.50
 118.34  147.47
 118.48  241.28
 118.58  179.90
 119.89  153.68
 120.48   58.28
 120.57   59.03
 121.08  235.03
 121.56  182.94
 121.84  242.05
 121.94  197.74
 122.50  167.60
 123.76  239.66
 125.05  151.19
 125.68  235.18
 126.17  169.37
 128.87  237.79
 130.37  149.65
 130.74  191.67
 131.98  245.99
 132.07  248.64
 132.15  186.79
 133.06  153.10
 133.09  139.99
 135.89  157.42
 136.80  161.50
 137.81  149.13
 138.58  213.34
 139.12  151.86
 140.75  137.76
 141.37  151.50
 141.43  112.24
 142.52  163.01
 142.67   86.76
 143.18  136.25
 143.33  158.79
 143.34  129.99
 143.93  148.01
 144.62  178.91
 145.63  144.30
 147.23  154.87
 148.31  178.86
 149.47  147.16
 149.83  137.55
 149.96  140.73
 151.75  172.91
 154.22  159.92
 156.47   69.23
 157.07  158.81
 157.42  185.23
 159.92  127.52
 159.95  141.06
 165.56  179.34
 166.02  155.10
 167.34  144.51
 167.49  240.93
 169.97  138.83
 170.91  146.27
 171.07  121.98
 171.59   52.71
 172.28  142.21
 172.72  174.98
 173.18  131.08
 173.30  117.53
 174.06  180.38
 175.49   24.62
 176.72  119.55
 178.03  179.90
 180.69  136.90
 180.95  109.50
 182.68   39.82
 182.99  148.78
 183.98  114.63
 185.79  166.02
 185.90  121.28
 186.68  125.70
 187.40  134.87
 188.32  112.26
 188.84  130.46
 190.03   24.41
 190.06  123.25
 190.68   18.53
 190.71  118.05
 192.69  124.41
 193.47   51.56
 194.52  122.36
 195.77  126.13
 196.86   98.53
 197.55  102.97
 198.71  220.60
 198.99   45.11
 199.16  154.74
 199.38  123.65
 200.86  117.05
 202.21  110.60
 203.23  127.20
 203.83  102.97
 205.73   10.24
 206.41   13.26
 206.98  123.75
 207.47  119.50
 207.97  129.92
 208.16   41.87
 208.42  109.91
 208.90  113.84
 209.38   11.31
 209.59   14.36
 209.74   99.22
 210.22  243.97
 210.52  152.26
 211.01  103.99
 211.96  107.61
 212.98  246.90
 215.58  117.15
 216.62   19.09
 216.65   91.80
 216.89  100.29
 219.02  124.86
 220.17  102.26
 220.56   75.59
 220.90  115.80
 222.44  131.92
 223.37   53.22
 223.75   77.35
 224.37   77.60
 225.16   82.60
 226.43   42.80
 227.09   39.22
 228.75   41.07
 230.12   31.50
 230.51  211.69
 232.23  129.70
 232.65  137.05
 237.96   48.04
 238.06   42.61
 238.34  109.95
 238.67   57.82
 238.67   52.60
 239.02  140.35
 239.59  133.19
 239.71   87.66
 241.83   61.61
 242.27  104.63
 242.35   53.44
 242.75  194.19
 242.80   25.56
 244.13   98.66
 244.60  101.21
 244.71   91.74
 248.43   82.74
 249.70   60.84
