  15.27   49.27
  24.02   50.78
  29.00  223.37
  31.10   30.72
  37.87   97.70
  41.31   26.28
  45.43  239.00
  49.09  201.88
  57.18  209.28
  59.93  117.14
  63.49  235.90
  64.64  117.67
  65.08  233.43
  69.91   85.30
  72.20   98.72
  79.36   77.84
  82.90  100.31
  83.46   94.34
  83.68   73.12
  85.38   89.77
  86.76   91.39
  87.09  212.06
  87.11   83.99
  87.74   93.19
  90.16   95.15
  92.82   87.68
  93.02  118.14
  93.50  101.26
  93.88  173.82
  94.63  167.15
  95.91  112.86
  96.24   92.38
  96.27  120.94
  96.60   76.52
  97.03  248.41
  98.78   97.29
  98.83  226.27
 100.53  101.93
 100.96   74.27
 101.31   94.62
 101.54   77.03
 101.94   59.09
 101.94  105.74
 102.31   86.14
 102.86  126.69
 103.16  174.57
 105.01  179.62
 105.71   64.83
 105.95  109.83
 107.84   57.94
 109.63  128.65
 110.16  182.78
 110.27   69.77
 110.41  182.36
 110.81   82.77
 111.86  130.83
 111.86   93.23
 112.04  134.12
 112.56  196.32
 113.11   87.14
 113.13  195.77
 114.27   77.65
 114.37  128.29
 115.13  181.00
 115.18   67.04
 115.63   16.66
 115.76   80.69
 115.91   58.19
 116.24  134.03
 117.78   77.48
 117.80   83.51
 119.31  126.06
 119.75  110.29
 120.47   72.01
 120.49  136.82
 120.72  222.06
 121.06  124.88
 121.16  213.38
 122.69  146.49
 122.73  190.10
 123.11  121.24
 123.98  219.04
 124.00   52.68
 124.64   87.68
 126.24   56.12
 126.24  187.96
 126.76   41.28
 126.86   69.87
 129.58  120.12
 131.02   38.99
 131.31  102.16
 132.13   47.99
 132.46   69.72
 132.71  145.56
 132.78  101.63
 132.81  199.32
 133.88  139.86
 135.39   40.16
 136.61  122.77
 137.18  130.47
 138.83  102.04
 139.04  129.40
 139.79   97.72
 139.96   93.66
 140.77  199.82
 140.78   35.36
 142.07  163.95
 142.22  125.32
 143.45   48.89
 143.91  103.96
 144.95  100.39
 145.74   51.29
 145.83   39.62
 147.46  126.44
 147.73   44.23
 151.68  202.24
 153.57  123.10
 153.62   32.86
 156.02   25.98
 156.61  204.03
 158.48  150.29
 158.72   23.74
 161.73  206.52
 165.48  127.35
 165.63  136.11
 168.06   73.44
 172.26   15.95
 174.11  212.51
 174.45  117.18
 176.46   69.89
 177.46   63.82
 178.91  144.05
 180.26  175.12
 180.28  179.57
 180.47   48.30
 181.74  220.84
 183.54   78.23
 184.02  181.28
 184.15  134.38
 184.41   85.74
 184.98  220.01
 185.50   48.57
 186.25  119.90
 187.48  111.89
 187.92  222.44
 188.01   66.04
 189.33  221.89
 189.51  226.56
 190.54  127.48
 192.38  126.55
 193.26  189.55
 193.47   89.36
 193.56   35.75
 194.29   38.93
 194.83  145.49
 194.96   41.13
 195.35   62.18
 195.74  146.37
 196.04  114.20
 196.27  100.58
 196.99  120.13
 197.24   91.45
 199.34  143.24
 199.73  150.51
 200.73   65.54
 201.42   94.27
 202.79  124.94
 203.22   80.85
 204.05   99.96
 204.14  153.77
 204.58  143.24
 206.82  136.90
 208.48  108.44
 208.81   90.59
 209.41  127.50
 210.31  147.78
 212.62  154.71
 213.39  147.43
 213.56  201.89
 215.86  140.45
 216.02   84.97
 218.89  103.27
 220.71   86.36
 222.57  156.17
 223.27  171.66
 224.12  159.86
 225.57  184.53
 227.27  155.62
 227.84  181.11
 234.61  133.44
 241.83  152.95
 243.15  202.43
 249.25  104.38
