   7.69   36.66
   7.71  145.45
   8.81   60.53
   9.26  221.35
   9.57   34.13
  12.36   30.42
  14.12   44.66
  15.82  230.91
  16.48   29.12
  17.06   52.07
  17.70  221.71
  17.74   32.57
  17.98   56.43
  18.19  235.05
  21.63   64.84
  22.50   51.42
  23.71   57.92
  27.53   62.39
  27.75   53.31
  30.56   47.14
  32.22   68.90
  32.29   54.49
  34.92   53.07
  35.32   16.81
  36.76   74.49
  37.34   49.21
  40.85   48.49
  42.26   69.92
  42.61  246.11
  42.68   45.77
  43.82   50.59
  45.13  247.80
  47.94   71.88
  47.97  109.33
  48.57   55.53
  48.60   67.57
  49.39   55.42
  49.60   51.08
  51.04   60.92
  51.52  115.74
  51.80   67.10
  52.03  230.60
  52.85   56.25
  53.33   55.14
  53.65  101.20
  54.44  112.63
  54.90   51.33
  55.27  125.73
  56.15  240.47
  56.70   55.96
  58.09  246.98
  58.44  129.81
  58.53   93.65
  60.43  103.70
  61.37  134.34
  62.91  125.06
  63.89  238.74
  64.58   89.33
  65.28  129.52
  66.81   15.98
  68.64   63.89
  72.41  146.47
  72.78   66.06
  74.46   18.48
  77.89   67.42
  81.19  129.85
  82.40   85.92
  82.75   70.96
  84.21   67.95
  86.04  163.66
  88.72   17.76
  92.10   81.45
  99.49  115.79
 100.59   87.72
 107.90  152.90
 120.09  134.32
 121.28   13.35
 123.33   20.80
 125.91   14.70
 126.57   23.70
 126.67  136.28
 129.48  125.62
 134.50    9.52
 139.34    9.61
 141.76  110.25
 143.55  105.02
 145.24   55.91
 146.88   58.12
 148.66   11.03
 152.05  120.21
 159.62  103.82
 163.32  107.10
 166.99  125.02
 168.74  118.53
 171.46  111.18
 171.69  127.44
 172.18   92.69
 172.19  132.13
 173.84  105.67
 175.73   76.00
 182.17  130.00
 182.47  125.06
 188.72  117.95
 190.64  113.72
 193.78   79.48
 193.80  123.52
 193.91  124.18
 194.16   79.20
 199.80  103.94
 204.13  106.59
 204.57  103.27
 209.43  130.72
 222.72  126.48
 238.71  103.47
