   7.40   42.97
   7.56  128.08
   9.86  188.40
  13.45   66.61
  14.12   44.04
  14.70  242.01
  15.17  229.97
  15.81  226.15
  16.47  124.25
  16.84   77.04
  16.87  230.44
  16.91   68.18
  16.95  236.38
  16.97  134.48
  17.66  125.64
  18.71  203.51
  18.82  130.96
  19.19   55.09
  19.74  222.48
  21.53  243.95
  22.00  203.91
  22.59  133.08
  23.80  165.66
  25.90  135.12
  27.25  129.86
  28.69   46.97
  29.05  200.91
  30.94  109.70
  31.83  221.99
  32.29  236.81
  32.79   51.82
  34.05   47.12
  34.48  105.09
  34.59  105.22
  35.55  108.91
  35.91  101.65
  36.49  206.71
  37.62   49.36
  38.51  102.52
  41.80   84.50
  43.01   53.57
  43.12  132.43
  43.29  141.14
  43.51   98.34
  45.01  121.09
  45.26   84.23
  45.88   85.02
  46.58  248.48
  46.64   57.96
  47.01  228.96
  47.10   53.85
  47.51  239.96
  48.71  162.36
  48.85   93.89
  48.86   84.92
  49.08  228.85
  49.76   88.54
  49.86   88.72
  50.00  105.97
  50.15  220.58
  50.17  207.85
  50.32  104.92
  52.19   98.52
  53.40  235.39
  53.40  221.56
  55.08  100.97
  55.11  202.53
  55.47  232.46
  55.75  132.78
  57.79  245.43
  58.04  103.94
  58.25  123.66
  60.08  108.78
  61.86  223.98
  62.12  242.41
  62.30  132.62
  63.39  115.57
  63.70  206.23
  65.67  238.12
  66.28  151.04
  66.94  206.84
  67.26  228.41
  68.89   67.25
  68.95   76.91
  69.02  235.38
  72.17  116.45
  72.40  149.87
  72.67  234.80
  72.79  222.80
  73.11   65.07
  73.17   74.97
  74.00  170.54
  76.14   70.40
  76.54  193.08
  76.55  132.61
  77.55   82.88
  78.83  138.49
  79.08   74.97
  79.09   67.86
  79.54  110.04
  79.98  160.74
  80.97  122.99
  81.38  231.47
  84.15  180.29
  85.29  235.39
  85.73  246.21
  85.76  131.09
  86.42   80.23
  86.64  229.04
  87.06  222.13
  87.47  241.04
  87.47  129.24
  88.60  142.77
  90.95  240.45
  91.13  125.26
  92.07  161.82
  92.08  158.69
  92.69  147.94
  93.93  192.10
  93.95  111.81
  93.98  111.75
  94.50  162.31
  95.47  196.34
  95.51  103.99
  95.71  121.61
  95.93  115.41
  96.27  240.70
  97.95  155.50
  98.81  115.95
  98.83  103.16
 100.21  246.20
 100.70  136.34
 100.90  114.33
 102.84  240.17
 103.82  141.51
 103.84   70.56
 104.91   78.23
 105.20  108.20
 105.48  228.54
 106.19  228.52
 106.30   81.96
 106.70  146.53
 107.75  230.75
 107.80  234.99
 109.63  151.86
 110.10  140.39
 110.23  158.14
 111.05  103.05
 112.36  122.53
 112.37  236.96
 112.54  111.55
 112.55  186.63
 113.21  137.26
 113.71  230.47
 113.92   85.52
 113.99   93.44
 114.34  114.27
 114.51  143.22
 115.08  155.50
 115.15  130.09
 115.24   83.80
 115.67  206.38
 118.05   92.78
 118.09  221.68
 118.41  159.07
 118.50   73.40
 118.60  180.83
 118.98  236.20
 119.72  130.54
 120.04  205.69
 120.99  137.71
 121.17  139.65
 121.57   90.61
 121.86  130.13
 121.90   90.58
 122.87  184.70
 123.68  195.20
 123.97   76.07
 124.35  237.00
 125.32  247.88
 125.77  104.40
 127.95   87.71
 128.69  231.62
 128.98  244.05
 130.13  188.09
 131.55  241.89
 131.96  126.70
 133.21  195.75
 133.94  182.20
 133.99  237.09
 134.97   89.27
 135.51  234.90
 135.95  169.26
 135.95  160.48
 137.05  173.93
 137.39   67.59
 137.58  187.32
 138.24  240.67
 138.38  206.98
 142.44  185.78
 142.62   88.13
 143.79   80.23
 144.50   85.87
 144.66  191.01
 144.68  234.53
 144.89  230.26
 145.17  187.85
 145.90   94.11
 147.63  178.19
 147.92  218.68
 148.13  240.81
 149.01   73.73
 149.48   99.06
 150.82   58.38
 153.15   85.51
 159.40   69.01
 159.61   90.02
 162.11   91.97
 164.68   82.65
 165.18  181.25
 165.26   75.22
 165.27  234.79
 166.13   92.89
 166.63  193.24
 166.69  242.89
 166.83  235.98
 167.95   93.00
 168.98   81.72
 169.10   72.09
 169.70  219.44
 171.93  240.77
 172.41  179.71
 173.63  218.32
 173.86   92.84
 174.21  237.81
 174.53   75.38
 174.92  220.96
 176.77   57.13
 177.23   51.99
 178.06  115.11
 179.90   91.73
 180.07  188.30
 180.21  125.15
 182.47  191.85
 182.65   98.66
 183.94   80.89
 184.29  247.76
 185.97  236.51
 190.44   56.75
 193.16  171.07
 193.62  167.03
 193.80   95.41
 194.10  217.98
 196.99  133.80
 198.03  184.52
 198.11  127.00
 198.29   44.89
 198.98  243.39
 199.90  196.54
 200.24  238.26
 200.82  201.27
 201.53  213.51
 203.08  192.94
 203.75   71.04
 203.95   90.09
 204.54  243.21
 204.80   75.87
 206.04  237.90
 206.96  104.82
 208.33  194.35
 208.62  172.39
 209.22  141.34
 210.01  191.76
 210.92  208.57
 211.97  194.41
 213.03  154.88
 215.16  209.06
 218.53   50.17
 218.55  240.30
 220.14  188.77
 224.35  172.66
 229.16   84.13
 229.51  244.34
 230.79  168.09
 230.93  163.76
 231.37  219.41
 231.79   81.43
 232.73  138.92
 232.98  200.16
 233.08  126.95
 233.29  182.65
 237.90  231.74
 238.15  217.78
 238.71  169.04
 239.92  151.07
 241.17   84.88
 241.70  180.78
 242.78  217.05
 244.70  121.77
 244.81  176.47
 244.92   80.95
 245.19  237.40
 246.50  205.39
 246.66  193.82
