   7.63   89.28
   8.27  221.62
  10.00   49.07
  11.00  214.57
  14.23   85.96
  15.09   91.16
  15.17  126.12
  15.50  206.24
  16.61  210.70
  17.44   55.26
  19.11   57.20
  19.52  217.54
  20.81  223.13
  22.01   57.98
  22.11   53.79
  22.49  233.47
  23.10  213.31
  23.92   30.90
  24.00   12.35
  25.16   21.79
  25.92   82.55
  27.97   23.41
  28.57   26.12
  28.58   80.06
  29.60   28.05
  31.01  217.49
  31.14   77.14
  31.60  203.67
  32.09  223.59
  34.21  207.81
  34.74  221.23
  34.76   11.89
  34.90   73.54
  38.14  189.73
  38.39  228.72
  38.48   28.13
  38.49  204.56
  38.93   68.89
  39.92  177.56
  40.10  209.38
  40.41   36.46
  41.02   40.03
  41.64   56.97
  43.85   64.21
  44.27  205.71
  46.00  214.38
  46.29  211.59
  46.87  222.15
  47.85  202.44
  47.96   42.22
  48.41   57.49
  49.09  212.45
  49.48  191.87
  49.75   37.97
  50.75   38.13
  51.28  184.55
  51.42  199.13
  51.96  249.55
  53.32  240.83
  53.79   58.98
  54.09  186.54
  55.42   54.34
  56.52   31.63
  56.62   44.67
  57.07   25.67
  57.34  248.49
  57.38  245.66
  58.49  212.19
  60.01  232.04
  60.50   22.72
  60.97  186.78
  61.04  194.81
  63.30  248.92
  63.80  174.19
  64.07  201.13
  64.11  246.19
  66.80   45.58
  67.42   24.60
  68.79   27.50
  68.81  216.72
  69.33  183.49
  70.72  239.95
  70.89   23.27
  70.92  200.64
  71.11  197.18
  72.87   25.65
  73.03  205.88
  73.72  241.33
  74.01  218.00
  74.19  191.71
  74.57  175.51
  75.63  234.62
  75.87  188.84
  75.87  208.22
  76.39  180.17
  76.78  212.68
  77.05  201.24
  78.73  166.34
  79.20  223.04
  79.49  234.00
  80.22  174.74
  80.33  180.62
  83.27  195.19
  83.74  174.77
  85.36  185.16
  86.00  180.36
  86.35  197.04
  87.44  247.38
  88.23  226.53
  88.28  228.83
  88.75  213.00
  88.75  202.72
  89.55  186.74
  89.91  218.70
  90.71  209.51
  92.17  183.20
  92.31  171.09
  93.32  211.98
  93.47  190.63
  93.48  223.30
  95.38   14.54
  95.69  219.75
  95.72  171.91
  95.85  227.00
  98.68  153.89
  99.32   15.20
 100.14  209.92
 100.19   17.69
 101.21  179.07
 102.11  185.08
 102.46  222.62
 102.72  188.78
 103.29  194.21
 103.92  245.04
 105.07  213.11
 105.67  199.11
 106.42  152.68
 107.12  177.46
 107.55  232.94
 107.71  203.81
 108.90  149.04
 110.42  151.77
 111.10  177.97
 111.63  213.48
 112.01  207.05
 112.18  188.78
 112.22  235.80
 112.78  166.05
 112.97  219.28
 113.49  192.35
 114.16  211.22
 114.92  213.77
 115.55  175.42
 115.77  186.51
 116.12  167.39
 117.48  153.45
 118.29   16.29
 118.51  221.84
 118.61  189.39
 119.76  164.75
 119.90  211.25
 120.91  178.56
 122.06  174.76
 122.10  204.41
 122.65  160.00
 123.26  166.14
 123.94  186.74
 124.78  147.06
 125.00  190.83
 125.38  198.99
 126.22   12.21
 126.32   22.98
 126.56  204.46
 128.05  183.93
 128.42   17.17
 128.49  174.20
 128.71  194.90
 128.75  158.80
 129.80  146.35
 129.96  143.23
 131.07  237.09
 132.13  174.07
 132.53  181.17
 134.26  151.60
 135.70  163.47
 136.43  180.19
 136.82  142.81
 136.98  162.10
 137.36  189.44
 137.46  193.20
 138.12  236.69
 138.32  200.73
 139.30  164.30
 139.67  147.01
 140.59  132.31
 141.59  142.48
 141.60  192.08
 142.39  155.11
 142.44  151.92
 144.34   83.68
 144.60  214.50
 144.76   18.43
 144.92  174.05
 144.99  157.96
 145.29  201.04
 145.43   80.39
 145.86    8.77
 146.28  193.86
 146.52   20.54
 146.69  191.01
 147.37   13.43
 148.26  206.78
 148.88  145.16
 148.96   27.33
 149.60  152.38
 149.72  204.10
 151.33   23.61
 152.56  148.40
 152.65   16.62
 152.98  189.75
 153.11   12.01
 156.00  195.01
 156.09  192.01
 156.16   89.67
 156.71   30.53
 157.10  137.54
 157.99   13.94
 158.80  153.03
 159.17   22.57
 159.49   89.40
 159.70  191.04
 160.01  146.30
 160.89  228.40
 161.44  191.48
 163.18   94.78
 163.27   90.54
 163.59  158.92
 163.64  151.31
 163.64  139.80
 164.79   32.49
 165.88   25.67
 166.84  153.48
 167.34  144.66
 167.44  191.67
 167.71  151.61
 167.88   15.77
 167.98   31.49
 168.18   38.43
 168.40   43.81
 168.79  178.79
 169.18   26.24
 169.77  223.56
 169.96  238.22
 170.59  149.39
 171.61    8.96
 171.63   22.89
 173.14  139.06
 175.13  147.17
 175.60  205.23
 179.82  138.58
 180.75  181.88
 181.09   13.07
 183.01  146.57
 183.83  198.48
 184.23  149.50
 184.91  192.02
 186.04  196.91
 186.26  209.04
 187.45  205.68
 189.22  135.11
 189.51  143.28
 191.07  149.41
 191.72  207.19
 192.12  131.76
 192.64  134.88
 192.84  225.76
 192.86  146.17
 194.37   34.36
 196.14  195.07
 196.37   40.43
 196.75  149.28
 197.61   34.12
 198.51  192.16
 198.88  204.50
 198.96   49.47
 199.27  132.06
 199.43  147.85
 200.11  152.93
 201.37  169.99
 201.47   66.35
 202.08  160.28
 203.93   44.15
 205.00   28.10
 205.06  147.15
 205.24  137.40
 206.07   32.57
 206.40   64.74
 206.49   40.69
 206.64  173.77
 207.04   70.49
 207.67   45.12
 209.52  130.52
 209.95  165.22
 210.16  172.47
 210.39   51.99
 210.55  154.17
 210.56  141.93
 212.00  207.82
 212.86   58.79
 212.96  133.00
 213.57  210.08
 214.37   63.05
 214.61  183.88
 214.91  215.64
 215.23  211.88
 215.35  158.61
 215.46  148.95
 216.52   50.19
 216.62   36.13
 216.72  176.11
 217.84   59.17
 218.40  201.44
 218.64  157.01
 219.31   11.23
 219.63   69.88
 220.74  220.30
 221.43  134.41
 222.29   34.94
 222.92  168.95
 223.95  176.43
 224.87   28.63
 225.23  176.05
 225.51   56.89
 225.91   26.18
 226.41   69.85
 226.51  133.04
 226.98  208.03
 227.12  189.19
 227.20   51.37
 227.87  130.14
 227.99   63.67
 228.75  156.21
 229.13   74.78
 229.63  143.04
 231.18  158.95
 232.92   57.87
 233.53  196.94
 233.85   71.33
 234.33  191.70
 236.13   74.31
 236.35  156.17
 238.20  131.28
 239.62   45.11
 240.50  135.98
 241.36  213.23
 241.43   49.30
 241.85   41.19
 243.10   88.93
 244.04  246.20
 244.50   32.61
 248.07  130.23
 249.14  191.20
