   8.05  109.54
   8.65   47.83
   9.69   85.64
  12.43   99.05
  14.94   41.41
  15.67  187.88
  17.15  108.24
  20.68   90.80
  25.20   90.11
  25.57   87.02
  27.24  215.08
  29.31   97.76
  29.58   93.09
  31.34   48.38
  32.55   48.49
  32.93   48.12
  33.20  110.86
  34.36  106.94
  34.85  189.76
  35.15   90.96
  35.37   95.94
  36.30  103.48
  36.70   55.28
  37.47   99.99
  37.89  109.01
  38.24  195.15
  39.18   84.98
  39.43   22.40
  40.15  113.62
  41.94   96.96
  44.01  118.04
  44.54  111.92
  44.60   56.64
  44.84  103.22
  45.64   13.29
  46.04  202.72
  46.18   90.17
  46.50   87.42
  48.32  122.45
  51.62   94.17
  54.31  213.82
  54.60  220.50
  55.09   58.38
  56.91   36.68
  61.27   56.91
  61.76   97.88
  65.20   21.48
  66.42   64.89
  67.85   60.83
  68.25   19.89
  68.84   53.20
  70.30   95.59
  71.99   94.71
  72.10   53.44
  72.30   94.21
  74.85   67.51
  75.40   45.49
  75.90   65.28
  76.00   23.29
  77.28   54.94
  81.20  101.55
  81.55   45.35
  81.60  237.19
  83.07   75.96
  83.39   72.58
  84.09   64.24
  84.79   70.07
  87.46   66.07
  87.60   71.31
  88.92   57.03
  90.40   39.65
  90.95  109.84
  95.73   66.16
  97.19   62.95
  97.40   70.23
  99.01  235.59
  99.44   86.59
 100.88  242.95
 102.05   53.91
 102.49   65.67
 102.92   90.57
 103.83   85.20
 104.15   78.96
 105.98   51.06
 107.64   70.42
 108.05   67.12
 108.79   91.71
 109.76  109.24
 113.65  235.03
 113.88   79.67
 114.49   69.54
 114.89   55.86
 115.25   90.71
 115.82   63.82
 117.16   88.11
 118.07   57.70
 119.11   96.78
 119.48   70.62
 121.77  210.33
 122.42   59.03
 122.60   68.41
 124.09   80.43
 124.34   77.20
 124.43   73.60
 127.92   72.01
 128.74   83.58
 128.81   68.78
 130.71   77.82
 131.14  121.45
 132.26  102.83
 133.20   68.67
 133.24   93.35
 133.43  108.10
 133.98   76.27
 133.98   73.04
 135.70   84.48
 136.50   94.33
 137.01   91.36
 137.81  110.56
 138.99   91.22
 139.21   71.22
 139.50   92.95
 140.38   80.53
 141.22   62.72
 141.43   76.66
 142.35  117.84
 142.74  104.28
 143.47  127.95
 143.67   86.25
 143.98   73.49
 144.77   88.22
 146.67  114.99
 147.22  104.63
 148.08   76.80
 148.17  102.29
 148.41   96.61
 148.75  213.24
 150.06   55.49
 150.10  114.99
 150.87   87.58
 153.25  111.20
 153.75  122.31
 154.55   81.04
 154.58  118.07
 154.74  107.95
 154.77   54.20
 156.40   85.98
 157.17   91.77
 157.41  204.90
 158.49   61.91
 158.71   80.40
 159.47  118.65
 160.66   78.20
 167.84  121.90
 169.18  119.53
 169.83  110.40
 170.60  114.46
 172.05   89.00
 174.58  119.89
 175.77   79.80
 176.65  101.75
 178.16   82.58
 181.74   87.89
 185.10  121.00
 185.64   66.33
 185.96   86.46
 187.19   92.52
 188.29   70.43
 189.79   70.24
 191.61   82.16
 192.06  116.93
 194.92   89.10
 195.61  102.28
 197.78  117.37
 198.05  120.42
 198.78  106.66
 199.54   51.34
 199.92  112.56
 200.61   96.59
 200.72   98.89
 204.49   87.95
 205.54  109.68
 206.44  106.77
 206.91   35.08
 207.17   34.54
 207.18   84.44
 207.47   34.05
 207.72   47.96
 208.79   30.01
 208.93   90.45
 208.95   74.43
 208.95   49.60
 210.59   38.11
 211.80   76.22
 212.51   17.91
 212.75   52.71
 213.24   54.83
 215.49  130.86
 215.58   11.52
 215.61   15.00
 215.97   87.82
 216.14    8.08
 216.64   45.89
 216.74   56.97
 218.26  229.15
 218.82   52.37
 219.38  122.90
 221.80  125.74
 222.87  123.01
 222.97   39.90
 223.12   44.56
 223.17   52.43
 224.12   67.55
 224.18   26.82
 224.85   66.42
 226.20   52.35
 226.71   83.79
 227.70   27.77
 229.41   37.80
 229.84   32.42
 230.81   54.89
 231.41   65.24
 231.95   52.04
 233.36   72.59
 233.57   58.64
 236.37   65.44
 239.62   69.50
 240.14   74.80
 248.13   33.91
