   7.08   57.23
   7.50   89.89
   9.00   82.23
  10.78   84.84
  12.14  101.73
  13.83   82.58
  14.48  103.01
  18.57  103.46
  19.11   98.06
  19.51   25.42
  21.56   62.87
  23.88   29.10
  24.03   78.84
  25.95   59.36
  28.98   83.68
  29.73   40.46
  29.99   98.83
  30.06  134.35
  30.20   63.19
  31.26   31.08
  32.33  140.08
  32.35   74.27
  33.02   49.94
  33.73   81.62
  34.69   90.15
  35.37   70.27
  36.02   38.85
  36.34   57.50
  36.70  129.38
  36.71   83.08
  38.30  131.57
  38.54   90.78
  39.00  124.64
  39.56   32.55
  39.79  135.86
  39.85  143.46
  40.02   78.12
  40.23   85.36
  41.20   77.47
  41.51   44.49
  41.74   89.82
  42.25   44.58
  43.00   79.98
  44.79  139.63
  44.95   92.10
  45.20   65.92
  45.20   62.50
  45.51   94.72
  45.60   47.94
  46.96   52.54
  46.99   35.61
  48.29  138.32
  49.03   70.91
  49.17  142.34
  49.69   89.77
  49.89  123.17
  52.14  138.69
  52.61   36.65
  53.24   54.21
  54.68   93.77
  54.99   79.89
  55.42   43.54
  55.75   38.24
  56.95  128.15
  57.75   47.33
  57.96  139.97
  58.98   75.93
  59.56   90.12
  59.82   58.29
  59.88  111.63
  60.59  136.72
  61.29   98.66
  61.53   92.76
  61.71   50.46
  61.78   55.93
  61.99  117.89
  62.53  124.25
  64.31  138.21
  64.37   74.45
  64.90   51.44
  65.27  157.18
  65.50  143.16
  65.70   40.27
  65.88   37.73
  65.96  154.08
  66.25   53.78
  66.28  135.01
  66.45   44.47
  68.63  137.13
  68.68   78.42
  68.84  105.73
  68.99  132.44
  71.09  127.84
  71.50   57.57
  72.49   38.95
  72.50   33.38
  72.83  135.22
  73.64   44.36
  73.79   75.29
  73.80  159.29
  73.83   75.28
  74.08   47.93
  74.16  144.89
  74.59   91.66
  75.55  128.80
  75.56  156.12
  76.02   55.53
  76.15  102.85
  76.50   94.03
  77.95   41.49
  78.09  123.12
  78.09   67.66
  78.27  150.10
  78.96  161.49
  79.05   37.86
  80.13   53.87
  80.99   99.36
  80.99   42.41
  83.64   73.21
  83.64  124.95
  84.51   95.50
  84.80  101.59
  84.86   87.67
  85.48  165.44
  86.52   28.05
  86.73  141.63
  87.03   31.10
  90.82   26.54
  91.20  144.82
  92.12   97.45
  92.56   65.73
  94.03  139.99
  94.69   88.72
  95.44   87.40
  95.79  161.81
  95.91   67.41
  96.12   39.02
  96.48  156.93
  97.00   82.23
  97.60   23.70
  98.02  129.22
  98.20   43.03
  98.40  120.84
  99.01   80.13
 100.42   82.89
 100.77   67.69
 100.83  159.66
 101.28   35.29
 101.43   51.53
 101.61   20.46
 102.07  143.60
 102.41   23.28
 102.43   84.60
 103.10   45.58
 103.38  107.74
 103.78  164.68
 104.14   70.64
 104.37   75.52
 104.46  102.19
 104.56   53.08
 105.33  105.08
 105.72  168.06
 105.90  111.45
 106.14   84.02
 107.43  150.04
 107.46   35.53
 107.54  166.50
 107.60  137.16
 107.62   92.56
 107.93   75.03
 108.06  106.23
 109.89  145.70
 110.10  164.41
 110.23   50.37
 110.25  100.81
 110.75  142.16
 111.22   59.97
 111.83   85.34
 112.34   53.77
 112.67   26.65
 112.72   48.62
 113.82  132.90
 113.85  103.37
 114.02   81.93
 114.03   23.94
 114.05   77.47
 114.35   48.47
 114.58  170.43
 114.71   67.93
 114.99  138.56
 115.09   52.65
 115.89  118.36
 116.22   58.87
 116.23   44.33
 116.40   72.09
 116.40   96.41
 116.81  147.63
 116.82   32.88
 117.19   41.64
 117.80   35.77
 118.39   81.53
 118.43   18.32
 118.68  166.18
 118.74   57.45
 119.08   23.51
 119.28  134.90
 120.27  159.32
 120.74   33.16
 120.77   37.14
 120.82   45.89
 121.20  170.45
 121.24   83.31
 121.34  176.24
 122.73   19.86
 122.79   65.67
 123.27  115.26
 123.32  157.73
 123.43  168.07
 123.96  135.63
 124.43  172.65
 125.16  129.05
 125.25  149.32
 125.49  155.48
 125.98   60.91
 126.21   52.90
 126.27   92.51
 126.78   27.66
 126.82   40.44
 127.40  100.11
 128.10   59.85
 128.63   20.66
 128.90  169.61
 129.03   34.12
 129.05   37.31
 129.65   47.48
 129.90  161.69
 130.28  171.97
 130.68  106.98
 130.70  126.00
 130.77  157.37
 130.80  100.84
 131.80   31.82
 132.16   58.56
 132.19  133.61
 132.95   24.66
 133.76  154.88
 134.15   37.52
 134.46  151.05
 134.98   65.17
 136.22   42.04
 136.46   33.13
 136.74   97.07
 137.05  157.35
 137.60  106.57
 137.64   76.95
 137.73  201.81
 138.69  164.30
 138.80   46.31
 139.05  167.95
 139.93  179.20
 140.00  102.98
 140.43  200.08
 140.61   51.06
 140.62   37.45
 141.10  170.48
 141.13   33.50
 141.60  158.93
 142.24  194.87
 142.75   59.17
 142.88   46.62
 143.01   27.85
 143.12   93.15
 143.22  135.18
 143.41   68.41
 143.92   68.25
 143.99   44.35
 144.60  108.42
 145.32  147.08
 145.99   48.14
 146.36  169.05
 146.42  143.87
 146.47  199.33
 146.68   89.00
 146.80   93.16
 146.81  102.91
 146.98  135.52
 147.32  152.07
 147.40   30.72
 147.71   34.50
 148.60   22.59
 149.24   26.34
 149.49   26.39
 149.70   99.30
 150.23  189.28
 150.40   95.35
 150.60   35.84
 150.89   72.54
 151.34   56.26
 151.44  185.24
 151.59  144.82
 152.00  101.95
 152.67  198.49
 152.78  158.53
 153.08  217.68
 153.21   42.08
 153.92   29.14
 154.38   48.67
 154.42   61.65
 154.65  147.07
 155.06  151.28
 155.36  217.95
 156.35   53.90
 156.44   68.17
 157.95  210.04
 158.16  215.84
 158.40   64.60
 158.45  230.18
 158.60   95.96
 158.77   43.93
 158.90  115.58
 159.10  196.93
 160.00   29.71
 160.08   31.83
 160.17   40.80
 160.51  187.80
 160.65  136.10
 161.25  157.21
 161.48  170.04
 161.63   65.97
 161.90  110.90
 162.07   45.12
 162.12   36.06
 162.60   69.48
 162.90  204.14
 163.00  203.53
 163.05  200.06
 163.54  142.75
 163.70   28.35
 163.79   89.90
 164.07  194.78
 164.55   60.88
 164.74  228.65
 165.55  189.87
 166.18  217.22
 166.21  225.04
 167.56   51.27
 167.58   95.78
 167.63   39.36
 167.67  181.54
 168.13   56.29
 168.48  106.23
 169.05   64.72
 169.39   62.87
 169.60  186.73
 170.23  146.61
 170.53   43.76
 170.98   89.13
 171.25  197.41
 171.57  129.28
 171.67   51.41
 171.85   31.84
 172.14  148.25
 172.54  225.73
 173.56  139.71
 174.33  172.73
 174.53  156.36
 174.54   74.51
 174.59  175.97
 175.45  205.09
 175.52   61.68
 175.54  216.05
 176.25  134.95
 177.03  124.94
 177.39  228.49
 178.20   83.13
 178.25  138.94
 178.54   54.35
 178.57  232.60
 178.59   45.37
 178.82   50.80
 179.36   66.09
 179.66  154.03
 179.75  191.12
 179.94  143.54
 180.14   42.38
 180.31  104.05
 180.91  233.56
 181.00  160.71
 181.14  176.71
 181.30   50.88
 182.10  113.34
 182.17   41.26
 183.00   61.48
 183.49   45.53
 183.66   68.27
 183.81  106.43
 184.01  101.68
 184.31  185.99
 184.36  144.70
 184.77  234.17
 184.90  228.09
 185.06  226.61
 185.45   42.16
 186.09  113.17
 186.16   38.66
 187.17  112.84
 187.34   73.62
 188.10   54.09
 188.51  145.28
 188.55   66.86
 188.64  150.94
 188.84  176.23
 189.14  162.63
 189.81   95.10
 189.84   76.67
 189.88  131.16
 190.27  144.33
 190.49  105.27
 190.81   43.89
 191.88  165.40
 192.00  152.94
 192.31  172.51
 192.42  149.74
 192.69   61.50
 192.86   64.98
 192.92  124.96
 193.01  115.92
 193.40   69.79
 194.32   97.76
 194.40   86.20
 195.27   44.98
 195.44  150.77
 195.50   96.28
 195.57  158.47
 195.60   91.47
 195.77  177.62
 196.05  153.66
 196.24   49.01
 196.60  163.44
 196.61  173.20
 196.98  168.81
 197.29   84.09
 198.27   99.18
 198.77   89.36
 198.89   77.59
 199.07   55.75
 199.12  123.93
 199.84   86.57
 200.19   64.56
 200.82  125.45
 200.92  147.66
 201.00  101.70
 201.25  171.20
 201.64   50.99
 202.36  142.45
 202.52   61.03
 202.56  136.01
 202.96  156.23
 203.84   44.21
 204.08   95.94
 204.13  110.20
 204.14   91.90
 204.53   92.09
 204.65  180.88
 204.86   47.90
 205.44   54.96
 205.77   81.79
 205.78  164.70
 206.24   86.90
 206.39   64.51
 206.40  175.96
 206.59   58.55
 207.23   99.94
 207.47  118.18
 208.75   83.97
 208.81  137.88
 208.86  168.79
 209.02  151.94
 209.17  187.74
 209.33  178.29
 209.50   93.90
 210.05  123.60
 210.16  144.29
 210.29   72.74
 211.31  142.91
 212.50   62.91
 212.74   51.36
 212.77   62.88
 212.89  101.95
 213.26  139.37
 213.98   88.13
 214.16   65.94
 214.31  164.05
 214.74  125.65
 215.20  185.88
 215.57   53.32
 217.37   59.22
 217.38   49.06
 218.18  154.30
 218.33   78.58
 219.25   95.79
 219.61  176.03
 220.24  111.32
 220.24   89.80
 220.31  145.34
 221.00   72.15
 221.09  172.92
 221.36   86.75
 221.59  149.78
 222.43  135.48
 222.46  140.76
 223.41  132.05
 223.84  174.08
 224.04   82.69
 224.17   78.25
 224.52   49.16
 225.12   56.95
 225.41   62.57
 225.52   74.45
 226.66   69.79
 226.98  175.34
 227.76  137.58
 227.89   99.09
 228.52   49.42
 228.88   53.33
 229.14  116.77
 229.17  141.10
 229.38   86.22
 229.65   61.16
 229.89   99.48
 229.91   66.36
 230.36   52.43
 230.60  167.43
 231.14  178.53
 231.73  119.28
 232.58   71.89
 232.97   94.07
 233.29   99.59
 233.78   52.63
 233.84   86.72
 234.02   68.21
 234.27  102.56
 234.33   68.80
 234.84  118.76
 235.38  136.62
 235.61   62.15
 235.66   58.02
 235.68  171.35
 236.26   92.52
 237.38   68.24
 238.75   71.15
 239.48  138.70
 239.55   64.88
 239.59  103.97
 239.71  111.56
 240.94  171.14
 241.07   88.38
 241.88  140.68
 242.52  168.02
 242.72  137.17
 242.76  162.36
 242.90  176.05
 243.08   72.00
 244.96  100.81
 246.67   63.29
 247.39  108.96
 247.76   72.31
 248.80  160.12
