  11.46   14.91
  13.15   44.79
  14.89   17.84
  21.22  231.73
  25.90   39.60
  27.77   54.55
  29.83  230.06
  34.20  228.15
  35.58   43.41
  36.81   82.65
  37.10   50.90
  38.78   70.22
  39.80   51.69
  40.91   36.54
  43.62   86.96
  43.78  238.03
  45.47   12.17
  45.61   31.02
  47.21   34.72
  47.66   37.44
  47.94   24.66
  47.98   40.02
  49.90  226.13
  50.27   30.72
  50.52   34.00
  51.63   47.46
  52.60   12.12
  52.66   52.89
  52.81  235.15
  53.77   23.51
  54.00  224.41
  55.91   33.91
  56.06   19.32
  58.06   59.19
  58.97  222.26
  62.39   36.06
  62.58  221.27
  62.58   31.07
  64.08  227.11
  64.54   43.73
  68.19  228.47
  69.83   36.61
  71.70   32.18
  75.15  217.84
  75.20   39.60
  76.53   42.96
  77.78   15.89
  78.07   49.07
  78.31  112.66
  79.57   26.46
  79.84   26.54
  81.73   39.39
  82.44   35.22
  82.74   22.31
  83.85  108.40
  83.98   25.48
  84.70   29.00
  84.90   69.26
  85.56   73.35
  85.88   17.58
  85.96   12.99
  86.75   48.35
  87.89   20.71
  88.21   39.73
  88.45  116.98
  89.51  214.75
  89.53   54.34
  90.05   50.04
  90.51  106.30
  90.57   17.21
  90.95   33.68
  91.01   46.43
  91.35   46.12
  92.99   57.12
  93.00   53.10
  93.92   14.49
  93.93   40.85
  94.72  110.76
  95.76   31.32
  96.33   23.43
  96.43   39.14
  97.19  104.75
  99.05   47.59
  99.18   75.06
 100.99   39.60
 101.04   18.71
 101.90   18.98
 103.02   33.38
 104.89  108.72
 106.15   22.35
 106.32   29.36
 106.59   30.29
 106.94  110.10
 108.13   43.42
 109.05   67.09
 110.91   49.69
 110.97   63.34
 113.13   68.54
 113.92  106.27
 114.05   36.83
 115.37   61.94
 115.97   56.03
 116.27  228.55
 117.24   50.63
 117.55   77.95
 119.15  110.15
 119.34   54.55
 119.63   63.11
 122.59   51.71
 122.78  110.66
 123.11  115.52
 123.93   69.90
 124.51  106.76
 126.47   19.33
 127.29   39.70
 127.30   59.13
 130.06  108.77
 130.21   58.54
 130.73   13.98
 130.83  111.80
 131.58  231.99
 131.69   69.29
 132.80   35.95
 133.57  116.02
 134.17   49.10
 134.93   47.10
 136.56  133.84
 138.62  193.11
 138.67   65.61
 139.56  189.51
 140.52   57.22
 140.97   50.44
 141.71   69.16
 145.85   48.93
 147.00   72.78
 149.68   54.52
 151.40   76.01
 151.98   36.50
 154.62  172.11
 154.94   47.61
 156.00   57.72
 156.45   54.43
 157.50   82.23
 159.86   36.64
 159.88   80.75
 164.39   70.80
 165.89   58.66
 169.76   85.78
 171.11   14.07
 175.47   50.22
 176.39   63.65
 177.61  109.38
 180.74   51.11
 180.85   51.22
 184.52   65.33
 190.10  114.95
 190.54  128.31
 190.77  109.33
 198.79  120.32
 200.13  120.95
 200.49  239.13
 209.67  229.78
 210.73  242.66
 243.19  240.85
