   8.82  104.62
   9.54   22.15
  10.38   91.45
  10.99  203.27
  11.39   24.49
  12.34   39.80
  12.63   34.78
  14.17   28.01
  14.21   25.51
  14.28   62.80
  15.45   66.31
  16.26   69.97
  16.57   45.27
  17.66   14.75
  17.80  201.65
  19.43  198.03
  19.48   73.90
  20.82   57.47
  23.67  200.16
  23.83  197.83
  24.22   64.45
  24.32   55.01
  24.45  195.03
  25.10   69.77
  25.35   31.50
  26.24   17.78
  26.61   76.07
  27.50   65.44
  28.92   45.97
  29.44   28.06
  30.71   71.77
  31.32   75.06
  31.44   81.31
  31.98   70.06
  34.21   29.13
  36.02   13.75
  36.07  192.17
  36.11   34.54
  36.35   88.98
  36.59   81.89
  38.53   41.96
  38.84   89.02
  39.04   50.60
  39.25   37.60
  40.19   56.13
  42.38   23.39
  44.59   48.55
  45.07  185.62
  46.28   84.74
  46.43   16.57
  46.90  238.98
  47.12   73.10
  47.14   24.91
  47.65   35.61
  47.88   38.31
  49.56   65.96
  49.72   53.11
  49.92   77.46
  50.27   22.07
  50.55   38.82
  50.60   32.56
  50.86   88.19
  51.40  183.09
  52.06   47.09
  52.32  216.52
  52.32  232.25
  54.30   48.33
  54.49   59.36
  54.51  222.85
  54.70   41.76
  55.97  216.02
  56.85   13.77
  56.95   27.04
  57.21   36.25
  57.52   19.14
  57.53  201.89
  57.59   57.14
  58.10   77.71
  58.70  193.00
  59.56   50.83
  59.76   10.33
  59.85   25.66
  60.09   20.05
  60.10   88.62
  60.81  216.21
  60.85   55.85
  60.96   76.03
  61.03   41.24
  61.18   34.44
  61.79  184.55
  62.80   49.22
  63.27   13.39
  63.86  178.93
  64.03   55.41
  64.13   22.78
  64.37   75.67
  64.80   68.12
  65.27   16.89
  65.62   35.79
  66.78   69.77
  67.91   31.84
  68.38   11.33
  68.81  174.47
  70.03  142.74
  70.26  224.75
  71.17   22.18
  71.41   18.81
  71.50   34.44
  72.36   28.63
  72.40   28.56
  72.98   51.19
  73.15  172.79
  73.29   55.96
  73.46  164.32
  73.92  231.33
  75.38  237.45
  75.78   17.59
  76.01   73.56
  76.20   77.89
  77.93   52.30
  78.89   46.64
  79.23   52.06
  80.14  168.87
  80.19   17.30
  80.52   98.59
  81.90   14.58
  82.41   52.51
  83.55   63.11
  84.31  194.44
  84.53   59.77
  84.77   49.93
  85.39  191.18
  86.27  225.14
  86.60  168.00
  86.90  223.59
  88.58  163.11
  88.86   12.35
  89.09   18.85
  89.33  165.47
  89.73   73.73
  90.75  225.18
  90.83   76.61
  91.21  246.67
  91.43   20.78
  91.56  203.94
  92.08   77.83
  93.04   68.95
  93.60  162.48
  93.77   75.26
  94.00  164.14
  94.69   65.00
  94.74   56.63
  95.85   17.09
  96.77   51.85
  98.36   55.01
  99.50   84.10
 100.43  150.70
 101.55  164.66
 103.14   23.84
 103.38   48.07
 103.54   51.73
 103.67   53.69
 104.51   79.39
 105.00   61.59
 105.16  248.24
 106.52   83.15
 106.79   85.90
 107.19   24.76
 107.54   17.93
 107.56  207.66
 107.66  151.39
 107.70  239.67
 108.10  204.17
 108.34   80.67
 108.77  216.23
 109.49  212.02
 110.64   78.77
 110.71   60.35
 110.83  207.16
 112.09   53.55
 112.21  206.22
 112.86   19.63
 112.94   19.86
 113.04   81.72
 113.71  227.30
 113.74   60.46
 113.77   65.18
 115.22  231.76
 115.57   26.30
 115.73   49.81
 116.35   63.54
 116.48   79.45
 116.65  238.56
 117.27  153.97
 117.49   60.62
 117.73   57.75
 118.76   65.98
 118.84   48.93
 119.02   55.20
 120.09  141.82
 121.35  214.79
 121.83   19.90
 122.40   45.67
 122.78  143.86
 123.15   22.40
 123.34  171.75
 124.40   54.56
 125.32  199.54
 125.85   51.17
 125.94  145.87
 126.55   57.52
 127.58   37.65
 129.08  150.26
 129.47   22.87
 129.96   63.00
 130.72  238.54
 131.41   68.65
 132.09  213.76
 132.41  234.40
 132.87  247.32
 133.15  160.17
 134.65   44.84
 135.11   55.44
 135.49  119.46
 135.82   52.30
 136.24   57.03
 136.24  144.95
 136.98   64.23
 137.70  149.14
 138.22   49.94
 138.32  173.29
 138.41  153.26
 138.52   25.93
 138.88  154.67
 139.44   53.01
 139.54  161.11
 140.82  140.28
 141.02  195.15
 141.46   45.17
 142.83   51.09
 142.88   30.91
 142.97   61.94
 143.49  162.14
 143.75  154.45
 144.01  189.09
 144.23   26.56
 144.78  235.47
 145.08  116.45
 145.21   41.89
 145.46  138.09
 145.47  141.76
 145.81   47.16
 146.02   65.37
 146.06  136.00
 146.30  243.36
 146.57   62.32
 146.65  238.47
 146.77  113.88
 146.85  134.90
 146.92  144.32
 146.92  101.46
 147.27  193.59
 147.35  147.35
 147.39  185.32
 148.01   70.27
 148.14   36.93
 148.35  165.92
 148.67   44.96
 148.75  154.84
 149.22   27.29
 149.34   61.04
 149.47  232.16
 150.02   65.21
 150.10  180.03
 150.35   30.45
 150.39  189.12
 150.52  241.05
 150.77  235.68
 151.11   48.76
 151.35  143.03
 151.42   44.35
 151.64  137.58
 151.95  115.62
 152.30  170.27
 152.35   58.06
 152.48  192.27
 152.60   53.24
 152.79  154.15
 152.80  188.20
 153.30  225.49
 153.67  145.88
 153.72   67.25
 153.97  242.97
 154.49  149.44
 154.54   60.71
 154.83   26.45
 154.95  134.47
 155.12  201.01
 155.65  107.68
 155.95   40.54
 156.36   28.50
 156.64  187.97
 157.08  136.18
 157.19   66.72
 157.20  163.00
 157.58  172.79
 157.68   55.70
 157.80  243.99
 157.99   31.77
 159.33  144.02
 160.12   35.12
 160.12  132.45
 160.30  129.13
 161.34  223.26
 162.38   68.32
 162.44  220.22
 162.80  142.04
 162.99  157.65
 164.01  184.43
 164.05  204.12
 164.29  233.24
 164.46   60.56
 164.47  245.57
 164.85  124.41
 165.70  128.47
 165.92  171.94
 166.50   44.97
 166.99   57.76
 167.49  144.25
 167.73  227.34
 167.94   30.93
 168.43  126.75
 169.53   26.01
 169.85  229.68
 170.20  233.31
 170.38   47.01
 170.46  223.34
 170.49  210.20
 171.75   62.20
 171.96  183.13
 172.07  140.32
 172.31  246.08
 172.62  168.89
 172.91  182.84
 173.37  206.57
 173.45  223.92
 173.69  234.74
 173.87  145.70
 174.85  170.87
 175.31   27.10
 175.47   62.16
 175.65   28.46
 175.68  228.14
 175.96  224.77
 176.34  147.70
 177.00  245.31
 177.11  206.81
 177.13  173.60
 178.08  154.53
 178.35  125.70
 178.61  161.27
 178.61  164.42
 178.72  182.55
 179.76  190.82
 179.91  234.88
 179.98  195.05
 180.02  167.49
 180.17  175.94
 180.27   39.19
 180.34   59.44
 180.89  148.63
 181.12  151.56
 181.13  198.77
 181.79  143.61
 181.88  138.22
 182.43  166.80
 182.53  152.26
 182.85  222.43
 183.67  122.50
 184.86   45.10
 184.87  176.38
 185.39   56.11
 185.40  162.54
 185.54  234.04
 185.57  193.14
 185.93  204.76
 185.93  210.31
 186.48  169.63
 186.66  184.60
 186.71  163.23
 186.88   27.02
 186.93  191.95
 187.63   47.60
 188.56  155.39
 190.15  172.63
 190.71  179.89
 191.01   33.44
 191.56  194.51
 191.95  227.01
 191.95  247.00
 192.01   62.25
 192.03  168.67
 192.03  144.04
 192.08   29.73
 192.24  120.06
 192.33   79.57
 192.90  214.87
 193.13  132.90
 193.29  136.37
 193.99  219.29
 194.06  203.37
 194.53   61.61
 194.79  140.86
 195.06  100.91
 195.43  173.76
 195.78  195.25
 196.12  151.11
 196.17  143.83
 196.74  116.63
 196.94   26.37
 197.04  177.96
 197.25  235.94
 197.93  167.25
 197.98  199.53
 198.13  143.34
 198.35  215.51
 198.77  102.96
 198.95  161.61
 199.14  155.22
 199.27  131.37
 199.62   99.87
 199.70  181.58
 199.94  153.24
 199.99  114.37
 200.68  231.45
 201.56  146.96
 202.45  196.50
 202.98  233.66
 203.08  112.34
 203.30  129.36
 203.33  238.60
 203.72  169.26
 204.39  208.86
 204.43  192.77
 205.31  164.52
 205.73  172.28
 205.79   99.88
 205.99   65.82
 206.17  112.76
 206.59  160.14
 206.76  222.49
 206.80   30.22
 206.86  133.36
 207.04  242.29
 207.42  187.21
 207.59   33.49
 208.33  157.03
 208.41  199.04
 208.60  226.62
 208.71  166.62
 208.84  148.12
 208.95   95.90
 209.10  232.98
 209.34  144.37
 209.53  202.77
 210.25  108.81
 210.64  235.43
 210.97  163.89
 211.00   64.18
 211.43  197.69
 211.48  244.74
 211.57  213.23
 211.95  237.44
 212.53  167.49
 212.62  142.78
 212.68  145.86
 212.71  152.72
 212.80  136.24
 213.08  206.44
 213.30  229.80
 213.49  202.19
 213.88  136.20
 213.90  132.01
 213.93   65.38
 214.07  245.65
 215.47  219.80
 215.76  151.53
 216.29  223.49
 216.79  159.69
 217.03  237.42
 217.07  202.11
 217.26   86.16
 218.02   37.86
 218.26  171.28
 218.27   63.38
 218.35  189.21
 218.58  140.97
 218.66   95.85
 219.25   92.01
 219.35   68.27
 220.42  225.55
 220.46   87.67
 220.50  106.97
 220.57  247.77
 220.61  110.46
 220.64  141.07
 220.90   41.63
 221.22  102.21
 221.23  145.06
 221.65  173.09
 221.91   66.48
 222.28  239.50
 222.35  220.95
 223.40  146.28
 223.98  132.76
 224.07  232.22
 224.40   92.60
 224.86  101.19
 224.90  213.67
 225.34   38.77
 225.43  189.06
 225.49  160.62
 226.19  239.81
 226.77  173.08
 226.88  192.89
 226.92  165.94
 226.98  219.62
 228.25  119.31
 228.87  134.78
 229.35  144.22
 229.79  129.22
 229.82  219.64
 230.17   90.99
 230.35  149.21
 230.98  162.67
 231.54   78.01
 231.72   83.84
 231.77   88.67
 231.83  215.95
 231.89  222.53
 232.01  207.16
 232.41  139.35
 233.25  123.75
 233.35   36.39
 233.59  128.76
 233.65  209.78
 233.82  169.99
 233.82  187.32
 234.18   89.16
 234.28   94.38
 234.41  143.86
 235.27  216.00
 237.10  204.71
 237.13  226.88
 237.31  208.80
 237.43  188.20
 237.43  222.37
 237.94   80.76
 238.11  183.90
 238.94  117.37
 239.67  126.73
 239.71  216.78
 239.72   91.68
 240.00  225.23
 240.28   77.33
 240.91   83.98
 241.42  137.72
 241.60  181.71
 241.82  181.64
 242.44   38.74
 242.80  189.45
 242.91   35.11
 243.14  203.20
 243.16  106.03
 243.37  222.52
 243.48  185.12
 243.53  126.06
 243.83   73.20
 243.84  218.65
 244.29  105.52
 244.81   79.55
 244.90  146.51
 245.03  123.20
 245.42  105.32
 246.59   35.88
 246.65   99.10
 247.06   92.46
 247.37  238.94
 247.79  225.41
 247.90  213.76
 248.09  228.96
 248.11   83.12
 249.44  108.08
