   8.24  130.65
   8.49  100.06
   8.59   91.82
   9.03  144.55
   9.36  133.68
   9.51  119.50
   9.60  161.83
  10.61  165.72
  10.96  147.18
  12.04  144.17
  13.76  155.24
  15.58  171.53
  15.72  151.22
  17.56  144.71
  17.94  157.73
  18.21   78.67
  18.33   74.51
  18.90  169.99
  20.15  164.79
  21.37  163.35
  21.72  175.39
  22.02   72.56
  22.35  167.86
  25.12  125.37
  25.49  171.87
  26.51  162.48
  28.48  165.59
  28.97  155.13
  30.21  155.00
  30.30  149.39
  30.81  123.90
  32.73   99.71
  32.96  179.13
  34.23  132.27
  34.26  172.36
  34.90   97.69
  36.95  170.37
  37.61   95.96
  38.90  177.58
  39.03  150.88
  40.37  166.54
  40.38  166.57
  40.51  176.14
  41.24   57.72
  41.55  162.01
  43.42  139.71
  43.50  172.52
  44.85  150.14
  47.00  154.40
  47.43  149.39
  47.63   39.74
  48.08  133.98
  50.52  165.19
  51.47  149.02
  51.87   43.55
  55.08   39.85
  55.50  156.57
  56.14  166.56
  56.43  174.29
  61.45  137.92
  61.65  168.60
  64.48  153.57
  64.79  143.92
  65.66  165.90
  66.32   35.93
  68.48  142.59
  69.38   33.95
  70.56  165.13
  71.04  182.27
  71.70   34.84
  71.89   35.00
  72.10  153.06
  72.19  170.46
  72.61  157.82
  74.82   33.83
  74.90  147.62
  75.22  159.25
  75.51  176.96
  77.82  171.52
  78.17  150.91
  78.97  174.51
  79.58  159.07
  80.08  170.02
  82.14  172.58
  82.73   92.83
  83.34  119.02
  83.89   31.05
  84.48   65.98
  85.55  170.48
  86.18   69.84
  86.58   53.15
  86.67   55.36
  87.24  143.90
  87.48   98.93
  87.69   36.79
  88.64   96.76
  89.38   34.63
  89.47  140.63
  89.86  170.07
  91.62  167.52
  92.04  178.41
  92.54  163.36
  94.66  167.14
  96.57  170.21
  96.92   74.83
  97.35  188.47
  98.21  167.11
  99.32  159.48
 100.09   37.29
 100.77  162.05
 101.13   44.61
 102.10  158.89
 102.29  110.07
 103.14   94.22
 107.08  137.83
 108.03   32.56
 111.00   38.98
 111.32  161.18
 111.73  144.81
 112.24  116.71
 112.43  116.44
 113.92  166.34
 114.25   46.99
 114.89   50.46
 115.17  169.20
 115.27  141.88
 115.63  103.23
 115.63   43.01
 116.29  184.74
 116.34  184.88
 116.34   43.51
 117.34   50.98
 117.42  108.37
 118.41   39.12
 118.70  161.73
 119.10  154.49
 120.42   35.12
 120.85  149.93
 121.58  100.86
 122.20  169.63
 122.45   50.18
 122.52   97.81
 124.61  174.39
 124.98  191.21
 125.01  125.27
 126.08  161.01
 126.12  153.79
 126.34  188.35
 126.72   59.03
 127.25  157.19
 127.74  170.55
 128.06  189.47
 128.66   37.30
 129.01   91.61
 129.03   54.27
 129.28  175.34
 130.96  191.23
 131.00   96.58
 131.07  124.68
 135.14  119.98
 135.86  152.19
 136.45   53.15
 138.77  155.01
 138.84   74.40
 139.46   57.53
 139.88   51.81
 140.25   85.84
 141.07  100.11
 141.90  157.54
 142.37   47.72
 142.74   44.13
 142.97   99.98
 144.53   59.92
 144.94  151.86
 145.22   71.36
 145.56  155.43
 146.23  176.19
 148.09   49.55
 148.90  156.00
 151.49   71.42
 152.64   54.69
 153.66  170.62
 155.10   51.09
 155.18   59.31
 156.48  171.32
 157.86   51.23
 158.94   63.03
 159.62  106.48
 160.17  171.99
 160.27   57.73
 163.20   58.79
 163.66   55.00
 164.19   83.01
 164.91  168.69
 165.27   55.53
 170.05   89.21
 170.62   57.78
 170.63   85.16
 171.38   62.34
 171.85   81.49
 172.90  154.13
 174.33   92.96
 178.88  148.99
 179.46  117.51
 180.76   82.67
 185.55   88.83
 187.96  112.83
 188.24   68.75
 195.49  101.91
 196.80  137.46
 197.44  133.46
 199.87   78.98
 200.73  134.12
 201.24  112.17
 201.52   88.38
 202.32  137.10
 203.89  123.69
 204.27  165.23
 204.79  139.77
 205.04   89.17
 205.04   82.04
 205.21   94.70
 205.49  113.76
 206.26   82.93
 207.81  108.00
 209.26   81.64
 209.34  136.02
 210.25  118.32
 210.57   84.68
 210.78   84.81
 211.05   91.87
 211.44  106.52
 211.62  139.04
 212.33  129.61
 212.43  101.59
 213.53  135.62
 215.02   86.58
 215.61  123.54
 217.07  110.63
 217.21  124.42
 217.58  129.87
 218.04  102.41
 218.34  133.49
 218.39   98.37
 221.16  130.03
 222.24  116.38
 222.25  116.34
 223.51  107.58
 223.52   87.91
 223.83   96.07
 225.51  108.05
 226.12  113.28
 226.12  118.47
 227.76   98.16
 228.02  102.52
 228.18  109.22
 228.64  206.93
 229.19  121.26
 229.94  116.24
 229.95  105.71
 230.59  131.63
 230.60  111.12
 231.51  124.19
 231.70   90.77
 231.98  206.97
 232.47  132.53
 232.80  135.38
 232.86   85.49
 234.59  105.51
 235.32  206.45
 235.85   94.58
 236.20  133.32
 236.35  131.76
 237.66  100.94
 237.74   88.64
 238.02  112.75
 238.95  145.42
 243.36  116.36
 244.66  100.71
 245.23   87.26
 246.10  126.02
 246.21   83.69
 246.76  115.68
 248.76  114.10
