   6.91  182.46
   6.95  155.08
   8.88  179.46
   9.10   78.09
   9.44  184.67
  11.40  189.73
  11.42  194.30
  16.89   85.52
  18.19   77.88
  21.62   86.09
  22.17   71.04
  22.99   79.52
  24.27   83.05
  26.65   71.98
  27.26   83.48
  29.27   71.26
  29.50   85.67
  30.13   89.67
  31.03   95.63
  32.15   74.40
  32.35   77.42
  34.20   79.61
  34.38  224.98
  34.39  211.90
  34.43   90.09
  35.03   94.41
  38.92   77.39
  39.95   95.89
  42.88   75.18
  43.67   99.54
  43.68   99.62
  45.91   93.86
  46.43  116.28
  47.73   88.98
  47.83   98.41
  49.00   94.81
  52.24   68.88
  53.10   94.22
  54.33   96.63
  58.00   57.48
  59.24   62.76
  59.89  102.52
  62.42  130.79
  63.67  117.74
  64.97  129.96
  65.26   60.96
  65.69  128.56
  68.20  123.68
  69.64  139.44
  69.93  135.99
  71.87  112.95
  74.29   45.52
  75.52  231.72
  75.93   57.59
  75.96   57.59
  76.47  112.09
  77.77  106.44
  78.84   50.20
  82.04  151.32
  82.91  116.83
  83.02  156.25
  85.63  120.02
  90.75  157.49
  90.92   46.21
  91.36  124.00
  95.02  128.28
 100.24  119.48
 100.95  129.91
 102.63  170.48
 104.65  137.21
 105.90  169.03
 108.44  145.64
 109.40  137.57
 109.57  141.20
 111.36  156.88
 113.99  151.01
 119.09  136.45
 119.76  153.46
 120.44  128.59
 121.42  138.75
 122.07  158.80
 125.68  149.21
 126.54  129.58
 128.00  135.44
 128.17  168.06
 130.82  127.79
 132.53  131.59
 134.66  121.01
 134.77  136.91
 136.92  124.02
 137.56  130.31
 137.61  146.22
 139.36  184.08
 139.58  180.04
 140.41  199.92
 144.44  135.06
 145.10  187.51
 146.18  162.60
 149.18  196.72
 153.95  200.02
 157.02  206.98
 157.72  203.42
 159.46  147.65
 163.49  181.16
 164.26  160.94
 166.00  202.50
 167.49  197.34
 169.20  155.50
 172.30  157.49
 173.00  182.04
 175.55  198.61
 178.94  206.52
 183.60  147.60
 191.10  202.41
 193.13  123.74
 193.69  175.99
 194.39  160.98
 195.97   10.18
 197.99  160.05
 198.59  127.05
 199.14  173.49
 203.41   93.97
 205.75  204.52
 206.82   42.37
 208.33   40.03
 209.73   40.84
 209.80  139.06
 209.92  162.74
 211.62   49.27
 215.86   43.41
 217.37  136.40
 217.68  174.70
 217.79  195.81
 218.04  203.90
 219.06  115.34
 219.55   39.73
 220.32    9.35
 222.73  128.57
 225.21  202.96
 225.57  150.57
 226.08  161.26
 227.04  206.91
 227.72  196.59
 232.96  151.51
 233.80  203.24
 234.60  195.21
 237.42  194.28
 239.48    8.84
 242.20  203.72
 243.40  139.80
 245.75  152.61
 246.56  147.69
