  12.92  190.38
  17.11    8.81
  19.01   22.52
  22.26   12.91
  22.51  103.43
  34.18   64.04
  35.95    9.36
  37.34   62.19
  38.33   48.73
  38.60  188.44
  39.49  185.99
  40.89   11.89
  41.95   21.70
  44.61   59.45
  45.04   12.61
  47.72   43.16
  50.09  129.35
  50.10   46.42
  51.53   48.44
  55.65  183.55
  66.10   33.92
  67.40  176.50
  69.09  179.03
  72.96  243.60
  73.83  172.96
  76.05  237.62
  76.40  145.11
  76.50   29.98
  77.92   40.19
  78.46   30.31
  83.95   46.23
  89.17  231.26
  93.56  228.91
  95.76  171.03
  97.00  229.26
  99.88   37.60
 101.64  227.74
 102.17   50.72
 104.65  225.16
 105.76   59.31
 105.85  171.42
 108.76  168.06
 109.55  170.72
 110.71   18.06
 112.91  223.81
 113.64   27.40
 113.91  166.45
 115.74   43.91
 115.94   23.90
 117.83   40.81
 118.66   51.20
 119.18   23.97
 120.08  150.80
 120.11   30.58
 120.80  226.56
 120.98  217.84
 121.82   35.30
 123.20   51.58
 123.87   41.26
 132.75   46.13
 133.22   62.45
 134.27   43.03
 136.70  218.18
 137.54   41.12
 138.66   45.76
 139.78   33.58
 146.90  159.90
 147.49  155.57
 148.81  209.60
 150.91   29.78
 155.88   65.71
 157.74  149.37
 158.22   32.84
 159.52  151.66
 161.84  205.56
 162.92  148.05
 164.12   72.73
 165.08  205.84
 167.00  210.89
 167.20   33.15
 168.07   67.13
 169.92   69.48
 171.65   42.67
 171.68  197.00
 173.19   85.62
 173.97  200.07
 174.44  200.33
 174.79   61.13
 177.91   45.03
 178.69  199.97
 181.81  195.74
 181.98   92.31
 183.68  196.09
 184.24   52.12
 185.74   95.07
 186.22  198.97
 188.39  193.03
 188.56  145.42
 190.24  143.65
 191.76  191.39
 194.14  144.45
 194.31  187.53
 195.55  147.59
 196.80  100.89
 197.10  144.38
 198.65  103.98
 199.13  187.22
 203.47   99.94
 203.52  183.91
 204.52  106.51
 207.22  100.69
 210.20   71.28
 211.59  143.32
 211.62    7.86
 211.99  184.17
 212.24  185.01
 212.73  107.04
 213.54  242.00
 214.57   85.32
 216.19   90.98
 216.44  104.21
 221.75  237.87
 221.90  140.62
 222.37  145.52
 226.74  246.47
 230.31  236.51
 230.99  180.82
 234.04  186.15
 234.43  137.86
 234.50  185.27
 234.56  140.52
 237.09  239.64
 237.73  183.15
 239.54  234.74
 245.36  188.34
 246.36  134.31
