  10.91   36.83
  11.61  101.22
  12.51   43.81
  13.91   49.55
  13.96   49.27
  15.50   99.48
  15.57   25.55
  15.74   45.74
  15.77   36.77
  15.83   23.78
  17.62   33.25
  17.84   33.34
  18.03   12.13
  19.46   29.48
  19.82   40.05
  20.83   23.94
  21.78  243.51
  22.26   17.03
  22.34  239.90
  23.28   39.21
  24.33  237.58
  24.42   10.43
  24.91  140.40
  25.77   23.74
  26.33   39.41
  26.91  134.20
  28.00   64.01
  28.07    8.39
  29.83   24.49
  30.79  133.01
  31.37  122.53
  33.68   45.82
  34.97  121.93
  35.41  116.32
  35.42  122.89
  37.71   47.40
  37.83   50.71
  39.70  141.45
  41.66   59.67
  41.78   50.26
  41.98   50.01
  42.88   54.64
  43.93  120.75
  44.33   77.86
  44.42   73.78
  46.02  141.26
  47.07  140.51
  47.09   26.70
  48.58   93.60
  48.89  130.26
  49.20  194.84
  49.89  107.37
  50.16  113.14
  51.39  101.37
  52.86  126.77
  53.11   75.97
  53.21   56.58
  53.39  117.98
  54.11   32.53
  56.20  140.21
  56.24  207.68
  56.75   91.87
  56.76   71.35
  57.39  144.43
  58.01  105.07
  58.21   61.10
  60.75   71.82
  61.49   65.25
  61.55   61.35
  62.11  104.88
  65.45   85.63
  67.89   49.94
  68.87   71.79
  68.92  104.89
  70.30  138.00
  70.38  138.41
  70.48  100.89
  71.45   83.62
  71.69   78.39
  72.55   54.54
  72.56  122.78
  73.32   89.24
  74.18   94.17
  76.85   78.88
  77.05   87.54
  77.38  195.87
  77.75  108.17
  80.18  122.56
  80.76   77.24
  81.58  113.91
  82.08  125.98
  82.11   69.50
  82.44  107.65
  82.91  132.90
  83.02   88.10
  83.10   70.28
  83.69  218.02
  85.34   59.46
  86.48  113.10
  87.56   81.57
  87.95   90.83
  90.37  107.83
  92.01   84.92
  94.05  140.96
  97.22  208.24
  99.82  106.60
  99.89  100.10
 100.63  137.85
 100.72  148.04
 101.41  197.17
 101.49  142.95
 102.18  214.38
 102.45  187.79
 102.49  111.11
 102.53  204.96
 103.29  129.01
 103.45  139.58
 104.60  211.61
 105.02   67.57
 106.22  226.88
 106.50  209.07
 106.66   98.50
 107.68  211.71
 109.60  204.81
 110.01  105.40
 110.03  112.47
 110.71  155.85
 110.84   97.08
 111.34   94.30
 112.38  161.10
 112.50   74.03
 112.81  113.98
 113.17  214.42
 114.24  104.29
 114.92  118.80
 115.86  104.09
 116.74  160.24
 118.42   91.16
 118.79   88.11
 118.94  103.55
 122.78  184.20
 123.13  112.41
 125.24  138.87
 126.67  120.60
 126.84  116.77
 127.11  106.27
 128.30  114.08
 128.72   94.15
 128.93  200.23
 130.47  119.76
 130.78   85.33
 131.78  123.95
 131.97  113.59
 132.29  179.42
 132.69  140.02
 134.14  126.76
 134.90  146.44
 135.68  138.93
 136.01  111.31
 136.64  115.49
 136.79  143.39
 136.90  131.36
 136.92  120.80
 137.03  125.05
 137.27   85.84
 138.46  138.91
 139.05  146.55
 139.71  134.04
 140.48  124.05
 140.99   87.27
 141.13  112.27
 142.24  155.26
 142.39   84.18
 143.66  138.13
 144.66  122.73
 146.13  125.63
 148.98  125.18
 149.89  121.49
 150.29  142.00
 150.34  142.27
 151.09  134.32
 152.00  138.33
 152.98  124.08
 153.40  119.52
 156.33   90.44
 156.39  161.72
 156.42  117.37
 157.12  112.47
 157.41  124.41
 157.56  131.53
 161.04  165.28
 161.81  119.54
 162.18  125.46
 165.27  132.26
 165.53   96.09
 167.69  101.78
 167.74  125.34
 169.58  122.23
 174.77  121.39
 175.36  111.85
 176.47  138.75
 178.60  101.97
 178.62  112.58
 180.08  115.43
 181.18  138.61
 181.55   99.08
 182.81  139.32
 183.23  144.33
 184.17  125.69
 184.87  112.96
 185.05  135.67
 186.70  145.88
 190.12  144.91
 191.81  140.18
 192.30  159.60
 192.40  109.50
 192.52  103.26
 195.57   95.17
 196.20  150.53
 196.98  120.88
 197.12   85.83
 197.87  140.69
 199.41   88.97
 199.69  145.38
 200.18  154.32
 200.46  112.36
 201.64   86.96
 203.23  154.90
 205.06   80.47
 205.13  145.56
 205.21  127.66
 207.73  159.11
 207.91   92.31
 208.43   95.04
 209.13  115.03
 209.31   85.23
 211.35  157.83
 211.90  120.66
 214.72   76.86
 214.87  190.76
 214.96   85.83
 215.40  142.43
 217.26  120.29
 218.04  163.11
 218.43  148.55
 222.46  184.37
 222.50   79.26
 222.69  126.52
 222.70  177.63
 223.55  163.28
 224.12  123.21
 226.33  199.52
 226.66  144.86
 227.16  158.49
 227.62  179.07
 229.29  161.21
 229.85   92.77
 230.22  209.97
 230.32  125.71
 230.94  146.82
 235.10  207.73
 237.16  125.09
 237.19  129.88
 237.21  134.38
 237.75  134.42
 239.34  169.19
 239.34  163.67
 241.97  162.92
 241.97  127.40
 242.53  171.60
 242.76  205.50
 243.42  140.64
 244.80  164.00
 245.13  155.17
 247.56  203.82
