  11.67   40.12
  14.95   22.07
  16.53   21.02
  16.66   54.15
  19.51   51.35
  19.67   39.22
  26.43   55.39
  29.70   38.81
  29.81   28.81
  30.43   54.95
  31.77  113.97
  32.91  108.89
  33.26   57.03
  33.90   53.29
  40.69   46.62
  41.27   27.09
  43.85   66.70
  44.73   26.43
  44.79   44.52
  45.93   61.63
  48.21   34.27
  48.40   27.30
  49.42  170.28
  51.82   72.53
  52.76  115.28
  54.41   48.62
  54.59   66.70
  55.41   75.57
  55.43  116.26
  56.41   33.24
  57.36   83.89
  57.37   73.29
  62.21   76.85
  63.36   66.65
  65.36   80.34
  65.39   33.06
  66.95  115.66
  70.15   64.50
  70.21   64.65
  70.49   42.13
  71.88  136.71
  72.22   36.05
  73.80   39.51
  74.54   70.60
  74.88   66.50
  74.97   37.00
  76.54  124.27
  79.10   64.30
  80.16   68.13
  80.69  138.91
  81.39   49.82
  81.94   27.18
  82.21   43.28
  82.59   90.42
  83.10   40.01
  83.83   59.55
  84.97  145.56
  85.66   55.58
  86.22   95.25
  86.24   42.54
  87.06   66.63
  87.66   63.62
  88.39  110.38
  88.79   61.75
  91.55   52.05
  93.63   86.36
  94.04  122.36
  94.92   82.54
  95.12  103.03
  96.46  164.54
  96.95  161.42
  97.61   56.63
  98.77   79.65
  99.52   82.61
  99.62  159.04
 100.14   85.90
 103.09   67.56
 103.86   90.78
 104.97   64.06
 105.13  124.06
 105.38   86.87
 105.51  129.84
 105.85   90.80
 107.39   51.57
 108.69   61.98
 109.65   95.09
 109.82   43.39
 110.38   85.05
 112.58   65.60
 112.74   32.14
 112.76   32.09
 113.46   34.06
 114.83   98.97
 115.35  106.29
 115.82   95.23
 116.34   88.62
 116.56   91.66
 117.51   45.76
 117.72  138.09
 117.83   79.35
 119.60   46.03
 120.26  107.28
 121.90  103.27
 122.55   97.09
 123.93   45.89
 124.23  101.46
 124.34   68.79
 126.21  134.87
 126.69   66.80
 126.72   34.44
 127.03  152.46
 127.47  109.18
 129.80    8.10
 130.69   71.82
 131.59   89.05
 132.13   65.04
 132.48   65.38
 132.54   65.35
 132.60  115.29
 132.92   53.52
 133.00   70.13
 133.78  142.99
 134.67   83.76
 134.75  101.35
 135.06  118.48
 137.25   71.59
 140.38  184.89
 141.80  117.12
 142.00   88.69
 142.72  142.81
 143.15  137.61
 144.30  102.31
 145.46  122.83
 146.04  108.33
 146.11   25.43
 146.86  108.03
 147.07  120.09
 147.25   22.41
 147.30  111.29
 148.27  150.67
 148.34  145.00
 148.41  141.85
 148.43  105.71
 148.70  135.73
 148.87  138.36
 148.95   93.55
 149.54  103.00
 150.00  111.82
 150.01   31.31
 150.78  108.58
 151.37  148.29
 151.40    9.60
 152.02  152.03
 152.25   86.31
 152.85   33.57
 155.78  104.74
 156.19  134.42
 158.18   93.46
 159.98  107.47
 160.18   87.90
 160.24  125.80
 160.46   13.90
 160.88  118.70
 161.52   35.75
 161.79  114.36
 161.84  129.02
 162.68   84.78
 162.69  155.21
 163.54  105.53
 163.98   69.38
 164.58   78.57
 167.24   17.66
 168.34   33.58
 172.45  128.44
 172.51  120.10
 172.74   95.69
 175.26   73.58
 175.68  161.85
 175.81   32.62
 177.21   76.51
 178.22   86.19
 179.76   27.89
 180.68  160.43
 181.07   76.25
 181.16   16.88
 186.02   17.82
 186.53  157.95
 188.51   78.65
 188.95  161.62
 189.11   22.74
 189.20  152.20
 190.50   17.57
 190.66   97.96
 191.31   83.30
 191.72  153.61
 192.96  173.54
 193.73   19.04
 194.18   79.01
 194.55   22.47
 197.07  135.01
 197.12   22.55
 197.54   76.49
 201.29  135.54
 202.87  135.69
 203.15  143.66
 203.72  119.29
 204.16  139.35
 204.37  118.77
 204.55  133.11
 204.66  130.09
 205.56   95.26
 206.14  142.40
 207.48  171.03
 209.98  105.89
 210.35  146.60
 210.53  174.81
 210.79  108.95
 210.99  110.30
 211.70   97.83
 212.67    7.33
 212.89  171.73
 212.93   94.20
 212.99  135.12
 213.43  152.00
 213.93   97.89
 215.46  104.16
 216.22  126.62
 216.29  169.75
 216.62  143.85
 217.97  130.24
 218.45  149.66
 219.24  149.17
 219.82  143.77
 220.87   16.08
 220.99  128.00
 221.58   87.00
 222.03   94.83
 222.62   99.35
 223.64   23.26
 224.26  142.16
 225.21  100.80
 226.66  127.34
 227.71  155.58
 228.17  131.52
 228.26  100.03
 228.90  101.09
 229.87  156.90
 230.94  127.18
 231.01  161.56
 231.40   99.74
 231.47   90.73
 234.20  106.98
 234.42  164.60
 235.11  129.53
 235.58  160.51
 236.10  165.57
 237.17  108.44
 238.81  122.08
 239.12  173.40
 239.42   92.10
 239.46  167.64
 239.98  131.76
 240.62  142.17
 240.64  118.25
 240.88  135.54
 241.03  144.79
 242.50   92.94
 243.21  146.52
 243.57  101.41
 243.86  150.81
 244.15  115.32
 244.19   97.08
 244.20  132.77
 244.34  176.11
 244.95   30.23
 245.16   26.09
 245.29  143.76
 247.01  140.41
 247.55  115.42
 248.34  111.72
 248.99  136.99
 249.22  144.02
 249.26  177.17
