   7.89  241.24
   8.33  167.88
   8.61  243.80
  10.30  155.83
  10.34  120.87
  11.00  173.98
  11.00  125.95
  11.80   90.09
  11.93  104.49
  12.17  210.14
  12.17   93.05
  12.92  237.30
  12.95  244.33
  13.59  225.46
  13.94  118.85
  14.45  173.49
  15.05  123.80
  15.59  239.53
  16.15  109.78
  16.20   92.70
  17.82  245.57
  18.40  106.09
  18.57  119.68
  18.96  160.36
  20.24  170.16
  20.73  128.76
  21.39  243.18
  21.75  109.41
  22.49  157.39
  24.37  160.17
  24.74   97.11
  24.76  106.53
  25.19  149.92
  25.31  114.91
  25.51  157.75
  25.80  232.66
  25.90  220.16
  27.58  197.30
  27.95  196.40
  28.22  169.71
  28.58  115.11
  29.66  206.32
  30.07  148.84
  30.85  192.57
  30.90  123.82
  31.12  158.85
  33.15  134.09
  34.95  135.43
  35.16  129.29
  35.79  230.91
  36.03  128.09
  36.28  243.88
  37.23   33.89
  37.72  163.20
  38.62  140.08
  39.63  243.03
  41.11   31.68
  41.50  162.83
  42.36   53.82
  42.54  232.76
  42.99  186.43
  43.90  228.03
  43.95  136.74
  44.57  206.07
  45.26  159.48
  46.43  186.60
  46.54  191.04
  46.79  152.96
  48.29  145.90
  50.00  154.85
  50.54  180.89
  50.92  200.10
  51.04  244.66
  53.09  142.60
  53.14  205.15
  53.17  132.78
  53.62  193.59
  53.65  227.10
  53.98  125.92
  54.52   29.43
  56.26  138.86
  56.37  134.33
  56.84  216.91
  57.17  172.72
  57.72  141.82
  58.11  126.29
  58.24  207.72
  58.26  222.94
  59.27  138.82
  59.38  242.23
  59.66  134.05
  59.96   74.71
  60.47  143.19
  60.56  205.96
  61.95  202.64
  64.95  229.49
  70.69  235.23
  78.98  243.18
  81.44  238.88
  86.26  244.37
  93.27  248.18
  96.24   74.24
  96.32   74.46
  99.51   64.89
 100.91   22.91
 102.57   11.22
 102.97   47.55
 103.16   34.15
 103.87   22.74
 104.84   74.40
 105.44  108.79
 106.99  101.69
 106.99   52.76
 107.07   20.75
 109.48   95.36
 110.31   99.73
 110.51  241.17
 111.46   36.09
 111.74   62.81
 112.24   26.22
 112.54   72.53
 113.31   32.29
 113.78   54.10
 114.26   57.34
 114.50  248.00
 116.71   60.53
 116.93   16.35
 117.02   24.67
 117.03   65.54
 117.16   44.58
 118.10   31.65
 118.83  103.07
 119.25    9.77
 119.90   44.94
 119.93   65.29
 121.36  112.94
 121.48  126.35
 122.28   95.45
 122.55   87.59
 123.32   25.27
 123.69   63.45
 124.73  123.41
 124.88  123.78
 125.05   89.49
 125.58  105.90
 126.06   66.07
 127.01   30.62
 127.37  113.83
 127.79   73.21
 128.87  131.32
 129.81  144.07
 129.98   29.35
 130.02   77.26
 130.64  111.21
 130.65  148.69
 130.96  141.54
 131.24  112.28
 131.34   66.30
 132.34   35.78
 132.62  121.73
 132.95  122.74
 133.91  115.62
 134.15   84.24
 134.32   76.40
 134.73  128.22
 134.80   59.77
 134.95   97.38
 135.89   66.29
 136.61  109.01
 136.68  167.29
 137.82  102.41
 138.59   46.42
 138.70  127.21
 139.25  142.74
 139.86   92.15
 139.92   76.46
 139.92  170.58
 140.00  141.71
 140.78  103.75
 140.87   81.00
 141.05   63.01
 141.60  130.72
 142.35  168.57
 142.57  185.44
 143.38  119.91
 144.06  151.06
 144.37  155.52
 144.92  161.89
 145.65  168.44
 146.23  141.48
 146.96  153.38
 148.50   82.51
 149.22  104.23
 149.48  141.08
 151.69  129.96
 151.87  164.43
 152.05  119.87
 153.04   91.63
 153.16  150.75
 155.30  154.32
 155.97  135.59
 158.81  124.52
 161.07  137.50
 161.07  119.12
 162.34  115.63
 164.62  136.35
 166.48  148.11
 166.62  116.20
 166.67  116.29
 167.47  160.39
 170.61  113.68
 170.78  109.07
 171.99  172.48
 172.02  132.31
 172.03  179.17
 172.58  244.99
 172.76  157.20
 173.80  176.77
 173.81  166.91
 174.09  198.77
 174.21  144.26
 174.26  178.07
 174.43  211.54
 174.83  117.85
 175.57  187.97
 175.57  172.18
 175.87  180.07
 176.61  196.86
 177.36  207.37
 177.36  204.17
 177.37  206.74
 178.42  102.21
 178.49  116.37
 178.91  172.23
 178.99  247.10
 179.09  243.95
 179.33  197.60
 179.43  162.93
 179.82  193.10
 179.98  213.23
 180.41  203.48
 181.54  207.94
 182.28  196.27
 182.77  145.47
 183.39  201.76
 183.82  173.84
 183.87  187.69
 184.32  193.45
 186.35  216.43
 186.93  208.58
 187.49  245.87
 187.54  165.49
 187.93  234.41
 188.03  142.58
 188.61  226.17
 188.95  130.23
 190.20  215.84
 191.32  141.11
 191.97  231.10
 193.94  228.46
 194.55  171.93
 194.65  228.16
 194.72  228.13
 195.58  133.91
 197.23  215.79
 198.16  157.73
 198.44  173.28
 200.49  158.81
 201.42  237.99
 204.76  163.05
 206.22  173.49
 208.63  203.59
 214.16  205.02
 215.19  191.50
 216.58  203.16
 217.71  241.93
 218.41  179.64
 218.48  203.30
 219.28  246.88
 219.96  231.81
 221.05  206.98
 221.83  185.23
 222.66  240.97
 222.91  218.56
 223.89  224.90
 223.95  224.99
 225.80  202.55
 226.19  213.73
 228.67  209.63
 228.87  236.48
 230.91  239.61
 233.80  189.06
 234.29  216.65
 234.45  242.83
 234.82  238.19
 235.11  191.89
 240.21  247.78
