   7.66   41.59
   9.46   59.78
  10.76  186.34
  15.45  189.17
  16.12   40.00
  16.51   33.74
  17.06   58.39
  18.66   97.02
  19.15  135.45
  19.63  193.08
  20.25  171.64
  20.97  148.82
  21.18   34.04
  22.32  190.27
  23.82  186.67
  27.90  182.80
  28.10  142.13
  28.16   29.06
  28.74   55.80
  29.34  190.14
  31.59   38.90
  31.87   81.58
  32.17   33.89
  32.97  138.77
  33.77  127.89
  33.80   69.05
  34.44  182.13
  35.18   58.77
  35.61   39.10
  35.93   60.83
  36.04  189.57
  36.26   80.31
  36.37   86.57
  36.48   86.49
  36.61  174.42
  37.17  183.93
  37.23   83.40
  37.42  197.82
  39.10  193.00
  39.11  116.34
  39.70  141.03
  39.88  188.54
  40.04   30.36
  40.75   81.32
  40.95  131.06
  40.96  177.14
  41.33  101.73
  41.97   62.85
  42.75  131.32
  43.52  202.98
  46.22   32.67
  46.41   63.08
  47.12  144.55
  47.40   89.70
  47.83   40.31
  48.00  183.15
  48.81  202.01
  49.25  205.58
  49.32   82.09
  49.53  140.27
  49.57   34.03
  49.59   53.58
  49.70   56.14
  49.83   69.57
  49.91   79.82
  50.44   41.79
  51.63  207.73
  52.08   29.74
  52.55   63.65
  52.70  130.55
  53.01   86.74
  53.05  185.94
  53.26  142.53
  53.43   93.26
  53.69   20.63
  54.12   84.76
  54.14   25.40
  54.50   54.91
  54.61   27.89
  55.28  151.11
  55.68   62.12
  56.59   41.38
  57.35   18.33
  57.79   83.45
  57.87   21.59
  58.60   54.63
  58.64  181.10
  59.08   29.84
  59.35  206.07
  59.80   29.53
  60.07  139.88
  60.23  200.10
  60.30   19.30
  60.30   24.81
  60.83  178.51
  60.95  190.96
  61.11   37.88
  62.71   15.28
  63.15  201.95
  63.28  199.88
  63.56  179.41
  64.28  146.34
  64.29   31.36
  64.57  130.47
  64.68  119.22
  65.71   54.59
  66.18   70.53
  66.26   90.02
  66.34   18.76
  66.39   15.14
  67.31   68.99
  67.43  205.88
  67.85  183.77
  68.12  161.08
  68.13  158.68
  68.34  182.86
  68.39  212.97
  68.72   47.73
  68.79  151.96
  69.04  199.33
  69.37  203.47
  69.68  125.23
  69.91  175.16
  70.10   26.51
  70.44  186.61
  70.62  140.04
  71.73  207.32
  71.77  156.75
  72.76  134.30
  73.19   95.50
  73.59  148.08
  73.90  123.72
  73.99  176.40
  74.17  189.60
  74.87  131.69
  75.03  121.08
  75.47  156.65
  75.85  146.59
  76.91   26.11
  77.28  197.87
  77.59   92.40
  78.14  125.05
  78.82   41.91
  78.88  177.88
  78.92  125.47
  79.01  135.75
  81.02  123.27
  81.14   56.76
  81.26  138.49
  81.62   15.70
  81.68   47.02
  82.39   37.99
  82.50  185.48
  82.66  157.02
  83.50  153.48
  84.35   54.05
  84.46  177.95
  84.47   40.90
  84.66  189.10
  84.73   61.25
  84.88   56.78
  84.91  123.19
  84.97   61.05
  85.03  172.60
  85.13   21.32
  86.02  182.20
  86.35  196.91
  87.04  126.86
  87.46   44.15
  87.48   17.73
  88.15  145.04
  88.36  187.85
  88.42  138.06
  88.52   54.44
  88.59  210.30
  88.70  153.41
  88.95  216.31
  88.97  122.77
  89.22  133.17
  89.43   98.67
  89.46   51.30
  89.59   58.01
  89.73   77.16
  89.89  150.41
  90.02   22.07
  90.38  131.59
  90.84  206.84
  91.19  157.78
  91.61   12.85
  91.90  200.09
  92.01  119.15
  92.20   54.56
  92.21  185.46
  92.50  105.76
  92.65  161.50
  92.76  175.38
  92.82  217.01
  92.85   35.88
  93.61   18.32
  94.19  129.86
  94.32   60.58
  94.73   14.17
  94.75  138.35
  95.08   40.55
  95.11  203.36
  95.37  134.14
  95.54  192.52
  95.66  213.03
  95.71  213.29
  95.75  105.20
  96.01  152.72
  96.10  159.58
  96.28  182.17
  96.30  210.14
  96.65  111.99
  96.92   22.54
  97.32  195.59
  97.92  181.30
  98.15   80.33
  98.37   16.78
  98.59  169.43
  98.62  147.29
  99.30  172.28
  99.76  136.44
  99.96  161.50
 100.57   33.37
 100.63  148.25
 100.73   40.33
 101.75  165.81
 101.76  168.69
 102.52   29.59
 103.08  106.51
 103.65   69.12
 104.55  154.04
 104.99  133.81
 106.06   34.10
 106.52  151.50
 106.88  162.81
 107.13   31.22
 107.55   90.97
 107.70  104.53
 107.80  137.51
 108.25   86.99
 109.34   44.14
 110.14  150.83
 110.22   31.63
 111.57   86.06
 111.92   89.33
 112.22  212.88
 112.33   36.73
 112.37  135.81
 112.91   15.87
 113.84   23.43
 113.97   63.59
 114.43   44.38
 115.60   29.67
 115.60  176.91
 115.87   49.22
 116.51  161.59
 116.59   86.35
 116.68   43.50
 116.83  157.00
 117.25   19.98
 118.80   29.86
 118.88   71.49
 118.90  134.66
 118.97   50.57
 120.45  129.58
 120.55   15.63
 120.78  129.63
 121.46  147.36
 122.06  200.29
 122.37   45.35
 122.49  196.47
 122.65   53.12
 122.93   66.95
 123.05   62.83
 123.30  207.35
 123.38  140.30
 123.87  150.85
 123.90   57.10
 123.98   30.90
 124.36  220.16
 124.54   49.51
 125.35   28.61
 125.45   69.09
 125.47   28.67
 126.80  149.06
 126.97   75.52
 128.18   47.29
 128.29   53.52
 128.33   58.44
 128.37  199.45
 128.47   66.22
 128.81  191.66
 129.07   68.99
 129.54   71.61
 130.53   33.90
 130.58  186.02
 131.29   48.35
 133.72  198.58
 134.27   78.82
 134.41  205.86
 134.96  173.64
 135.70   68.13
 136.70   65.13
 137.46   55.74
 137.49  155.60
 139.33  214.76
 140.41  180.84
 140.44   68.06
 141.32  226.03
 141.88  134.02
 143.75  205.06
 144.28   78.52
 145.40   58.55
 145.41   54.83
 145.73   75.42
 146.09   64.55
 146.43  211.69
 146.93  202.90
 147.20  181.02
 147.85   37.59
 147.86  204.24
 147.89  197.89
 148.06  204.20
 148.17   43.43
 148.71  219.88
 148.72  138.50
 149.09  186.53
 149.46   60.83
 149.98   38.33
 150.76  191.95
 152.11  135.11
 152.67   59.25
 152.71  227.43
 153.49  225.71
 153.89  201.73
 154.57   67.49
 155.06   54.13
 155.51   37.37
 155.68  202.80
 155.72   42.81
 155.77   42.87
 157.38   71.89
 158.50   50.38
 158.99  166.91
 159.01  188.56
 160.06  109.60
 160.91   48.56
 163.26  201.34
 163.53   74.86
 163.85  213.19
 163.93  205.39
 164.30   51.64
 164.49   78.40
 164.66   56.03
 164.94   51.23
 165.44   67.55
 166.16  121.52
 166.27  116.06
 166.29  225.83
 167.37  204.85
 168.42  183.09
 168.71   64.72
 168.88  182.58
 169.94  121.39
 169.97  201.60
 170.11   77.80
 170.25   58.72
 171.75  180.95
 172.48  196.32
 172.62  177.69
 172.69  219.21
 173.35  205.24
 173.46  214.58
 173.47   48.79
 173.65  198.17
 173.77   64.86
 174.07  198.12
 174.69   79.76
 175.28  222.59
 176.41   62.29
 176.60  229.12
 177.05  206.99
 177.86  189.75
 178.00   70.15
 178.24   67.49
 178.24  179.56
 180.34  202.00
 180.43   75.71
 180.70  224.24
 181.65  211.55
 181.76  198.78
 183.38  216.22
 183.83  219.09
 184.24  196.64
 186.23   59.59
 186.40  192.12
 186.54   65.57
 186.56  228.96
 186.74  221.28
 186.76  197.91
 187.03  232.98
 187.13  190.16
 187.61  214.04
 187.76   64.79
 188.06  209.11
 188.59   49.30
 189.01   89.24
 190.25  199.36
 190.55   55.77
 190.66   53.62
 190.66   58.92
 191.81  210.75
 191.82  186.30
 191.86  184.90
 192.16  213.04
 192.19  146.60
 192.25  190.92
 193.83   54.81
 195.54  198.22
 195.61  221.41
 196.28  193.97
 197.46   61.17
 198.61  179.09
 198.64   76.72
 199.10  228.11
 199.20  113.61
 199.37  210.93
 199.56  211.44
 199.99  217.82
 200.46  231.80
 200.69   89.48
 200.88  196.58
 201.09  120.42
 201.33   85.05
 201.55  203.03
 201.59  225.51
 202.43  186.81
 202.55  198.38
 203.04   78.20
 203.11  173.71
 203.24   59.10
 203.91  237.71
 205.36  234.81
 208.46  181.70
 208.97  183.75
 209.43   60.09
 210.36  211.01
 211.54  219.41
 211.61  229.04
 212.78  233.85
 213.89  239.86
 214.25  230.88
 214.58  221.76
 214.67  178.46
 215.75  241.47
 216.09   86.60
 216.19  225.43
 216.78  177.38
 217.69  235.67
 217.70  185.69
 217.92  203.27
 217.93  192.78
 219.32  222.55
 221.05  248.28
 221.07  218.63
 221.25  230.29
 221.60  138.26
 225.35  218.39
 225.66  236.20
 225.91  229.53
 226.76  139.57
 227.29  214.81
 229.47  206.78
 229.55  231.17
 229.64  234.55
 229.68  237.98
 232.02  247.37
 232.49  116.56
 236.37  238.45
 236.87   86.86
 237.46  121.76
 238.14  234.11
 238.36  212.47
 240.30  100.01
 241.39   94.76
 242.91  239.00
 243.50  212.14
 246.31  233.76
 246.58  223.45
 247.64  211.54
 248.91  134.35
