  13.97  102.01
  14.83   91.64
  16.05  177.08
  18.20   75.48
  19.54   89.15
  21.50   91.60
  23.35  100.18
  23.84   89.21
  28.22   90.25
  29.50   60.97
  30.48  100.52
  30.70   92.20
  33.94   90.52
  35.04   97.92
  36.98   95.30
  37.01   95.22
  38.51  102.16
  41.60  192.63
  45.22  124.54
  45.26   76.65
  46.25   87.14
  48.11   96.97
  48.62  124.17
  49.94   64.43
  51.63   89.02
  55.17   71.68
  56.09   83.38
  57.04   61.56
  60.55   64.87
  60.61   67.96
  62.92   82.13
  63.66  139.28
  64.64  146.79
  64.77   96.71
  64.79   67.37
  64.91   91.79
  65.35  143.05
  65.48  143.05
  67.41   85.45
  68.28   59.53
  68.80   97.28
  68.93  192.37
  69.06  145.54
  70.59   62.82
  71.13   92.17
  72.89   58.13
  73.62  123.80
  74.11  137.42
  75.36   88.65
  77.41   60.66
  78.89   64.31
  79.38   70.47
  79.56   68.08
  80.03  133.41
  80.67  136.53
  81.61   60.90
  81.68   74.49
  82.54  139.67
  83.40   88.25
  83.57   64.25
  83.89  201.55
  84.51   85.20
  84.70   67.75
  85.86   72.11
  86.21   54.37
  86.25   82.94
  86.82   57.92
  86.82   61.70
  87.04   66.05
  88.88  102.82
  88.93   82.48
  89.73   87.46
  89.99   55.23
  90.00   60.96
  90.86   50.79
  90.96   79.04
  91.86  100.58
  92.37   63.51
  92.92   60.79
  95.06   85.18
  96.97   61.49
  97.50   88.73
  98.37   52.83
 100.91   93.55
 102.08  130.65
 102.74   57.72
 103.19  192.88
 103.79  162.79
 104.16   83.76
 105.13  103.46
 105.20   61.08
 105.61   64.75
 105.83   56.84
 106.70   48.16
 108.73   69.19
 108.98  163.20
 109.24   62.00
 109.40   64.29
 109.58   46.31
 110.01  127.02
 110.33  185.72
 111.49   94.82
 112.82   46.99
 113.23   64.47
 114.09   43.40
 114.10   39.21
 114.22  108.21
 116.96   54.16
 119.65   47.43
 120.67   62.02
 121.40  112.69
 121.68  212.21
 122.15  108.76
 124.11  103.70
 125.05   93.17
 125.85   99.11
 126.00   48.45
 126.23   32.58
 126.69   89.87
 127.51   46.76
 129.55  207.15
 129.98   44.09
 130.14   27.29
 130.90   38.15
 131.02   24.37
 131.48   59.83
 132.16  213.84
 132.48  100.64
 133.55   46.21
 134.56  195.36
 134.75   37.52
 135.04  112.21
 135.39  215.26
 135.93  119.96
 136.19   42.82
 136.29   28.28
 136.70  125.85
 137.83   96.92
 139.13   36.95
 139.20   61.79
 139.40   55.23
 140.76   46.19
 141.21   33.69
 141.63  120.75
 142.20  212.66
 142.77   41.84
 144.31  101.77
 145.03  209.86
 145.09   54.56
 145.24   31.64
 145.39  227.68
 145.42   60.67
 145.72  225.39
 145.99   37.14
 146.21   58.54
 147.77   28.86
 148.08   92.52
 148.13   63.00
 148.46   68.68
 148.62  119.76
 148.92   65.70
 149.40   39.65
 150.13  204.23
 150.67   78.86
 150.83   37.08
 151.40   60.18
 151.92   51.89
 152.00  103.00
 152.92  213.83
 153.11  204.19
 153.60   33.56
 153.65   41.80
 154.35   80.35
 154.43  101.56
 155.05  132.44
 156.15  104.00
 156.33   40.98
 157.07  238.56
 157.65   65.67
 158.05   94.33
 158.08  203.01
 159.29   94.90
 159.29  101.02
 159.72   47.41
 160.18  122.54
 160.22   66.77
 160.44  148.01
 160.64   63.27
 162.43  153.57
 162.85  160.70
 163.75   51.89
 165.08  239.00
 165.13  150.67
 165.39   57.18
 165.49   90.03
 165.94   72.07
 166.29   48.11
 167.04  203.47
 167.12   77.97
 168.35  191.84
 169.00  147.07
 169.21   98.34
 169.87  143.74
 170.66  195.73
 170.73  140.04
 170.96  136.06
 171.04  158.63
 171.05  132.60
 171.11  195.30
 171.27   48.36
 171.30   61.74
 171.40  139.50
 172.46  196.98
 172.84   55.37
 173.81   57.90
 173.93  146.73
 174.37   50.45
 174.73   73.48
 174.78   66.98
 175.40  162.94
 175.48   88.38
 175.56  127.44
 175.57   80.39
 175.99   56.95
 176.44   56.77
 176.64  195.05
 176.93  133.17
 177.21  149.45
 178.95   69.62
 179.24   61.15
 181.15  244.26
 181.17   56.04
 181.45   88.88
 181.70   79.01
 181.76   68.92
 181.85  143.76
 182.06  125.53
 182.33   63.11
 182.90  151.59
 183.99  122.51
 184.85  119.11
 187.34  155.14
 187.61   76.67
 187.73  160.26
 188.17  143.90
 188.52   78.23
 188.88  113.57
 189.09  136.11
 189.29  170.30
 189.60  156.16
 190.25  152.81
 191.11  146.97
 191.50   70.53
 191.99  166.44
 192.48  153.67
 193.07   79.65
 194.48  164.39
 194.52   70.59
 195.13  247.80
 195.31   61.99
 195.45  126.71
 195.61   76.72
 195.70   65.73
 195.98  130.52
 196.85  111.44
 197.54   89.12
 199.84  115.41
 199.97  140.72
 200.05   64.89
 200.83   72.97
 201.83  144.47
 202.01   68.33
 202.24   80.44
 202.76  115.18
 202.89  147.82
 203.03   85.68
 203.57  127.56
 205.71   71.88
 207.04  149.87
 207.34  112.99
 207.68   94.88
 208.25  131.76
 208.28  136.69
 208.54  143.85
 209.32   80.72
 209.59  155.77
 210.10   72.03
 210.42  141.15
 213.30   87.28
 213.60  141.22
 213.71  129.61
 214.20   74.08
 215.39  171.65
 216.76  130.03
 216.84  119.52
 218.15  140.91
 218.33   84.80
 220.13  116.20
 222.00  103.88
 222.47  140.51
 223.88  136.98
 223.88   88.50
 228.62   83.87
 228.90   95.84
 229.02  114.09
 229.65  155.49
 230.47  111.54
 231.42  100.03
 231.52  107.75
 232.85  125.19
 233.37  113.70
 233.43   88.43
 236.06  102.91
 236.73  128.32
 238.15  135.03
 240.95  122.03
 242.58   58.47
 243.67  115.05
 244.68  118.54
 245.38   77.41
 245.50  112.24
 246.41  115.80
 247.86  109.01
