   8.65  148.48
   9.56  177.70
  10.45  188.17
  11.23  141.10
  11.58  133.05
  12.49  164.97
  13.12  207.07
  13.88  143.72
  15.02  245.50
  15.76  151.29
  18.24  242.86
  19.14  146.11
  20.81  188.58
  21.07  156.84
  22.89  237.06
  24.14  154.72
  24.26  244.09
  24.36  123.79
  24.92  147.97
  24.96  192.16
  25.40  235.01
  26.26  190.18
  26.44  231.02
  27.22  155.92
  27.42  245.64
  28.63  127.13
  28.75  202.10
  29.49  180.04
  29.62  161.10
  30.43  172.37
  30.76  220.24
  30.90  119.87
  31.04  240.84
  32.24  191.64
  32.76  155.94
  33.02  194.71
  33.71  210.79
  33.94  118.32
  33.95  235.24
  34.41  217.09
  35.35  243.01
  37.98  182.19
  39.43  240.59
  39.94  227.95
  40.35  157.62
  41.23  200.59
  41.42  219.39
  41.62  162.50
  41.84  224.36
  42.29  231.65
  42.48  130.14
  43.50  210.72
  43.79  226.81
  44.66  196.61
  45.23  136.26
  45.67  200.70
  46.06  190.76
  46.14  219.70
  46.15  231.56
  46.69  234.27
  47.61  193.49
  48.23  223.06
  48.75  164.80
  48.77  196.23
  49.90  202.57
  50.10   90.03
  50.36  180.95
  50.45  209.38
  52.45  243.99
  53.18  170.99
  53.34  194.11
  53.38  189.27
  53.83  182.91
  54.12  167.38
  55.27  163.07
  55.56  195.88
  55.63  208.16
  56.16  201.89
  56.28  190.59
  56.65  117.73
  57.13  187.40
  57.76  153.32
  57.98  192.78
  58.31  220.56
  58.45  224.72
  58.46   99.53
  59.48  169.52
  59.83   87.51
  60.81  211.51
  60.97  201.76
  62.52  196.53
  64.58  191.79
  65.24  217.70
  65.67  161.86
  65.80  119.80
  66.24  204.24
  67.57  214.14
  67.74  131.12
  68.61  123.89
  68.63   88.18
  68.69  172.63
  70.03  201.94
  70.06  198.74
  70.58  204.98
  71.83  212.28
  72.32  117.78
  72.42  123.79
  72.67  129.52
  72.78  203.11
  73.19  126.59
  73.40  199.20
  73.59  222.82
  74.22   86.74
  74.65  218.68
  75.15  173.50
  75.20  137.40
  76.07  230.14
  76.85  182.98
  77.75  216.11
  77.75  215.99
  78.05  195.95
  78.54   92.79
  78.62  209.75
  78.72  174.40
  79.06   52.48
  79.14  120.99
  79.67  193.76
  79.99   67.69
  80.11  234.82
  80.21   97.19
  80.37  212.47
  80.56  202.04
  80.67  229.91
  81.24  205.50
  81.71  173.86
  82.29  190.64
  82.38  177.03
  82.82  115.50
  83.07  237.06
  83.57  212.50
  83.72   56.10
  84.25  200.24
  84.35  223.30
  85.00  204.05
  85.21  199.62
  85.36  226.23
  85.58  176.57
  86.12  234.49
  86.57  213.27
  86.65   47.87
  87.18  229.66
  87.25  207.52
  87.47  175.04
  87.59  197.79
  88.81  244.21
  88.90  203.71
  89.52  217.80
  89.53  180.80
  89.69  220.70
  89.74  191.32
  91.05  209.02
  91.36  212.97
  91.99  178.67
  92.05  194.80
  93.81  205.39
  93.98  185.31
  94.10  226.85
  94.24  207.20
  94.25  180.81
  97.13  233.21
  97.61  207.24
  97.77  196.68
  97.86  237.89
  98.43  182.37
  99.62  222.25
  99.87  183.91
 100.34  194.87
 100.46  230.92
 100.47  246.91
 100.91   65.92
 101.35  239.91
 102.03  234.31
 102.87  192.91
 103.05  186.16
 103.52  199.54
 103.58  221.86
 104.62  202.50
 105.31  183.92
 107.04  158.49
 107.21  201.09
 107.39  106.86
 107.76  239.39
 108.31  181.72
 108.39   58.64
 108.47  195.10
 109.63  192.82
 109.88   31.68
 111.10  190.53
 111.21  202.27
 112.20  218.95
 112.69  236.30
 113.19  185.22
 114.46  224.34
 115.05   32.49
 115.17  227.87
 115.79  231.69
 115.93  193.78
 116.12  191.02
 118.48  228.64
 119.73  200.45
 120.25  234.66
 121.00  183.70
 121.53  214.80
 121.88  207.23
 123.55  245.99
 125.06  213.25
 125.14  185.49
 125.59  193.61
 127.46  239.13
 129.03  228.16
 129.21  185.89
 129.40  197.36
 129.43  235.36
 129.63  220.49
 130.04  204.13
 131.12  238.90
 131.38  232.11
 131.85  174.93
 132.51  196.28
 133.15  234.39
 133.46   71.15
 133.85   96.55
 133.89  224.78
 133.92  106.15
 134.75   34.01
 135.15   27.23
 135.87   24.23
 136.20  229.06
 136.20   83.57
 136.30  117.37
 136.32  183.85
 137.08   76.55
 137.84  147.58
 138.92  176.95
 138.95  217.72
 139.41  172.43
 139.46   81.99
 139.47   31.75
 139.56   58.71
 140.51  227.56
 140.54   34.64
 140.94  186.26
 141.43  108.05
 141.89  219.42
 142.60  124.38
 143.15  123.32
 143.37  192.49
 143.88   26.55
 144.01  217.27
 145.75  186.29
 146.21  157.90
 148.32   32.67
 148.69   36.28
 149.05  154.44
 149.84  157.76
 149.93   29.42
 152.22  198.29
 152.51  145.97
 153.68  156.09
 153.75  185.61
 154.75   91.79
 154.92  172.21
 155.31   25.61
 155.69  196.89
 156.68  155.44
 157.75  176.93
 157.86   34.54
 157.96  169.90
 158.84  195.46
 159.15  157.25
 162.79   36.04
 162.96   32.10
 163.30  172.20
 164.20  195.93
 166.24  130.49
 166.35  172.21
 169.40  127.60
 169.49  177.13
 169.64   28.91
 169.80  182.04
 171.45  135.55
 171.53   31.84
 171.89  174.84
 171.94  203.31
 173.63  130.39
 174.50  134.27
 175.67  187.49
 175.88  191.26
 178.32  197.83
 179.08  129.50
 180.02  182.73
 180.75  202.15
 181.00  146.36
 181.79  190.90
 182.52   48.97
 183.29  200.25
 183.59  185.83
 185.08  163.22
 185.98  152.28
 186.28  125.84
 186.87  165.62
 186.97   52.24
 187.89  199.34
 188.79  129.92
 188.97  122.83
 190.80  152.60
 190.82   49.23
 191.17  198.53
 192.31  117.62
 192.60  195.04
 192.91  157.50
 193.05  145.27
 193.66  198.95
 193.86  165.91
 194.18  191.90
 195.17  163.23
 196.29  185.12
 200.66  151.45
 200.88  103.03
 201.03  155.73
 201.49  148.24
 201.81   62.72
 202.04  216.87
 204.22  146.57
 204.35  117.95
 204.40  104.04
 204.95  218.03
 206.65  141.37
 206.83  149.70
 207.55  218.99
 207.93  160.83
 208.21  195.89
 208.85  203.20
 208.90  113.21
 209.07  198.99
 210.27  219.61
 210.72  153.87
 210.95  149.14
 211.54   83.81
 212.14   83.48
 212.85   51.12
 212.93  193.15
 214.10  115.00
 215.39  197.94
 215.79  208.93
 217.61  148.65
 217.66  151.48
 218.53   47.48
 219.51   45.64
 220.25  135.84
 220.35  156.65
 220.91  195.76
 221.29   58.00
 222.96  199.26
 224.07  172.71
 225.79   46.41
 226.09   43.49
 232.97  171.45
 237.95  177.32
 239.60  170.38
 240.72   94.16
 240.92  128.06
 241.32  176.89
 241.50   90.78
 241.69  133.21
 242.71  190.21
 247.04  195.76
 247.63   90.61
 249.03  227.76
 249.16  205.86
 249.29   60.65
 249.59  196.67
