  10.78  138.62
  11.29   42.55
  11.72   45.13
  12.61  141.47
  13.28  208.14
  13.54  110.98
  13.71  134.62
  15.23  187.46
  17.25   48.94
  18.26  245.07
  18.44  208.55
  19.01  201.54
  19.33  158.81
  21.37  232.24
  23.10  131.87
  28.04  168.80
  29.91  137.87
  32.00  134.70
  32.21  165.30
  32.25  124.53
  33.46  208.02
  33.52   46.44
  33.71  159.42
  34.85  227.81
  34.89  198.86
  36.41  109.23
  36.65  156.61
  37.00   33.39
  38.55  112.35
  39.01   43.54
  40.09  124.57
  40.33  117.47
  40.50  117.15
  41.22  227.88
  41.93  122.77
  41.96  151.09
  44.63   22.01
  45.62  211.56
  45.81   99.65
  46.34   96.16
  47.11  162.75
  47.18   31.23
  47.25   35.01
  47.66   27.24
  48.32   20.13
  48.44   93.30
  48.48  217.17
  48.94  208.54
  48.98   96.92
  49.75  184.15
  50.45  190.06
  54.57  151.53
  55.66  239.73
  56.10   17.46
  56.54  150.57
  58.46  237.50
  59.68  182.66
  60.61  223.02
  60.88  204.52
  61.00   40.19
  61.10  183.92
  63.61  200.52
  63.94  137.21
  64.55   53.38
  65.06   21.54
  65.38  203.75
  66.26  189.85
  66.50  223.35
  67.83   49.72
  69.35   42.34
  69.49  233.59
  69.88   18.93
  70.10  146.33
  70.96  199.72
  71.46   36.66
  72.54   64.43
  72.90   73.91
  73.13  241.34
  73.61   31.12
  73.89  187.30
  74.13  145.47
  74.52   35.66
  75.03   71.48
  75.07  157.63
  75.21  216.70
  75.28   24.06
  76.41  206.57
  76.42  142.04
  76.56  139.10
  77.81  224.91
  78.21  199.34
  78.64  141.14
  78.66  234.82
  78.97   50.28
  79.30  237.49
  79.66   27.84
  80.67  176.66
  80.89  206.88
  81.02  200.79
  81.31   77.11
  81.51   41.17
  81.71   53.68
  81.98   32.04
  83.75   65.01
  84.11  206.84
  87.01   75.76
  88.24   34.11
  88.76   47.42
  89.68  168.50
  89.77   79.72
  89.82  191.68
  90.56  220.85
  92.76  246.98
  93.45   70.59
  93.49  120.82
  93.69   99.40
  94.00  129.81
  94.06  170.40
  94.10  239.87
  94.34   45.93
  94.40  176.51
  94.66  120.98
  94.84  106.61
  94.93  103.01
  95.01  167.36
  95.13   39.76
  95.25   85.07
  96.19   95.19
  96.87   73.18
  96.94   29.73
  97.26   41.31
  97.67  240.03
  98.78  169.19
  98.80  223.40
  99.07   42.90
  99.70   85.28
 100.50   35.81
 101.20  181.75
 101.68   67.59
 101.69  151.68
 102.25   73.55
 102.44   39.57
 102.64  177.20
 102.92  240.18
 103.35  172.60
 103.90   85.19
 104.46  227.33
 104.50   34.09
 105.22  243.91
 105.27  177.80
 105.30  128.57
 105.32   76.42
 105.35  216.34
 105.42   38.43
 106.21  124.55
 106.49   27.58
 106.97  135.27
 107.42  205.51
 107.54  228.53
 107.85  161.63
 108.05  214.03
 108.17  163.43
 108.76  143.52
 108.85  188.22
 109.13  231.90
 109.16  154.56
 109.40  167.76
 109.65   38.08
 109.81   62.66
 110.17   25.02
 110.52   60.16
 111.23   37.08
 111.29  237.87
 111.95  232.26
 112.07  238.90
 112.57   39.28
 113.04   48.89
 113.41   76.72
 114.49  213.15
 114.50  223.48
 114.73  202.55
 114.75   72.53
 114.75  136.17
 115.19  218.38
 115.22   55.23
 115.62  166.17
 115.76   35.53
 115.84   60.75
 116.12  132.12
 116.60  221.95
 117.47  207.00
 117.50   45.94
 117.69  168.37
 118.29   55.70
 118.86   50.75
 119.75   42.40
 119.84  200.29
 119.87   52.71
 119.89   38.01
 120.30   73.09
 120.67  193.96
 121.22  197.29
 121.53  107.71
 122.87  191.92
 123.21  124.45
 123.39  128.08
 123.54   72.23
 123.83   82.89
 123.85  170.41
 124.18  226.05
 124.69  194.26
 125.08   74.41
 125.26   78.88
 125.29  186.97
 125.68   35.89
 126.00  192.72
 126.11   69.63
 127.25  162.75
 127.28  150.78
 128.63   93.86
 128.91  181.35
 129.49   83.08
 129.72  165.93
 130.00  129.64
 130.03  226.33
 130.71  187.85
 131.47  161.03
 131.48  161.02
 131.93   75.13
 132.14  172.77
 133.41  214.77
 133.94  192.15
 134.15   79.00
 134.34   84.46
 134.51   73.60
 134.76  170.57
 135.70   82.08
 136.08  183.13
 136.33  130.52
 136.43  194.52
 137.32   83.07
 137.43   86.49
 138.12  170.81
 138.23  151.40
 138.55   72.62
 138.63   79.99
 138.90  216.41
 139.11   89.96
 139.74  107.36
 140.12   44.53
 140.27  234.03
 140.61  138.77
 140.62  181.81
 141.28  197.31
 141.31   89.18
 141.31  100.66
 141.34  225.13
 141.56  154.16
 142.95  182.27
 143.05  124.59
 143.30  162.36
 143.46  242.68
 144.24  186.12
 144.41  156.49
 144.52  156.07
 145.10  101.52
 145.52  209.30
 146.17  170.62
 146.47  164.99
 146.59  197.59
 146.70  213.40
 146.77  238.71
 147.18  120.99
 147.70  167.90
 148.99  156.15
 149.06   47.28
 149.25  222.89
 150.19  118.05
 150.32  220.17
 150.57  201.02
 150.99  114.27
 151.01   90.65
 151.05  137.68
 151.06  137.69
 151.07   45.88
 151.41  205.57
 151.54   54.07
 152.09  101.18
 152.25  235.72
 152.66  211.96
 152.73  190.32
 153.13  218.73
 153.21  173.53
 153.56   57.04
 153.58  237.91
 153.79  187.54
 153.83  246.02
 154.48  168.99
 154.60  118.23
 154.86  194.81
 155.25  143.19
 155.84   81.05
 155.91  133.63
 156.03   85.27
 156.08   93.59
 156.26   41.87
 156.28  113.37
 156.85   86.71
 156.86  194.98
 157.08  173.37
 157.15   54.01
 157.17  148.86
 157.23   57.05
 157.26  219.43
 157.69  181.54
 158.14  205.24
 158.67   79.44
 158.72  194.12
 159.78   93.95
 159.97  166.73
 160.26  154.93
 160.35  148.26
 160.46  112.11
 160.89  221.55
 161.54   55.81
 161.85  132.53
 161.87  128.07
 162.12  137.70
 162.75  154.46
 162.91  190.90
 163.45  134.88
 163.92   79.08
 164.03  205.56
 164.15  101.52
 165.00   92.04
 165.41   85.91
 165.56  167.58
 165.90  200.05
 166.96   56.63
 167.97  196.90
 168.04   99.11
 168.04  190.26
 168.44  147.40
 168.49  222.50
 168.58  180.79
 168.66  180.96
 169.08   38.04
 169.15   88.54
 169.19   47.85
 169.30  207.70
 169.33  228.92
 169.49   38.00
 169.51  214.97
 169.77  246.59
 169.85   36.25
 171.21  206.21
 171.40  191.43
 171.48   85.45
 171.54  243.96
 171.86  202.31
 172.60  223.45
 173.10   57.06
 173.15  104.14
 173.66   37.62
 174.33  125.42
 174.44  140.84
 174.52  136.05
 174.90  198.78
 175.28   84.98
 175.48  195.69
 175.70  162.12
 175.95   61.09
 176.04  242.67
 176.30  238.95
 176.35  202.76
 176.85  169.69
 177.29  166.08
 177.38   99.98
 177.95  103.10
 178.34  131.01
 178.82  189.96
 179.31  172.50
 179.37  164.04
 179.55  152.68
 179.57  150.65
 180.06  229.81
 180.12  237.40
 180.17  169.30
 180.46  203.61
 181.30   59.80
 181.40  197.14
 181.47  115.17
 181.54  216.95
 181.63  204.56
 181.70   55.97
 182.06   62.67
 182.11  124.99
 182.23  208.70
 183.07  155.92
 183.38  132.72
 183.87  100.93
 184.34   37.99
 184.76  191.74
 185.59  157.27
 185.86  169.68
 186.11  216.25
 187.27  164.98
 188.16  107.93
 188.78  193.72
 189.02  171.76
 189.19   62.32
 190.22  178.55
 191.20  155.03
 191.25  114.87
 191.63  152.80
 192.88  173.72
 193.26  187.04
 193.49   50.85
 194.22   62.27
 194.50   50.44
 194.93  131.20
 195.04  147.68
 195.96  210.58
 197.39  200.86
 199.17  103.76
 199.28  118.47
 200.05  133.91
 200.77  160.56
 200.81  212.23
 201.71   74.19
 202.86  114.71
 203.36  175.63
 204.36   55.67
 205.49  206.62
 206.05   61.03
 206.50  185.73
 206.56  149.03
 207.00  176.28
 207.14  210.53
 207.44  174.08
 207.67  121.29
 208.00  116.14
 208.01   55.89
 209.24  203.51
 209.47   50.60
 209.75  177.66
 210.36  170.41
 210.36  217.84
 210.98  116.44
 212.91  203.39
 213.15   63.59
 213.36  168.59
 213.43  174.45
 213.82  208.04
 213.89  156.81
 213.98  137.18
 213.99  165.51
 215.04  221.86
 216.41   60.72
 216.45   51.61
 217.09  110.88
 217.10   69.60
 217.24   53.97
 217.48  220.92
 217.50  142.53
 217.65   45.93
 219.03  115.28
 219.52  160.56
 219.72   59.62
 219.83  200.16
 219.87  147.10
 220.41  167.15
 220.68  139.85
 220.95  220.46
 221.23  217.16
 221.78  211.22
 221.88   63.16
 222.02   48.58
 222.21  138.43
 224.19  133.77
 224.28  207.61
 224.60  197.76
 226.07  141.11
 226.10   38.63
 226.44   42.89
 227.13   79.39
 227.32   51.77
 228.22  136.59
 229.68  173.82
 230.14  166.86
 230.23   44.44
 230.70   47.75
 230.99  206.94
 231.69  150.42
 231.77  103.98
 232.24   42.03
 232.34  169.96
 233.04  216.59
 233.60  107.84
 234.34  213.22
 234.45  177.91
 234.57  207.45
 235.10  121.15
 237.06   72.70
 237.48  210.80
 237.94   47.07
 238.63  207.33
 238.79  102.27
 239.27  211.97
 239.61  211.77
 240.03  189.01
 240.67   72.35
 241.43   72.11
 241.99   93.50
 242.30  149.54
 243.40   87.30
 243.83  210.79
 243.99  214.52
 245.38  188.00
 246.45  222.26
 248.04  167.96
