   8.56  196.15
   9.28  199.20
  11.22  187.43
  11.36  223.28
  12.01   47.28
  12.24  215.81
  12.97  219.28
  13.55  239.71
  13.88  242.41
  15.85   53.94
  16.54   57.49
  16.63  195.41
  17.14  197.89
  18.51  234.65
  18.78  247.34
  20.51  100.59
  22.61  232.09
  22.72  197.33
  23.01  225.78
  24.05  211.20
  24.81  245.18
  25.70  225.06
  26.26   75.53
  26.75  241.63
  27.16   83.40
  27.96  237.80
  27.98   79.85
  28.32  193.00
  29.49  224.59
  31.34  234.10
  32.45  203.29
  32.91   93.00
  32.94  196.86
  33.20  228.82
  33.35   95.93
  33.62  241.35
  33.88  200.03
  34.59  244.50
  35.95  232.10
  36.88  188.16
  37.63  193.77
  38.51  237.82
  39.05   72.02
  40.25  245.16
  40.27  233.89
  42.25  238.57
  42.78   58.84
  43.02   66.91
  43.59  106.03
  44.01  196.39
  44.60  236.18
  46.34   91.75
  46.36   74.06
  46.69   79.71
  49.16  137.13
  49.46  222.29
  49.57  225.86
  49.67  194.22
  50.26   81.29
  50.30  228.55
  50.72  212.07
  51.26  108.35
  51.51  145.17
  52.35  196.90
  52.63  109.50
  52.72  136.35
  54.06  104.05
  54.91   91.89
  56.86  187.02
  57.07   76.12
  57.24   99.90
  57.47  206.33
  57.68  104.16
  58.21  202.51
  58.42  247.27
  61.12  117.16
  61.16  196.43
  61.46   70.99
  61.50   90.12
  61.52  164.29
  61.79   83.74
  61.84   68.00
  61.93  164.98
  62.45   94.11
  62.52  161.35
  62.92  223.69
  63.10  148.54
  64.06  133.35
  64.19  219.60
  64.65  205.28
  64.83  163.35
  65.10   94.68
  65.52   83.99
  65.89   67.63
  66.27   87.22
  66.48  201.51
  66.67  109.45
  67.19  175.57
  67.62  194.31
  67.67  128.88
  68.48  183.94
  68.94  132.37
  69.23   78.04
  70.16  157.36
  70.41  137.67
  70.81   81.62
  70.96  105.95
  71.40  209.68
  71.49  145.27
  71.54  126.11
  71.64   86.12
  71.74  174.36
  71.99   76.94
  72.20  151.49
  72.77  249.29
  72.81   97.75
  73.27  205.25
  73.94  142.96
  74.06   94.64
  74.34  111.61
  74.48  155.87
  74.57  100.54
  74.76   78.99
  74.94  197.96
  75.18  123.67
  75.35  210.76
  75.44  132.83
  75.65  104.26
  75.67  116.85
  75.83   97.22
  75.95  119.98
  75.97   76.97
  76.77  112.87
  76.86  113.10
  77.22  227.56
  78.26  195.25
  78.49  151.88
  79.14   91.17
  79.23   53.31
  79.64  232.96
  79.69  230.02
  79.98  109.72
  80.22  115.16
  80.59  166.63
  81.53  119.14
  81.68  198.31
  81.93   55.64
  82.72  213.45
  83.10   67.16
  83.16   74.75
  84.00  107.50
  84.15   80.34
  84.35  174.08
  84.36  113.96
  84.45   68.88
  84.72  167.92
  84.74  234.03
  85.11  177.91
  85.70  195.28
  85.73  246.32
  86.05  120.66
  86.48  162.00
  86.79  241.53
  88.23  183.85
  88.54   57.47
  88.78  208.91
  89.01  168.71
  89.40  119.91
  89.55  174.08
  89.67  180.14
  90.05  123.09
  90.12  165.34
  90.13   50.78
  90.18  212.58
  90.22   54.31
  90.54  129.25
  90.86  126.30
  91.03   71.85
  91.54  162.73
  92.81  181.89
  93.17  179.02
  93.26   68.39
  93.33   94.96
  93.76  160.53
  93.99  218.96
  95.77   86.42
  95.96  244.53
  96.25  179.72
  96.90  120.44
  96.98   73.69
  98.63   73.79
  99.10  196.35
 100.24  178.90
 100.81   63.33
 100.84  120.69
 100.92   72.41
 101.46  201.33
 102.30   58.88
 103.05  182.85
 103.07   83.27
 103.72   44.85
 104.11   94.30
 104.13   93.97
 104.15  199.45
 104.80  128.66
 105.20   88.79
 105.24  156.04
 105.28   80.59
 105.38  177.34
 106.23  121.85
 107.44  111.05
 107.51  195.89
 108.31   47.70
 108.32  156.85
 109.05   63.21
 109.54   50.32
 110.34   39.64
 110.71  177.02
 110.99  186.19
 111.02   56.50
 111.13  186.62
 111.36   72.66
 111.55  157.05
 111.88   68.13
 112.08   87.80
 112.94   76.54
 113.17  161.60
 113.55  157.75
 113.80   55.37
 113.81   44.83
 114.06   60.27
 114.40  206.08
 114.94  196.96
 115.18  102.86
 115.66  209.28
 115.69  236.29
 115.73   34.97
 115.76  128.13
 115.78  124.03
 115.86   86.16
 116.11  157.02
 116.60  175.75
 116.80  160.60
 117.41  182.41
 117.81  187.06
 117.89  191.29
 117.97  124.90
 118.12   60.38
 118.23  243.02
 120.06  113.12
 120.55   85.14
 121.15   43.88
 121.68   31.51
 121.72  102.69
 122.80  176.81
 123.03  113.08
 123.35   71.52
 123.38  163.92
 123.39   54.31
 124.07  171.56
 124.12  154.87
 124.35  106.78
 124.41  200.71
 124.43   39.27
 125.24   35.11
 125.42  220.42
 125.62  186.16
 126.16   32.09
 126.24  243.06
 126.25  167.73
 126.33  167.72
 126.70  163.35
 126.99  158.99
 127.47  183.95
 127.64   50.88
 127.97   42.84
 128.00  100.84
 128.48  181.70
 128.54  244.92
 128.67  220.77
 128.84  208.43
 129.04  202.25
 129.15  161.55
 129.20  247.72
 129.47  212.77
 129.92   62.64
 130.43  164.20
 130.43  176.55
 130.72  101.26
 130.81  183.90
 130.99   35.38
 131.31  201.32
 131.55   50.33
 131.65  179.10
 131.93   96.13
 131.98  157.22
 132.60   41.04
 133.20  205.76
 133.99   84.64
 134.33   53.69
 134.61  183.21
 134.70   36.80
 135.76   31.78
 135.94   73.72
 136.65   77.65
 136.88  165.57
 137.35   58.54
 137.53   35.13
 137.83  159.56
 138.06  236.66
 139.42   89.05
 139.51   94.54
 139.60  154.07
 139.78   41.68
 140.31   53.95
 140.52   46.43
 140.67  159.19
 141.19   40.08
 141.68   74.48
 141.72   92.31
 141.83   92.33
 142.06   78.04
 142.69  167.76
 142.85   36.14
 143.02  160.88
 143.26   42.78
 143.27  221.16
 144.01  154.22
 144.04   72.04
 144.37  177.93
 145.15   32.34
 145.86   86.62
 146.25  177.60
 146.51   38.16
 146.52  208.50
 146.67  202.60
 147.32   71.30
 147.62   27.40
 147.83  204.20
 148.05   22.38
 148.57   60.67
 148.83  159.43
 150.70   55.45
 150.96  181.50
 151.09  101.60
 151.12   76.93
 151.36   32.75
 151.60   26.96
 151.71  197.64
 152.72   39.35
 153.00   23.07
 153.89  175.00
 154.80  160.24
 155.27  184.48
 155.27   81.23
 155.54   76.17
 155.69  241.51
 156.13   61.68
 156.20  170.82
 156.64   61.59
 156.65  220.79
 157.60  100.98
 158.17   46.92
 158.23   87.38
 158.34   69.87
 159.03  188.47
 159.17   33.95
 159.25   73.25
 159.65  158.64
 159.92  202.59
 160.46  246.43
 160.52   26.12
 160.57  179.48
 160.90   33.09
 160.91   56.06
 161.59   98.16
 161.81  111.79
 161.82   97.90
 162.75  199.76
 163.53  193.56
 163.63  245.86
 163.83  159.68
 164.35   66.50
 164.46   59.54
 164.71  234.56
 164.75  201.79
 165.08  104.37
 165.54  204.64
 165.74  247.54
 166.26  217.64
 166.37   64.67
 166.79  169.06
 166.79   55.75
 167.21  178.39
 167.53   92.51
 167.54   33.48
 168.04  170.99
 169.22   51.20
 169.33  214.43
 169.60  186.26
 170.15   84.12
 170.18   73.75
 170.19   34.46
 170.56  196.07
 170.62   69.63
 170.91   53.63
 170.94   65.93
 171.11  202.56
 171.36  137.83
 171.80  199.05
 172.14  189.57
 172.63   45.22
 173.11  208.04
 173.32   55.84
 173.33   90.79
 173.84   35.70
 174.18   62.19
 174.44   19.90
 175.45   31.26
 175.53  165.15
 175.55  191.43
 176.02   53.29
 176.33  174.81
 176.59  247.07
 176.62   38.96
 177.09  152.22
 177.40   95.56
 177.58  145.00
 177.72  148.46
 177.87  106.93
 177.96   92.90
 178.13  196.11
 178.22   62.27
 178.56  165.43
 178.88   47.76
 179.07  115.23
 179.28  165.45
 179.70  160.59
 179.85   70.15
 180.00  101.13
 180.09  212.39
 180.45   35.67
 180.53   55.47
 180.83  111.50
 181.07  157.07
 181.07   40.72
 181.31  147.72
 181.32  106.29
 181.62  188.77
 182.66   44.90
 183.55  150.08
 183.92  107.77
 184.48   64.21
 184.80   51.72
 185.08  212.77
 185.15   25.48
 185.68   67.23
 185.77   48.60
 186.01  152.46
 186.71   45.74
 186.77   61.75
 187.23  190.77
 187.68   56.84
 187.81   69.78
 188.23  174.30
 188.59   65.69
 188.88   41.58
 189.00   28.09
 189.54  205.70
 190.01  170.37
 190.16  161.67
 190.57   22.20
 190.68  102.12
 191.51   46.46
 191.64  210.10
 191.96   42.80
 193.43  151.14
 193.51   35.64
 193.91   53.95
 194.27   61.77
 194.37  168.34
 196.00   37.84
 196.16  210.03
 196.23  106.35
 197.59  234.99
 197.70   33.95
 197.84  175.88
 198.21   72.15
 198.39  122.07
 198.43  172.78
 198.59  117.45
 198.61   82.71
 198.94   75.66
 199.02   30.23
 200.14  168.76
 200.78  122.05
 200.80   97.82
 201.30  107.93
 201.36   55.50
 201.53   85.92
 201.73   94.60
 201.80   52.10
 202.38   46.44
 203.20  177.47
 203.55  174.05
 203.71   89.87
 204.27  159.68
 204.35  166.25
 205.29  170.56
 205.49  154.33
 205.88  110.54
 206.21  101.94
 206.25  113.25
 206.78   28.41
 207.44   34.92
 208.02  108.18
 208.33  154.18
 208.76   53.20
 210.05  170.50
 210.29  177.95
 210.41  177.74
 211.22  173.13
 211.39  161.33
 211.72   47.21
 212.17   66.23
 213.18  175.87
 213.46   28.63
 213.73   50.13
 214.34   42.53
 215.08   72.98
 215.19   62.18
 215.29  149.52
 216.01   69.21
 217.05  172.60
 217.60  179.19
 218.13   58.58
 218.26   87.92
 218.49   92.83
 219.33  101.73
 219.40   73.37
 219.71  110.27
 220.85  112.81
 221.80  108.56
 221.90   60.28
 222.89  123.26
 223.01  165.46
 223.54   71.28
 223.84   50.19
 224.29  110.35
 224.74  105.41
 225.09   61.55
 226.32  170.51
 226.40   71.25
 226.49   78.62
 227.16  115.00
 227.21   57.66
 227.30  183.45
 227.66  178.74
 227.79  105.63
 227.84  144.24
 228.06  202.85
 228.79  141.11
 229.06   73.15
 229.59   73.12
 230.42  123.53
 230.43   81.15
 230.95  106.28
 231.37  176.51
 232.02  182.37
 232.75  128.43
 233.00   68.42
 233.62  233.13
 233.66  145.92
 234.35  186.84
 234.62   81.12
 235.44  125.94
 235.51  172.17
 236.05  159.12
 236.20   69.06
 238.15  194.08
 239.13  155.36
 239.89  101.32
 241.17  214.14
 241.95   65.64
 242.37  121.19
 242.39  190.07
 242.68   72.46
 242.71  193.39
 243.35   29.91
 244.28  179.91
 244.72  149.16
 244.74  131.77
 245.07   66.37
 245.67  108.35
 245.92  208.22
 246.44  228.73
