   8.39  155.00
  11.39  152.29
  12.28  154.45
  13.44   69.41
  19.24  150.28
  27.12   61.90
  27.76   58.88
  30.98   60.08
  31.18  108.91
  33.69   60.62
  36.82  143.32
  46.10  156.91
  46.93  152.58
  49.10   54.01
  58.48   94.16
  62.76   96.11
  65.53  158.29
  65.61   92.02
  80.07   88.45
  81.60  155.01
  89.83  147.41
  95.21  151.83
  98.90  147.05
  99.61   83.29
 103.82  243.63
 105.26  152.29
 105.73  163.59
 107.65  169.91
 108.57  140.69
 110.98  168.46
 117.79  142.07
 122.40  230.57
 125.73  241.72
 127.09  129.10
 130.31  243.66
 130.71  129.62
 134.71  131.26
 135.05  161.84
 135.12  245.13
 136.57  122.05
 137.63  129.33
 140.79  168.19
 147.59  116.25
 147.92  247.48
 149.08  146.90
 149.89  146.71
 152.65  125.49
 155.73  168.72
 156.84  212.92
 160.62  225.12
 162.46  247.63
 163.51  243.82
 163.93  224.89
 164.40  228.00
 164.57  107.07
 166.59  104.07
 166.69  232.89
 167.69  219.06
 170.12  211.50
 182.96  230.64
 188.91  227.63
 189.45  226.76
 199.46  237.31
 199.70  240.95
 203.14  235.93
 214.81  237.61
 217.47  249.13
 218.98  243.84
 226.12  241.54
 228.58   42.76
 230.65  197.97
 240.41  197.90
 241.25  203.50
 241.52  195.19
 241.59  218.55
 245.57  219.75
