   6.82   89.21
   9.00  175.81
   9.66   80.46
  10.37  154.63
  10.74    7.22
  11.71   72.95
  13.49  121.61
  13.73   78.60
  13.77   25.35
  14.27  176.26
  17.45   42.22
  17.87   54.14
  18.28   43.46
  18.34   55.56
  18.92   48.41
  19.15  166.13
  21.63   40.77
  22.88  157.64
  23.39   48.98
  24.09   45.69
  25.68  166.01
  25.79   56.89
  26.98   16.67
  27.12  112.66
  27.58   84.73
  29.03   45.49
  29.32  169.11
  29.82  110.21
  31.06   49.77
  32.59  164.05
  36.81  172.41
  37.59  225.41
  38.99   25.57
  39.80   68.03
  40.27   64.99
  43.67   99.70
  44.34   66.72
  45.26   63.25
  45.27  110.39
  48.95   62.26
  51.55  148.93
  52.24   50.67
  52.79   61.63
  55.91  148.26
  60.80   37.65
  60.84   42.00
  61.27   54.96
  65.53   82.73
  66.43  159.65
  67.53  155.96
  67.83  123.12
  68.50   61.19
  68.76   64.94
  68.96  165.43
  70.26   37.82
  70.50  154.00
  71.54   63.81
  72.64  121.12
  72.89  193.01
  72.92  242.21
  73.63  169.36
  75.74  170.16
  78.48  112.89
  80.45  241.62
  80.54  170.10
  80.58  196.34
  80.98   58.67
  81.23   46.34
  81.54  233.04
  83.31  181.46
  85.09   75.77
  86.15  127.99
  86.23  178.36
  86.65  125.04
  88.07   53.55
  89.02  180.34
  93.28  143.52
  93.50  143.04
  94.21  141.06
  96.08  242.99
  99.49  143.90
 100.57  230.96
 101.50  237.24
 101.64  223.53
 103.27  197.73
 105.20  172.67
 105.87  137.80
 106.02  138.04
 107.77  222.25
 109.30  156.31
 109.59  235.95
 110.86  135.28
 111.26  239.34
 113.18  187.42
 114.85  181.69
 117.44  196.70
 117.44  224.37
 117.71  242.06
 119.28  201.04
 128.62  229.41
 133.76  124.75
 134.43  104.69
 134.88  228.54
 137.72  116.09
 138.60  129.67
 139.50  228.13
 139.92  235.84
 140.55  229.66
 142.69  125.77
 144.51  115.49
 147.14  122.60
 148.68  120.48
 149.85  136.78
 149.94  224.36
 150.36  209.56
 150.57  241.86
 152.14  128.35
 152.17  200.74
 154.05  208.27
 154.73  123.37
 155.72  212.87
 155.73  212.84
 157.54  234.13
 158.00  194.90
 158.94  165.21
 161.81  212.30
 162.54  136.38
 162.98  165.95
 165.57  205.87
 165.84  238.93
 165.88  205.78
 168.15  137.17
 172.78  153.33
 173.24  149.05
 175.45  140.56
 176.31  221.69
 177.41  127.26
 179.55  245.58
 183.26  143.04
 183.30  224.00
 184.13  245.75
 187.27  204.84
 188.18  209.84
 189.63  226.51
 192.48  230.41
 192.55  241.64
 192.69  238.21
 193.90  214.14
 194.29  234.29
 194.43  222.24
 195.11  219.03
 195.11  229.48
 197.82  211.95
 199.15  236.08
 201.23  239.68
 208.50  204.93
 211.19  201.90
 211.49  199.96
 214.03  205.57
 214.71  228.81
 218.23  207.74
 221.26  236.46
 222.77  209.76
 224.38  229.43
 224.53  230.37
 227.00   19.62
 228.46  171.49
 228.55  242.88
 228.77  159.01
 228.97  238.26
 229.23   33.38
 231.20  166.76
 232.19  204.83
 232.90  210.36
 236.43  144.37
 238.09   45.42
 238.23  205.99
 240.67  155.67
 240.98  180.03
 241.32  175.37
 241.63   45.36
 243.03  191.55
 243.53  157.58
 243.77  224.98
 247.33  162.94
 248.34  176.90
 248.50  228.99
