   6.85  203.45
   7.41  161.64
   7.51  193.27
   7.91  228.72
   8.52   69.52
   8.96   58.75
  10.17   75.89
  10.88  224.48
  11.47  143.41
  13.23  145.10
  13.40   58.22
  13.71   82.56
  13.94  200.54
  14.02  187.66
  14.68  199.25
  17.33  152.71
  17.41  111.73
  18.61   72.30
  18.72  198.83
  19.03   65.72
  19.18  105.29
  19.66  149.47
  19.73   83.85
  20.08  174.19
  20.85  209.16
  22.64   70.38
  22.90  223.34
  23.02  192.63
  23.21  117.94
  23.80  100.28
  24.47  241.34
  24.72   92.41
  25.04   76.51
  25.21  159.47
  25.42   83.63
  25.62  126.08
  27.18  201.68
  27.28  207.28
  27.39  216.91
  27.72  137.02
  28.42  168.64
  28.78  240.92
  28.92   75.91
  29.21  100.09
  29.60  182.97
  29.69  245.07
  30.21  128.05
  30.29  192.07
  30.37  187.93
  30.49  194.14
  31.40   62.92
  31.93  177.44
  32.27   73.25
  32.77  120.24
  33.48  231.81
  34.05   69.55
  35.22  184.94
  35.60  119.49
  36.31   96.49
  37.51  147.69
  38.17  163.81
  38.26  211.67
  39.31   58.25
  39.84  118.19
  39.99  160.78
  40.34  129.37
  41.75  223.59
  42.03  245.26
  42.45  197.72
  42.87  185.92
  43.40   87.88
  44.07   92.52
  45.21  138.06
  46.66  192.90
  46.94  208.18
  47.43  159.70
  47.61  116.58
  48.24  190.59
  48.28  191.42
  48.39   52.80
  48.45  204.17
  48.73   85.49
  49.34  173.94
  49.98   66.35
  50.12  115.06
  50.41   89.54
  50.65   92.69
  50.72  150.28
  50.82  105.36
  51.04  235.94
  51.29   69.31
  51.47   82.91
  51.66   63.07
  51.80  192.51
  52.22  195.25
  52.35  113.32
  53.04  132.36
  53.32  181.34
  53.93  202.07
  54.27   75.04
  54.41  106.11
  54.57  124.51
  54.96   67.91
  56.27   85.25
  56.63  101.99
  56.97  205.87
  59.83  102.15
  60.09   89.64
  60.10   63.78
  60.27   70.86
  61.14  127.60
  63.71  171.54
  64.48  212.14
  64.81   96.88
  65.11  132.73
  65.49  133.54
  65.65  127.17
  67.13   62.52
  67.20  120.89
  68.16   92.89
  68.42   69.11
  69.10   87.80
  70.51  208.78
  71.25   64.90
  71.80  100.07
  71.86  118.53
  72.16  131.42
  72.19   74.54
  72.39  223.51
  73.53  138.91
  75.32   64.82
  76.41  216.88
  76.82  114.67
  78.23  243.15
  79.21  133.25
  80.74  173.77
  80.74  151.28
  80.84  126.46
  81.21  119.17
  81.30   69.17
  81.45  135.64
  83.30   88.36
  83.52  101.53
  83.59  209.23
  84.10  209.16
  84.43  242.54
  84.74  159.93
  84.88  144.70
  85.37   67.30
  85.93  115.70
  86.67  189.25
  86.68  129.71
  86.95  149.25
  88.14   74.08
  88.37  143.91
  88.56  120.64
  88.75   76.23
  89.42  186.94
  90.22   58.66
  90.65  138.89
  90.69  140.27
  91.40  132.76
  93.03  162.28
  93.08  129.40
  93.10  233.00
  93.36  154.22
  93.43   71.04
  93.46   89.32
  94.13  125.55
  94.70  147.11
  94.91  156.50
  95.77  179.03
  96.23  156.53
  96.24  183.01
  96.55  121.21
  97.07   84.84
  97.67   88.23
  97.88   63.55
  97.95   71.80
  99.00  112.20
  99.03  104.32
  99.05  112.25
  99.11  100.21
  99.15  185.20
  99.29  246.16
 100.60   79.47
 100.73  171.42
 100.83  167.14
 100.92  164.18
 102.01   89.80
 102.12  104.46
 103.27  137.57
 103.84   85.18
 104.05  110.07
 104.08  131.89
 105.98   73.30
 106.09  149.64
 106.59  160.28
 106.63  167.66
 107.38  180.37
 107.79  169.16
 108.70  220.61
 109.14  164.66
 109.15   84.44
 109.39   97.62
 109.42  149.04
 109.48   67.84
 109.54  199.21
 110.14  184.34
 110.24  214.97
 110.46  139.22
 110.62   95.08
 111.21  171.55
 111.73   92.21
 111.95  153.94
 112.19  127.76
 112.23  220.43
 113.61   99.48
 114.28  157.97
 114.99  172.96
 115.32  187.90
 115.85  197.02
 116.20  122.97
 117.66  136.94
 117.75  217.71
 117.81  187.86
 117.91  108.30
 118.22   96.08
 118.94  127.92
 120.51  179.51
 121.04  212.39
 123.11  179.88
 123.51  194.87
 123.75  112.73
 123.96  194.88
 125.38  117.96
 125.97  203.43
 126.02   91.26
 126.26  163.08
 126.62  104.95
 127.84  216.09
 128.54  114.64
 128.94   66.79
 128.96   88.29
 129.20   83.17
 129.62  100.06
 129.89  225.26
 130.47  207.70
 130.56  191.02
 131.20   86.97
 131.63  161.84
 132.35  197.57
 132.60  119.33
 132.77  147.09
 132.79  142.44
 133.27  168.64
 133.42  191.97
 133.53  138.82
 133.63  138.76
 134.44   96.98
 137.34  159.05
 137.68  129.07
 137.94   70.20
 138.11  168.72
 138.16   90.45
 138.91  223.19
 139.02  116.22
 139.68   80.32
 139.71   80.63
 141.12  149.53
 141.51  176.10
 141.63  227.54
 141.92  225.84
 142.49  142.28
 143.87  146.87
 143.95  130.16
 144.63  175.23
 145.62  169.66
 145.78  172.90
 146.02  109.59
 148.03  162.51
 148.24  121.97
 148.35  169.11
 149.17  216.76
 149.28  139.27
 149.46  124.24
 149.58  212.92
 150.31   71.92
 150.41  167.92
 150.59   95.85
 151.02  159.62
 151.10  190.15
 151.14  230.41
 151.21  209.04
 151.24   82.11
 151.49   87.87
 152.04  197.16
 152.16  164.74
 152.28  120.00
 152.34  225.15
 153.19  184.83
 153.30   88.55
 153.75  115.04
 153.91  147.69
 153.92  126.47
 153.99   99.83
 154.28   77.33
 154.65  120.35
 154.84  114.52
 155.23  182.31
 156.03  202.42
 156.72   96.34
 157.09  187.98
 157.13   83.89
 158.02  125.09
 158.25  237.05
 158.34  107.56
 158.55  207.48
 159.01  189.51
 159.24  210.25
 159.41  120.87
 159.92  245.09
 160.80  197.15
 161.60   87.61
 161.77  125.54
 161.84  109.57
 162.18   74.74
 162.50  164.58
 162.50   92.22
 162.65  146.05
 162.76   99.28
 163.05  185.42
 163.81   72.66
 164.04  176.78
 164.52  102.23
 164.85  193.35
 165.18  237.19
 165.94  135.87
 166.11  160.22
 166.56  148.88
 167.39  146.02
 167.59   82.09
 168.07  114.62
 168.29  226.91
 169.40  166.56
 169.41  143.70
 169.63  193.86
 169.72  173.10
 169.88  199.06
 169.90  105.24
 170.00  153.13
 170.01  207.96
 170.09  240.54
 170.15   81.55
 170.62  175.58
 170.68  133.90
 171.29  190.18
 171.44  153.44
 171.51  190.27
 171.64  185.29
 171.84   79.34
 171.87  164.50
 173.39  116.43
 173.49  148.42
 173.53  235.96
 173.65   79.45
 173.78  173.22
 173.97  121.75
 174.01  155.85
 174.08  161.26
 174.44  152.40
 175.19   95.79
 176.06  204.18
 176.35  244.49
 176.47  140.38
 176.58  249.00
 177.96  171.93
 178.27  100.28
 178.43  155.58
 178.46  183.74
 178.48  148.38
 178.48  151.74
 178.70   78.90
 178.79  110.78
 180.02  122.50
 180.18  169.18
 180.20  163.46
 180.35  239.60
 180.89  147.11
 180.90  128.69
 181.31  212.93
 181.63  143.89
 181.78  136.47
 181.86  208.69
 182.21  222.29
 182.71  205.73
 182.81  153.58
 182.98  170.85
 184.12  201.12
 184.44   86.30
 184.71  225.07
 184.81  123.99
 185.46  194.19
 185.50  129.73
 185.51  185.19
 185.55  210.37
 186.25  172.61
 186.36  146.15
 186.63  103.88
 187.21   99.00
 188.02  155.04
 188.15   91.90
 188.21  185.28
 188.28  150.70
 188.67  172.25
 188.78  181.46
 189.07  228.09
 189.08  193.63
 189.14  160.12
 189.29  135.30
 189.85  143.70
 190.13   82.57
 190.22  138.60
 190.50  146.87
 191.29  182.77
 191.84  127.04
 192.43  205.84
 192.51  225.52
 193.05  214.28
 193.09  121.02
 193.54  125.13
 193.72  228.95
 194.26  198.65
 194.89  152.21
 195.65  226.34
 196.32  242.63
 196.69  205.71
 197.16  223.77
 197.25  168.75
 198.54   98.36
 199.00  162.05
 199.48  119.97
 200.11  149.79
 200.13  172.10
 200.39  242.23
 201.24  188.48
 202.32  174.45
 202.69  188.37
 202.84  143.34
 203.37  244.29
 203.54  170.96
 203.86  226.17
 204.77  224.30
 204.79  219.43
 205.71  107.29
 206.56  191.53
 206.63  159.47
 207.04  152.15
 207.11  146.57
 207.24  167.45
 207.25  131.99
 207.89  227.73
 207.94  223.41
 209.02  143.48
 209.53  159.44
 210.08  170.71
 210.78  128.79
 211.42  115.82
 211.80  101.71
 212.56  176.98
 212.62   93.33
 212.80  158.15
 213.37  146.42
 213.86  151.53
 214.33  112.24
 214.68  155.68
 214.74  183.25
 215.66  141.20
 216.23  151.13
 216.49  194.94
 216.71  177.25
 216.73  159.49
 217.48  126.18
 217.93   96.63
 220.01   94.11
 220.13  130.73
 220.17  106.06
 221.15   95.73
 222.84  142.85
 223.64  108.86
 224.56   93.74
 224.83  134.99
 225.08  110.74
 226.39  117.60
 229.30   76.42
 231.35   96.43
 236.02   45.49
 237.47   19.05
 237.87   96.29
 237.91   34.87
 238.68  101.06
 239.51   55.21
 240.03  240.77
 240.46   59.97
 241.31   48.83
 242.02  104.25
 242.28   86.07
 242.88   77.83
 243.52   21.34
 244.49   12.47
 244.95   51.08
 245.37   34.48
 245.69   69.98
 246.68   30.91
 248.48   68.01
 248.62   19.42
