   9.55  186.75
  14.41  189.26
  14.98  187.54
  18.92  185.49
  21.94  180.73
  22.00  180.96
  22.36  179.05
  25.38  179.23
  29.70  179.22
  34.22   68.86
  34.48   73.44
  37.84  172.42
  43.09  175.00
  43.92   55.89
  44.09  188.40
  44.83  185.19
  48.05   56.81
  52.22   59.53
  59.59  190.61
  60.23   60.31
  65.01   58.69
  65.29  159.26
  68.74   61.49
  69.25   46.23
  71.95  151.10
  73.64  147.48
  73.95   45.64
  81.52   73.77
  88.09  151.06
  89.94  170.55
  91.43  143.30
  94.16  139.81
 102.25  135.72
 103.50  188.75
 105.29  186.42
 108.88  133.77
 113.64  164.58
 115.89  132.56
 119.79  124.18
 120.17  141.04
 127.49  135.13
 129.04  114.38
 130.03  166.27
 133.88  126.09
 137.01  121.79
 138.43  116.46
 140.99  116.93
 141.71   51.84
 143.08  111.02
 144.67   97.28
 144.94  181.58
 145.61  180.69
 148.03  134.69
 150.96  136.79
 152.02  171.33
 152.22   88.60
 153.30   93.02
 155.06  166.96
 159.11  137.84
 162.46   85.44
 173.17  188.20
 184.77   56.86
 189.19  174.02
 195.52  100.23
 196.86   58.35
 197.32  143.65
 200.44  102.12
 210.51  163.09
 210.73  157.88
 214.32  155.09
 216.41  158.06
 216.61  100.62
 218.19  139.60
 220.27  152.27
 223.23  154.48
 224.09  139.46
 228.32  141.35
 228.52  149.21
 228.54  146.08
 228.88  158.47
 233.79  143.48
 243.92  118.54
 247.02  109.12
