  15.65  153.07
  17.06   86.26
  18.27  143.78
  18.68   32.70
  18.84   29.52
  19.57   98.70
  19.88   91.30
  21.19  128.29
  22.02   95.26
  22.66  149.47
  23.34   32.82
  25.66   36.16
  25.80  177.06
  27.92  152.86
  29.05   40.75
  32.89   45.60
  36.36  122.66
  38.41   60.67
  39.88  176.68
  40.92   16.60
  41.93  119.19
  43.32  152.73
  44.79  124.21
  44.94  124.41
  49.28   50.15
  49.52   58.79
  51.86   43.58
  52.05   53.12
  52.51   42.46
  53.55   31.66
  54.06   22.89
  55.94   13.48
  56.10  127.85
  56.18   45.47
  57.73  120.37
  58.22   48.87
  58.46   66.05
  58.64   61.64
  59.46   68.35
  59.47  123.12
  61.92   52.95
  63.46   33.23
  63.66   38.14
  64.20  153.12
  64.58   60.35
  65.85   46.92
  67.39   50.47
  69.44  130.23
  69.77   44.45
  70.23   62.27
  70.32   59.41
  71.87  133.08
  72.34   55.05
  72.35  168.40
  72.52   70.12
  73.00  128.93
  73.00   31.16
  74.02   43.49
  74.26  126.95
  76.04   97.29
  76.52  123.97
  76.64   34.18
  77.47   99.57
  77.48  132.81
  77.84   67.27
  78.66   88.82
  78.76   44.13
  80.51   67.53
  81.97   97.35
  83.19   89.79
  83.44   72.59
  83.75  101.89
  84.18  146.42
  84.33  123.69
  84.36   68.80
  86.98   92.24
  87.09   84.31
  87.48  121.64
  88.22   58.20
  88.46   68.97
  89.96   38.15
  91.65  123.36
  92.25  123.04
  93.82  163.74
  94.93  129.19
  95.30  122.36
  95.94   73.25
  97.82   57.65
  98.39  201.49
  99.34  134.37
 103.75  122.48
 104.05  118.75
 107.16  116.97
 113.08   95.51
 113.48  110.58
 116.82  150.64
 117.91  117.67
 118.17  149.73
 118.63  112.51
 121.20  121.63
 121.24  123.10
 121.64  126.07
 121.86  100.16
 122.14  160.01
 124.11  142.93
 125.23   97.96
 127.34  107.42
 133.03  149.71
 139.30  116.51
 140.18  104.10
 140.97  158.77
 141.11  163.08
 141.87  152.93
 142.14  120.87
 142.18  140.93
 143.44  115.01
 143.50  149.60
 143.62  110.63
 143.89  101.47
 144.60  138.45
 145.77   96.98
 147.21  121.14
 147.29  104.32
 152.84  148.71
 154.49  153.04
 155.11  138.07
 155.20  151.44
 155.28  112.13
 159.48  115.10
 160.68  114.98
 161.85  143.05
 161.94  122.21
 162.28  143.25
 163.74  150.30
 164.68  123.47
 164.95  126.36
 165.07  119.72
 167.14  114.27
 167.27  122.26
 167.33  109.98
 169.40  107.30
 171.16  150.64
 171.20  131.67
 173.74  121.49
 175.64  141.12
 176.13  127.50
 176.21  144.50
 181.15  140.05
 182.25  120.76
 182.63  125.33
 183.18  113.46
 186.16  143.32
 187.26  146.22
 187.31  121.92
 188.53  156.47
 191.92  151.07
 193.18  132.27
 196.66  131.73
 198.96  150.76
 203.48  154.05
 203.65  132.93
 207.68  150.44
 211.55   81.35
 217.38  145.15
 228.11  144.44
 232.24  132.86
 236.03   42.86
 237.98   78.59
 240.07  152.80
 240.82   78.31
 242.85  153.54
 243.40   81.72
 248.55   79.56
 253.48  127.17
 254.58  150.61
 254.60  106.26
 256.16   98.53
 257.29  102.29
 257.42  107.76
 257.60   94.07
 257.82   90.57
 257.96  149.20
 258.50  210.03
 260.24  154.94
