  20.78  109.65
  29.97   28.54
  31.58   31.47
  33.28   40.43
  33.71   31.40
  44.37   22.48
  47.66   16.61
  47.79   35.08
  49.18   29.10
  58.66  205.81
  59.83   25.07
  60.93   94.02
  61.24   35.03
  62.88   31.73
  63.52   29.81
  63.66   98.86
  65.02   90.79
  66.64   94.52
  69.41   94.74
  78.19  110.06
  79.98  132.53
  82.92   86.41
  84.66  107.14
  84.73  157.51
  84.76  107.62
  84.85  148.24
  86.36  135.18
  86.54   51.12
  86.94  111.99
  87.09   37.71
  87.20   14.05
  87.42  153.70
  87.45  128.87
  87.99   14.95
  88.82  136.97
  88.84  149.36
  89.28   41.48
  89.72   48.04
  90.18  119.07
  91.42  135.24
  92.36   38.55
  92.52  114.75
  92.98   41.64
  94.82   93.63
  94.96   60.13
  95.90  136.22
  96.35   93.48
  96.84   45.98
  97.76  163.21
 100.93  118.03
 108.39  118.15
 111.18  139.50
 112.40  118.48
 116.46  172.71
 116.56  135.28
 118.80  185.24
 119.08  138.78
 122.71  135.18
 124.32  136.19
 125.22  162.11
 133.39  155.87
 135.27   50.97
 136.69   44.94
 137.14  134.71
 139.64  146.77
 143.53  211.74
 143.66  211.76
 144.04  147.13
 146.16  195.51
 146.88  135.56
 146.88  188.92
 147.53  172.13
 147.90  149.79
 150.72  194.24
 152.83  176.41
 152.90  194.56
 153.24  184.72
 153.32  210.31
 155.47  179.11
 156.56   71.60
 156.60   82.47
 157.52  190.60
 157.96  162.67
 158.16  200.40
 158.62  176.66
 158.68   68.26
 159.74  187.06
 160.46  152.26
 160.94  180.09
 161.13  170.93
 161.50  146.39
 162.47   99.70
 163.05  163.02
 163.53  106.55
 164.79  187.01
 164.95  169.23
 165.52  168.27
 165.77  192.91
 167.09  155.12
 169.74  150.64
 169.93  157.70
 174.37  181.19
 174.95  133.84
 175.41  159.37
 175.98  205.35
 176.69  149.64
 177.33  128.95
 184.89  133.83
 184.97  128.42
 185.20  114.64
 185.44  110.80
 187.41  131.13
 188.20  134.43
 188.49  123.07
 188.57  116.85
 205.21  122.90
 205.65  112.16
 207.89  128.86
 208.50  122.02
 208.57  112.58
 213.52  120.62
 213.61  128.34
 216.76  116.69
 220.56  112.24
 221.45  115.28
 230.86   14.85
 231.25   34.64
 233.07  183.33
 234.26  184.50
 236.09  135.77
 236.45   89.69
 242.29   92.49
 267.66  107.55
