   7.24   98.15
   8.28  119.26
   9.23   93.21
  13.55  106.95
  13.89  102.15
  18.77  131.87
  19.47  132.93
  27.83  125.58
  28.82  139.03
  29.37   99.73
  29.60  110.35
  30.54  119.16
  31.70   76.89
  31.76   89.39
  31.83  131.93
  32.22   88.73
  32.40   71.59
  32.43   96.96
  34.54  139.46
  36.09   57.80
  36.50  128.15
  38.44  193.56
  38.89  132.01
  39.86  120.81
  41.42  119.29
  41.46   60.38
  46.58  130.82
  47.73  124.18
  47.79  136.60
  50.54  130.87
  54.54  135.90
  54.74  121.97
  56.22  131.47
  58.99  122.17
  59.54  115.61
  62.28  127.17
  63.56  119.51
  65.50  133.48
  65.61  130.34
  68.69  137.96
  69.92  141.31
  70.24  114.53
  71.06  130.35
  73.84  127.88
  74.39  116.84
  75.73  123.71
  75.96  138.59
  78.16  122.29
  78.17  114.53
  79.08  117.83
  80.09  122.32
  80.58  121.90
  82.70  114.97
  82.87  128.33
  82.99  133.68
  85.17  113.99
  86.52  121.98
  88.02  124.66
  88.16  118.37
  88.31  118.61
  88.59  106.14
  91.11  115.28
  91.39  121.33
  94.63  114.19
  94.76  133.40
  98.78  208.70
  99.01  119.35
 103.65  132.01
 105.70   75.93
 109.33   98.66
 109.76  179.16
 109.91  160.23
 112.28  122.32
 112.38  179.52
 112.49  129.13
 112.96   86.08
 113.42  103.53
 113.66  122.20
 114.26  138.66
 117.61   94.73
 120.16  131.19
 120.64  105.71
 125.00   86.64
 129.13  110.66
 130.71  120.42
 132.20  110.91
 133.78   59.79
 137.66  114.33
 138.37  132.45
 141.40  127.59
 146.17  126.90
 152.42  130.56
 153.50  112.63
 153.70  109.25
 156.58  109.91
 158.99  124.53
 160.03  107.12
 164.11   72.96
 165.68  110.37
 170.31  106.30
 170.32   62.17
 170.65   54.21
 170.83  111.03
 170.96  133.32
 171.27   26.73
 171.38  128.37
 171.98   30.41
 174.30   56.07
 174.72  124.26
 175.52   62.04
 177.12  106.54
 178.78  123.05
 179.18   87.78
 179.19   55.42
 181.49  125.00
 181.51   24.52
 184.10  107.57
 185.79  104.29
 187.92   50.27
 189.72  103.13
 190.57   98.35
 191.56   93.63
 191.93   90.42
 193.32  127.51
 193.48  118.34
 193.98   57.86
 194.28   88.41
 194.78   91.74
 196.33   97.42
 200.03  130.29
 201.91   54.33
 202.21  101.74
 203.17  125.08
 204.80  109.43
 206.71   58.30
 207.62  106.02
 210.38  105.70
 213.20   51.33
 215.62  100.66
 216.18  106.19
 217.66   55.04
 218.98  129.84
 220.95  106.22
 222.81  129.58
 223.95  109.20
 224.55  126.31
 224.84   96.70
 225.84  112.74
 229.98   37.85
 232.07  119.30
 234.57   52.75
 234.57   36.96
 234.84   43.55
 235.59   97.45
 236.19  105.53
 241.49  100.29
 242.70   84.63
 251.78  114.53
 252.03  120.87
 252.85   52.58
 253.48   94.74
 255.50  160.87
 256.02   48.60
 256.07  104.40
 257.02   60.64
 257.24  109.02
 257.35   86.54
 257.83  113.25
 257.90  125.92
 258.87  131.27
 259.27   44.98
 260.13   79.99
 260.51  134.95
 260.53  157.08
 260.75  106.26
 260.85   52.40
 261.81   91.45
 262.21  116.78
 263.11   56.00
 264.32   80.67
 264.45  108.30
 265.43  149.63
 265.81  145.62
 266.33  116.68
 266.37  146.84
 267.72   73.53
 271.75  114.50
 272.09  205.76
 273.00  127.43
 275.23   13.83
 276.79   79.53
 276.86   96.21
 277.67   85.51
 277.68   84.77
 280.24   12.49
