  11.61  191.64
  12.28   18.57
  12.64  199.55
  15.79  199.17
  17.33   40.06
  20.71  156.43
  21.54   44.25
  21.78   40.03
  21.82  194.99
  22.41   48.87
  53.38  154.04
  53.89  164.36
  54.96  163.40
  55.68  146.74
  56.89   16.17
  58.27  153.79
  60.80  157.00
  61.24  148.10
  61.66   15.43
  64.52  143.51
  64.56  155.94
  64.63   58.94
  66.22  168.34
  66.95   68.16
  67.16   61.61
  68.01   33.70
  68.05  151.54
  68.54   67.77
  69.28   65.05
  71.01   92.09
  72.63  158.01
  81.25  169.59
  83.84  135.67
  84.07   72.18
  84.51  158.91
  86.40  147.07
  89.89  105.76
  90.60  115.17
  90.96  166.04
  91.28  150.89
  91.39  156.38
  92.46  101.37
  93.19  115.96
  93.98  153.84
  94.06  157.26
  95.17   57.69
  96.34   94.16
  96.38   64.55
  98.71  140.71
  99.08  140.83
 100.28   91.27
 101.43  148.44
 101.96   54.31
 107.07   87.55
 109.56  135.10
 113.63  155.94
 114.13   90.68
 114.39  169.61
 117.91  148.77
 122.18   83.46
 122.27   90.14
 122.73  112.49
 123.12  153.77
 123.34   86.23
 124.87  151.06
 130.74   86.99
 131.55  160.54
 131.77  160.31
 139.94   87.62
 143.30  113.81
 143.76  186.50
 143.81  186.51
 147.01   91.92
 147.28   96.25
 150.07  150.40
 153.46  153.31
 155.44  145.20
 159.14  123.85
 159.88  152.91
 159.94  128.03
 161.86  140.41
 162.47  126.14
 164.70  139.17
 172.20  142.66
 172.46  159.19
 176.23  121.51
 177.42   59.77
 178.70  137.60
 178.70  124.14
 179.38  145.52
 180.05  148.76
 181.47  157.31
 183.08  153.37
 184.02   30.00
 184.78   31.53
 185.29  170.06
 185.55  165.23
 186.64  155.00
 186.87  178.24
 187.41  193.68
 187.46  188.04
 187.59  209.01
 187.93  170.42
 189.24  177.10
 189.69  148.48
 190.10  207.08
 193.94  159.11
 194.97  185.96
 195.70  121.59
 197.35  135.15
 197.65  104.75
 197.66  123.89
 199.61   26.76
 200.57  127.83
 200.80  133.99
 201.82   29.68
 203.10   50.47
 205.22  129.88
 206.50  157.03
 209.03   26.59
 209.10  134.12
 209.16  143.99
 209.26  133.98
 209.88  128.69
 211.41  155.04
 211.52  131.46
 211.85  150.76
 214.17  124.95
 214.38  165.71
 215.06  129.04
 215.12  155.79
 216.10  120.87
 217.35   29.66
 217.81  154.64
 219.21  107.07
 222.21  196.05
 226.98  131.50
 229.53  110.80
 231.96  132.12
 233.32  143.36
 234.42   70.28
 234.51  157.74
 235.94  104.24
 237.57   86.90
 239.86   84.76
 239.89  109.42
 243.56  130.99
 244.21  148.14
 244.82  130.24
 245.25  129.71
 245.36  158.27
 245.46  161.78
 245.46  164.90
 248.30  163.89
 249.13  103.69
 249.59  147.40
 250.08  107.13
 251.54  112.18
 251.64  144.88
 252.17  106.01
 253.00   58.42
 253.93   84.24
 254.48  103.53
 259.99  157.53
 264.30  113.13
 267.09   57.93
 268.29  165.99
 271.35  134.36
 271.43  104.86
 271.51  118.38
 272.17   58.10
 272.99   84.12
 273.73  102.62
 275.29  147.04
 275.50   86.75
 276.65  115.42
 277.02  163.51
 277.45  118.86
 277.56  118.83
 279.94  154.96
 282.20  166.53
 282.29  133.67
 286.34  166.40
