   7.67  153.78
   8.06  109.45
   8.11  114.41
   9.06  157.02
   9.36  163.39
  10.21  116.67
  10.42  149.09
  10.47  103.71
  10.54   29.96
  10.67  111.44
  13.97  105.42
  14.89  115.22
  15.66  149.06
  15.86  177.51
  16.55  146.86
  19.95  164.07
  20.12  156.61
  20.53  167.04
  20.79  120.44
  20.97  175.97
  23.22  188.34
  24.76  191.40
  25.00  175.66
  25.65  164.11
  27.15  173.24
  27.72  167.50
  27.80  131.16
  27.81  153.84
  28.18  108.08
  28.49   52.09
  29.27  163.65
  29.59  108.71
  29.63  105.32
  29.63   28.31
  31.22  159.94
  34.70   26.22
  34.89  137.14
  35.87   43.26
  36.28  163.32
  36.55  167.76
  36.81   28.89
  36.89  188.21
  36.98  134.09
  37.80  139.59
  39.40  136.77
  40.15  189.56
  41.82  191.09
  42.78  134.53
  43.12  177.05
  43.36  166.62
  43.65  125.97
  43.66  184.33
  49.75  137.23
  50.80  182.55
  53.17  128.11
  53.98  135.08
  56.59  125.30
  57.88  165.95
  58.12  128.02
  59.09  179.13
  59.89   92.05
  60.39  151.07
  60.61  126.88
  61.10  153.44
  63.62  143.90
  64.07  177.36
  65.39  170.44
  65.51  199.98
  66.48  151.59
  67.53  164.06
  67.85  156.79
  69.12   99.81
  70.28  138.86
  71.01  163.61
  71.97  180.33
  72.03  160.83
  72.35  179.80
  72.61  149.06
  73.58   98.72
  75.00  124.66
  75.72  121.14
  75.77  158.87
  76.20  129.43
  77.33  189.05
  77.41  175.85
  78.27  199.42
  80.48  102.20
  80.59  159.02
  84.04  126.17
  84.35   89.79
  85.32   97.70
  87.90   98.94
  87.92  114.21
  88.94  124.98
  90.20  158.47
  91.73   90.63
  91.76  129.97
  92.01  169.05
  92.28  121.55
  92.43  126.99
  96.50  138.40
  97.26  154.16
  98.58  135.59
  98.75  142.49
  98.93  142.38
  99.81  125.54
  99.85  166.24
 100.16  152.35
 100.99  139.02
 102.95  150.61
 104.39  144.41
 105.74  155.46
 106.59  157.77
 108.05  166.57
 108.92  165.35
 110.83  161.99
 111.89  165.68
 112.05   86.71
 112.72  175.45
 112.94  183.02
 113.64  191.13
 114.36  170.85
 114.59  165.53
 115.87  178.09
 116.30  185.94
 117.22  178.08
 119.57  190.33
 121.59  180.44
 125.31   96.51
 127.16  153.01
 127.65   71.44
 129.33  191.40
 129.57  212.76
 129.73  159.20
 129.88  149.14
 129.99  164.00
 130.59  198.70
 130.84  195.21
 131.17  136.01
 131.81  155.71
 133.66  147.15
 134.47  156.50
 134.80  162.36
 135.02  181.96
 135.06  190.85
 135.19  135.39
 135.53  172.98
 135.54  197.73
 137.59  146.70
 137.65  177.80
 137.81  137.96
 138.04  185.65
 138.75  138.30
 141.70  195.84
 143.88  178.79
 144.19  186.23
 148.71   90.53
 152.71  186.70
 154.79  186.19
 155.28  191.92
 156.00   90.16
 157.98   89.57
 158.53  111.82
 159.91  191.83
 160.22  141.09
 161.14  186.71
 161.53  104.36
 161.60  121.92
 161.63   91.51
 161.65   87.97
 161.69  116.12
 162.10  142.94
 168.16  144.71
 174.47  176.39
 178.30  133.87
 179.13  142.58
 185.70  121.05
 210.90  190.97
 211.01  176.83
 211.56  183.58
 213.04  142.09
 214.71  140.31
 269.70  137.69
 272.89  148.72
 274.32  143.53
 276.77  130.43
 278.67  121.97
 280.26  136.63
 281.12  147.50
 281.16  186.01
 282.57  126.48
