  57.90  133.67
  60.28  141.89
  63.17  146.00
  63.34  137.38
  63.45  137.54
  72.15  143.53
  76.19   14.26
  87.66  154.00
  87.85  106.29
  88.77  147.24
  91.23  160.91
  92.11  135.38
  92.58  164.35
  94.09  144.50
  94.48  174.65
  94.75  175.15
  96.63  170.88
  97.84  177.31
  97.98  146.01
  98.10   74.82
  98.44   63.69
  98.87  168.78
  99.07   77.62
  99.35   69.22
  99.41  147.52
 100.45  133.72
 101.45  166.40
 103.17   70.56
 103.28  153.90
 103.79  167.81
 103.87  172.40
 104.43  143.39
 106.78  147.84
 107.20  132.64
 107.63  132.48
 107.66   89.69
 108.03  132.35
 108.42  149.53
 109.33   87.37
 109.98   86.74
 110.03  120.43
 112.51  150.75
 112.65  153.13
 113.19  168.09
 113.97  143.35
 115.77  163.22
 115.91  146.93
 116.58  155.98
 117.18  158.60
 118.46  149.61
 119.08  161.20
 121.69  148.25
 122.73  141.50
 123.10  169.52
 123.37  141.75
 124.17  152.16
 124.78  136.17
 125.21  149.27
 125.51  161.61
 125.82  167.81
 126.72  133.47
 127.65  129.88
 129.20  171.20
 129.68   88.96
 131.18  130.28
 132.02  147.03
 132.45  161.16
 133.55  165.40
 134.18   85.53
 134.19  130.41
 138.86  137.92
 139.03  154.16
 141.34  157.79
 141.96  161.00
 142.93   74.09
 143.45   85.72
 143.53  112.07
 143.74  163.34
 144.40   86.77
 144.67  195.61
 145.71  139.96
 146.46   78.58
 146.82  161.55
 147.32  198.24
 147.37   69.81
 148.25  137.54
 148.33  131.16
 149.00   89.24
 149.68  151.18
 149.69  172.91
 149.82  178.02
 150.59  159.51
 151.80  175.25
 152.95   84.91
 154.52  146.59
 154.98  174.58
 155.95   78.97
 158.91  112.32
 158.95  175.14
 159.69  122.79
 159.88  150.43
 160.05   92.77
 160.34  100.74
 161.15  176.87
 161.28   12.89
 162.90  135.18
 162.99   73.34
 163.83  179.18
 165.68  147.91
 165.92  133.38
 166.05  124.94
 168.06  125.94
 168.34  145.87
 168.75  184.92
 169.39  120.64
 169.47  169.20
 169.82  203.17
 169.99  185.71
 170.10  130.81
 172.02  145.90
 172.07  163.31
 172.12  143.21
 172.27  206.93
 173.76  147.14
 173.85  206.61
 174.07  167.50
 178.66  130.92
 179.74  175.10
 180.54  143.25
 180.99  160.63
 181.23  129.25
 181.28  131.87
 184.47  169.35
 184.95  147.24
 186.37  136.24
 187.01  128.97
 187.60  193.53
 188.36  142.00
 190.08  151.32
 190.60  137.68
 192.64  134.20
 193.97  189.37
 194.44  142.57
 194.94  145.01
 195.13  186.44
 196.03  183.06
 198.91  170.48
 199.05  142.12
 199.30  185.79
 200.89   92.53
 202.80  152.26
 203.56  184.51
 203.96  212.56
 205.09  149.06
 206.00  146.58
 206.00  152.93
 206.48  175.50
 207.56  142.77
 209.06  185.60
 212.07  187.93
 213.05  135.20
 214.58  141.85
 216.91  189.01
 219.05  147.09
 225.10  179.02
 226.55  145.01
 228.49  132.41
 228.83  126.98
 229.88  166.66
 231.79  178.22
 232.12  144.57
 234.44  135.82
 234.64  155.60
 234.98  114.54
 235.25  114.46
 235.35   64.56
 235.83   49.13
 235.84  109.25
 236.66  148.17
 238.35  129.83
 238.44  134.57
 239.26  114.64
 239.58   68.37
 239.61  110.10
 242.32  144.50
 243.26   67.70
 243.83  119.65
 245.13  112.08
 245.37  128.19
 247.08  119.81
 247.11   77.98
 248.19  167.74
 249.27  183.85
 249.51  136.50
 249.58  116.37
 250.74   68.79
 251.07  141.25
 253.53  161.08
 253.94  146.83
 256.44   76.09
 258.43   60.01
 261.07  156.83
 265.75  158.68
 273.16   64.70
 273.49  147.79
 275.76  153.29
 279.43  109.24
 279.43  116.21
 280.10   80.05
 283.56  152.81
