  10.10  141.05
  11.03  196.40
  20.98   60.13
  24.96   26.29
  25.85  162.77
  27.78   72.41
  28.94   76.50
  29.23  154.91
  30.69   75.88
  31.49   70.74
  31.91   87.15
  33.14   84.59
  36.17   29.86
  37.63  193.84
  38.56   59.25
  39.51   54.50
  39.65   57.26
  39.66   63.66
  40.84  166.66
  41.70  107.48
  42.35   80.17
  43.13  163.02
  43.18   70.30
  43.89   64.36
  43.96   58.99
  44.20  111.53
  48.13   34.10
  50.09  141.00
  50.36  140.63
  51.13   57.70
  51.20   70.65
  52.33  152.76
  53.99  141.53
  54.59   51.99
  55.31  124.99
  57.04   68.83
  57.66   54.60
  58.13   12.95
  58.42   37.08
  60.19   62.35
  60.87  157.10
  62.55   50.08
  62.73  143.09
  63.01    9.72
  63.11   14.70
  65.00   56.96
  66.43   61.36
  66.53   61.27
  67.04   65.89
  68.25   40.82
  68.31   55.46
  68.92  152.58
  69.02  212.00
  69.42  101.64
  70.92  110.83
  72.71  151.78
  74.03   82.10
  74.21   59.42
  74.48  181.02
  76.01   63.58
  76.76   67.80
  76.83   34.99
  77.47   57.79
  77.93  148.24
  79.22   42.58
  80.13   84.20
  80.77   24.19
  82.38  144.99
  83.28   90.77
  83.43  139.36
  84.03   80.31
  84.32  142.75
  85.09   58.73
  85.37   65.50
  86.91   76.50
  87.50  166.49
  87.70  211.79
  90.30   52.09
  90.59   51.81
  90.69   79.27
  90.85  143.53
  93.05  121.84
  95.20  167.97
  99.99  139.73
 100.90  204.93
 101.80  157.88
 102.86  123.90
 105.76  128.24
 106.42   67.37
 116.71  131.42
 118.47  198.81
 120.49  140.93
 120.57  139.14
 120.69  134.06
 121.79  119.65
 123.67   65.35
 124.07  208.26
 124.51  127.72
 126.08  170.75
 126.96  188.22
 127.08  131.32
 127.15  173.42
 127.57  115.73
 128.81   78.70
 129.54  163.60
 130.75  176.69
 132.37   80.98
 134.99  165.52
 135.10  112.20
 135.74  160.91
 135.88  165.12
 136.74  173.69
 137.56  202.64
 138.08  184.45
 139.26  157.75
 139.56  188.03
 139.88  156.25
 141.02  180.89
 143.05  173.89
 143.16   91.40
 143.39  159.30
 144.89  132.05
 144.93  183.59
 145.47  139.05
 146.04  176.96
 147.00  151.39
 147.19  120.05
 147.58  139.18
 147.85  149.23
 147.96  145.17
 148.17  174.59
 149.24  125.12
 149.32   78.81
 149.35  174.50
 149.49   52.54
 150.04   75.05
 151.40  181.93
 152.30   70.77
 152.47  130.52
 152.53   50.03
 152.61  123.79
 153.09  175.47
 153.27  136.39
 153.46  105.44
 153.86  141.47
 154.31  146.91
 155.49  123.43
 155.91   98.07
 155.94  170.35
 156.02  172.43
 156.15  134.51
 156.22   71.58
 156.29  158.66
 156.48  175.98
 156.59  118.89
 156.62  201.51
 156.72   86.29
 156.75  181.09
 158.07   70.05
 158.34  193.85
 158.78   77.37
 159.15  172.02
 159.39  123.77
 159.86  144.20
 160.12  134.97
 162.48   76.52
 162.60  123.25
 162.64  131.26
 162.64  104.62
 163.06  166.30
 163.21   71.46
 163.27  116.29
 163.45  213.12
 163.58  188.28
 163.65  178.89
 164.28  204.40
 164.54   59.55
 164.88  127.18
 165.22   76.99
 165.55  119.80
 165.55  146.80
 166.43   68.61
 166.56  111.28
 167.02  168.89
 167.39  180.41
 167.70  134.54
 167.77  192.24
 168.37  183.79
 168.46  130.53
 168.89   70.03
 169.89  125.94
 169.95  178.28
 169.98  121.82
 170.12  150.33
 170.20  208.03
 170.25  193.95
 170.41  144.01
 170.74  114.91
 171.70  177.11
 171.87  184.44
 172.99   87.61
 173.17  104.49
 173.29  123.84
 173.38  132.41
 173.54  152.90
 173.81   69.37
 174.38   82.66
 175.41   78.02
 175.43  112.52
 175.60   66.24
 176.33  137.96
 176.47   85.49
 176.59  178.05
 176.92  121.58
 176.97  116.53
 177.09  107.43
 177.90   79.54
 178.04   73.07
 178.36  134.93
 178.47  103.61
 178.64   66.20
 179.02  188.26
 179.20  195.10
 179.26  152.92
 179.46  126.83
 180.15   87.52
 180.28  119.49
 180.35   31.56
 180.40   31.57
 180.58  124.87
 181.37  129.22
 181.63  184.40
 181.73  198.66
 181.74   74.84
 182.21   49.32
 183.94  179.50
 184.16  100.29
 184.36  188.52
 186.12  147.50
 187.41   89.07
 188.10   52.83
 191.55  199.54
 198.71  115.29
 199.02  200.39
 199.62  175.59
 201.18  191.03
 202.25  185.06
 203.86  105.55
 205.14   81.85
 217.06   80.12
 217.27   75.55
 218.98  195.42
 221.60  195.88
 222.31  206.78
 223.64  117.19
 227.10  119.95
 227.47  195.72
 227.66  113.10
 229.55   87.00
 231.13   90.62
 233.13  121.39
 235.38  123.25
 237.54   72.01
 237.84   95.78
 237.91   68.30
 239.44   53.95
 244.98   87.56
 246.18  101.94
 273.10   99.12
 275.82  100.71
 277.09  135.21
 278.38  121.34
 278.79  124.97
 279.65   92.97
 280.60  116.03
 283.63  125.28
 284.51   99.51
