  40.37  142.90
  40.65   44.03
  41.07  144.04
  42.60  146.89
  44.74  147.44
  47.56  158.88
  48.08  150.45
  48.10   35.75
  49.32   14.77
  51.67   12.03
  53.93   22.37
  54.47   25.05
  54.58  154.25
  58.52   28.86
  60.22   23.13
  62.13   19.25
  64.38   22.91
  64.84   29.76
  67.51   25.49
  72.04  163.97
  73.03  167.84
  74.01   96.88
  74.06  118.09
  74.23  123.90
  74.49  160.21
  74.66  149.74
  78.70  174.04
  79.47  178.02
  79.58  157.55
  79.61  186.95
  82.75  183.72
  84.51   81.61
  84.68   76.11
  84.82  160.18
  85.58  189.47
  86.47  152.91
  87.46  148.38
  88.07   87.31
  88.77  143.87
  88.91  182.43
  89.19   91.45
  89.41  181.54
  90.40  156.17
  92.55  174.96
  92.98  160.41
  93.24  153.37
  96.05  100.93
  96.62  139.73
 100.48  154.31
 100.48   99.11
 100.59  181.28
 100.83  118.59
 101.77  169.20
 102.08  143.07
 102.15  159.25
 103.48  120.17
 104.99  108.01
 105.19  161.38
 105.51  174.61
 105.99   98.78
 108.37  150.90
 109.42  154.06
 109.65  182.55
 109.98  154.23
 110.49  148.48
 110.62  179.51
 110.70  161.15
 111.21   99.03
 112.39  180.98
 113.06  142.23
 113.45  158.61
 114.74  159.57
 115.32  101.23
 115.41  183.86
 115.43  191.38
 115.59   98.52
 117.34  173.91
 119.13   99.29
 119.60  143.12
 122.20   80.22
 124.15  180.08
 124.75  192.15
 125.85   83.49
 126.62  137.71
 126.86  130.32
 126.95  173.63
 127.92   85.88
 129.90   99.08
 130.65   90.36
 132.33  178.53
 132.49  191.48
 132.81  157.98
 134.91  143.63
 135.58  185.31
 135.63  128.96
 138.32  187.23
 139.22  157.40
 140.99   24.32
 141.28   90.46
 141.45  186.19
 142.41  156.67
 144.00   26.27
 144.91  187.12
 147.39   21.92
 147.52  189.05
 147.75  146.69
 148.17  135.57
 149.04  159.56
 149.31   17.07
 149.85  168.91
 150.46  190.85
 151.20  160.90
 154.23  194.81
 154.63   76.00
 154.75  177.05
 154.76  187.23
 155.70  180.81
 158.34  154.60
 160.25  179.31
 160.42  158.91
 161.62  171.23
 164.47  152.69
 166.99  172.12
 167.17  172.31
 168.02  178.79
 169.63  176.49
 170.05  181.05
 170.42   75.52
 170.57  142.80
 170.64  144.53
 170.81   16.99
 173.26  157.77
 173.90  183.37
 173.91  204.54
 174.53   14.99
 175.03  153.05
 176.20  201.19
 176.32  161.85
 176.63   55.18
 180.76   12.69
 180.94  155.99
 181.54  194.99
 181.75   74.06
 184.60   12.53
 185.75  153.19
 185.92   11.04
 186.33  196.85
 187.15  166.08
 188.21  170.35
 193.32  153.66
 197.09  201.90
 198.47  145.92
 198.67  199.09
 199.95  152.77
 200.45  149.99
 204.17  171.49
 205.24  123.69
 205.55  157.78
 205.55  151.67
 205.58  151.56
 208.56  196.92
 209.48   66.69
 210.92  189.22
 211.85  155.57
 212.08  140.66
 212.61   31.72
 212.96  170.75
 213.53  143.07
 214.15  137.54
 215.20  156.66
 216.14  124.02
 216.59  163.61
 217.23  188.52
 217.77   74.29
 218.79  110.38
 220.61  119.97
 220.65  173.67
 220.72  123.67
 221.30  173.98
 221.35  113.72
 221.56  158.94
 221.88  150.11
 222.36  111.42
 223.37  158.23
 223.44  183.75
 223.50  140.30
 223.63  108.95
 223.97  169.59
 224.04  124.36
 224.55  120.61
 224.95  127.88
 225.16  128.03
 225.77  179.95
 227.49  140.71
 227.58  155.19
 227.85  133.66
 229.08  158.58
 229.86  130.34
 230.07  122.57
 230.77  127.34
 230.77  139.33
 231.65  166.86
 232.27  133.56
 232.30   74.07
 232.75   84.53
 232.93  155.31
 233.74  188.17
 234.57  146.70
 235.10  193.85
 235.25  155.60
 236.95  135.39
 239.90  169.51
 240.24   65.02
 241.35   70.13
 242.64  173.40
 244.40   66.46
 248.96  122.49
 249.11   94.13
 249.68   63.71
 249.95  163.87
 254.51   70.65
 255.97  161.08
 256.28   75.89
 258.20   78.60
 260.17   92.47
 263.42   94.19
 263.79  113.70
 266.49  156.62
 272.69  175.08
 272.98  181.08
