   7.47  157.31
   7.49  154.56
   8.33  151.39
   9.03  106.39
   9.15  144.00
  10.55  103.20
  13.37   84.96
  14.51  133.39
  14.74  141.16
  18.05  136.52
  20.65  189.43
  22.01  111.59
  22.01  148.23
  24.68  160.52
  24.76  193.21
  24.80  108.92
  25.05  155.11
  26.85  100.19
  27.11  184.68
  27.24  158.03
  27.46  147.91
  28.67  102.34
  28.94  106.30
  29.42  151.97
  30.83  155.39
  31.92  107.14
  32.70  144.03
  33.58  184.04
  33.94  148.29
  34.42  194.31
  35.36  180.48
  35.97  183.41
  36.06   83.68
  36.36  186.94
  36.57  190.41
  37.25  131.50
  37.46   98.77
  37.59  140.96
  38.11   86.21
  39.02  135.38
  39.40  150.43
  40.39  129.45
  40.84  180.01
  41.26  199.79
  42.22  183.77
  42.88  140.85
  43.25  144.31
  43.29  105.73
  43.53   39.76
  44.03   98.32
  44.13  137.85
  44.20  140.90
  44.25  186.38
  45.97  195.77
  47.00  178.67
  48.09   20.66
  48.27  149.45
  48.31   37.73
  48.42  188.65
  48.97   49.61
  49.24   32.78
  49.59  136.72
  51.01   16.73
  51.61  134.62
  52.17   35.40
  52.20  149.19
  52.94  179.20
  53.07   45.77
  54.45   20.09
  54.62   13.70
  54.98   14.25
  55.07  140.77
  55.11  137.88
  55.27  132.20
  56.13   44.84
  56.54   44.06
  57.01  148.04
  57.22   42.50
  57.60  151.44
  58.36   89.77
  61.58  133.06
  62.44   91.42
  63.53   65.78
  64.05  122.15
  64.79  110.25
  65.34   95.98
  66.54   58.23
  66.99  103.69
  68.14   86.41
  68.36   98.02
  71.95   83.20
  71.99   90.10
  73.08  113.96
  73.32   75.47
  73.71   75.63
  73.76   92.57
  80.65  127.24
  88.35  140.02
  88.58  189.90
  93.66   44.75
  93.76  189.67
  95.63  158.83
  96.13  149.90
  96.45   42.22
  97.49  190.05
  97.54  192.38
  97.98  169.25
  99.00  162.13
  99.05   41.37
 100.04  180.04
 100.66   42.12
 101.93  161.52
 103.02  166.08
 104.34  201.68
 104.92   38.89
 104.97   35.79
 105.71  196.74
 106.39  188.85
 107.35   30.82
 108.55  186.79
 109.01   35.62
 111.18  193.62
 111.77   40.89
 113.76  191.12
 114.40   34.94
 115.05   41.39
 119.51   38.29
 122.10   32.89
 125.80   44.74
 148.15   65.46
 150.01   49.59
 162.93   44.73
 163.27   66.99
 165.65   64.56
 167.59   43.61
 167.96   37.51
 173.50   68.22
 176.63   37.75
 177.55   30.92
 179.01   38.32
 179.36   76.90
 180.05   41.84
 182.09   29.95
 182.17   26.61
 182.69   59.08
 184.22   72.12
 184.28   44.30
 184.31   34.26
 185.57   68.46
 185.72   65.79
 189.37   63.51
 193.22   58.96
 198.22   71.62
 202.75   46.44
 202.90  164.82
 202.91   73.61
 205.51  100.90
 206.20  176.38
 207.10   50.64
 208.28   78.95
 209.41   55.49
 209.65   86.58
 211.49   77.40
 213.93   80.69
 216.01   48.65
 217.17   94.78
 219.79   86.23
 221.27   17.04
 227.25   36.53
 229.16   22.40
