  42.58  103.57
  43.66  111.77
  45.74   20.76
  46.91  141.70
  49.18   25.94
  52.35   17.92
  52.71   26.95
  53.14  112.68
  53.23  130.65
  53.29  112.28
  54.01  142.01
  56.01   66.39
  57.33   75.24
  57.39   47.26
  57.83   41.97
  58.96   55.11
  59.36   80.99
  61.72   77.14
  62.59   43.36
  63.27   98.35
  63.29  155.78
  64.58  105.94
  64.69   45.97
  64.90   50.47
  65.67  134.67
  67.06  155.57
  67.45  101.56
  68.55  116.10
  71.35   84.99
  71.73   50.42
  72.01   99.94
  72.90   46.47
  73.66  127.27
  73.85  148.10
  74.08   56.29
  74.46  102.83
  75.03  108.63
  75.24   43.97
  75.67   41.47
  76.53   95.47
  77.55  180.07
  80.42   55.16
  80.68   50.46
  81.12   50.51
  81.63  110.99
  83.22   61.60
  84.11   96.62
  84.65  120.68
  85.63  114.11
  85.89  108.57
  86.52  118.46
  87.58   97.35
  87.67   90.30
  88.56  107.26
  88.78   62.72
  89.72  119.91
  91.77  109.43
  94.08   61.38
  94.20   64.42
  94.27  210.21
  95.22   67.47
  98.82   53.98
  99.03   50.30
  99.28   47.65
 100.33   81.71
 101.54   95.64
 103.93   52.01
 104.56   50.18
 104.62   64.67
 105.39   55.05
 107.49  153.30
 108.06  128.01
 110.93   58.05
 111.55   66.95
 111.63   77.89
 112.67   54.50
 112.80  135.51
 112.83   76.54
 113.12   76.74
 113.75   84.00
 113.93  193.79
 114.50  196.78
 115.70  148.67
 116.19   35.54
 116.20  137.25
 116.84   78.46
 121.55   79.16
 122.47   72.08
 148.20  121.25
 151.89   74.54
 151.90   78.51
 151.93   50.97
 153.49  200.76
 154.31  142.15
 154.65   97.33
 154.90   70.09
 156.01   78.69
 156.04  137.75
 156.05   41.29
 156.07  102.96
 156.13   58.87
 156.42  138.44
 159.96  137.86
 160.93  103.19
 161.15  152.17
 163.75  194.41
 167.77  175.44
 172.45   86.68
 172.49  195.07
 172.65  163.43
 175.06  119.28
 184.07  143.93
 189.53  140.95
 196.65  140.20
 197.18  148.85
 198.54  106.30
 200.96  158.59
 202.19  146.13
 203.46   99.35
 203.78  140.89
 205.07  141.84
 207.72  114.83
 209.25  134.17
 226.02   29.71
 229.06   28.96
 234.58   33.47
 241.70   38.95
 245.41   60.10
 247.30  169.79
 248.57   53.96
 251.26   50.07
 269.41  159.54
 272.33  104.61
 273.11  108.25
 273.16  114.98
 276.13  110.96
 280.16  113.08
 281.06  155.43
 283.31  116.02
 285.66  114.49
 286.06  144.87
