   8.76  170.46
   8.89  155.14
   9.06  267.81
   9.98  163.50
  12.47  166.67
  12.98  161.04
  13.02  170.16
  16.14  163.00
  17.71  161.63
  22.01  125.65
  26.09  170.14
  26.77  163.65
  28.01  156.33
  28.18  121.28
  29.73  128.40
  29.93  158.51
  31.43  161.41
  32.99  155.93
  33.43  163.54
  34.03  124.58
  34.15  101.81
  34.41  100.98
  35.70  166.52
  35.85  114.83
  35.93  158.34
  36.13  161.16
  39.83  167.18
  40.42  169.34
  40.46  119.34
  41.93  154.87
  43.83   43.14
  44.28  108.48
  45.08   56.90
  45.48  116.17
  46.38  161.07
  46.62  154.19
  46.90   49.94
  48.09  103.63
  48.35  163.98
  49.45  156.61
  49.86  113.16
  50.00  169.55
  50.27  116.77
  51.72  120.37
  52.56  136.03
  52.77  115.37
  53.53  266.90
  54.19  105.77
  54.48  106.31
  54.49  102.98
  54.49  124.48
  54.53  161.44
  54.83  155.65
  55.49  116.04
  56.36   67.78
  56.84  161.27
  56.89  166.34
  58.06  250.07
  58.34  169.28
  58.76  152.42
  59.27  155.62
  59.81  124.88
  60.53  158.75
  60.57  151.34
  61.31  143.44
  62.73  102.88
  63.48  107.26
  63.48  268.41
  63.91  250.80
  64.03  209.76
  64.45  264.27
  64.62  157.91
  64.69  148.36
  64.81  107.85
  64.92  162.99
  65.38  111.46
  66.33  121.91
  66.40   89.01
  66.43  172.85
  67.52  211.62
  67.67  169.38
  68.13   86.96
  68.27  166.32
  69.09  107.36
  69.22  127.68
  69.79   27.49
  69.85   19.81
  69.92  267.52
  70.03  132.03
  70.09  210.19
  70.15  156.40
  71.53  104.70
  72.57  153.36
  72.57   11.43
  72.80  169.42
  72.89  117.07
  73.18  245.71
  73.83  262.22
  74.04  159.32
  75.41   19.66
  75.95  139.39
  76.36  239.85
  76.50  165.77
  76.91   99.87
  76.95  110.88
  77.56  123.31
  78.04  104.00
  78.84  136.02
  79.10  163.65
  79.89   14.56
  80.81  274.12
  81.23  157.15
  81.35  144.47
  81.71  173.32
  81.97  106.55
  82.26  128.50
  83.56   98.94
  83.74  109.46
  85.18  160.06
  86.87  272.56
  87.50  283.18
  88.17  139.27
  89.19  280.36
  91.07  139.09
  92.47  149.53
  93.24  154.78
  94.21  173.03
  95.06  159.38
  95.89  158.57
  99.68  174.85
 102.57  168.99
 105.11  120.38
 108.14  126.80
 108.82   46.17
 109.02   45.59
 109.06  120.45
 110.42  131.39
 111.52  124.25
 111.65  161.05
 113.33  120.06
 114.27   37.12
 114.82   42.30
 115.10   81.62
 115.95  150.81
 115.98  139.15
 116.37  225.87
 118.38   87.42
 118.51  159.70
 120.67   81.15
 121.25  226.05
 121.26  164.22
 121.73   66.75
 122.21  221.96
 122.61   88.09
 122.61  155.75
 123.41  231.26
 123.64  162.56
 123.68  231.34
 124.02  152.10
 124.35  217.60
 126.04   31.72
 126.30   66.70
 126.38   73.08
 126.56   60.26
 127.49  164.10
 128.07  109.46
 128.34  159.16
 129.86   23.97
 131.42  162.46
 132.58    7.37
 136.19  108.87
 142.42   89.53
 144.58   92.21
 146.79  167.35
 149.13  185.37
 151.12  167.02
 151.29   94.85
 155.29  191.65
 158.99  172.52
 160.69  163.71
 166.92  110.28
 168.00  169.16
 170.73  171.95
 171.83   92.31
 171.86  114.11
 177.92  162.79
 178.23   91.50
 182.42  112.14
 183.81  152.89
 188.36  112.29
 189.34   76.92
 190.60  155.00
 191.01   96.11
 191.29   90.43
 194.37   92.84
 195.39  100.61
 195.45  108.16
 196.08   85.65
 197.88   89.51
 199.61  109.05
 200.53   95.65
 201.87  105.63
 203.18  136.75
 203.46  132.41
 203.90   83.16
 204.14   46.07
 205.80   41.43
 206.66  138.27
 207.20  110.40
 210.67  183.44
 210.72  137.10
 213.49   59.42
