   8.23  165.10
   9.08  214.04
   9.27  111.01
  10.59  272.31
  10.69  106.97
  10.79  132.73
  11.15  102.18
  11.75  171.17
  12.18   21.25
  12.34  154.14
  13.02  155.05
  15.40  175.70
  16.22  170.84
  16.45  167.74
  17.27  162.71
  18.23  110.83
  18.40  124.22
  19.28  177.84
  19.54  165.52
  19.85  136.76
  19.91  117.54
  20.24  103.68
  21.67  159.17
  22.40  133.24
  22.51   10.60
  22.75  255.63
  23.46  106.46
  23.53  129.03
  25.01  109.74
  25.30   98.39
  26.15  161.61
  27.08  115.62
  28.38  156.13
  30.00  165.24
  34.26  156.29
  34.27  150.25
  35.82  284.95
  36.08   98.89
  37.14  160.25
  39.79  155.69
  47.53  130.20
  47.65  120.82
  50.38  170.06
  50.54  127.58
  52.93  132.51
  52.96   44.52
  53.56  162.49
  54.28  125.23
  55.98  121.16
  56.31  176.53
  58.10  228.96
  58.14   36.37
  58.16   81.84
  58.74   41.86
  60.02  161.20
  60.05  161.26
  63.40  166.23
  63.91   81.82
  63.93  224.95
  63.95   70.26
  64.03  164.05
  64.67  157.58
  65.25   67.17
  65.33  234.49
  65.51  164.45
  66.29  220.52
  69.61  161.89
  69.68   73.04
  69.71  166.10
  69.77   67.24
  70.17   60.77
  70.42   31.50
  73.68  164.26
  85.67   95.26
  86.48   94.64
  94.47   96.65
  95.04   89.43
  97.30  193.76
 101.28   96.22
 102.56  165.71
 109.83  112.46
 110.07  171.02
 110.40  170.97
 111.88  176.36
 114.69  116.29
 119.27  103.31
 120.19  164.65
 125.14  114.51
 126.24  154.95
 126.55  120.27
 128.94  162.06
 132.52   80.28
 132.64   94.22
 132.74  156.88
 132.89  102.60
 133.52   98.65
 136.49   95.75
 136.91  127.32
 137.84  103.40
 138.72   88.64
 139.72  160.83
 140.55   92.60
 141.98  164.19
 143.60   83.95
 144.82  150.58
 145.02  139.11
 145.95  134.96
 146.46   86.87
 147.12  100.20
 147.30   50.73
 147.53  106.28
 148.16   45.94
 151.08  170.33
 151.26  146.51
 151.29  108.74
 152.20  141.74
 152.33  144.69
 152.74   41.96
 152.95  192.13
 153.21  126.69
 153.72   89.62
 153.99  114.37
 154.77  134.56
 154.99  141.93
 155.10   67.26
 156.30   69.07
 156.86   36.87
 157.73  114.85
 158.18   44.21
 162.55  116.38
 163.26  158.04
 163.40  147.61
 164.76  196.87
 165.20  137.11
 166.73  166.90
 167.11  156.08
 167.26  170.13
 167.38  102.83
 167.79   71.44
 168.14   98.84
 168.21  107.26
 168.55   73.51
 169.18  127.78
 169.99  167.03
 170.24   21.28
 170.59  215.60
 173.57  149.01
 173.58  101.04
 173.60  141.50
 174.49  104.92
 175.62  162.86
 175.65   59.62
 175.73  124.50
 176.37  149.12
 177.72  106.87
 177.96   18.14
 178.24  140.50
 178.52  195.21
 179.09  218.44
 179.96  142.97
 180.73  124.24
 181.14  145.85
 181.17  169.16
 181.38  133.99
 182.83  141.81
 183.22  155.31
 184.68  132.91
 184.69  132.86
 184.79  109.17
 185.56  102.97
 185.63   97.65
 185.69  118.53
 186.47  103.64
 186.81  137.24
 187.07  100.09
 187.49  169.94
 188.84   31.85
 189.21  119.82
 190.67  161.31
 190.81  148.20
 191.25   42.14
 195.00  155.89
 195.96   95.62
 196.82  145.58
 197.87   98.78
 198.01  137.39
 199.90  100.10
 200.00  132.70
 200.09  115.58
 200.35  162.57
 201.29  116.44
 201.61  141.15
 202.20  122.87
 202.37  155.88
 202.41  150.81
 202.67  117.61
 204.18  225.20
 205.36  133.68
 205.57  114.47
 205.72  163.48
 206.38  107.43
 207.56  170.52
 207.91  129.48
 209.76  126.45
