  19.56  123.64
  20.50  117.47
  21.89  120.08
  22.54  142.51
  22.70  106.58
  22.76  126.04
  27.55  154.00
  27.79  123.91
  29.04  131.66
  31.31  137.08
  34.99   41.67
  37.00  111.90
  37.39  102.47
  38.99   62.04
  39.26  125.85
  40.01  135.45
  42.22  148.93
  42.22  144.43
  42.78  127.82
  43.34  176.09
  44.04  168.82
  44.21  258.95
  45.92   40.19
  46.10  112.30
  46.16  106.07
  47.48  173.52
  47.52  119.16
  47.93  173.53
  48.32   36.37
  49.62  137.62
  51.34  160.15
  51.50  150.35
  51.80   38.33
  52.35  153.01
  52.79  103.43
  54.36  156.90
  54.76  156.61
  55.18  110.85
  57.48  178.17
  58.15  134.44
  58.33  134.13
  58.45  175.47
  58.52   33.57
  58.90  138.03
  59.82  159.19
  61.14  150.14
  61.53  164.39
  61.67  141.75
  64.83  156.91
  65.99   75.21
  66.06   70.30
  66.29  162.22
  66.54  165.39
  67.09  160.14
  67.14  158.21
  67.30   80.20
  67.57   84.53
  68.55  100.66
  68.87  142.62
  68.88  151.07
  69.01  115.20
  70.78   81.48
  72.12  147.30
  72.45   85.99
  72.71  152.97
  73.49  127.90
  74.80  271.00
  75.12  140.29
  75.22  151.33
  75.35  101.07
  77.31   80.37
  78.98   73.47
  80.43  119.18
  81.57  141.84
  82.14   86.78
  83.23  144.14
  83.61   69.99
  83.84  100.88
  84.93  131.05
  85.14   77.15
  85.14  121.71
  85.26   97.40
  87.25  152.19
  87.50   73.14
  89.76  131.05
  90.33  121.72
  90.66  114.37
  91.62   75.48
  92.15  100.20
  92.43   30.28
  92.54   25.59
  93.50  130.25
  93.98  148.31
  94.56  134.90
  95.97  103.20
  96.04  133.90
  99.49   99.54
 102.43  114.37
 102.66  127.41
 108.02   92.58
 108.32   73.11
 109.62   97.98
 111.42  114.05
 112.35  103.95
 115.24   42.77
 117.00   99.86
 117.96  126.52
 122.85   40.91
 123.81  141.45
 124.09   95.50
 124.54  138.13
 124.79  112.80
 127.35  113.99
 127.39  141.50
 127.77  135.50
 128.50  107.84
 130.28  139.07
 130.62  135.41
 131.79   53.18
 133.07   83.92
 145.41  124.54
 146.37  140.39
 149.17  129.80
 149.66  116.83
 150.00  124.10
 151.26  144.43
 151.80  121.19
 154.03  124.15
 156.46  138.98
 157.63  101.67
 159.27  140.61
 160.24  154.14
 160.32  132.95
 160.63  231.13
 161.10  126.73
 161.46  119.49
 163.13  149.92
 163.50   91.38
 165.70   44.15
 168.98   61.86
 169.58   66.29
 170.73   63.26
 171.58   53.32
 171.90   52.01
 172.57  225.96
 174.80   60.32
 175.34   69.23
 176.15  189.09
 178.08  237.91
 178.15  233.55
 179.08  280.66
 179.55  192.48
 180.19  184.60
 180.31   64.66
 180.34   71.20
 181.78   74.51
 182.20  241.47
 182.86  188.94
 183.95   67.03
 184.94   61.65
 185.07  227.30
 185.68  123.66
 185.80  123.82
 186.73   67.97
 187.44  107.09
 188.66  277.68
 188.89  256.85
 189.66  120.55
 189.67  273.92
 189.80  249.65
 190.72    7.87
 191.77   15.09
 192.02  103.85
 192.55   10.21
 193.10   26.53
 193.50   17.46
 193.79  135.31
 194.86  244.89
 195.06   64.49
 195.07  255.29
 195.27  264.40
 195.28  271.88
 195.29  264.63
 195.42   22.87
 195.61  250.04
 196.63  130.62
 197.14  129.03
 197.83   21.03
 198.36   67.22
 198.91  124.46
 200.50   15.57
 201.09  129.40
 201.46  240.37
 201.57   68.97
 202.11   19.32
 203.12   52.56
 204.02   30.20
 204.92  211.09
 205.11   70.52
 205.68  216.62
 206.15   16.63
 206.39  140.82
 207.33  136.06
 207.96   29.41
 208.84  188.32
 209.99   62.99
 211.19   32.25
