   7.61  199.68
   9.20  193.91
   9.57  190.41
  13.56  255.19
  14.62  204.01
  14.75  203.99
  16.16  195.64
  17.48  213.55
  17.60  207.98
  18.24  269.88
  18.44  190.90
  20.23  199.45
  20.79  265.73
  21.40  207.45
  25.35  195.88
  25.59  268.46
  26.85  209.95
  27.60  197.71
  27.64  173.77
  29.54  196.63
  31.95  252.84
  33.93  215.41
  35.25  244.14
  37.06  213.14
  37.43  208.69
  37.80  196.49
  38.40  172.75
  40.27  188.79
  41.79  202.91
  42.53  209.51
  42.66  206.76
  44.14  214.45
  44.48  250.66
  46.06  186.40
  47.78  207.64
  48.20  178.16
  51.58  210.79
  51.97  187.44
  53.44  262.54
  53.71  213.01
  58.04  205.75
  58.29  185.66
  59.43  256.87
  60.46  262.86
  60.50  192.78
  62.98  210.96
  65.47  228.42
  66.14  204.83
  69.31  196.22
  69.65  184.99
  70.40  182.35
  70.91  283.27
  72.29  209.97
  73.07  193.01
  75.64  187.79
  76.75  178.17
  78.56  280.88
  79.44  177.40
  79.92  182.25
  80.83  204.40
  81.68  208.91
  82.39  236.89
  83.20  169.23
  83.74  195.78
  84.60  185.48
  85.42  204.33
  86.35  192.16
  87.23  180.61
  87.34  163.94
  87.90  201.33
  89.31  167.92
  89.56  205.55
  91.65  164.87
  92.20  195.51
  92.23  184.88
  92.63  189.34
  92.71  180.66
  93.32  163.16
  93.85  200.88
  93.98  198.04
  94.53  223.44
  95.44  165.86
  97.30  170.15
  97.73  178.30
  98.39  206.04
 100.31  193.95
 101.30  189.31
 102.23  197.33
 102.34  201.49
 105.89  205.03
 106.38  140.50
 107.81  245.22
 108.21  242.26
 108.23  271.31
 109.10  199.77
 109.44  159.68
 109.86  180.92
 110.09  169.77
 111.06  249.23
 112.44  256.57
 112.95  156.52
 112.95  156.54
 113.70  204.07
 114.01  189.54
 114.88  155.71
 115.95  271.46
 117.24  196.91
 117.26  157.94
 117.94  217.71
 118.89  146.19
 119.80  178.69
 121.31  203.13
 121.31  147.83
 122.11  180.71
 123.64  156.17
 124.51  147.32
 125.28  144.57
 127.44  183.92
 128.43  188.48
 131.53  195.20
 132.42  191.96
 133.50  180.55
 133.87  186.86
 133.94  265.56
 135.62  238.45
 136.39  162.76
 137.61  195.09
 139.10  239.53
 139.64  148.44
 140.76  190.84
 141.36  249.13
 141.84  201.29
 143.77  262.50
 144.59  172.88
 145.16  195.45
 146.80  165.74
 147.40  261.17
 150.06  165.83
 151.00  259.89
 153.89  152.36
 155.46  164.47
 156.30  139.84
 156.54  135.27
 159.00  171.82
 159.34  180.92
 159.96  136.18
 160.66  157.94
 160.84  134.71
 161.09  142.19
 162.18  167.58
 162.78  139.12
 163.15  188.31
 163.62  149.14
 163.86  168.65
 164.65  105.93
 165.85  146.18
 168.20  141.03
 168.31  136.24
 168.96  151.77
 169.59  158.10
 169.80  185.37
 169.92  158.73
 171.22  134.41
 173.81  139.65
 174.51  167.19
 174.60  286.42
 175.35  138.36
 175.43  184.05
 175.51  146.77
 176.24  176.36
 177.93  155.13
 178.06  160.78
 178.18  250.64
 179.36  143.73
 179.38  240.85
 179.91  252.97
 180.11  135.29
 180.36  229.07
 181.90  187.45
 182.43  149.77
 183.08  140.15
 183.51  130.93
 185.23  143.52
 186.40  154.88
 187.05  236.19
 187.05  131.89
 187.06  105.51
 188.01  144.77
 188.03  149.87
 188.68  186.92
 190.00  184.48
 190.54  144.76
 191.24  139.93
 192.49  278.18
 194.49  239.49
 194.95  281.87
 194.99  186.79
 196.36  241.91
 197.08  150.21
 198.80  161.56
 200.51  168.90
 204.13  240.17
 204.47  175.51
 204.47  171.11
 205.25  178.12
 205.28  155.71
 205.45  152.04
 207.39  145.42
 207.55  145.23
 211.09  168.10
 211.94  236.66
 213.54  170.62
 213.80  186.23
