  20.02  174.48
  21.32  118.74
  23.73  165.78
  26.58  136.81
  44.57  214.08
  45.05  137.83
  45.97   94.44
  48.33   95.80
  48.44   96.32
  51.85  166.49
  52.78   93.48
  55.80  173.49
  58.97  163.17
  59.32  155.17
  60.35  162.76
  65.42    6.73
  69.40  175.25
  70.87  183.71
  80.63  160.85
  84.37  160.45
  85.68  156.38
  87.39  176.01
  87.40  176.68
  88.86  230.92
  91.67  159.77
  91.73  159.66
  91.74  156.49
  91.86  149.52
  92.22  142.07
  92.37  171.83
  92.65  172.08
  95.10  153.75
  95.15  169.61
  96.21  123.86
  96.22  178.40
  97.16  171.48
  97.99  194.05
  98.52  121.61
 104.12  127.76
 109.09  182.30
 110.25  197.66
 111.83  163.52
 118.70  163.55
 122.72  117.11
 124.42  186.45
 124.93  157.58
 125.31  202.44
 126.99  180.46
 127.54  165.99
 130.91   94.48
 131.63   95.93
 133.35  173.15
 133.52  180.56
 134.12  170.54
 134.29  164.27
 136.35  170.74
 137.85  184.40
 142.06  118.66
 143.22   17.06
 146.57   20.96
 146.71  174.03
 147.97  108.82
 151.14   10.39
 152.09  174.22
 152.33  114.10
 154.05   99.92
 158.62  117.66
 159.45  160.59
 161.27  108.58
 163.97  106.11
 166.19  108.79
 166.62  244.31
 170.45  241.88
 170.66  214.91
 170.92  115.52
 171.27  109.51
 178.62  114.12
 178.71  161.88
 180.01   45.09
 180.38   83.71
 180.55   23.90
 182.80   81.00
 182.99  147.89
 185.97   61.24
 186.38  176.46
 186.58  112.82
 186.72  147.95
 187.52   21.01
 189.28  162.44
 192.34  145.48
 193.74  159.90
 197.00  161.65
 201.54  110.40
 202.95   13.95
