  19.55  142.70
  20.41  255.95
  21.11   59.47
  21.12  219.54
  23.60  221.53
  29.86  273.27
  33.25  177.03
  34.30  280.65
  37.39  187.01
  37.46  144.79
  39.69  172.69
  40.32  140.82
  42.19  163.36
  42.80   56.22
  45.10  188.34
  45.76  155.97
  45.91  140.43
  46.45   60.78
  47.40  165.01
  48.62  136.77
  48.70   63.65
  49.00  159.79
  58.70  155.92
  59.85  140.10
  64.50  164.28
  65.54  140.36
  66.61  171.75
  66.87  156.09
  71.18  166.37
  74.09  140.36
  77.58  211.10
  78.72  135.11
  82.09  156.52
  82.56  214.74
  84.01  141.84
  85.45  176.63
  85.56  149.92
  86.06  172.54
  86.87  218.00
  88.16   98.38
  89.61  144.57
  90.45  224.17
  90.84  167.19
  91.64  160.76
  91.87  171.42
  93.68  126.57
  93.95  134.00
  94.43  144.56
  94.50  179.86
  94.73  172.07
  98.03  156.52
  98.32  105.82
  98.34  169.75
 100.91  159.10
 102.53  229.26
 102.73  164.42
 104.95  147.55
 108.27  153.62
 109.44  158.50
 111.99  168.65
 115.41  173.65
 116.74  162.25
 119.94  154.69
 123.02  162.11
 123.31  140.38
 124.45  208.79
 125.59  170.77
 125.78  165.63
 128.43  183.91
 129.81  129.82
 130.02  123.42
 130.23  157.89
 131.07  167.48
 131.42  159.49
 132.93  183.91
 133.04  187.27
 133.12  130.11
 134.01  217.93
 135.05  178.05
 136.73  149.43
 138.13  166.47
 139.72  143.08
 139.77  125.24
 141.13  131.99
 141.45  228.44
 141.57  213.42
 144.12  139.69
 144.45  135.94
 146.03  128.43
 146.20  159.48
 146.59  217.27
 147.07  145.01
 147.89  137.01
 149.91  169.33
 149.91  124.05
 150.36  209.86
 150.41  145.75
 151.62  121.08
 151.65  136.27
 151.66  150.55
 152.31  217.79
 152.37  131.14
 152.52  156.94
 153.15  213.95
 153.51  144.75
 155.10  157.07
 155.14  139.36
 155.87  163.93
 155.93  132.56
 157.06  127.43
 157.88  145.43
 158.01  170.51
 161.00  137.53
 161.13  139.91
 161.13  152.40
 161.19  174.74
 161.62  162.56
 162.36  143.18
 162.95  146.56
 164.37  170.73
 165.55  154.96
 166.64  158.42
 168.03  156.29
 171.97  172.54
 172.75  123.65
 175.32  174.28
 177.50  166.49
 177.78  119.27
 178.87  160.58
 180.27  121.53
 181.45  162.93
 183.12  157.95
 187.05  168.05
 189.99  160.84
 192.47  164.57
 193.38  158.91
 196.68  157.61
 203.92  162.25
 204.69  163.15
 209.46  153.81
