  12.30  212.60
  16.58  158.30
  18.09  143.54
  18.80  236.30
  19.82  160.98
  20.23  170.23
  22.99  195.27
  25.92  150.54
  28.26  184.94
  30.61  158.09
  33.76  161.98
  36.96  217.11
  37.39  163.49
  44.21  280.33
  45.66  180.31
  46.02  152.10
  48.13  216.25
  51.44  177.99
  61.85  190.99
  62.69  142.90
  66.54  146.20
  67.13  172.79
  67.72  196.84
  71.45  158.20
  71.49  268.34
  71.84  167.41
  71.88  273.89
  71.91  147.37
  72.91  258.39
  73.83  217.72
  74.45  267.32
  74.89  195.07
  75.44  256.85
  75.63  269.21
  76.07  256.53
  76.26  134.94
  76.44  154.39
  77.54  198.02
  77.62  140.61
  77.93  168.35
  78.63  214.49
  80.54  143.08
  81.04  146.82
  81.20  157.57
  81.37  271.50
  81.38  146.42
  82.78  183.05
  83.13  275.44
  85.97  227.91
  86.01  274.11
  87.30  214.50
  88.25  160.45
  88.44  176.35
  89.00  154.27
  89.22  191.93
  89.40  261.76
  89.57  252.84
  90.05  262.36
  91.11  133.81
  91.36  138.71
  92.02  159.83
  95.14  142.21
  95.63  178.77
  95.99  157.31
  96.29  189.03
  97.55  192.31
  97.66  215.62
  97.84  173.59
  98.11  150.45
  98.26  254.85
  98.56  168.05
  99.27  138.82
 101.15  205.63
 101.20  195.21
 101.26  214.10
 101.28  189.56
 103.18  248.70
 103.48  181.77
 104.31  142.72
 104.71  240.63
 104.71  159.00
 105.36  193.81
 105.69  185.06
 106.05  216.76
 106.30  182.08
 107.61  188.74
 108.09  157.18
 108.55  146.26
 108.85  193.03
 109.13  138.89
 109.94  217.58
 110.11  228.25
 111.12  241.57
 111.14  234.72
 113.10  250.51
 113.30  142.38
 113.68  184.17
 114.35  212.16
 115.03  116.27
 116.88  236.23
 117.32  188.33
 118.75  175.59
 118.81  165.90
 119.05  159.30
 119.11  242.21
 119.38  172.43
 124.35  194.13
 124.82  204.47
 125.96  106.62
 126.86  180.59
 127.68  182.10
 127.73  220.07
 129.10  100.84
 131.72  217.62
 132.18  271.66
 132.19  272.24
 132.41  196.98
 138.32  193.26
 140.68  208.51
 140.92  191.73
 143.83  178.03
 146.19  171.76
 149.08  189.22
 151.78  180.33
 151.91   28.65
 153.27   30.93
 154.52  185.77
 157.22  242.74
 159.44  248.00
 159.79  102.37
 160.61  183.54
 161.50  242.06
 162.53  248.41
 163.35  188.61
 164.12  203.64
 164.66  242.84
 166.03  198.55
 169.21  243.44
 169.60  177.31
 172.00  241.82
 172.36  225.78
 172.65  181.83
 174.57  185.21
 174.96  191.63
 175.72  224.37
 176.22  188.26
 176.25  224.06
 178.74  254.12
 181.92   98.48
 183.18  153.38
 185.68   30.00
 186.33  110.94
 188.34  168.68
 188.85  225.09
 188.88  168.83
 189.46  164.04
 189.54  174.13
 189.71  218.92
 198.31  238.70
 201.63   22.68
 202.63  202.88
 202.80  123.45
 203.11  136.86
 203.22  185.73
 203.43  147.96
 203.92  193.57
 204.78  175.98
 205.43  243.53
 209.86  135.78
