   9.40   68.02
   9.83   51.22
  10.29  216.73
  11.01  212.09
  13.67  213.67
  19.62  165.90
  19.74  159.81
  20.76  100.46
  21.14   73.97
  22.12  104.07
  22.40  191.17
  23.01  203.66
  23.41  129.98
  24.37  168.61
  24.43  197.64
  24.61  181.22
  26.27  174.93
  28.43  165.76
  29.11  183.75
  30.16  161.14
  32.98  139.32
  34.31  123.14
  34.70  162.67
  34.76  156.62
  34.89  114.02
  35.00  169.28
  35.47  182.28
  35.90  185.44
  36.03  117.94
  36.06  108.70
  36.55   75.19
  36.78   71.94
  36.99   83.60
  37.50   97.99
  37.77  171.21
  37.99   88.19
  38.78   92.89
  39.25  185.40
  39.34  148.00
  39.54   71.62
  39.71   79.92
  39.97  125.66
  40.02   96.65
  41.20  164.58
  41.34  178.69
  41.74  103.72
  42.23   90.64
  42.32   75.57
  43.23   97.86
  44.33  162.00
  44.51  242.03
  44.62  174.30
  44.99   76.57
  45.20   85.99
  45.49  241.21
  45.86  176.61
  48.82  160.04
  50.36   68.24
  50.42   71.63
  50.45  193.24
  50.94  151.54
  53.33  160.88
  54.45  146.08
  55.20  184.88
  55.24  203.14
  56.05   87.82
  57.13  239.49
  58.48  150.93
  60.13  162.24
  60.85  234.90
  61.90   94.18
  62.30  202.62
  62.85  156.97
  64.06  159.89
  64.07  101.86
  64.47   90.89
  64.84  226.96
  65.31   98.48
  67.09  162.60
  67.90  158.85
  68.13   87.09
  68.56   96.51
  68.78   79.99
  69.74  165.68
  69.97  148.85
  71.78  153.07
  72.42  158.02
  72.45   98.05
  72.67  161.66
  72.80  148.75
  74.29  168.43
  75.73  165.82
  75.91  160.05
  78.35  156.42
  78.68  143.88
  79.90  108.90
  80.83   98.91
  80.93  101.93
  81.85  148.94
  82.59  142.28
  84.98  155.51
  85.26  147.62
  86.47  136.00
  86.51  226.25
  87.61  146.02
  87.90  166.14
  88.68  206.35
  90.64  147.65
  91.43  202.06
  92.84  145.51
  92.99  138.06
  93.71  208.56
  93.86  206.35
  94.13  111.80
  94.17  142.05
 101.06  148.78
 102.16  121.53
 104.59  151.94
 106.36  107.90
 107.10  138.41
 107.18  119.33
 108.40  133.38
 108.73  148.91
 109.09  111.16
 111.21  151.48
 111.25  153.02
 111.85  145.31
 113.89  114.53
 113.95  208.10
 115.04  147.89
 115.15  236.77
 115.56  141.70
 116.85  151.94
 117.24  122.03
 118.44  112.84
 121.38  134.44
 122.12  173.54
 124.73  174.90
 125.73  146.37
 125.79  147.81
 127.21  132.05
 128.28  171.38
 128.44  102.71
 128.64  171.37
 129.09  161.41
 130.17   31.20
 131.94  107.60
 132.44  173.81
 132.45  176.85
 132.60  166.10
 132.70  147.89
 132.79  141.72
 134.66  157.34
 135.90  104.81
 136.13  177.83
 136.15  160.01
 136.74  145.37
 137.00  145.44
 137.06  177.95
 140.43  171.60
 141.30  145.05
 144.78   99.60
 145.52  156.15
 145.62  189.39
 146.34  145.82
 146.36  100.87
 148.11  161.01
 148.53  191.45
 148.78  171.93
 148.95   93.59
 149.20  148.73
 149.42  149.80
 149.44  171.04
 149.76  150.84
 149.87   95.43
 153.97  101.48
 155.21  177.95
 155.30  146.41
 155.51  219.46
 156.54  161.69
 157.02  155.08
 157.06  169.27
 157.08  170.48
 158.74  195.74
 158.79  286.95
 158.91  145.38
 159.63  202.74
 160.51   98.74
 161.99  101.52
 162.20  145.18
 162.80  201.62
 162.93  196.01
 163.68  150.52
 164.54  100.04
 164.78  104.48
 165.46  203.68
 166.07  145.46
 166.64  119.40
 166.81  155.50
 166.89  191.96
 168.99  168.97
 172.39  211.46
 172.41  147.03
 172.78  147.07
 172.96   94.87
 174.54  214.87
 174.81  102.01
 174.89  120.35
 175.54  182.14
 175.61  247.37
 175.73  138.09
 177.34  145.74
 178.83  186.86
 179.61  192.25
 180.04  182.21
 180.36  160.23
 180.36  213.80
 180.90  135.51
 180.91  170.50
 180.96  203.45
 181.23  156.16
 181.27  166.53
 182.09  148.84
 182.38  194.90
 184.55   93.02
 184.83  186.94
 186.32  182.03
 186.52   84.12
 186.97   88.06
 187.03  157.68
 187.72  212.66
 188.25  133.60
 188.62   81.12
 189.01  182.45
 189.61   81.38
 189.63  167.06
 189.84   89.98
 191.55  194.36
 192.34  181.80
 192.75  164.76
 192.83  152.16
 193.39   82.97
 193.58  159.17
 194.14  188.41
 194.73  167.98
 194.87  131.30
 195.03  184.53
 195.25  194.27
 195.42   93.55
 196.86  191.18
 196.98  147.46
 197.22  186.55
 197.53  177.89
 198.03   96.39
 199.35  211.67
 200.17  183.83
 200.92  137.62
 202.56  162.29
 203.13  176.30
 205.02   96.64
 205.03  131.84
 205.19  178.60
 206.01   24.77
 206.77  155.88
 206.85  135.71
 210.07  178.42
 210.35  144.45
 211.23  110.26
 211.86  189.20
 213.16  230.09
