  19.91   34.94
  21.86   11.71
  23.70  181.90
  27.84  181.53
  27.98  131.25
  30.45  132.63
  33.44   48.29
  33.68  161.47
  34.76  126.79
  35.03   91.48
  36.83   80.52
  38.58  120.34
  39.91  118.89
  44.12  127.41
  45.75  161.48
  51.71  159.11
  54.90  153.38
  56.59  160.40
  58.12  152.91
  61.09   54.18
  61.23   57.38
  61.98  122.91
  62.93  106.66
  63.02  111.65
  64.32   82.52
  64.78  103.10
  67.40   83.28
  68.69  135.81
  74.02  133.49
  74.88  126.29
  75.65  205.97
  77.28  129.97
  83.74  207.00
  85.50  125.84
  86.02   88.52
  91.72   93.39
  92.36  134.53
  93.72  206.24
  93.73  206.35
  94.01  206.75
  95.10  129.37
  96.93   88.06
 102.66  134.34
 103.01   90.34
 105.16  124.01
 114.34   27.19
 117.74  134.90
 118.48   81.95
 118.96   82.12
 120.09  132.91
 121.13   22.47
 122.99   24.97
 123.14  135.28
 125.13  206.92
 126.08   81.63
 126.89   81.28
 134.94   93.17
 135.61  204.71
 135.69  133.43
 141.39   79.43
 141.73  131.58
 144.29  117.88
 146.38  135.26
 147.61  109.47
 148.74  128.65
 149.76   24.39
 150.47  133.47
 150.62  133.41
 150.84  118.27
 151.80  122.73
 152.41   74.75
 152.98  112.60
 153.86  101.92
 156.14  119.56
 156.37  135.00
 157.72  117.34
 162.25  119.90
 165.96  128.79
 167.27  124.79
 168.41  134.45
 169.26   82.23
 172.22  205.03
 176.36   82.21
 179.27   78.52
 180.23  142.86
 183.21  142.79
 183.69  208.01
 185.65  139.82
 185.80  205.09
 186.70  144.24
 191.60  177.64
 191.60  159.33
 193.09  165.83
 193.50  172.91
 193.59  182.55
 193.91  188.27
 195.22  177.64
 196.83  133.28
 197.42  172.63
 198.28  186.02
 199.83  180.47
 201.28  150.82
 201.95  204.79
 202.61  188.64
 203.48   73.28
 205.86  123.86
 206.39  125.41
 206.91  116.90
 208.25  140.85
 208.95   85.51
 211.77   92.32
 212.77  112.33
 213.12  136.82
 213.35  106.82
 216.84  113.93
 217.45  131.86
 217.93   99.02
 218.14   87.61
 218.49  139.01
 221.73  131.57
 221.78  138.81
 221.89  135.29
 221.96  135.38
 222.04  106.32
 225.62  132.61
 226.29  129.31
 226.62  119.95
 226.95  111.40
 228.25  135.44
 228.73  139.15
 229.42  107.85
 229.75  115.64
 229.95   93.42
 231.82  129.32
 235.39  125.89
 236.47  129.05
 236.68  119.22
 238.98  209.55
 241.06   36.27
 241.51  137.71
 241.83   23.15
 241.90   36.92
 242.06   29.29
 243.09  114.40
 243.15  120.15
 243.78  132.50
 245.03   33.82
 245.04  123.37
 247.90   22.96
 248.28   32.38
 253.79  112.89
 254.46  100.39
 254.70  108.04
 258.43  106.65
 259.02   51.07
 259.31   43.65
 259.38   41.51
 262.69   53.81
 265.46  106.52
 266.78  115.01
 269.06  112.05
 269.55   44.59
 271.30   47.60
 271.34   51.20
 272.59  115.03
 273.13   52.00
 274.72   44.08
 276.49   81.22
 276.51   85.45
 279.59   54.96
 282.93  115.56
 283.65   44.35
 284.26   88.62
