  11.05  168.64
  15.73  130.43
  15.84  140.46
  16.14  148.28
  16.44   60.81
  16.58  153.00
  16.99  134.10
  17.85   84.21
  18.53  128.61
  18.94  152.30
  22.04  147.28
  22.19   64.11
  22.24  112.38
  23.39  112.82
  24.49  112.93
  26.63   64.32
  26.73   68.31
  27.29  163.16
  30.46   73.78
  31.03   69.05
  31.51  161.60
  35.76   91.25
  38.50  151.04
  38.74  150.99
  43.15  157.66
  46.00  151.87
  49.70  160.34
  49.90  101.76
  50.67  158.82
  56.68   98.48
  56.75   93.69
  58.63  181.36
  58.87  181.16
  61.17  210.60
  63.74  178.03
  67.47  100.37
  68.85  175.90
  68.87  169.59
  69.22  152.98
  78.74  110.28
  83.43   98.67
  84.80   16.16
  92.14   95.57
  93.32  105.10
 106.07  138.05
 107.08   98.33
 111.10  117.83
 112.41   19.06
 114.54   95.04
 115.38  137.73
 119.36   99.92
 119.48   19.06
 120.63   97.13
 120.82   23.53
 122.95  136.87
 123.69   67.40
 124.96   99.21
 126.58   22.44
 128.17   28.65
 128.48  121.61
 130.07  134.34
 130.85  122.58
 130.90  117.71
 132.85  140.35
 133.56  123.67
 140.31  118.95
 149.13   58.14
 152.11  130.25
 152.72  109.91
 152.74  136.01
 155.07   77.50
 158.14  139.78
 158.98  138.88
 165.34  127.89
 166.01  119.68
 169.59  142.35
 169.68  110.75
 172.96  100.46
 173.95  128.31
 187.44  124.40
 188.37   84.51
 190.95   52.12
 191.99  113.87
 192.93  112.77
 193.06  125.77
 193.24  129.21
 195.49  123.48
 195.86  133.34
 196.67   60.96
 196.69   60.25
 197.07   48.33
 197.23  105.99
 199.02  137.31
 200.42   54.53
 201.05  157.93
 201.15  142.23
 202.09   80.92
 202.29   53.02
 202.90   85.50
 203.27  138.51
 206.33  115.83
 207.16   83.45
 211.36  145.61
 211.96  162.56
 213.68  147.59
 214.35  131.87
 215.86  105.03
 215.96  150.60
 217.88  163.09
 218.40  122.36
 221.77  110.48
 221.97  132.18
 223.09   84.30
 228.02   65.60
 228.37   88.20
 228.48   55.12
 229.59  132.65
 229.84  108.78
 230.27  108.02
 231.66   71.07
 232.93  159.67
 234.40   60.73
 237.12   67.12
 238.68   69.97
 240.14   83.25
 241.09   61.13
 244.93   53.68
 247.40  154.54
 247.74   60.50
 248.59   77.42
 248.72   75.15
 250.35   70.03
 251.43   80.70
 251.58  136.43
 256.54   85.43
 256.95   58.22
 257.52   96.41
 259.46  117.22
 260.82   88.95
 260.99   77.41
 261.50   52.57
 262.33   83.66
 267.24  160.74
 267.46  112.48
 269.95  207.41
 271.43  141.23
 272.77  185.27
 273.25  156.05
 274.08  145.86
 276.30   97.45
 276.50   93.62
 277.59  141.86
 277.88   88.33
 278.22   84.72
 278.51   68.96
 280.62   87.46
 282.99  132.39
 284.14  106.28
 285.02   65.05
 285.21   93.79
 286.11  169.39
