  15.60   74.89
  19.42  141.80
  22.01  136.99
  25.50  114.07
  30.72  126.07
  31.96  142.53
  34.04  112.34
  40.29  130.05
  42.49   58.74
  42.90   77.12
  43.31  156.48
  43.37  132.18
  43.42  149.01
  43.43  148.90
  43.92   23.08
  44.57  136.04
  45.84  129.08
  47.85  138.71
  48.05  146.36
  48.93  163.12
  50.90  138.56
  52.61  144.93
  54.45   81.74
  56.46   61.83
  56.85  125.75
  56.89  137.53
  58.59  152.67
  59.78  130.29
  60.12   69.97
  62.91  145.85
  64.63   70.92
  64.96   63.56
  65.47   60.09
  65.67  121.96
  66.09  126.64
  66.15  188.84
  66.63  133.52
  66.85  140.76
  67.05   88.71
  68.54  137.39
  69.35  190.56
  69.39  169.40
  69.40  123.72
  70.10   68.69
  70.77  109.07
  71.38  159.53
  71.94  152.72
  72.23   64.26
  72.88   78.42
  72.90  152.25
  73.24  143.32
  73.25  101.25
  73.37  129.98
  76.03  163.54
  76.76  188.87
  77.41  164.06
  78.21   63.60
  78.75  119.55
  79.11  126.96
  79.45  140.10
  79.78  148.46
  80.39  112.06
  80.81  174.24
  81.18  144.75
  81.48  180.49
  82.14  113.24
  82.50  130.13
  83.33   81.02
  83.65  101.92
  84.11  187.88
  84.11  123.24
  84.20  127.40
  84.60  167.57
  84.84  133.50
  85.01  167.33
  85.32  177.34
  86.01  151.17
  86.70  173.42
  86.75  160.42
  87.63  144.15
  88.06  129.76
  89.66  139.35
  90.17  102.50
  90.18   97.80
  91.34  155.73
  91.38  131.08
  94.63  181.01
  94.98   92.22
  94.98  140.00
  95.82   97.06
  95.87  113.45
  96.76   89.19
  97.35  185.32
  97.49  136.10
 101.64  155.91
 103.26  139.19
 103.64   78.79
 105.25  103.09
 105.81  174.41
 106.46  158.02
 107.16  183.29
 108.01  160.46
 108.10   93.17
 109.01  124.70
 109.01   89.44
 110.31  175.31
 110.32  171.27
 110.76   80.32
 112.68  174.05
 113.34  165.04
 113.45   69.11
 114.77  179.81
 115.53  184.93
 116.77   66.64
 116.87   87.72
 117.31   88.81
 118.34  111.69
 120.10  145.07
 120.11  100.22
 120.39  127.64
 120.89  115.90
 121.65   89.44
 122.05  152.54
 122.06  113.00
 122.06   93.08
 122.17  129.26
 123.92   96.82
 123.99  165.58
 124.11   89.82
 124.40  148.46
 124.54   70.42
 124.89  154.98
 127.67  119.53
 127.69  113.85
 127.83   94.30
 128.01  116.57
 128.08  122.16
 128.19  103.56
 128.36  128.31
 129.28   91.89
 129.76  139.46
 130.73  116.99
 131.10  165.38
 131.59   67.44
 132.46   83.24
 134.84   67.90
 136.87  121.16
 137.82  138.09
 138.12   84.85
 138.49  100.77
 138.62   73.12
 138.67  152.28
 139.16  161.40
 139.95   75.05
 139.97  167.17
 142.34   68.27
 143.69  113.39
 145.08  176.11
 148.34  128.73
 148.97  110.80
 150.72   73.13
 151.94  136.32
 152.28  146.00
 154.89  116.20
 155.43  119.46
 156.11   64.66
 157.22   83.59
 158.56  120.75
 158.83  117.28
 159.63  135.10
 160.37  163.57
 161.27  157.58
 161.45  122.53
 163.24   73.54
 164.24  112.78
 164.44   76.76
 165.65  174.44
 166.61  171.45
 167.61  166.90
 167.87   67.83
 168.04   70.79
 168.45  110.11
 169.01   84.13
 170.00   96.97
 170.63  145.77
 171.03  169.92
 171.83  104.17
 171.85   88.77
 173.43  127.14
 174.94  118.05
 175.42   86.06
 175.94  154.20
 176.19   64.04
 176.82  122.93
 177.36   76.72
 177.82  134.33
 178.14  186.22
 178.80   76.84
 179.20   70.26
 179.62  121.16
 179.62  169.17
 179.64  114.34
 179.64  102.29
 179.64  108.75
 179.85  160.28
 180.16   73.48
 180.26   62.90
 180.37   62.86
 180.97   80.71
 181.16  157.18
 181.30  148.69
 181.54  131.59
 182.04   84.13
 182.18   67.25
 182.31  100.77
 184.18   61.35
 184.72  167.60
 184.86   78.28
 185.47  113.68
 188.13   67.88
 188.48   60.13
 189.21  167.19
 189.80  109.09
 190.54  137.88
 190.77   92.46
 190.92  122.16
 191.31   59.31
 191.57   81.08
 193.41  156.31
 193.85   86.56
 195.23  106.80
 200.80   78.83
 201.35  128.85
 201.58   75.14
 202.09   80.80
 203.09  181.32
 203.51   89.08
 203.83   55.92
 205.45  162.63
 205.49   75.93
 205.55   81.70
 206.65   83.64
 208.82   54.40
 209.17  102.43
 211.38   77.92
 217.91  128.03
 217.93   76.83
 218.14  138.07
 218.66  154.99
 218.97  147.27
 219.66   51.77
 219.95   59.73
 221.74  176.58
 224.16   86.65
 224.92   55.03
 225.41   83.43
 226.25  155.21
 226.77  123.89
 226.86   62.27
 228.29   51.20
 228.44   51.12
 228.63   69.10
 228.80   75.26
 228.80  108.62
 228.96   83.53
 229.06  111.48
 229.46   62.88
 229.47  142.12
 229.57  138.70
 229.66  104.72
 229.70  158.05
 230.56   33.93
 230.71   36.67
 233.80  155.57
 236.22  158.97
 239.31   53.49
 244.65   31.64
 252.66   39.25
 255.87  159.82
 260.20   25.94
 263.14   18.54
 263.75   23.54
 265.22  158.77
 274.74    9.83
 275.86    9.83
