   8.01  141.98
  10.64   37.67
  17.65  135.88
  18.38  126.41
  21.84  174.38
  22.48  127.78
  22.49  124.50
  22.63  135.36
  23.69  123.76
  26.15  131.90
  26.19  129.11
  26.88  190.29
  28.67  136.29
  29.97   40.97
  30.45   73.79
  30.62  105.60
  30.80  138.78
  32.32  133.23
  33.22  167.97
  33.88   44.55
  34.60  103.97
  37.10  135.96
  38.61  135.87
  39.02   50.43
  39.47  177.06
  42.16  192.06
  43.64  144.11
  44.24  108.28
  44.34  170.35
  44.35  164.90
  46.08   46.83
  46.40   39.60
  49.17   36.81
  50.62   40.19
  51.00  127.99
  52.15  190.05
  52.45   59.23
  52.49  198.99
  54.05  123.45
  55.94   39.97
  56.08   79.60
  58.79   68.57
  60.52   26.99
  66.96  143.44
  67.45   64.69
  68.08  160.83
  69.59  179.07
  69.73  154.11
  70.75  145.69
  70.93  162.08
  70.98   73.01
  71.27   44.02
  72.05   80.79
  72.08  168.81
  72.51  182.45
  72.79  140.96
  72.81  175.58
  72.87  141.25
  73.41  191.64
  73.64   32.48
  73.68  211.65
  73.71  203.10
  75.41   61.62
  75.43   66.59
  75.53  184.99
  76.54  138.87
  76.87   37.89
  77.20  147.06
  78.73   62.19
  79.00   68.28
  79.98  192.64
  80.07  196.25
  82.41   82.93
  82.67  142.85
  82.70   35.45
  83.47  139.92
  83.49   49.08
  83.89   49.16
  87.93  125.59
  88.00  176.39
  88.76  143.78
  89.36  128.61
  89.88  166.03
  90.80  150.45
  90.87  173.42
  93.10  193.57
  93.46  141.35
  93.56  190.82
  94.52  194.52
  94.97  177.43
  95.16  159.25
  95.59   25.54
  95.80  184.92
  96.20  151.24
  96.28  188.47
  97.82  174.13
  97.97  145.40
  98.13  178.72
  99.13  185.58
  99.60  195.15
  99.65  189.08
  99.69  113.32
  99.99  192.44
 100.05   40.46
 100.95  146.32
 101.73   44.25
 101.73   41.88
 101.76  152.11
 102.30   28.36
 103.54  182.44
 104.64  185.70
 105.74  196.40
 107.39  104.05
 107.60   24.68
 107.61  155.73
 108.84  194.88
 109.01   42.61
 109.08   21.38
 109.14   30.04
 110.79   68.72
 111.27  185.56
 111.45   90.03
 111.47  209.79
 111.51   47.15
 112.25  186.39
 114.02  129.76
 114.77   49.96
 123.07   33.29
 123.14   78.47
 124.90   68.73
 125.76   69.13
 126.87   61.62
 127.52   73.49
 129.37   69.98
 129.40   55.66
 129.69   66.74
 131.00  115.99
 131.37   71.14
 131.72   89.67
 131.87   89.57
 133.21   97.93
 133.29  113.32
 133.35   55.24
 133.53   73.22
 133.73  132.88
 135.23  125.63
 135.95  200.96
 136.48  119.52
 136.63  123.78
 136.85   78.20
 137.51  126.80
 138.10   84.52
 138.45   83.95
 140.11   62.14
 142.39   53.77
 142.81  155.98
 142.91  184.10
 143.13  122.45
 144.00  185.60
 144.29   18.36
 144.89   70.35
 144.92  192.01
 145.16  196.04
 145.61  158.91
 145.68   37.69
 147.35   54.78
 147.35  117.78
 148.90  150.07
 149.17   74.56
 149.27   15.75
 150.23  150.26
 150.75  137.98
 152.62   47.81
 154.90  138.49
 155.12   79.84
 159.28   13.79
 160.67   72.41
 160.80  116.32
 161.86   75.23
 164.97   13.64
 168.09  119.85
 168.68  113.18
 172.35  116.23
 179.06  200.91
 179.11  192.05
 179.39  135.38
 180.53   89.65
 186.30  116.83
 186.98  180.00
 189.28   40.04
 193.03   46.70
 193.33   39.80
 193.51  113.82
 194.51  106.40
 194.67   99.38
 195.07  132.41
 195.50  179.33
 196.34   92.01
 197.41  158.05
 198.83  206.68
 199.11   89.99
 199.12  104.42
 199.55   98.89
 200.29   95.22
 201.09  157.61
 201.12  147.06
 201.18   77.67
 201.31  120.66
 202.17   14.16
 202.49  107.87
 203.04  111.24
 203.29  114.81
 203.65  198.46
 204.25  181.62
 204.44  101.60
 205.22  196.27
 205.24  196.22
 205.39   50.97
 206.71  190.04
 207.59   59.19
 207.81  183.69
 208.72  193.37
 209.04  194.26
 209.45  154.48
 210.04   53.80
 210.46  187.04
 210.51   39.02
 211.38  183.55
 211.44  159.43
 212.51  115.77
 212.72  172.96
 213.22  195.88
 213.25  148.56
 213.54  190.37
 214.08  165.45
 214.25  186.80
 214.27   55.06
 214.49   50.40
 214.92  183.18
 215.18   38.84
 215.18  179.95
 215.38  196.90
 215.95  176.53
 216.41  134.83
 216.59  193.52
 216.71  173.12
 216.81  169.43
 216.96  156.25
 217.15  190.08
 217.52  165.72
 217.81  116.08
 217.92  161.88
 218.01  186.65
 218.36   54.14
 218.45   52.99
 218.46   95.62
 218.53  183.37
 219.56  176.80
 220.07  149.59
 220.13  112.31
 220.20  173.00
 220.29  192.93
 220.74  195.00
 220.91   81.73
 221.00  189.85
 221.35  165.51
 221.36  160.26
 221.71  186.52
 221.94  128.48
 222.13  153.90
 222.92  116.66
 223.28  176.54
 224.39  147.05
 224.49  169.12
 224.51  189.59
 224.77  196.08
 225.03   47.38
 225.37  143.17
 225.91   11.38
 226.12  152.53
 226.32  122.25
 226.35  133.84
 226.54  179.83
 226.92  150.40
 226.96  112.02
 227.28  194.78
 227.55   52.93
 227.67  172.40
 227.72  192.28
 228.09   80.72
 228.11   68.87
 228.22   80.44
 228.24  165.20
 229.03   90.92
 229.37   80.84
 229.44  159.06
 230.30  208.46
 230.36   46.52
 231.01   31.99
 231.27  100.83
 231.37  168.38
 231.57  146.12
 232.15   74.94
 232.95   60.98
 234.11  191.78
 234.62  107.27
 234.65  210.01
 234.77  100.36
 235.47  164.48
 235.52  159.46
 235.54   93.52
 235.82  126.14
 236.32  207.87
 237.50   64.96
 238.49  167.91
 239.26  160.38
 239.68  181.25
 240.29  151.03
 240.67  192.52
 240.75  132.26
 241.34   39.83
 242.09  184.06
 242.53  163.50
 242.78  159.03
 244.37  145.45
 245.08  166.76
 245.28   87.89
 245.36   53.51
 245.39  109.48
 245.70  187.24
 246.46  179.94
 247.10  150.06
 247.76  173.24
 247.78  196.79
 247.84  173.03
 247.96  156.99
 248.26  165.94
 248.50   53.90
 249.45  157.32
 249.89  142.02
 250.25  127.74
 250.33  145.93
 251.42  189.60
 252.33  148.59
 253.25  142.79
 253.28   53.41
 253.47   70.52
 253.47   38.53
 253.61   93.26
 255.18   18.95
 255.61  122.26
 256.70  179.83
 256.92   61.70
 257.86   20.79
 258.64  127.93
 258.70   17.63
 259.62  200.53
 260.85   34.50
 260.99   39.78
 261.27  203.40
 262.33   69.86
 262.44  199.42
 262.97  120.85
 263.23  152.86
 263.68  143.67
 263.71   40.68
 264.90  175.56
 265.32  113.29
 265.71  185.79
 266.06  188.92
 266.78  183.15
 268.02   20.84
 268.13  176.86
 268.20  189.79
 268.33  186.24
 268.42   19.18
 269.52   50.18
 269.57  167.75
 270.37  204.58
 270.55  164.19
 271.40  123.77
 271.61  159.23
 271.68  188.81
 272.13  186.13
 272.74  154.91
 273.38  179.98
 273.85  132.40
 274.97  145.30
 276.10  183.07
 276.98  112.25
 277.27  163.07
 277.29  176.78
 278.37  173.49
 278.45  188.31
 279.06  169.95
 279.76  130.35
 279.88  166.63
 279.90  137.08
 280.21  180.15
 280.32  163.42
 281.25  145.36
 281.29  160.02
 281.83  154.51
 282.48  182.72
 282.65  122.21
 282.67  169.99
 284.20  176.72
 284.22  142.79
 284.46  202.97
 284.80  185.40
 285.09  160.00
 286.23  148.20
 286.47  179.75
 286.85   18.00
 287.27  133.95
 287.34  146.57
 287.97  116.25
 288.03  153.71
 288.24  126.89
 288.36  182.50
 288.65  108.42
 290.12  175.98
 290.81  187.39
 290.90  135.75
 290.95  194.40
 291.94   45.69
 292.31  142.18
 292.88   20.97
 293.12   17.64
 293.13  162.70
 293.47  159.22
 293.76  153.55
 293.78  172.08
 293.88  181.62
 295.21  165.76
 295.85  183.98
 296.57  159.32
 296.95  204.47
 297.97  183.58
 298.52   55.65
 298.75  146.95
 298.85  139.56
 298.85   73.88
 298.96  171.36
 299.25  209.94
 300.55  112.46
 300.77  180.74
 300.96   63.69
 300.98  107.07
 301.84  174.06
 302.30  102.46
 302.89  141.31
 302.89  167.18
 303.01   84.93
 303.85  120.55
 304.33  161.24
 304.42   98.70
 304.52  106.13
 305.36   75.44
 305.37  113.68
 305.46   71.37
 305.61  154.05
 306.13   96.22
 306.25  118.10
 306.83   90.73
 307.50   81.07
 308.24  108.28
 308.93   85.04
 309.74  139.70
 310.59  146.83
 311.31  105.98
 311.84  102.36
 314.34   90.83
 314.34  115.45
 314.34   79.46
 315.26   73.76
 315.83  149.10
 316.34   61.82
 316.97   81.49
 317.23   85.21
 317.52   77.11
 317.62   71.45
 317.83  102.60
 318.95   68.98
