  23.86  137.79
  26.60  132.94
  26.91  123.72
  27.13  144.57
  27.58   99.74
  27.75  152.12
  28.86  112.71
  29.50   22.05
  29.86  103.28
  31.45  126.14
  31.53  126.22
  32.98  100.14
  33.69  132.42
  34.36   25.08
  35.70  109.28
  36.41   23.02
  37.60  103.01
  37.61  102.89
  38.78  135.45
  38.78  120.62
  40.89  105.21
  40.97   26.12
  42.33   52.27
  43.49   98.02
  45.77  138.96
  47.06   97.14
  48.25  111.42
  49.22   57.66
  49.27  136.78
  49.36  105.17
  59.88  150.31
  60.59  101.72
  62.38  128.43
  62.42   26.70
  62.53   77.85
  63.72   28.93
  64.97   84.37
  65.35   65.11
  65.37  147.29
  65.55   27.03
  65.56   59.49
  65.67   54.88
  66.53   75.95
  67.87  144.47
  68.69  127.25
  69.31   47.20
  69.61   88.41
  69.72   77.60
  70.51   29.96
  70.95   65.54
  71.09  126.48
  71.89  149.72
  72.43   47.36
  72.54   59.97
  72.80   65.64
  72.89   52.60
  74.63   35.92
  75.29   73.62
  76.04  151.01
  76.46   41.90
  77.11  127.82
  77.20  130.12
  78.39  100.35
  79.27   80.26
  79.60   75.62
  79.85   72.81
  80.00   52.72
  80.95  150.51
  82.97  146.28
  83.38   48.54
  83.87   75.31
  84.21  127.27
  85.62  137.79
  86.09   80.03
  86.09  129.16
  87.15   32.17
  87.16   97.22
  87.85   97.17
  88.69   59.12
  88.98   53.31
  89.62   75.95
  89.78  131.33
  91.23  136.46
  92.06   87.62
  93.54  106.56
  94.66  137.76
  94.95    6.88
  96.89   93.25
  97.42   33.48
  98.74   49.91
  99.29  130.25
  99.40  135.27
  99.57  143.43
 100.19  163.12
 100.40  100.28
 100.59  138.76
 102.00   55.97
 102.21  112.38
 104.45  161.35
 106.76  161.72
 110.67  132.15
 115.03  144.36
 117.73  131.97
 117.82  128.12
 117.85  168.01
 119.25  141.99
 119.32  115.30
 122.18   76.51
 122.42  118.84
 122.47   87.63
 122.49   82.69
 122.55  115.07
 123.01  174.88
 123.24  124.87
 123.38  147.60
 124.00   72.43
 124.12   84.43
 124.45  167.18
 126.19  148.21
 126.20  142.49
 126.34   87.71
 127.00  152.68
 127.00  129.14
 127.08  140.37
 128.45  124.13
 130.49  131.33
 131.24   81.71
 131.93  141.31
 131.99  149.11
 134.05  121.11
 135.32   88.94
 136.22  122.57
 137.25  170.86
 138.45  165.74
 139.11   83.94
 140.15  128.22
 144.05  146.32
 145.16   88.51
 145.89   85.76
 147.31  132.74
 147.31  150.11
 148.02   62.91
 148.12  176.71
 148.51  143.77
 148.99   96.93
 151.07  170.06
 153.06  146.08
 153.20   88.88
 153.28  137.28
 154.30  174.28
 154.33  177.16
 154.79  170.48
 155.19   86.61
 155.39  105.34
 155.46   75.05
 158.05  116.06
 158.43   84.03
 158.50  171.61
 158.57  124.16
 159.09  173.02
 160.24  170.44
 162.35  179.93
 163.25  135.26
 163.52   42.45
 164.56   55.92
 164.92   45.48
 166.77   60.11
 168.76   45.70
 169.97  100.61
 170.09  128.48
 171.15   58.21
 171.47  111.53
 172.34   28.45
 172.35  119.85
 172.94   89.02
 174.07   64.02
 174.62  126.60
 175.25   82.11
 176.16  117.39
 177.00   86.54
 177.24  131.05
 179.61  108.08
 180.33  127.87
 180.58  108.64
 180.64   65.31
 180.77   83.09
 181.17   91.22
 182.94   57.94
 183.95   56.05
 184.71   47.77
 185.05  172.18
 186.02  178.65
 187.13  101.01
 188.36  138.90
 190.05   93.08
 191.55   64.44
 193.41  144.49
 195.64  140.10
 196.12  174.47
 199.16  135.71
 200.11  128.48
 200.34   64.38
 201.59  172.70
 202.36  104.70
 202.38  106.66
 202.87   56.01
 204.13  175.92
 204.76  170.27
 204.77   67.12
 204.85   93.52
 207.93   97.81
 211.60  168.43
 212.28   96.85
 213.85   57.20
 217.27   64.81
 218.94  146.80
 219.02  126.99
 221.20   96.94
 221.41  105.50
 223.82  103.60
 223.84   70.13
 224.58  126.00
 225.35   93.28
 226.47   68.77
 227.07   34.97
 228.25   55.05
 228.76   78.54
 229.16  156.44
 229.36  142.96
 230.35  117.22
 233.03   72.50
 233.34   60.61
 234.20   65.79
 234.75   42.77
 234.87   85.83
 234.96  100.62
 235.27  100.48
 235.61   47.62
 238.95   99.14
 239.78  102.27
 240.15   88.12
 241.81   94.88
 242.67   92.47
 246.61   99.84
 247.61  106.34
 247.83  100.80
 248.48   89.60
 249.08   87.36
 249.38  103.32
 251.62  136.92
 252.41  193.72
 252.48  208.21
 252.49  188.51
 253.19  200.58
 254.03   93.64
 254.19  100.45
 254.28  164.90
 256.38   97.48
 257.24  102.47
 257.75  102.13
 260.49  211.00
 261.87   19.19
