  11.02   72.45
  14.74   65.41
  15.84   60.07
  16.44  172.13
  16.75  218.73
  16.75  166.90
  19.03  115.88
  19.67  219.25
  20.18  166.08
  20.25   59.47
  21.55  171.48
  22.20  215.49
  22.29  146.33
  22.32  217.86
  23.17   61.68
  23.31   61.22
  24.69  156.39
  25.81  153.27
  26.24  163.96
  27.47   65.99
  27.53   66.22
  28.87  155.97
  29.04  144.94
  29.79  159.30
  31.58  164.65
  31.98   64.97
  32.30  184.55
  32.95  138.19
  33.83  213.62
  34.03  120.92
  34.09   65.01
  35.50  179.75
  35.87  178.84
  37.42   68.47
  37.50  144.69
  38.54  151.86
  39.01   63.26
  39.85  146.13
  40.09  141.22
  40.50   94.43
  41.30   82.29
  43.31  108.33
  44.19   66.20
  44.64  142.09
  45.73  118.70
  50.28  164.95
  51.56   64.96
  52.73  155.98
  53.07  149.67
  53.73  142.66
  53.92  168.96
  56.96  177.83
  58.74  155.99
  59.38  149.05
  60.71  173.34
  61.12  179.27
  61.33  189.78
  61.38  185.48
  61.66  140.58
  61.98  216.90
  64.51  171.02
  64.85  206.82
  64.86  183.34
  65.48  148.91
  65.60   64.95
  65.60  221.56
  65.96   66.37
  67.24  221.67
  67.84  226.16
  67.91  105.86
  68.08  156.33
  69.13   57.64
  70.37   70.54
  74.38   66.18
  75.42  175.10
  75.54   51.00
  75.65  146.79
  77.65   68.90
  79.27  145.87
  80.06  189.63
  80.63  143.78
  81.64  156.11
  82.71  153.73
  84.62  169.42
  85.95   55.79
  87.74  114.74
  87.96  155.26
  88.06   61.39
  88.66   74.23
  90.76  157.40
  91.30  238.47
  93.09  212.88
  93.26  156.33
  93.67  104.26
  93.79  162.74
  94.20  179.54
  95.11   80.70
  95.87  160.55
  96.01   43.38
  96.50   44.15
  97.37  147.12
  98.99  242.64
  99.25  242.65
  99.34  115.10
  99.50   60.54
 100.13   87.98
 100.14  100.71
 100.37  160.09
 101.68  151.33
 103.08   86.54
 103.12  156.11
 104.74  108.72
 104.92   99.62
 105.32   88.20
 105.47  159.54
 105.53  118.67
 107.00  122.21
 107.10   73.93
 108.20  193.86
 108.47   54.77
 108.57   63.03
 110.86   69.27
 110.98   74.84
 111.76   45.24
 112.67  102.57
 112.77  167.54
 113.47   73.25
 114.33   78.45
 115.27   54.46
 115.96   61.39
 115.97  221.78
 116.01  106.95
 116.67  107.49
 116.83  184.70
 116.98  184.73
 117.40   52.12
 118.95   38.95
 119.22  163.92
 119.23   38.72
 121.65   50.50
 121.82  180.85
 122.39  172.30
 122.40  168.39
 122.60   44.16
 122.70  168.10
 122.86   96.41
 123.49  181.84
 124.09   37.02
 124.13  143.76
 124.80   59.55
 124.98   71.05
 125.12   49.37
 125.40  255.73
 126.53   77.57
 126.71   35.69
 127.23  255.64
 128.86  212.02
 130.29   73.71
 130.34  231.98
 131.14   56.27
 131.24   67.96
 131.31   90.36
 132.00  111.90
 132.87  132.41
 132.96   92.48
 133.14  201.96
 133.32  178.99
 134.79   88.37
 135.87  206.55
 135.97  125.15
 136.28  149.56
 136.79  170.02
 136.83  122.93
 136.84  254.53
 137.08   36.98
 137.22  202.70
 137.50  131.68
 137.54  141.59
 137.61  210.85
 137.64  211.11
 138.03  146.93
 138.10   44.03
 139.31  103.82
 139.93   87.52
 140.22  262.50
 141.54   44.25
 142.81   80.67
 143.27  187.59
 143.65   42.13
 143.96   52.50
 144.86  100.12
 145.41  186.81
 145.44   47.81
 146.42  134.10
 147.53  138.09
 148.21  168.16
 148.59  122.34
 149.76  163.43
 149.99  111.34
 150.06  115.55
 150.60   86.85
 150.78  134.55
 150.94   79.29
 151.23   52.34
 151.35  139.03
 151.45  192.60
 151.53   71.11
 151.64  141.17
 154.55   78.64
 154.71   38.16
 156.74  127.46
 157.14  135.85
 157.16  167.79
 157.31  130.98
 157.32  148.40
 158.08  111.97
 159.32  150.94
 159.66  124.89
 161.30   37.30
 162.21  128.89
 162.99  166.41
 163.03  166.47
 164.03  128.50
 164.62   39.23
 164.71  153.91
 165.18  194.04
 165.24  107.33
 165.34  164.05
 166.17   35.31
 166.70   35.16
 168.15   42.40
 168.31   50.06
 169.38  159.53
 170.43  268.35
 170.47  269.06
 173.02  159.46
 173.07  185.96
 174.48  275.43
 174.91  161.81
 175.05  207.54
 175.15  165.26
 175.30  156.17
 175.50  188.14
 176.25  183.52
 177.70   52.95
 178.44  158.94
 178.45  209.52
 178.57   95.61
 180.54  170.93
 182.98  111.45
 183.37  158.94
 184.05   24.49
 185.36   14.49
 187.05  153.27
 187.16  148.92
 187.79  176.14
 188.22   18.34
 188.23  167.20
 188.33   18.38
 188.33   24.37
 189.14   12.00
 189.31  133.53
 190.46  157.97
 191.98   11.62
 192.93   42.18
 194.51   38.93
 195.25  158.27
 196.29  119.98
 198.01   49.49
 203.23   16.95
 204.09   32.10
 204.64   46.70
 206.84   28.57
 206.98   39.69
 207.07   35.35
 208.68   31.91
