  14.74  171.30
  19.85  166.09
  20.92  301.51
  20.95   39.80
  24.24  164.81
  26.41  305.33
  27.78  150.52
  28.94   34.29
  29.79  156.59
  30.72  131.86
  31.17  306.69
  31.66   32.62
  35.82  310.54
  46.58  183.41
  46.58  298.63
  46.74  322.96
  47.63  293.63
  48.35  306.00
  50.91  190.78
  55.47  127.26
  57.28  316.75
  57.81   98.46
  58.07  136.34
  58.25  144.35
  60.12   95.98
  60.18   89.89
  60.43  147.30
  60.71  322.21
  60.82  197.28
  63.01   58.43
  64.36  110.86
  64.99  305.73
  65.06   65.16
  65.21   96.60
  65.26  143.43
  67.81  141.11
  67.88  291.25
  68.24   59.22
  69.34  155.90
  70.55  143.62
  70.57   97.28
  71.02   96.21
  71.72  309.19
  71.93  302.19
  73.09  141.37
  73.25   59.54
  73.71  100.10
  74.41  323.09
  74.97  307.43
  75.76  143.94
  75.84   97.77
  76.74   48.79
  78.72  100.70
  80.92   98.37
  81.00  144.12
  81.24   58.66
  81.43  301.94
  81.62  310.13
  82.22  168.55
  83.42  141.95
  83.87  101.28
  84.65  302.87
  86.03   98.91
  88.52  142.27
  88.79   57.28
  88.94  101.86
  90.96   99.49
  91.15  144.71
  93.30  169.01
  93.58  142.55
  93.66  102.38
  93.72   57.39
  94.16  136.29
  94.43  164.30
  95.82  100.11
  95.94  144.93
  96.03  131.14
  96.21  321.32
  98.52  142.75
  98.57  102.98
  98.67   57.92
  99.02  305.71
 100.70  100.65
 100.90  145.01
 103.27  103.53
 103.31  157.22
 103.35  142.85
 104.27  157.39
 104.45  116.37
 104.63  319.44
 105.47  142.11
 105.47  115.70
 105.54  101.36
 108.10  142.94
 109.80  149.62
 110.04  135.65
 110.75  294.15
 110.85  167.95
 111.57  138.89
 111.62  285.51
 111.67  305.52
 111.88  303.70
 112.41  138.37
 112.67  104.54
 115.51  276.61
 118.55  311.54
 119.88  277.30
 120.93   50.79
 122.46  172.72
 123.15   14.69
 123.53  274.92
 124.19  282.14
 124.51  320.15
 124.75  293.39
 124.90  310.24
 126.31  157.62
 128.18  160.40
 128.99  173.79
 129.58  153.63
 130.24  280.05
 130.66  289.72
 133.65  313.70
 133.83  130.39
 133.88  151.69
 134.01  146.89
 134.08  140.79
 134.15  169.35
 134.28  308.50
 135.22  149.01
 135.35   17.87
 135.84   98.55
 136.17  144.17
 137.94  104.92
 138.68  116.78
 140.39  144.41
 140.59  158.80
 141.98  105.47
 144.12  122.95
 144.27   66.20
 144.56  148.34
 144.82   20.54
 145.73  105.23
 146.11  105.95
 146.92  302.84
 147.83  140.00
 148.03  140.22
 148.49   67.31
 150.30  304.88
 151.86  104.02
 154.14  106.83
 154.23  135.14
 154.53  303.18
 154.63  284.15
 154.68  269.12
 156.29  320.19
 156.81  200.79
 157.28  306.55
 158.07  107.33
 158.60  297.52
 161.03  302.90
 163.53  291.20
 164.04  281.84
 165.64  194.70
 166.46  276.55
 166.48   65.97
 167.75   26.85
 168.03  294.10
 169.25  281.50
 169.35  108.71
 171.56   81.59
 173.18  295.14
 173.33  315.44
 173.87  114.91
 174.84  113.39
 174.86  149.94
 175.64   82.73
 175.66   87.44
 175.76   92.22
 175.80   96.75
 175.85  279.72
 175.95  101.93
 176.04  112.08
 176.09  116.60
 176.48  290.90
 178.16  188.78
 179.20  320.65
 179.33  184.98
 179.46  307.10
 179.70  281.57
 182.92   63.83
 183.10  318.94
 183.86  313.54
 183.87  182.29
 187.08  156.14
 188.05   64.54
 188.47   70.29
 189.36  164.37
 191.50  311.09
 192.92   65.70
 193.47   33.97
 194.37  159.62
 194.92   78.21
 195.47  318.77
 195.64  286.41
 197.36  272.99
 197.58  141.19
 197.99  273.64
 198.50  148.33
 199.26   74.19
 199.53  266.64
 200.08  167.30
 200.66   77.85
 201.01  280.58
 201.11  311.60
 202.53  170.97
 202.73  261.08
 202.82  324.17
 203.04  276.71
 203.17  304.13
