  12.91    9.05
  13.01   86.12
  21.35   77.69
  22.79   21.46
  24.92   85.85
  26.84   11.88
  27.71   15.42
  27.93   15.09
  29.10  164.94
  31.88   89.38
  32.83   80.47
  34.50   77.68
  34.66  163.58
  36.19   84.12
  36.32   19.17
  39.53   79.52
  41.01  154.88
  45.92   85.56
  46.00   23.17
  47.14   66.56
  49.77   25.21
  49.97   30.16
  53.27   25.25
  54.69   67.27
  54.73   62.56
  55.28   86.46
  57.01   36.18
  58.70  110.29
  59.27  154.81
  59.88   63.48
  59.93  115.56
  60.68  149.50
  67.53  130.93
  68.17  112.36
  68.23  158.70
  69.51   40.01
  72.37   65.66
  73.59   58.00
  75.51   62.54
  76.18   36.27
  76.23   66.64
  76.26   36.33
  76.46  115.04
  77.67  145.58
  79.15  111.90
  79.28  148.55
  83.81   26.70
  84.55   65.34
  84.60   67.97
  85.34   78.42
  85.75   71.13
  91.95   81.22
  93.75   39.44
  95.53   43.47
  96.44  208.06
  97.46   45.80
 102.59  107.60
 103.07   33.98
 105.52  133.16
 109.09   25.83
 109.10  117.71
 109.62   92.31
 110.57   62.13
 110.80  140.97
 115.38   38.86
 115.43  120.09
 115.68  121.51
 115.82  139.58
 115.82   46.92
 119.54  132.43
 121.46  121.84
 122.92  132.99
 126.27   38.97
 127.33   52.04
 134.24   93.98
 137.03   30.40
 137.43   47.30
 138.64   32.66
 139.23   95.10
 140.00   28.72
 140.24   83.30
 140.83   72.87
 141.53   30.76
 141.89  107.52
 142.87  107.39
 143.67  157.39
 144.25  141.76
 144.47   46.69
 144.54   34.76
 149.60  142.89
 150.30  100.19
 151.08  142.14
 155.71  129.37
 157.35  132.60
 157.95   68.25
 158.69   84.77
 159.18   87.86
 159.60   55.52
 160.21  134.29
 164.43  133.61
 164.70   73.51
 164.85  145.03
 165.54   81.54
 165.72   51.68
 166.40   69.97
 169.83   80.05
 169.91   25.35
 170.65   42.69
 170.97  176.15
 172.21   57.24
 173.62  146.17
 173.65   21.92
 174.78   80.40
 174.96  133.28
 176.31  138.23
 177.09  170.97
 178.38   40.03
 178.85   65.21
 181.39  185.12
 183.34  153.85
 183.64  140.53
 185.54   75.82
 187.74   72.38
 188.00   78.17
 189.51  129.15
 189.55  105.79
 192.18  145.14
 192.81  172.13
 196.13   42.88
 197.00  147.18
 200.08   53.23
 201.22  133.82
 201.35   79.36
 203.20   34.67
 204.65   74.10
 205.98   40.91
 209.31   43.61
 211.95   49.69
 211.96   45.06
 213.76   52.49
 217.24   80.94
 217.94   33.11
 218.22  134.26
 219.99   85.96
 220.35   85.96
 221.03  135.92
 221.07   97.02
 221.23   43.66
 221.56   92.30
 221.61   37.77
 221.80  108.54
 223.96  104.94
 227.64  101.62
 227.94  115.05
 230.50  142.08
 233.47  106.24
 234.23   28.49
 234.29   40.95
 235.90  100.60
 236.54   24.00
 238.21   36.74
 238.56   19.68
 243.24   93.61
 244.45   41.46
 244.90   33.24
 245.27   95.79
 245.98  149.46
 246.06  186.47
 246.06  166.09
 253.66   29.86
 255.15  107.54
 260.19   47.36
 260.27   30.59
 260.36   31.05
 260.95   98.22
 261.04   97.65
 263.52  103.71
 265.82   41.59
 268.64   40.14
 273.81  197.99
 273.88  167.55
 274.06  123.81
 274.43  174.47
 274.83   94.04
 274.87   89.49
 274.89  138.22
 274.90  127.74
 275.25  142.08
 277.87  126.26
 277.94  108.17
 278.20  191.50
 278.27   52.17
 278.50   45.15
 278.95  199.93
 279.12  141.32
 280.05   88.92
 280.37   96.29
 280.48  110.60
 280.57  137.80
 281.39  136.91
 281.96  103.93
 283.59   99.25
 284.72  147.10
 284.80   81.88
 284.97   61.05
 288.62  110.51
 288.91  102.10
 296.20  141.89
 296.50  137.83
 297.39  123.80
 297.54   90.06
 299.30   83.70
 300.27  151.14
 302.42   89.96
 302.97   50.43
 306.04  121.81
 306.57   90.04
 313.67   42.11
 319.37  129.70
 319.45  124.88
 319.66  133.84
 322.71   94.78
