  10.13  100.96
  21.73  182.24
  27.93  104.41
  28.99  159.83
  34.43  105.65
  35.44  159.06
  35.46  106.45
  37.03  142.22
  42.94   99.40
  43.39  139.56
  45.20  103.92
  46.29  100.54
  59.37  116.27
  61.46  138.96
  61.84  132.47
  64.34  134.19
  67.41  105.41
  72.70  134.94
  76.70  103.59
  90.04   95.52
  92.81  169.53
  98.77  103.03
  99.36   38.28
 103.00  152.23
 103.41   29.28
 105.57   34.14
 106.18  203.33
 107.30  135.02
 109.35   25.91
 109.52  104.91
 111.56   27.50
 113.53  103.27
 120.94  146.22
 121.07  134.69
 127.02  142.71
 130.36  129.48
 132.64  103.72
 140.33  104.85
 140.88  106.09
 142.05  103.67
 150.26   97.55
 150.27   88.67
 152.52   45.32
 157.50   36.47
 160.08   40.88
 162.49  148.37
 163.17   42.32
 163.23   60.59
 163.85   92.17
 164.83   41.66
 167.43   98.32
 167.76   98.68
 167.77   79.38
 170.57  148.87
 171.44  100.72
 172.43   22.66
 173.52   81.63
 178.62  148.52
 182.49   74.68
 184.86  153.91
 192.26   85.11
 192.69   88.30
 193.86  137.34
 194.63   92.26
 195.69  154.33
 197.85   73.87
 197.98   82.89
 199.49   77.24
 199.60   90.80
 203.87  153.77
 204.13  148.17
 205.07   82.55
 205.32  141.46
 207.47  154.80
 207.97   20.28
 211.19   24.86
 213.08  148.93
 213.31  138.59
 213.34  139.23
 213.97   86.17
 214.10   33.89
 214.10  199.62
 214.36  150.42
 218.87   17.99
 220.13  155.57
 224.45  158.19
 225.68   88.36
 225.88  161.25
 225.99  165.67
 225.99   97.16
 228.80   92.45
 231.07   15.44
 234.14   30.51
 234.23  206.19
 235.03   72.08
 237.73   14.05
 239.69  157.79
 239.70   19.08
 240.54  199.23
 243.86   20.64
 244.65   12.61
 246.22   14.87
 246.98   12.24
 250.12   14.13
 250.70   14.07
 251.74   11.16
 253.53   76.67
 254.45   44.51
 254.47   68.96
 254.68   44.37
 255.13  178.67
 259.93   71.16
 261.33   49.65
 264.05   58.66
 264.12   81.61
 265.49   70.44
 271.95   78.50
 272.06   70.08
 272.31   21.81
 272.64   28.37
 273.03   93.25
 274.84   42.69
 275.90  209.98
 277.22   65.04
 277.36   70.00
 277.47   76.44
 278.11   39.85
 278.29   32.21
 279.96   47.35
 281.26   22.31
 281.52   89.96
 288.71   59.38
 289.82   74.57
 291.76   69.60
 294.96  100.52
 299.57  108.76
