   7.25   64.65
  10.08  138.77
  11.97  196.93
  15.48   60.25
  17.32  131.84
  17.54  132.84
  20.47   61.08
  23.35  150.06
  26.64   60.49
  28.63  128.16
  34.56   73.99
  34.61  157.50
  37.47  132.84
  37.68  140.47
  38.26  130.02
  39.24   67.95
  39.54   60.38
  39.63   15.39
  42.03  137.34
  45.51  185.09
  47.83   96.88
  47.98   99.85
  48.87  137.58
  50.30  133.22
  52.59  159.34
  54.68  135.19
  55.27  184.23
  57.78  140.92
  58.15  143.97
  58.30  136.12
  59.01  176.79
  59.87  177.10
  62.44  132.89
  62.60  185.72
  66.37  133.90
  69.34  143.24
  70.44  140.08
  70.61  122.38
  70.65  147.79
  71.47  118.03
  72.12   45.97
  72.38  122.79
  73.50  182.44
  75.06  137.63
  76.35  120.79
  76.95  139.49
  77.03   30.73
  77.22  126.41
  77.50   39.86
  78.51  142.51
  79.34   83.93
  80.55   89.24
  81.54  118.43
  81.77  121.00
  83.29   40.93
  83.74   53.29
  84.00  157.47
  84.19  115.45
  85.32  136.54
  85.35  150.59
  86.11   51.23
  87.73   20.14
  88.75   50.86
  88.87  120.72
  88.92   25.97
  89.61  149.29
  90.41  138.64
  90.87  157.30
  90.94   51.01
  91.52  113.33
  92.56  120.45
  93.26  118.04
  93.37  125.45
  93.88  133.37
  95.44   92.95
  96.57  175.10
  97.36  170.18
  97.57  162.11
  99.48  163.73
  99.70  155.18
 102.52   49.52
 102.97  197.38
 104.00   75.82
 104.34   76.39
 104.92   83.78
 105.04  109.94
 105.05  101.19
 105.24  182.99
 105.43   96.90
 105.73  125.58
 105.83  194.59
 108.02  151.06
 108.11  163.56
 108.38   65.68
 108.66  177.53
 109.26   40.98
 109.30  159.01
 109.49   57.61
 109.78  177.61
 110.48  185.64
 111.37  191.32
 111.58  198.50
 112.37  133.07
 112.82  157.23
 113.93  160.34
 115.07  194.82
 115.08  163.82
 115.86  141.80
 116.46  151.48
 118.42  147.71
 120.92  154.63
 124.12  164.52
 125.77  159.38
 127.07  132.21
 127.31   71.52
 127.49   93.77
 127.74  140.38
 131.22  160.02
 134.36   72.88
 136.24  159.63
 138.43  153.01
 140.39  106.24
 141.36  155.55
 142.05   93.92
 145.93  138.51
 147.09  113.36
 148.33  145.46
 148.39   88.53
 153.95  128.11
 156.95  146.32
 157.60  113.49
 161.02   25.37
 161.68  113.37
 161.87  128.72
 163.21   19.57
 164.59   23.15
 165.29  113.70
 165.95  131.94
 166.18  147.05
 169.30  161.80
 169.49   27.75
 169.86   87.85
 170.24  111.05
 173.06   52.46
 173.28   80.05
 173.40   37.72
 173.54  140.86
 174.21  124.76
 175.58   20.08
 175.79   91.34
 176.93   68.19
 177.10   49.94
 177.15   77.44
 177.43   27.05
 178.20   56.96
 178.23   70.05
 178.27   75.97
 178.42   41.93
 178.65   37.95
 178.76  149.92
 178.79   23.22
 179.89   85.91
 180.13  128.99
 180.40  100.30
 180.77  106.47
 181.60   98.41
 182.51   65.98
 182.54   52.24
 182.62   58.62
 182.64   36.91
 182.75   72.74
 183.08  129.37
 183.22   19.89
 183.25   80.89
 184.79   28.05
 185.66  134.02
 186.13   37.95
 186.88   41.67
 186.89   76.31
 187.01   55.63
 187.05   62.18
 187.06   69.23
 187.11  144.85
 187.71   92.88
 188.36   49.91
 190.73   52.11
 190.77   66.04
 190.96   55.67
 191.90   27.95
 193.47   38.92
 193.48  182.37
 193.49   72.87
 193.64   38.66
 193.66  125.87
 195.81  148.60
 196.31  181.41
 196.38   52.04
 196.46  127.35
 196.53   65.80
 196.69   21.65
 196.86  102.50
 199.02   68.11
 199.06   54.52
 199.13   63.52
 199.89   48.48
 200.21   76.01
 200.27   61.86
 200.29   41.81
 200.29   70.04
 200.31   56.44
 200.37   76.13
 202.46   49.40
 203.89   20.29
 204.34   80.72
 204.57   36.60
 204.61   60.85
 204.63   51.94
 204.70   43.62
 204.70   65.82
 204.70   45.30
 204.94   59.70
 206.48   93.11
 206.92   77.53
 207.37   19.67
 207.40  120.69
 208.60   75.89
 208.88   41.17
 208.95   70.11
 209.04   47.69
 209.09   26.56
 209.24   55.51
 210.43   63.43
 210.57   67.96
 210.82   22.77
 212.76   51.81
 212.86   65.80
 214.56  172.05
 215.29   19.65
 215.89  102.66
 216.12   77.99
 216.24   38.93
 216.69   27.80
 219.26   65.59
 222.10   49.48
 222.13   54.35
 222.96   47.89
 223.22   55.44
 223.31   41.72
 223.32   61.72
 223.45   70.22
 223.83  121.44
 223.93   27.69
 225.27   63.52
 225.50   93.03
 226.83  110.45
 227.15   58.75
 227.38   36.42
 227.68   51.82
 227.78   65.60
 227.82   72.26
 228.72   21.31
 229.35  121.44
 232.00   41.21
 232.21   47.90
 232.37   61.75
 232.37   69.24
 232.91  114.42
 233.07   25.12
 233.41   54.16
 233.53   49.60
 235.13   26.36
 235.19  102.56
 235.40   51.79
 235.49   65.63
 235.68  183.51
 235.68   44.41
 236.09   20.24
 238.66   45.54
 238.69   77.27
 239.03   72.69
 239.32  126.41
 239.56   19.49
 239.93   81.63
 241.31   26.42
 241.55  171.49
 243.00   22.81
 244.71   93.08
 244.93  121.11
 245.47   41.30
 245.51   75.75
 245.55   61.56
 245.63   70.07
 246.49  174.65
 247.33   19.50
 248.81   27.68
 249.92   51.68
 249.95   36.32
 249.98   65.49
 253.34   76.41
 253.38   62.18
 253.40   48.30
 254.08   41.16
 254.20   55.09
 254.22  102.57
 254.28   68.99
 256.05   27.56
 257.95   50.98
 258.15   65.36
 259.19   28.96
 260.90   21.43
 263.00   81.99
 263.40   19.85
 263.92   93.06
 265.13   25.15
 266.22  121.87
 267.21  179.73
 268.22   19.90
 271.57   19.47
 273.42   26.39
 273.56  192.85
 275.07  105.59
 275.13   22.79
 277.53  207.68
 279.24   77.71
 279.38   19.54
 280.16   31.83
 281.08   27.72
 281.12  209.29
 281.36   79.92
 283.09  136.13
 284.07  125.36
 284.29  125.53
 286.12  210.21
 286.40   27.42
 287.83  212.48
 289.31  136.95
 290.95  126.77
 291.72   80.59
 292.41  102.27
 292.64  140.72
 292.70   20.56
 292.83  141.11
 292.86   11.96
 293.49   17.24
 296.29   19.11
 296.60   14.83
 298.13   11.93
 298.58   18.09
 299.88   12.53
 309.30  152.30
 309.41  126.69
 313.45   19.31
 315.47  150.54
 316.81  154.67
 318.05   86.15
 319.15   77.88
 319.60   30.66
 321.04  108.07
 321.23   15.86
 322.83  113.52
 322.91  123.09
 327.47  111.45
 328.40   44.94
 328.61  111.79
 331.80   35.71
 332.52  127.33
 332.72   63.31
 332.89   42.64
 335.85  123.90
 336.23   80.49
 338.13  135.78
 341.19  134.56
 341.32  122.91
 343.28   43.71
 346.01  126.60
 348.13  116.58
 353.25   58.92
 353.84   90.25
 368.63  116.63
 369.58  102.20
 372.98  100.26
 373.99   97.52
 384.20    7.37
 388.79  155.35
 390.22  153.49
 392.29  150.51
