   8.50   20.35
  14.95  180.80
  17.92  155.07
  19.86  181.54
  26.98  200.56
  27.16  184.27
  32.48  203.02
  35.76   43.85
  35.91  192.23
  39.12  131.06
  40.93  197.63
  41.12  129.85
  41.15  160.59
  42.07  128.02
  43.03  166.07
  43.41  193.22
  49.05  155.97
  49.23  191.14
  50.06  178.27
  51.61  160.17
  51.77  128.91
  52.05   77.79
  52.29  156.25
  53.06  169.81
  53.49  194.09
  55.75  161.15
  57.39  158.01
  57.75  168.43
  58.17  193.23
  58.25  186.40
  60.71  157.23
  60.76  174.11
  63.43  197.96
  65.03  164.75
  65.34  192.19
  66.98  168.14
  67.76  184.14
  68.87  171.20
  69.97  178.71
  71.58  189.21
  71.82  181.50
  71.93  118.83
  72.93  190.09
  73.25  124.07
  73.55  110.89
  74.75   47.05
  74.80  168.72
  75.78  194.27
  77.03  179.75
  78.39   45.74
  79.28   45.20
  79.60   81.45
  82.08   48.46
  83.18  110.09
  83.75  167.36
  84.22  181.52
  84.37  110.06
  84.64  195.29
  84.72  189.97
  86.92   46.62
  88.37   48.39
  88.49  174.44
  89.93  189.31
  90.54   49.02
  91.54  121.97
  91.60  113.97
  92.11   49.25
  93.32  167.45
  93.35  115.00
  93.83  195.37
  95.84   49.18
  96.54  140.48
  96.67  204.89
  97.33  107.11
  97.49  165.70
  98.06  191.03
  98.27  178.59
  98.33   46.97
  98.49  173.12
 101.20  202.96
 101.39  159.33
 101.42  190.05
 101.62  159.26
 101.78  124.21
 101.87  196.19
 104.25   64.63
 104.36   81.17
 104.46  166.38
 104.88  122.73
 104.89   49.58
 107.94  201.37
 108.98  180.00
 109.73  171.59
 109.84   51.78
 111.00   89.25
 111.23  150.63
 112.12  204.94
 112.73  142.46
 112.74  147.29
 113.47  129.11
 113.58   81.04
 114.14   50.24
 114.16  163.81
 114.17  163.11
 114.54   38.23
 116.31  103.43
 116.33   89.00
 116.36   83.72
 116.40   83.84
 116.72  131.58
 116.83  137.19
 117.78  122.17
 118.71   95.03
 119.78  175.09
 119.88   38.23
 121.43   45.22
 121.82  196.46
 121.97  181.37
 123.03  136.38
 123.13  184.72
 123.91  125.26
 124.62  115.60
 124.73   88.74
 124.78   46.07
 124.99  104.22
 125.24   67.83
 126.69   86.16
 126.79   52.18
 127.07  117.54
 127.18   82.38
 127.35  113.06
 127.53  132.93
 128.05  103.61
 128.17   42.38
 129.32  138.40
 131.53   41.15
 132.84  164.33
 133.38   47.23
 133.53  171.18
 133.77   95.63
 133.89   51.51
 133.93  157.35
 136.71  129.76
 136.97   42.68
 137.59  167.02
 138.21  100.50
 138.26  175.34
 138.33  175.08
 139.33  123.37
 140.48  118.33
 141.57   64.59
 141.99   73.92
 142.36  178.71
 142.60  178.84
 143.36   78.67
 144.40   34.03
 144.61   53.13
 144.65   60.66
 144.81  165.87
 145.15  174.15
 145.32  110.73
 146.13   64.94
 146.21   98.56
 146.30  100.74
 147.24   62.58
 147.27  161.18
 147.68   89.95
 148.08  169.19
 150.26  121.75
 150.70  172.85
 150.78   95.57
 151.30  171.64
 151.78  189.48
 151.80  157.49
 151.83  157.63
 152.08   33.70
 152.50   39.77
 152.73  170.91
 153.67  194.66
 154.03   95.93
 154.18  102.44
 155.38   95.64
 155.70   78.49
 155.83   31.47
 156.63   85.94
 157.00   63.56
 157.28  171.41
 158.14  179.18
 159.24   40.59
 159.51   20.50
 159.52  191.18
 159.75   82.58
 161.60   48.36
 161.83  157.20
 161.97  163.51
 164.02   96.03
 164.37  113.17
 164.58   80.10
 164.89   63.33
 165.22   26.55
 165.59  177.62
 165.90   70.54
 166.43  171.06
 167.40   67.32
 167.96   91.23
 168.07   44.20
 168.63  193.46
 169.00  108.17
 169.46  174.17
 170.71   86.03
 170.74  115.05
 170.81  181.54
 171.38  101.38
 171.54   96.73
 173.14  175.32
 173.22   88.10
 173.99   42.75
 174.75   80.47
 175.17   56.15
 176.18   89.97
 177.54   77.28
 177.69  158.23
 178.03   96.49
 178.15  142.88
 178.66  190.31
 178.93  172.93
 179.76   42.97
 179.76  196.21
 180.16   97.15
 180.73  157.28
 180.79  161.01
 180.85  143.27
 181.06   42.20
 181.25  179.89
 182.58   48.82
 182.72   86.62
 183.21   39.99
 183.22  156.97
 183.77  100.21
 184.72  149.68
 184.80   97.73
 185.50  193.14
 185.76   89.80
 186.37  198.88
 186.42  159.05
 187.77   96.67
 187.93  100.80
 188.83  150.49
 188.87  112.95
 188.89  146.99
 189.74  181.63
 189.75  139.05
 190.09   53.76
 190.30   85.79
 190.63   90.34
 190.70  173.88
 191.74  103.57
 192.87   87.45
 193.12   93.53
 193.21  177.28
 194.07   41.10
 194.15  210.04
 195.00  170.14
 195.39  121.19
 196.02   89.25
 196.10  125.24
 197.06   50.55
 197.38  181.65
 197.53  106.04
 198.44   63.71
 198.68   83.37
 198.83   93.09
 198.87   55.30
 198.88   70.26
 199.37   15.01
 200.77   95.93
 201.49   99.30
 201.71   45.68
 201.75  175.69
 202.22  167.51
 202.25   81.80
 202.32  139.58
 202.94  113.96
 203.96  106.92
 204.00  184.30
 204.56  143.86
 204.74  205.31
 205.61   76.64
 205.97   61.75
 208.40  105.62
 208.41  141.01
 209.02   94.99
 209.55   85.20
 210.44   95.25
 211.11  103.41
 211.73   44.22
 211.84  190.82
 212.90  191.01
 216.99  103.79
 219.58   50.28
 222.72   39.30
 231.23   40.72
 231.29  114.06
 232.78   80.51
 233.37   89.47
 236.31   72.89
 237.06   80.92
 239.70   97.60
 240.93  101.95
 242.78   86.74
 242.98  121.89
 245.45   71.94
 246.38   89.98
 246.73   89.99
 247.46   64.50
 247.58    8.59
 251.01   76.53
 252.41   98.63
 253.81  165.29
 254.17  131.08
 254.35  156.33
 258.67  125.95
 259.30   64.70
 263.53   64.95
