  16.74  155.88
  17.16  133.15
  21.41   43.95
  21.79   80.05
  22.03  168.86
  22.83  123.02
  24.65   56.84
  25.68   43.92
  26.02   41.21
  26.55  141.89
  28.59   46.73
  29.45  179.95
  33.71   56.39
  33.83   51.54
  34.63  183.84
  34.68   54.77
  35.49   58.93
  37.63  131.92
  38.74   97.98
  39.19  186.02
  40.57  179.31
  41.72  135.85
  42.62   95.35
  43.79  190.92
  43.92  136.17
  45.34  102.04
  46.29   83.46
  46.33   88.79
  48.34  190.37
  49.52  170.21
  53.06  191.86
  53.12  102.77
  53.21  194.87
  53.57  102.66
  54.07  190.65
  54.73  111.82
  56.93   98.41
  57.51   68.11
  58.33   53.80
  58.43   54.86
  59.00   29.46
  59.14  152.11
  59.32   31.02
  60.55  165.14
  60.91  110.90
  62.15   57.97
  63.58  134.65
  63.66  141.41
  64.79   81.98
  64.81   54.68
  64.94   67.63
  65.17  166.63
  66.00  114.36
  66.05  104.04
  66.42  122.82
  66.48  207.68
  66.85   27.20
  67.10  198.01
  67.12  145.55
  70.71  209.03
  72.02   65.64
  72.19   72.35
  72.28  136.64
  72.73  141.35
  73.74  200.79
  74.48   21.71
  74.84   25.09
  75.28   26.76
  75.83   56.38
  77.30   50.08
  77.65  138.84
  77.74   68.71
  78.03  166.47
  78.63   51.94
  79.04   82.32
  80.92   55.40
  81.10  168.54
  81.47   84.81
  82.63   29.73
  83.00   43.05
  83.72  165.94
  83.74   23.41
  84.07   55.69
  84.17  141.73
  84.40  126.36
  84.47  137.93
  84.60  133.19
  85.03  149.84
  85.30  160.55
  85.96   37.87
  86.34   33.28
  86.95  167.74
  87.61  145.01
  87.74  161.67
  89.02  149.71
  89.11  165.38
  89.84  133.94
  90.92   99.05
  92.14   90.71
  92.62   42.50
  94.09  151.48
  94.23  164.78
  94.35  135.24
  95.80  142.24
  95.94  143.82
  96.39  146.87
  96.84  152.55
  98.25   96.74
 100.67   90.73
 101.65  113.59
 101.71  147.74
 102.40  142.01
 102.74   16.98
 104.48   21.29
 104.89  128.56
 105.14  161.54
 106.03  200.25
 106.12   18.47
 106.59   93.37
 106.70   14.24
 107.07  149.24
 110.32   87.63
 110.34   98.56
 110.47   80.61
 111.04   12.74
 113.54   92.86
 117.48  206.36
 117.65  129.03
 121.89  138.72
 123.21  110.15
 123.99   27.78
 124.51  132.67
 126.65  190.73
 127.04  130.67
 128.03  104.42
 128.18   30.06
 128.37   15.37
 128.90  141.39
 131.94   84.41
 134.85  209.44
 134.86   93.43
 139.10  194.24
 139.34  194.30
 145.71  105.21
 149.29  148.10
 150.18   79.50
 151.26  210.57
 151.83  207.67
 152.04   86.86
 153.75  192.21
 155.96  189.22
 156.15   86.09
 157.17   13.90
 157.79   29.12
 158.58   20.78
 159.46  120.04
 160.61   24.96
 162.23  191.25
 164.90   83.48
 164.92   77.47
 165.79  124.81
 169.93  175.79
 170.97  172.22
 176.21  156.75
 176.56   42.44
 176.96   94.25
 178.14  182.98
 180.33  105.98
 180.98  162.90
 181.61  162.80
 181.63  187.11
 182.39  179.15
 183.07  112.47
 184.75   33.47
 184.75   59.23
 185.08  145.61
 185.61  172.53
 188.34  165.10
 190.45   99.86
 191.29   80.95
 191.93  178.32
 193.81  166.33
 195.73  154.59
 196.71  169.04
 198.96   48.54
 199.32  174.54
 200.10   88.06
 200.26   55.22
 201.00  163.23
 201.21   57.04
 202.01   46.54
 203.51   35.05
 203.59  104.68
 203.65  153.46
 206.02   79.70
 206.73  168.27
 212.85  159.63
 213.59   87.78
 213.77  145.62
 214.05   80.51
 214.13  180.58
 214.56  172.87
 214.75   69.13
 220.75  167.51
 222.64   32.29
 223.85  106.88
 224.60   80.91
 225.96  160.71
 228.35  171.31
 230.72  178.01
 231.87  117.25
 232.27  170.94
 235.44  177.53
 235.85  170.66
 236.22   85.72
 236.42  161.85
 236.51   55.45
 236.53   59.08
 236.53   65.28
 236.71   68.66
 238.29   82.20
 238.73   22.59
 240.58  164.52
 240.99  164.62
 242.21   59.18
 242.73   23.05
 243.00   76.20
 243.20   94.55
 243.72  173.14
 244.03  161.63
 267.71  177.68
 268.37   94.80
 269.24   23.89
 271.40  169.31
 272.23   74.89
 277.34   85.61
