   7.20  215.55
   8.20  172.02
   9.24  170.76
  10.50  229.98
  13.90  172.20
  14.97  148.58
  15.11  120.23
  16.91  165.79
  17.75  145.26
  19.07  167.03
  23.21  127.65
  23.78   30.78
  24.31   35.10
  24.57  226.56
  24.59  186.77
  25.22   44.37
  26.49   40.39
  27.46  181.38
  29.48   35.45
  29.77  180.69
  30.40  177.99
  30.61   25.00
  30.83  246.05
  31.09  229.59
  31.28   41.52
  31.65  250.43
  32.69   80.77
  33.43  184.40
  33.49  259.78
  34.17   37.59
  35.39  138.53
  35.40  133.04
  35.47  120.83
  37.17  127.29
  37.32  258.40
  37.93  191.23
  38.12  158.53
  38.79  195.10
  40.43  253.56
  41.45  261.86
  41.91  265.85
  43.01  234.34
  43.31  205.06
  44.79  165.45
  44.92  199.49
  45.39  235.05
  47.24   68.90
  47.26   63.09
  47.42   74.74
  47.46  222.49
  47.57  202.68
  48.94  105.59
  49.07  170.40
  49.09  161.18
  49.62  122.27
  49.81  230.43
  50.02   74.36
  50.23   65.92
  50.41  185.25
  50.90  153.82
  51.09  252.01
  51.36  157.00
  51.73  115.25
  52.41  260.39
  52.51  216.58
  52.57  217.82
  53.57  187.27
  54.00  117.55
  55.04  225.38
  55.22  129.13
  55.61  167.98
  55.79  209.25
  55.91  122.27
  56.54  188.89
  57.35  179.37
  57.36  169.07
  57.65  201.87
  57.81  222.02
  58.34  105.71
  58.76  242.46
  58.83  239.54
  59.10  116.95
  59.63  214.60
  59.78  226.07
  60.48  186.06
  60.50  169.68
  61.04  155.27
  61.70  251.02
  62.16  193.60
  63.17  140.67
  63.18  198.31
  63.42  171.89
  63.48  166.16
  64.45  125.58
  64.68  117.83
  65.25   52.38
  66.00   95.87
  66.01  211.45
  66.06  112.03
  67.29  201.15
  68.02  149.76
  68.33   37.61
  69.55   28.74
  69.65  187.96
  69.78  124.35
  70.40  124.64
  71.65  116.52
  71.85  169.98
  71.96  132.29
  72.24  151.28
  72.97  146.32
  73.08   22.76
  73.23  212.08
  73.27  228.07
  73.57  190.95
  73.65  129.01
  73.83   39.23
  74.50  206.64
  74.75  151.66
  74.76  174.62
  75.00   27.75
  75.11  180.92
  75.24   38.14
  75.78  145.74
  76.05  230.27
  76.42  115.68
  76.93  156.03
  77.26   53.03
  77.26  186.79
  77.57   28.72
  77.94  234.00
  78.15  213.84
  78.51  214.67
  78.89  281.44
  78.94   94.94
  79.02   87.95
  79.35  105.02
  79.63   57.71
  79.72   38.55
  80.02  269.76
  80.04  202.39
  80.28  237.19
  80.76  279.29
  81.22   43.50
  81.54  100.47
  81.83  236.19
  82.16  158.94
  82.20  160.10
  82.64  225.04
  83.30  200.71
  83.45  184.71
  84.22   46.21
  84.40   34.97
  84.50  273.27
  84.54  187.99
  85.64  209.59
  86.22  209.89
  87.10   51.28
  87.27   88.08
  87.30  183.52
  88.21  160.05
  88.27  189.80
  88.55   34.32
  88.57  230.68
  88.75  105.09
  89.13  152.93
  89.13  226.88
  89.37   97.40
  89.99  157.60
  90.13  270.35
  90.32  236.60
  90.42   47.02
  91.31   18.67
  91.51   85.07
  91.55  237.92
  91.88   90.05
  92.37  200.44
  92.61  192.15
  93.43   44.94
  93.44  232.92
  93.53  218.72
  94.64   22.11
  94.89  194.84
  95.09  205.94
  95.33   26.71
  95.78   36.35
  95.88  194.26
  96.14  200.68
  96.15  213.28
  96.27  264.80
  96.83   36.29
  97.16   93.54
  97.79   78.41
  97.81   78.44
  98.08   55.77
  98.65   29.51
  98.94  115.20
  99.40  104.19
  99.49   46.49
  99.58  184.80
 100.35   35.51
 101.48  210.13
 101.70  205.13
 101.70   65.45
 102.06  214.90
 102.10  116.78
 102.43   28.42
 103.60   45.99
 103.61   24.02
 103.68   85.54
 104.16   68.50
 104.51  174.94
 104.61   97.97
 104.97  229.53
 104.97  206.85
 105.07  135.23
 105.43  103.86
 105.54  126.14
 106.09   52.31
 106.34  187.16
 107.07  116.57
 107.49  189.11
 107.56  100.45
 107.78   10.60
 107.94   24.46
 108.06   74.65
 108.21  141.95
 108.24  145.23
 108.32   95.01
 109.26   48.03
 109.26   77.78
 109.64   82.57
 109.64   43.97
 110.30   25.95
 110.31  106.17
 110.54   38.78
 110.98  102.96
 111.04  216.24
 111.58  212.38
 112.19   98.38
 112.51   95.35
 112.52  148.45
 112.54  203.56
 112.57   79.34
 112.64   59.50
 112.93  187.45
 113.29  117.42
 113.34  208.06
 113.79   17.23
 113.81   17.70
 113.82  113.48
 114.09   43.71
 114.32  195.57
 114.51  108.97
 114.58  134.90
 114.95  185.28
 116.27  195.01
 116.29   83.09
 116.31   40.50
 116.76  270.90
 116.77  208.89
 117.22  188.45
 117.99   18.61
 118.23  150.58
 118.63   99.63
 118.81  113.10
 118.88  162.41
 118.95  118.17
 119.14   26.09
 119.94  106.66
 120.34   79.73
 121.46  186.13
 121.65  143.99
 121.66  203.29
 122.67   33.42
 122.96   53.03
 123.35   44.33
 123.43   98.04
 123.51   65.52
 123.88   83.34
 124.21   76.75
 124.53   39.00
 125.34  111.63
 125.79  119.57
 125.91  116.30
 126.48   31.91
 126.65   80.39
 126.86  143.54
 127.48  179.97
 127.56   67.43
 127.72  118.47
 127.86  104.16
 128.11  174.27
 128.32  156.21
 128.51  133.07
 128.61  167.47
 128.78  187.87
 128.91  210.93
 129.14  183.01
 129.44   30.13
 129.65  126.51
 130.21   23.00
 130.31   18.34
 130.58  106.82
 130.59   35.94
 130.68  280.73
 130.71   73.34
 130.79  189.30
 130.95  185.05
 131.75   80.60
 132.53   29.01
 133.17   41.04
 134.33   71.76
 135.31   30.09
 135.48  104.81
 135.79  237.59
 135.88  135.77
 135.96  184.78
 136.26  153.06
 136.30  116.92
 136.41  120.17
 136.42  118.80
 136.80   78.66
 137.47  204.23
 137.95  247.81
 138.33   63.49
 138.59   47.00
 139.57   73.98
 140.18  239.24
 140.94  117.09
 141.13   54.00
 141.46  120.10
 141.56   48.08
 141.72  186.99
 141.77  132.31
 141.83   38.88
 141.83  234.38
 142.65  247.26
 142.84   51.34
 142.91  228.63
 143.18  204.90
 143.28   30.01
 143.73  237.14
 143.98   90.67
 144.70  193.71
 144.98   46.13
 145.08   36.10
 145.19  163.75
 146.14  235.97
 147.03  274.22
 147.59  187.29
 148.89  168.71
 151.02   90.67
 151.50  118.78
 151.61  186.06
 152.39  195.33
 153.46  169.74
 154.04  189.22
 156.21  193.79
 158.34  165.69
 158.79  187.54
 159.02  181.58
 160.30  172.88
 165.20  194.49
 166.78  201.42
 166.81  172.37
 174.25  184.54
 178.07  199.53
 179.14  198.00
 179.75   86.96
 181.82  161.82
 181.88  151.04
 182.31  196.37
 185.77   61.32
 186.08   61.16
 192.13   56.69
 200.71   52.48
 204.09  108.40
 206.72   54.72
 209.95   62.61
 210.99  209.37
