   7.08  120.17
  13.74  122.78
  13.88  126.63
  16.68   31.92
  19.23   57.65
  19.34   61.18
  22.16  111.36
  22.90   63.16
  24.58   35.03
  24.98   41.14
  25.09   99.99
  25.36  107.59
  25.89   51.43
  26.00  114.45
  26.06   78.57
  27.69  119.93
  28.53   31.27
  29.40  110.55
  30.24   31.99
  31.08   70.24
  31.43  107.45
  31.67   74.70
  34.32   35.28
  34.70   58.66
  35.04   78.48
  35.14  103.66
  35.76   73.59
  37.04   96.14
  38.53   92.85
  38.92   86.85
  39.05  104.70
  39.08   35.57
  40.23   99.04
  40.65   41.44
  41.32   79.57
  41.45   36.97
  41.57   67.71
  42.24  118.84
  43.02  100.69
  44.01  110.07
  45.72   83.81
  46.08   75.97
  46.12   80.18
  46.20   34.89
  48.37   98.09
  48.39   53.40
  49.77   40.42
  50.23  115.41
  51.14  120.51
  51.23   83.53
  51.82  109.86
  52.35   94.24
  54.88   96.92
  54.92   18.66
  55.03   14.35
  55.17   38.16
  55.85   15.13
  56.84   63.57
  58.05   34.96
  59.95  108.53
  60.09   40.23
  60.97   84.41
  61.44  100.96
  62.08  115.99
  62.65   38.02
  64.85   60.49
  64.85   33.66
  66.56   66.88
  66.81   84.16
  67.06   37.55
  67.41   99.66
  67.79   65.93
  67.83   92.84
  68.61   89.15
  70.23   60.08
  70.92  103.20
  71.29   66.14
  71.33  110.54
  71.35  116.12
  73.26   89.09
  75.75   99.17
  76.00  104.80
  76.31   92.02
  77.03   26.70
  77.48   34.22
  77.71   84.59
  78.09  141.46
  78.10   47.50
  78.15   50.66
  78.66   56.04
  78.94   48.86
  79.14   49.00
  81.28   59.52
  81.45   66.22
  82.86   95.64
  83.43   78.41
  84.88  106.20
  85.89   75.14
  85.91  118.45
  85.94   66.29
  86.14   84.54
  86.16  100.81
  86.23   75.84
  86.45  100.14
  88.37   93.05
  88.74   82.66
  89.07  112.56
  89.45   97.36
  91.94   25.51
  92.43  107.66
  92.76  105.10
  93.70   65.99
  94.47   81.45
  95.68   33.14
  96.07   62.43
  96.38  101.62
  97.01   68.08
  97.92   96.08
  98.26   27.62
  98.46  109.62
  98.54  112.45
  99.84   59.91
 100.70   66.99
 100.84   88.01
 101.04   32.91
 101.71   92.45
 102.40  208.27
 103.27   82.16
 103.47   86.05
 104.15   62.01
 104.50  155.59
 104.54   65.63
 106.15   80.35
 106.51   66.24
 106.52   89.80
 108.82   81.86
 109.65   29.05
 110.94   59.00
 110.96   22.99
 112.33   26.26
 112.43   47.91
 112.61   84.93
 113.00   41.18
 113.23   61.28
 113.39   65.12
 113.41   54.71
 113.43   46.20
 115.58   43.80
 116.57   80.82
 117.18   76.65
 117.69  155.90
 118.47   81.56
 120.56   79.29
 121.11   74.31
 122.73   82.62
 123.58   73.83
 124.53   32.48
 124.56   25.50
 124.60   40.85
 124.81   76.52
 125.39   39.25
 126.11   47.51
 126.47   64.11
 126.57   81.10
 127.12   28.08
 127.43   58.93
 129.11   77.30
 129.34   84.27
 132.36   89.42
 135.52   80.36
 135.70   85.79
 139.14   78.64
 140.61   27.84
 140.80  153.08
 141.29   91.39
 142.88   88.56
 143.60   25.05
 145.60   86.94
 145.70   82.87
 147.52   24.59
 148.45   83.90
 150.57   34.68
 152.64   83.35
 153.30   72.73
 153.56   89.76
 153.72   89.67
 154.91   24.83
 155.17  158.55
 155.44   79.91
 155.69  102.44
 155.84   57.87
 155.96   28.32
 156.10   92.52
 156.22   72.23
 156.57   38.35
 156.69   75.43
 158.02   83.25
 158.11  159.30
 164.46   81.41
 164.68   43.16
 167.52   87.52
 167.52   87.78
 170.89   77.02
 172.10   52.11
 172.93   82.87
 175.96   77.95
 176.31   33.70
 177.68   81.81
 179.62   92.41
 179.72   58.09
 181.04  145.01
 182.72   11.60
 182.85   33.41
 183.80   55.43
 184.96   26.23
 185.04   28.92
 186.12   24.05
 186.14   10.88
 187.06   77.60
 189.35   80.21
 189.58   75.03
 191.73   46.03
 193.13  163.43
 208.94  173.91
 209.17  183.26
 213.52  190.52
 213.69  168.92
 215.27  189.43
 218.66   83.64
 220.05  169.07
 222.20   39.09
 223.23  167.67
 224.18   33.19
 225.97  170.59
 226.27  173.11
 230.13   32.34
 230.99  173.84
 233.44   29.89
 235.74  167.26
 240.22  156.24
 240.78  167.13
 241.96  162.56
 242.22  162.71
 242.67  157.52
 243.55   68.36
 243.65   35.45
 246.32   68.70
 246.50  189.90
 247.62  185.79
 248.43  163.54
 248.58  175.87
 249.20   68.71
 249.40  172.96
 249.73  183.32
 250.00  193.62
 250.29  180.55
 252.64  175.88
 255.42  169.00
 256.50  201.53
 257.32  174.93
 257.40  182.43
 259.52  205.34
 259.62  189.17
 265.14  190.73
 265.33  202.45
 267.14  206.61
 268.43  188.47
 269.08  197.04
 272.37  205.70
 274.84  203.31
 275.16   18.29
 275.61   24.87
 275.64    9.19
 278.80  188.61
 279.69  188.17
 281.36  204.32
 282.07  184.23
 282.97  195.46
 284.74  203.39
