   9.98  175.72
  10.28   59.71
  10.51   56.69
  10.88  171.86
  14.02   57.01
  14.08  179.86
  15.32  197.30
  15.35   14.12
  15.64  173.05
  16.40  188.77
  17.56  193.23
  21.75  194.87
  25.24   53.60
  33.22   56.07
  37.85   54.50
  37.95  110.01
  38.90   62.13
  39.56   62.35
  39.84  200.78
  40.21  141.83
  40.24   28.16
  41.07  204.42
  43.96   25.15
  48.62   51.30
  48.95   26.29
  48.95  137.95
  51.17   46.22
  52.03  140.65
  53.87  144.72
  54.44  105.17
  56.00  205.96
  56.40  137.91
  56.55   56.71
  57.68   69.42
  59.00  122.95
  61.54   63.64
  61.82  196.03
  61.89   71.77
  61.97  107.27
  63.56  118.53
  64.93   70.17
  66.57   32.39
  69.74   82.08
  70.17  108.91
  70.20  108.85
  72.49  113.06
  72.60  101.99
  73.04  118.97
  73.18  105.77
  75.96  112.69
  78.36  114.14
  79.30  119.02
  79.38   91.27
  80.06   75.87
  81.72  115.27
  83.26  133.25
  85.48  111.75
  86.93   86.03
  87.94   80.06
  90.21   88.87
  91.60   98.41
  92.58   86.09
  94.76  172.11
  97.37  126.12
  98.48   82.06
  99.27  129.53
 100.06  130.69
 100.69   31.30
 101.14  178.21
 102.59   77.38
 104.33   29.96
 104.47   55.87
 104.61   65.67
 106.52   35.95
 107.01   27.56
 107.38   82.48
 108.37   41.45
 108.77   85.94
 110.28   30.00
 111.04   88.67
 111.56  121.59
 112.19   31.21
 113.70   36.64
 114.10   85.67
 116.12   80.09
 116.80   29.74
 116.90   39.15
 117.21  121.70
 118.40   82.80
 118.56   73.48
 122.09   31.57
 123.54   95.22
 135.40   92.28
 136.74  121.58
 137.35  163.86
 137.64  129.32
 139.08  178.61
 139.60  166.53
 140.44  125.27
 142.55   83.89
 143.59  172.86
 144.45   53.46
 144.77  172.69
 149.67  102.47
 153.76  111.33
 155.15  133.57
 157.03  116.71
 159.45   95.22
 161.24   96.48
 162.05  117.14
 163.25  110.62
 165.13   99.40
 165.38   84.14
 166.11  109.83
 166.17  113.12
 169.16   87.11
 171.45   89.05
 172.16  110.75
 172.98   73.03
 173.95   71.58
 173.95   65.40
 175.93  111.79
 176.69  109.51
 180.12   68.59
 180.24   81.69
 180.90   95.19
 183.47  116.02
 184.47  105.32
 185.92   43.53
 185.99   55.61
 186.73   90.93
 187.35  117.09
 187.97   62.47
 188.36   89.16
 188.86   74.90
 189.23  211.39
 190.41  205.17
 192.11   49.78
 192.32  116.41
 193.46  111.56
 194.97   65.08
 195.00   83.78
 195.06   57.17
 195.62   73.78
 195.83   98.28
 197.68  204.46
 198.13   60.84
 198.40   66.18
 202.37  113.35
 202.47  202.50
 202.50  113.36
 202.62  198.85
 204.56  126.45
 206.56  204.37
 209.84   43.78
 211.53   94.04
 213.54  206.58
 213.65  105.32
 214.16  137.31
 214.98   82.38
 224.59   64.70
 224.80   89.52
 225.70   71.22
 226.54   42.81
 226.58  131.37
 226.74  149.39
 227.00  128.10
 227.03  128.15
 230.18  140.03
 230.47   59.67
 231.32  143.05
 232.00   67.57
 232.16  132.41
 232.45  104.49
 232.67   51.79
 233.25  162.22
 233.38  173.52
 233.55  179.59
 233.84  147.99
 235.93  113.37
 236.60  154.34
 236.90   77.49
 237.00  154.72
 237.46  148.76
 237.49   61.26
 237.60   89.49
 237.68  142.90
 237.76   33.88
 238.77  130.92
 238.84  193.47
 238.87  165.33
 239.17   44.04
 240.01  107.72
 241.61   75.86
 241.79   49.26
 241.93  142.36
 241.99   23.74
 242.05  134.32
 242.36   43.29
 242.37   60.65
 242.74   65.99
 242.78   79.39
 244.20   27.58
 244.75  162.27
 245.16  158.07
 245.36   77.61
 245.77  136.74
 246.19  177.38
 246.35  172.25
 246.57  187.39
 246.61   83.66
 246.71  167.96
 246.82   68.44
 247.01   93.76
 247.15  103.50
 247.27   68.42
 248.83  110.44
 249.00   49.61
 249.00  166.92
 249.06  162.91
 249.56   72.97
 249.57   73.34
 249.64  132.60
 250.13   39.76
 250.33   34.14
 251.97   95.16
 252.02  138.06
 252.53  115.35
 252.54  111.84
 252.67  101.25
 254.04  154.38
 254.41   87.77
 256.31   61.72
 256.34  140.88
 256.49   34.76
 256.53  168.25
 256.55  108.73
 256.56  150.67
 256.71  101.34
 257.27   21.43
 257.36  114.90
 258.05   42.12
 258.35  117.83
 258.44   66.47
 258.69  143.73
 259.64   32.36
 260.07  138.24
 260.49   94.12
 260.57  130.59
 260.63   58.87
 261.40  151.95
 261.74  157.87
 261.91  108.55
 262.13   66.36
 262.24   85.30
 262.33   44.22
 262.36   70.52
 263.43   34.89
 264.26  100.11
 264.37   39.32
 265.55   63.16
 265.93  117.25
 266.26   44.34
 266.49   95.25
 267.28  141.64
 268.24  106.87
 268.39   85.36
 268.47  138.40
 268.51  158.24
 268.63   65.22
 268.81   63.77
 269.99  156.48
 270.03   97.55
 270.28  141.74
 270.40  120.22
 270.82   33.90
 271.07   53.56
 271.39   13.82
 271.65   94.59
 271.65   87.84
 271.66  144.88
 272.11  101.53
 272.62  136.75
 273.69  198.47
 274.18   14.06
 275.58  106.52
 275.70   74.38
 275.74  117.49
 275.81   83.82
 275.81   83.77
 275.85   44.74
 275.98   50.29
 276.24   63.24
 276.47  100.57
 276.49  111.75
 276.54  134.18
 276.62    8.07
 277.27   91.18
 278.02  148.23
 278.37  138.82
 278.54  108.34
 278.94  107.68
 279.13  123.69
 279.33  158.74
 280.28  112.31
 280.50   86.02
 280.53   61.86
 281.04  145.94
 281.09  106.95
 281.23   42.14
 281.76  158.50
 282.70   73.48
 282.90   56.16
 282.91  143.45
 283.24  134.57
 283.35  139.69
 283.59  122.21
 283.60  111.08
 284.17   86.78
 284.40  118.71
 284.81   79.45
 285.28   64.87
 285.48  148.39
 285.52  129.12
 286.25  113.54
 287.10  119.44
 287.48  116.35
 287.76  107.55
 289.68  139.68
 290.16  155.75
 290.23   89.14
 290.35  100.83
 290.75   76.94
 290.81   73.89
 290.98    8.47
 291.05   46.49
 291.14   20.17
 291.34   34.03
 294.07  123.15
 294.72  144.35
 295.33  102.20
 296.16   25.60
 296.19   22.29
 296.63   13.02
 297.15   89.80
 298.91  146.72
 299.80  157.23
 299.92  101.95
 300.49  134.78
 303.24  111.74
 303.80  130.24
 304.40  150.13
 305.23  106.98
 305.59  124.96
 305.98  158.08
 309.05  116.07
 309.39  117.02
 310.07  129.01
 313.06  120.72
 315.10  125.74
 317.94  155.17
 318.06  162.62
 320.50  125.35
 320.68  143.58
 324.29  142.50
 324.47  130.96
 328.04   85.81
 328.15   96.09
 329.36   94.80
 330.62  136.39
 333.07  197.17
 333.28  184.63
 333.42  205.38
 334.91  157.62
 334.94   66.40
 335.04  168.12
 335.34   91.45
 335.48  167.51
 336.82  159.85
 336.88   92.68
 338.50   78.64
 338.52   78.75
 374.19  159.10
