   7.18   10.10
  23.11  119.09
  25.33  122.14
  28.86  120.89
  31.36  125.65
  33.46  142.69
  33.78  131.61
  34.05   65.28
  34.23  120.89
  35.02  140.01
  35.48  144.63
  35.69   81.83
  41.37   82.43
  41.54  131.11
  42.41  149.50
  43.17  142.49
  44.04  160.24
  45.20  156.27
  45.54  144.33
  46.26  138.19
  46.62  143.52
  46.98   84.58
  49.65   78.73
  49.79  119.86
  49.99  133.98
  51.46  170.99
  52.06   72.91
  52.80   80.20
  57.21  164.35
  59.63  146.21
  60.72  155.27
  64.22  172.18
  64.26  163.72
  65.14  188.43
  65.49  170.33
  66.05  110.99
  66.12   81.16
  66.35   85.10
  66.64  147.51
  66.70  160.94
  67.82  190.98
  67.82  144.97
  68.37  122.65
  68.39  201.74
  70.06  115.49
  70.65  165.56
  70.93  125.53
  71.54  140.59
  72.58  112.62
  72.90  155.46
  74.47  166.82
  75.17   82.78
  75.42  146.30
  75.94  176.41
  75.99  201.59
  76.69  191.25
  77.00  166.04
  77.14  155.31
  78.55  163.46
  78.78  167.52
  78.84  143.39
  80.73   50.77
  82.21   42.60
  82.38  163.53
  84.03  170.39
  84.72  139.84
  85.94  167.84
  86.45  176.59
  87.76  170.59
  88.17   45.78
  89.01  162.16
  89.04   48.52
  90.94  125.06
  91.12  166.92
  92.56   50.26
  92.69   50.49
  92.95  179.14
  93.38  114.37
  94.51  141.37
  95.40  167.00
  95.46  120.90
  98.26  166.64
 101.94  197.56
 102.28  186.49
 102.39  163.66
 102.56  169.28
 103.87  153.04
 105.25  184.12
 106.10  146.76
 107.13  154.52
 107.79  123.92
 114.47   11.41
 114.83  132.54
 114.99  165.73
 116.09  162.18
 116.45  134.45
 117.33  140.33
 118.02  147.28
 118.55  151.83
 119.30   40.39
 120.21   11.36
 120.60  199.52
 121.04  149.72
 121.82  157.54
 122.10  144.73
 122.98  154.03
 123.29  193.67
 123.39  141.00
 124.71  179.02
 124.95  136.11
 125.34   77.93
 125.64  122.80
 125.64  149.51
 125.73  157.68
 125.80   78.21
 126.10  111.78
 134.07   48.82
 134.50   49.67
 136.23  122.36
 136.67   47.54
 137.23  167.08
 137.29  142.93
 138.49  141.36
 139.53  110.47
 140.95   47.42
 141.35  166.65
 141.87   67.32
 142.06  139.00
 142.70  122.18
 143.14   74.38
 143.87   50.98
 144.94  145.83
 146.21  171.26
 148.08  166.38
 148.26   50.37
 148.40  181.06
 150.03  148.73
 150.15  157.78
 150.42  138.89
 150.53   48.36
 151.24   42.62
 151.31  178.43
 153.12  152.43
 153.85  143.79
 156.46   84.51
 156.69  169.61
 156.77  159.43
 157.48  153.84
 159.92  137.76
 160.94  170.91
 160.95   64.27
 160.98   76.03
 161.63   69.53
 162.15   83.49
 163.27  168.95
 163.88  109.47
 165.01  146.99
 165.07   79.74
 165.43  156.17
 165.64  159.25
 165.88   60.43
 167.45   71.79
 167.93   82.93
 168.95   73.57
 169.21  160.98
 170.48  133.19
 170.69  150.91
 171.20   59.98
 172.32  159.07
 172.43  135.93
 172.77  159.34
 173.41  168.53
 174.74  138.98
 175.62  135.76
 175.76  148.26
 175.77  185.25
 175.85   76.54
 176.46  166.01
 177.04  172.55
 177.09  196.78
 177.36  169.05
 177.51  142.93
 178.17  177.44
 179.18   59.89
 179.78  166.75
 179.99  148.10
 180.59  201.62
 180.82  179.37
 181.13  150.89
 181.40  173.33
 181.43  136.73
 181.44  164.63
 182.26  196.26
 183.70  182.80
 184.98   81.45
 185.65  106.45
 186.24  134.61
 189.55  188.78
 189.59   72.49
 189.74   83.69
 190.51  180.30
 190.96  138.41
 191.00  161.45
 191.13  156.14
 191.85  120.44
 192.38  136.17
 193.41   71.51
 193.67  168.28
 193.73  178.12
 194.05  166.07
 194.61  165.68
 194.93  180.43
 194.97  157.29
 195.06  169.76
 197.47  181.28
 198.25  157.35
 198.53   75.11
 198.89  130.83
 199.09  156.50
 199.09  160.33
 199.97  146.05
 200.90  135.13
 201.35  135.12
 201.39  158.15
 203.06  147.15
 204.59  137.96
 207.45  191.95
 208.36  150.28
 208.74  142.09
 208.86  177.26
 209.66  171.89
 210.42  133.36
 210.59  145.89
 214.36  136.21
 214.52  156.78
 215.23  140.90
 222.61  173.23
 224.19  147.95
 225.41  139.78
 225.58  165.55
 228.29  122.95
 228.37  188.43
 228.43  178.97
 228.78  140.94
 229.75  156.42
 229.96  132.49
 230.74  165.26
 232.26  145.62
 233.13  138.23
 233.19  152.25
 233.61  131.84
 233.61  126.60
 235.73  154.97
 236.03  161.26
 236.24  170.75
 236.51  131.45
 239.06  146.70
 239.33  167.42
 239.60  139.62
 240.48  130.79
 241.11  109.70
 241.27  142.85
 242.14  164.33
 244.61  136.03
 245.75  127.42
 245.76  151.68
 248.76  127.61
 249.56  112.20
 249.63  174.01
 252.05  155.73
 252.21  129.26
 252.22  145.18
 252.91  183.37
 254.71  158.99
 255.17  133.83
 256.06  122.89
 256.21  184.51
 256.67  175.32
 256.82  166.76
 256.89  128.18
 256.93  167.17
 258.75  123.68
 258.96  134.27
 259.01  130.27
 259.98  160.01
 260.45  122.66
 261.89   70.09
 262.39  119.80
 263.05   89.27
 263.16   85.04
 264.44   65.48
 264.45   48.23
 264.62   43.29
 265.38   70.77
 265.51   54.34
 265.78   77.43
 266.51   50.99
 268.96   75.07
 268.96   38.74
 271.93   62.61
 272.41   56.96
 275.05   42.70
 275.25   37.39
 275.91   28.21
 278.00   35.44
 278.91   76.10
 282.43   43.94
 286.24   39.24
