  10.48  131.71
  11.41  101.28
  11.91  123.43
  13.27  182.99
  13.87   46.01
  14.59  187.06
  14.64   49.48
  15.70  213.61
  16.49  210.58
  18.48   96.77
  19.33  118.18
  20.22  187.54
  20.54  109.88
  22.73   97.16
  23.43  153.94
  23.84  182.61
  24.05  114.61
  24.44  137.07
  25.80  104.38
  25.84  131.27
  26.37   97.09
  26.82  164.91
  29.16  175.74
  29.57   80.95
  30.13  127.85
  30.75   97.21
  31.02   47.22
  31.49  103.63
  32.77  164.20
  33.63  107.54
  34.38   33.06
  34.51   19.83
  35.17   96.98
  35.85    9.54
  36.49   27.49
  37.47  104.94
  37.67   46.90
  38.23   96.61
  38.80   99.99
  39.38  103.60
  40.14  123.51
  41.19  121.31
  41.22   31.73
  41.71  120.22
  43.47  165.91
  44.62  150.96
  45.98   47.12
  48.40   18.05
  49.45  157.16
  50.34   78.28
  52.36    9.62
  56.57   74.90
  57.78   15.65
  58.11   82.70
  58.39   45.10
  58.51   11.22
  58.75   46.41
  59.26   78.06
  59.96   89.99
  59.97    7.96
  60.83   15.97
  64.20   10.43
  64.80   89.36
  65.83   17.35
  68.41   79.32
  69.99    8.63
  70.96   83.50
  71.27   46.42
  72.48   31.19
  73.55   78.99
  73.60   11.45
  74.35   84.88
  75.79   80.87
  76.21   71.60
  83.72   46.69
  88.41   85.61
  92.72   45.85
  95.60   40.91
  97.25   96.13
  99.73   80.48
 100.14   11.30
 101.14   16.23
 101.19   63.32
 103.61   60.76
 108.42   70.84
 108.44   59.75
 108.72   70.96
 110.84   82.59
 111.09   74.37
 112.87   58.51
 116.46   56.78
 117.17   61.65
 118.16   72.02
 118.40  135.81
 120.53   81.18
 120.99  136.09
 121.06   73.63
 122.75   65.94
 123.16   68.50
 123.83   57.62
 124.85   73.35
 128.54   53.41
 128.80   80.32
 129.17   56.76
 130.39   52.73
 131.99   67.71
 132.07   59.10
 132.45   58.90
 133.70   56.07
 135.15   88.88
 136.75   72.74
 136.98   64.29
 137.02   61.07
 139.23   68.37
 139.80   23.03
 141.20   78.43
 142.06   71.29
 145.41   29.15
 145.98   58.03
 147.25  190.69
 147.36    7.00
 147.52   75.73
 148.29   51.94
 149.01  187.82
 154.44   69.79
 154.50   63.88
 155.26   52.02
 155.83   67.33
 156.12   41.16
 156.77   25.56
 159.82   46.48
 163.07   65.91
 163.18  127.33
 165.21   49.79
 166.83   57.39
 167.03   15.67
 167.18  130.77
 167.25   92.56
 168.04   12.10
 169.01   37.99
 169.28  113.13
 169.31   48.77
 170.32   43.36
 171.03  103.29
 173.32   93.08
 173.68   11.62
 175.06   80.46
 175.62   54.25
 176.88   87.91
 179.77  117.97
 181.07   66.85
 181.27   76.78
 181.90   62.58
 182.27   70.08
 182.50  101.25
 182.74   23.44
 182.91   87.19
 183.04   44.03
 183.56   79.53
 184.29  134.14
 184.60   53.92
 185.59   27.15
 185.77   41.57
 185.84   57.53
 187.36   65.33
 187.79   73.29
 188.64   29.81
 188.88   56.98
 189.04   61.47
 189.16   66.30
 190.68   47.20
 190.89   80.23
 191.36   25.33
 191.77  133.79
 192.21   56.54
 194.15   83.87
 194.15   23.23
 194.28   83.19
 194.39   50.19
 195.60   22.35
 195.78  135.55
 195.97   59.83
 196.09  140.84
 196.27   41.85
 196.38  124.60
 197.17   34.31
 197.38   64.90
 199.54   71.07
 199.84   59.29
 200.69   86.06
 201.65   24.48
 201.68   19.56
 201.88   39.62
 202.31   72.04
 202.35   51.49
 203.39  151.58
 204.68   75.65
 204.75   68.99
 205.29   12.05
 205.83   58.72
 206.27   55.31
 206.51   45.85
 206.86   38.09
 207.03   49.20
 207.31   73.76
 208.06   27.14
 209.08   66.33
 209.65   31.37
 210.07   86.30
 210.14   53.37
 212.12   32.79
 212.91   73.14
 212.98   62.83
 213.14   57.79
 213.77   50.47
 215.77   32.80
 215.82   41.15
 216.07  153.82
 216.51   69.13
 216.78   23.43
 217.86   55.40
 218.54   61.96
 219.36   75.03
 219.67   45.74
 220.40   71.51
 220.78   66.31
 221.22  160.76
 221.71   35.83
 222.19   55.56
 222.31   28.71
 224.42   37.80
 225.55  164.61
 225.77   28.23
 225.83   41.52
 225.89   17.93
 226.17   44.66
 226.90  100.74
 227.13   87.44
 227.97  103.53
 228.59   32.79
 230.53   38.65
 232.29  162.17
 233.31  106.57
 233.88   75.46
 235.66  109.25
 237.11  108.30
 238.03  166.67
 243.40  161.69
 243.54   89.72
 244.73   84.88
 248.31   62.81
 249.14   67.32
 249.41   77.90
 250.07   57.65
 251.16   63.12
 252.24   86.53
 252.52   45.47
 253.02   71.44
 254.26   75.00
 254.41  161.41
 255.35   12.77
 255.53   82.33
 255.81   90.25
 255.99   85.81
 256.21   51.62
 256.45  157.78
 256.79   21.48
 256.90   77.74
 257.59   44.60
 258.05   39.61
 258.44   60.15
 259.14   34.26
 259.98   83.90
 260.44   50.65
 262.34   41.54
 262.35   23.45
 262.64   92.52
 264.49   83.07
 265.17  133.98
 266.21   36.44
 266.34   74.80
 266.67   66.10
 266.69   90.17
 266.69   69.35
 266.73  132.12
 266.87   40.19
 268.83   81.48
 270.17   89.41
 270.40   72.33
 270.80   15.40
 272.03   61.71
 272.50   75.61
 272.71   18.03
 273.22   65.33
 273.94   14.99
 274.53   59.59
 274.97   56.18
 275.17   95.58
 276.25   18.91
 276.69   53.03
 277.10   48.66
 277.65   60.58
 278.27   56.06
 280.17   32.53
