   7.44  154.70
   8.16  127.12
  13.75  164.59
  18.69   49.23
  18.86  110.26
  20.54   57.03
  20.77  176.51
  21.07  102.50
  22.23   53.18
  22.82   68.00
  23.15  111.44
  23.44   78.14
  24.52  155.40
  24.58  175.68
  24.89  114.61
  26.11  162.22
  26.33   18.46
  28.11  124.67
  29.25  114.19
  29.34  168.51
  29.40   73.33
  29.73   12.22
  29.92  120.73
  29.94  174.80
  30.28  128.37
  30.40   58.86
  32.26  162.32
  34.08   65.22
  34.84  103.76
  35.03   80.97
  35.30  118.84
  36.67  107.77
  36.73  180.17
  37.17  100.23
  37.36  176.39
  37.63   98.87
  38.01  148.36
  38.47  102.98
  39.50  184.09
  40.43  170.03
  41.43  109.79
  42.14  173.92
  42.46  157.30
  43.47  160.90
  43.75  146.14
  46.67  171.82
  46.67  106.33
  47.58   90.84
  47.90  185.62
  48.62  124.88
  49.22  127.95
  51.38  173.25
  51.71  180.13
  51.96  189.53
  52.91   46.93
  53.64   63.36
  54.96   70.24
  55.09   41.52
  55.14   14.32
  55.93  191.09
  56.95  104.67
  57.49   38.41
  57.57   49.75
  57.62   56.73
  58.51   58.00
  58.51   65.82
  60.59   36.57
  60.65  196.05
  61.61   14.57
  61.98   62.41
  62.88   68.27
  64.52   71.89
  64.52   59.97
  64.77   15.04
  64.78  193.07
  65.13   22.80
  65.35   23.30
  65.57   98.94
  66.29   58.22
  66.60   65.20
  68.88  210.51
  69.47  101.43
  70.49  180.01
  73.56  205.45
  74.86  115.97
  76.18  180.90
  76.26  191.90
  77.40  115.13
  78.97  184.12
  79.52  207.51
  79.78  190.83
  82.22  113.52
  83.88  103.82
  87.79  179.36
  90.40  181.04
  91.91  117.66
  91.95  113.91
  92.17  199.82
  92.80  114.72
  92.97   82.45
  93.23  179.09
  93.85   79.33
  94.12   99.11
  96.19   92.16
  96.29  103.52
  96.85   92.39
  97.04  110.20
  98.37  192.85
  98.45  193.01
  98.93  200.49
 100.12  112.70
 100.97  108.10
 102.47   93.16
 104.64   90.30
 105.42   96.15
 105.85   76.82
 106.12  112.70
 107.41  108.06
 108.63   99.55
 108.65   93.40
 109.03   85.21
 111.32  108.32
 111.40   90.18
 111.57   82.59
 111.72   96.34
 111.78  116.66
 113.05  118.56
 113.98   50.41
 115.17  106.40
 115.38  117.36
 116.24   88.72
 116.34   74.97
 116.36   92.46
 117.12   48.30
 117.42  114.32
 118.35  103.25
 119.67   84.55
 121.17   96.99
 123.56   87.93
 124.57   56.85
 125.49   47.78
 126.81   49.46
 127.41   53.47
 128.03   95.44
 128.80   85.61
 132.39   65.10
 134.72   51.91
 134.73   80.37
 136.14  101.08
 137.07   86.31
 137.30   44.91
 137.43  126.42
 138.30  100.04
 138.72   72.99
 139.41  122.08
 140.24  167.07
 140.54  124.81
 140.78   97.09
 141.04   61.57
 142.12  131.98
 142.35  145.35
 142.59  156.62
 143.16   52.44
 143.54  151.51
 143.98  139.07
 145.55   38.99
 145.61   66.29
 145.76  101.03
 145.77  128.10
 145.94  120.79
 146.00   45.99
 146.03   57.38
 146.21  101.27
 147.02  151.53
 147.07  134.02
 147.32  125.22
 147.43  119.77
 148.37   42.56
 149.56  154.06
 150.23   78.27
 150.28   98.81
 150.32  122.33
 150.43  125.27
 150.99  148.76
 151.38  181.97
 151.45  176.17
 151.57  170.58
 151.86  160.76
 151.90  104.95
 152.19  154.52
 153.60  146.03
 154.15   93.82
 154.19  110.05
 154.51  169.55
 154.76  165.61
 154.97  122.27
 155.11  117.71
 155.12  161.64
 155.58  132.78
 156.88  177.59
 156.90  120.60
 156.91  124.41
 157.71  160.09
 158.15   63.50
 158.53  155.10
 159.23  151.16
 159.55   85.86
 159.89  124.15
 160.20  135.34
 160.80  156.24
 164.23   55.34
 164.27  122.10
 164.56  118.43
 164.90   92.08
 165.09   55.97
 165.45  133.57
 165.55  154.78
 166.39   93.55
 167.07   66.76
 167.54   62.26
 168.40   96.16
 168.91   54.75
 169.02  123.42
 170.16  103.41
 170.92   60.85
 171.77  159.01
 172.07  117.82
 172.27  132.56
 172.45   85.26
 173.39  123.24
 173.58   67.75
 174.65  149.33
 175.28  103.83
 175.63   61.85
 177.15  100.41
 177.35  144.96
 177.93  153.30
 180.87   96.90
 181.30  152.85
 181.46   56.84
 181.53  170.94
 182.03   96.47
 182.77   61.03
 183.51  165.67
 184.49  151.46
 184.51  145.84
 184.52  146.14
 185.08   72.01
 185.34   85.05
 185.73  177.87
 185.75  177.99
 186.38  105.10
 187.13   56.58
 189.27  143.50
 189.45  150.19
 190.84   67.26
 191.62   60.35
 192.93   96.15
 194.80   62.08
 195.23  103.87
 196.97  100.37
 197.90   95.43
 198.45   67.30
 198.53  146.00
 198.63   61.95
 200.95   55.81
 201.14  143.03
 201.39   97.21
 202.26  146.19
 202.65  159.17
 203.96   71.35
 204.20  111.98
 204.93  100.45
 206.12   87.46
 206.23   63.01
 206.28  109.52
 208.53   66.94
 209.86  123.89
 212.56  140.58
 212.94  141.12
 213.17   69.00
 213.18  115.87
 215.20  113.38
 216.31  124.59
 216.73   75.06
 216.97  116.99
 217.54  117.33
 218.08   71.11
 218.41  107.30
 218.99   64.03
 219.78  113.66
 220.35  169.19
 221.71   99.38
 223.13  149.00
 223.72   68.16
 224.93   97.63
 225.42  141.29
 226.87  107.29
 227.05  106.76
 227.46   79.66
 228.16   72.36
 228.37   86.60
 228.94   92.05
 229.47  136.87
 229.62   79.60
 229.70  201.47
 230.61  208.27
 234.71   80.31
 237.41   88.05
 237.43   80.97
 238.35  138.32
 239.53  142.01
 241.21  116.95
 241.48   44.80
 242.77  204.40
 242.84  185.34
 243.30  185.80
 243.46  139.50
 245.32   44.61
 245.40   86.98
 245.74  107.94
 246.10   86.62
 246.24  120.72
 246.79   86.49
 246.87  185.13
 247.51  114.63
 248.23  140.10
 248.41  132.87
 249.12   94.91
 249.23  180.58
 250.18  105.59
 250.22  150.44
 251.01   81.96
 251.28   94.93
 251.52  109.50
 251.86   87.41
 252.19  205.58
 252.57  148.52
 253.32  153.01
 253.90  138.65
 254.23  176.67
 254.81  118.85
 256.12   96.55
 256.74  111.88
 256.97   94.96
 258.22  140.49
 258.80  175.77
 263.77  145.48
 264.29  101.01
 264.97  141.70
 265.16   79.47
 265.38   76.33
 265.58  137.93
 266.38  107.97
 267.24  104.91
 267.28  163.39
 267.71  175.49
 269.42   97.12
 270.34   89.87
 271.25  206.57
 273.34  104.02
 273.66   75.49
 273.80   70.12
 273.87  103.80
 276.60  180.00
 281.43   86.01
 284.18   72.90
 284.96  114.11
 287.75   82.36
 288.59  111.87
 289.03   82.97
 289.86  193.09
 290.11   75.32
 290.53  186.14
 291.34  180.71
 292.95  170.46
 294.09  170.84
 294.49  201.25
 295.41   72.85
 296.66   69.86
 297.99  176.30
 298.56  168.03
 298.85   75.47
 301.07  110.15
 303.59   78.79
 306.05   83.42
 315.46   79.68
 315.95  197.91
 316.17   84.52
 316.58   75.04
 317.79  130.85
 318.10  133.96
 319.66  194.74
 319.76   72.27
 321.25  132.24
 321.55  189.70
 323.63  186.42
