  13.87  129.09
  17.03   91.79
  17.62  131.11
  17.69   87.19
  17.72   86.77
  18.36   97.75
  18.73  162.25
  24.55   99.18
  25.13  102.56
  25.15  202.09
  25.37  114.94
  26.12   87.83
  26.18  137.64
  26.20  206.50
  26.26  206.44
  29.22  201.14
  29.29  143.36
  31.77  178.45
  32.40  203.51
  33.31  148.02
  33.36  138.46
  34.08  160.39
  36.66   34.29
  36.93   34.23
  39.02  142.57
  39.39  116.99
  39.47  142.49
  39.56  117.84
  42.47   98.96
  42.75  199.42
  43.04   34.49
  43.70  148.02
  46.87  165.90
  47.36   88.09
  54.67  127.93
  58.74  143.54
  64.22  135.50
  65.99  166.57
  70.68  173.16
  71.30   76.93
  73.73  127.66
  74.32  154.31
  74.59  159.51
  75.46  165.83
  78.54  107.50
  79.16  128.58
  82.66   81.75
  83.02  120.20
  84.12   21.14
  84.30  113.66
  85.47   71.96
  85.71   78.04
  86.11  118.58
  86.42  122.56
  90.32  119.58
  91.28   40.51
  92.18  142.83
  92.46  126.43
  94.75  122.46
  95.07  118.49
  96.21   40.58
 102.89  138.77
 103.09  129.61
 105.57  145.70
 105.58  210.17
 106.45   79.50
 106.70  207.11
 106.82  207.21
 108.25   11.96
 108.52  210.09
 110.42  103.25
 113.53   87.90
 114.96  179.95
 115.87  181.86
 117.11  122.78
 117.77  125.52
 118.63  141.52
 118.87  134.36
 119.35   95.95
 119.44  129.91
 122.48  130.35
 123.46  117.73
 124.15  103.32
 124.90  137.97
 125.13  125.46
 128.39  106.39
 133.69  106.89
 134.03   88.47
 134.72   28.42
 134.79  101.48
 135.90   75.21
 135.96  132.31
 136.12   28.41
 136.77  106.32
 137.62  135.18
 137.67   48.36
 139.38  129.82
 140.03   45.86
 141.58  134.52
 141.77   28.52
 142.43  131.56
 143.57  137.62
 149.80   69.89
 154.88  175.77
 160.05  184.70
 162.08  130.60
 162.11  140.24
 163.02   94.37
 169.63  196.05
 170.97  191.54
 171.22  139.68
 172.76  210.71
 173.48  205.17
 176.88  200.16
 178.12  204.29
 182.09   20.54
 183.59  135.75
 190.04  135.88
 190.14  204.68
 194.01  191.85
 195.31  203.68
 199.71  196.45
 199.94  135.71
 203.81  190.05
 204.33  183.44
 204.51  203.78
 210.89  100.53
 214.24  127.03
 214.84  102.62
 215.67  106.23
 216.36  115.47
 218.69  192.19
 221.10  137.44
 221.69  106.96
 223.35  192.99
 225.07  194.96
 226.85  128.18
 227.23   99.54
 228.01  202.43
 228.69  110.79
 229.12  128.64
 231.30  205.62
 233.54  195.62
 234.44   99.48
 235.74  106.63
 240.30  200.15
 240.35  196.76
 242.84  193.71
 243.70  126.30
 245.40  102.84
 245.86  114.08
 246.81  191.66
 248.44  129.75
 249.49  101.17
 250.30  122.85
 250.41  105.80
 250.98  115.70
 251.36  119.75
 252.57  187.28
 253.37  102.08
 253.97  127.00
 256.55  106.37
 260.84   98.81
 263.74  116.35
 265.69  139.46
 266.97  137.56
 267.99  104.42
 271.77  147.14
 272.71   98.16
 274.21  140.91
 275.66  149.12
 277.96  127.63
 277.96  131.65
 280.51  111.45
 281.73  101.48
 283.39  148.11
 283.64  183.04
 284.22   99.01
 284.35  102.46
 285.65  115.93
 289.48  100.06
 289.80  183.77
 290.73  105.58
 291.54  118.79
 291.97  181.50
 295.08  101.96
 297.48   97.64
 297.90  184.61
 299.25  130.61
 300.14  132.03
 300.92  129.12
 305.46  183.81
 312.04   97.18
 312.73  146.51
 322.42  205.50
