   9.52   95.33
  10.10   89.82
  10.56   99.16
  10.62  104.51
  12.52   64.59
  13.09   91.48
  13.69   95.21
  14.38   89.01
  16.31  195.92
  18.28   83.57
  18.86  200.87
  20.54   82.20
  20.87  199.08
  21.58   87.59
  23.16  165.74
  24.92   64.89
  24.95   81.67
  25.61  204.69
  27.10   29.68
  27.63   14.36
  28.34   85.96
  28.93  105.30
  28.97   34.66
  29.10   27.64
  29.73   59.52
  30.72   56.99
  31.31   53.80
  31.61   29.99
  32.20   91.71
  32.42   78.78
  32.93   14.11
  32.94  101.47
  32.99   17.75
  34.04   34.72
  36.31   30.32
  37.47   59.15
  38.07  100.99
  38.33   34.95
  39.48   86.38
  39.99   77.54
  41.56  114.36
  42.89   88.08
  45.33   58.71
  45.56   28.09
  45.75   92.63
  45.97  112.49
  46.16   35.14
  48.06   94.79
  49.07  108.65
  49.37   58.60
  50.27   35.25
  50.72   52.39
  51.83  110.68
  53.15  116.51
  54.50   92.47
  55.24   35.11
  55.36   77.08
  56.29  114.63
  56.36   63.88
  56.86   59.74
  58.73   63.75
  58.81   85.30
  59.17   69.98
  59.22   72.37
  59.47   35.85
  59.61   39.65
  59.92   18.69
  60.08   82.62
  60.19   89.69
  60.21   89.57
  60.32   47.40
  61.27   21.64
  61.27  118.41
  62.69   35.40
  63.24   16.61
  64.02   19.09
  64.84   53.70
  65.87   91.24
  66.69   28.77
  66.86  167.40
  67.33  106.34
  67.49   19.48
  67.78   70.60
  67.97   63.33
  68.28   78.55
  68.36  197.73
  69.23  126.95
  69.69   36.92
  69.78  108.19
  70.49   14.43
  70.59  170.94
  71.08   88.45
  71.37  170.86
  71.49  103.74
  72.02   48.82
  72.63   37.30
  72.77   77.84
  72.85   24.97
  76.02  170.60
  76.51   89.69
  78.16   50.97
  78.34   22.98
  78.65   73.89
  79.38   31.20
  80.12   75.84
  80.39   81.57
  81.48   87.40
  82.25   25.48
  85.49  116.70
  85.96   27.03
  86.43   88.46
  86.43   79.60
  86.48   52.60
  88.37  119.98
  88.57  100.54
  88.98   52.12
  89.10   75.52
  89.99   35.35
  90.68   98.92
  90.91  109.51
  91.65   90.93
  91.89   85.48
  92.74   75.69
  93.07   72.53
  93.25  104.01
  94.39   80.65
  95.28   32.07
  95.29  116.45
  95.32   49.68
  95.42   67.93
  95.85   87.14
  96.77   74.37
  97.07   57.42
  97.13   61.77
  98.91   79.23
 100.45   84.82
 100.77   88.31
 100.84   51.19
 100.85  113.35
 101.42  108.78
 101.47  210.75
 101.66   61.09
 101.90   76.80
 104.71   81.57
 105.05   84.57
 105.48   97.20
 105.82   55.04
 106.12   66.96
 106.33   61.26
 106.77   49.03
 107.33   46.05
 108.16   28.51
 108.51   28.92
 108.98   84.91
 109.14   93.11
 109.45  110.91
 110.13  116.67
 110.48   68.96
 110.75   49.75
 112.73   77.93
 112.78   85.52
 113.29   70.82
 113.91   54.01
 114.87  114.51
 115.15  117.56
 116.06   78.22
 116.78   82.99
 117.56  105.11
 117.65   57.75
 118.78   37.36
 118.87   75.68
 119.57  125.68
 119.63   49.33
 119.82   59.51
 120.37   71.70
 120.47  113.58
 120.80   83.87
 122.08  122.81
 122.53   63.44
 124.34   81.72
 125.95  128.26
 126.92   68.45
 127.96   52.27
 128.92  129.01
 129.35  135.09
 130.75  113.14
 130.93   71.61
 131.11   77.65
 131.16   68.10
 131.29   21.49
 131.55   81.04
 131.66  136.05
 131.95  133.43
 134.26   28.96
 134.98   16.25
 135.03   82.57
 136.91   71.70
 138.47   80.65
 138.70   76.87
 138.96  135.38
 139.62  127.68
 141.81   74.45
 142.06   58.45
 142.10   17.60
 143.64  124.73
 144.27  174.06
 144.73   75.98
 144.73   55.38
 144.80  129.79
 145.27   71.68
 147.15   67.71
 147.40   90.04
 148.38  136.56
 150.08   71.06
 151.97   83.15
 152.39   73.07
 153.30  135.08
 153.35   84.57
 154.53  121.59
 155.73  137.11
 155.84   84.02
 155.91   77.12
 156.62  124.82
 156.64  127.80
 157.95   82.50
 158.61   88.43
 160.52   74.71
 161.18  119.40
 161.29   85.71
 161.66   80.46
 162.93  131.73
 164.82   66.33
 165.12   81.16
 165.24   76.43
 165.28   57.70
 168.22  121.19
 169.65   81.54
 169.67   75.45
 169.76  146.49
 170.56  116.47
 172.11   71.74
 173.49   68.95
 174.06   81.22
 174.38   76.61
 175.02   89.55
 178.90   82.33
 179.14   76.31
 182.92   90.03
 183.74   81.91
 183.88   77.46
 186.18   73.01
 187.83  113.44
 188.33   82.88
 188.62   76.71
 190.52   67.68
 192.10   79.03
 193.33   82.88
 193.45   78.48
 194.79  179.84
 195.49   14.59
 195.74  177.76
 195.78  177.73
 198.33   84.25
 198.40   92.57
 198.52  182.91
 198.62   77.71
 198.65   77.74
 199.09  176.47
 199.46   74.18
 203.78   90.51
 203.87   82.45
 205.29   93.38
 205.32   95.16
 208.15   87.24
 208.64   93.86
 212.50   91.08
 214.25  126.57
 214.46  129.25
 217.10   91.61
 219.40   88.19
 220.69   92.16
 222.06   27.65
 223.10   88.80
 224.79  130.43
 225.37   93.33
 226.23   36.77
 227.36   95.72
 227.88   28.37
 228.33   28.47
 228.54   92.22
 228.58   90.81
 229.94   86.48
 231.00   25.83
 232.85   89.82
 234.83   86.57
 236.56   89.33
 236.65   93.18
 239.79  159.16
 241.73  141.94
 242.08   32.93
 244.30  200.73
 252.42  151.57
 253.37   86.67
 257.29   95.83
 260.78   11.03
 261.06   59.56
 263.80   80.27
 265.24   96.62
 267.85   77.50
 269.26   72.13
 269.58   89.61
 272.02   79.45
 272.85  104.13
 273.03   93.67
 273.15   89.93
 274.50  103.03
 275.33   83.00
 275.53  100.48
 277.54   79.95
 278.83   98.75
 281.56  100.51
 283.52   82.06
