  18.01   13.57
  62.77   76.95
  69.68   18.40
  74.13   21.93
  75.12   74.34
  75.14  121.09
  75.85   89.74
  77.69   47.24
  77.99   72.01
  78.83   94.68
  79.23  124.17
  79.65  131.72
  79.98   88.31
  80.01   75.63
  80.10  113.38
  80.19  161.01
  80.44  140.09
  80.61  170.47
  83.20  116.26
  83.42  111.42
  83.48   93.87
  84.10  194.11
  84.33   81.98
  84.74  121.13
  86.27  179.01
  86.62  165.58
  87.11  136.18
  87.54   67.41
  87.55  199.92
  88.39  127.06
  88.42   98.63
  88.59  180.62
  88.96   87.01
  89.12  193.01
  89.43   56.67
  90.12  128.24
  90.34   61.38
  91.29  111.17
  91.31   75.36
  91.33  133.13
  92.17  189.17
  93.40   96.13
  93.48  106.95
  93.55   77.98
  93.63   97.27
  94.76  126.75
  95.47   61.25
  96.02   68.09
  96.71  117.44
  96.96  112.96
  97.55   81.97
  97.89  129.29
  97.99   64.43
  99.62   75.90
  99.66   57.00
 100.23   78.16
 100.74   61.40
 101.55   93.27
 101.77   99.88
 102.13  194.02
 102.25  113.17
 103.40  136.68
 103.62  114.62
 105.27   74.08
 105.28  183.78
 108.54  183.41
 108.79  101.28
 109.03  180.64
 109.04   61.75
 109.14   51.71
 109.71  107.50
 109.96  101.92
 110.08  175.61
 111.54   55.85
 111.59   60.24
 112.27   84.25
 112.29  120.84
 112.61   84.73
 112.66  119.67
 113.10  177.31
 113.61  183.08
 113.90  135.66
 114.06  130.52
 114.20  180.02
 116.59  122.37
 117.57  130.41
 117.57   89.63
 117.70  100.02
 117.73  174.56
 121.10  114.84
 121.74  115.43
 124.66  113.02
 127.84  100.26
 128.11  108.03
 129.59   29.85
 129.81  183.93
 130.07  101.71
 130.43  152.43
 132.23  189.48
 134.39  185.79
 135.98   65.65
 136.10   50.02
 136.15   95.24
 136.25   81.22
 136.37   41.78
 137.78  179.76
 138.04  187.60
 138.97   77.20
 139.62  181.88
 140.87   99.09
 140.98  150.86
 141.02  125.14
 141.33   99.04
 141.64  184.76
 142.07  179.52
 142.61   31.01
 142.91   73.38
 143.59  122.63
 143.91   74.87
 144.37  181.86
 145.76  100.85
 146.05   80.17
 146.11   86.40
 146.12   61.16
 146.77   69.57
 146.78   50.62
 148.54   92.16
 148.80   51.17
 149.49   90.48
 150.99  151.25
 152.07   63.40
 152.87   72.19
 153.24  209.46
 153.33  146.74
 154.92   98.07
 156.90  115.14
 157.27  122.08
 157.69  154.24
 157.81  157.12
 158.63   70.31
 159.71   57.93
 159.93   62.37
 160.02   85.08
 163.66  107.25
 164.09  150.07
 164.35  108.46
 166.10  144.84
 166.12   98.10
 166.34  143.10
 166.62  131.15
 167.06   69.13
 167.49  133.74
 169.00   82.36
 169.90  116.69
 173.09  113.56
 176.10  109.97
 177.32  132.52
 177.62  203.86
 177.73  118.35
 177.94  125.35
 178.75  101.79
 178.83   33.93
 178.89  146.14
 181.22   48.25
 181.97   47.65
 183.41  113.63
 183.58  121.91
 185.79   45.44
 187.40   63.92
 187.44   69.19
 187.64   98.64
 190.51   98.52
 190.52  129.30
 191.23   98.46
 192.15  210.86
 192.86   91.27
 193.66   64.16
 193.91  161.45
 193.95  102.50
 194.22  201.49
 194.68   48.03
 196.20  126.03
 196.93  117.28
 196.99  209.92
 197.07   98.31
 197.16   69.44
 197.18   57.51
 198.41  142.56
 198.78  119.64
 199.61   94.77
 200.58  209.16
 200.91  129.67
 201.10  102.05
 205.44  148.26
 205.56  199.01
 206.56   98.21
 207.06  207.49
 208.49  108.83
 209.36   68.82
 209.88   92.07
 210.53  146.51
 211.05  120.80
 211.63  147.62
 213.47  202.06
 213.72  206.12
 215.70   37.25
 218.91  195.41
 219.02  110.00
 220.06  101.13
 220.45  104.94
 222.80  117.62
 222.90  113.76
 225.61  116.27
 225.78  198.53
 226.32  198.70
 226.53   60.22
 227.25   47.68
 227.28   98.39
 227.67  203.15
 230.18  157.64
 230.26  161.14
 230.32  157.13
 230.60  194.67
 231.61   64.07
 232.40   71.97
 232.97   93.26
 234.16   73.83
 234.27   74.27
 234.66   66.99
 234.68   82.88
 235.10   54.51
 235.23   87.09
 235.24   98.53
 235.55  132.91
 236.57  199.22
 238.85   85.35
 238.88   73.96
 240.36  196.00
 244.35  198.56
 245.24  198.82
 246.59  199.01
 246.72  149.95
 248.46  137.64
 249.59   29.05
 249.88   49.77
 251.16   48.90
 253.27  203.86
 253.80   40.75
 259.49   43.46
 259.73   41.21
 264.79  191.11
 266.17   99.53
 266.20  102.08
 266.68   75.90
 267.11   86.21
 268.18   97.53
 268.36  200.04
 271.16   93.86
 271.28   84.01
 272.09  185.57
 272.75  206.74
 272.79   76.29
 272.88  151.96
 272.90  188.40
 287.50   72.40
 291.31  143.64
 300.12   83.58
 300.35  208.06
 301.19  181.90
 306.04   99.34
 310.73   78.41
 314.36   98.13
 314.92   78.48
 315.19  101.93
 315.96  176.40
 318.98   85.02
 319.28   67.68
