   7.21  167.87
   8.30  143.16
   9.33  159.49
   9.49  166.20
   9.99  174.63
  10.81  191.21
  17.30  180.69
  18.77  183.16
  24.01    8.40
  26.51  165.57
  27.92  166.94
  28.15   37.48
  28.37   52.02
  28.46  101.59
  28.54   27.49
  28.85  131.54
  29.36  105.75
  29.52   90.90
  29.81   85.24
  29.96   21.17
  30.31   76.72
  30.41   70.42
  30.42  186.20
  30.73  126.36
  30.83   81.72
  31.35  144.37
  31.55  156.69
  32.07   87.72
  32.45  147.91
  32.84   66.35
  32.93  134.18
  33.00   33.09
  33.01  100.68
  33.23  159.02
  33.25  139.40
  34.38   23.78
  34.71  150.38
  35.53  144.94
  36.35  155.49
  36.55   36.94
  37.35   89.20
  37.67   57.56
  37.89   69.33
  37.95   99.17
  38.16   63.97
  38.30  115.31
  38.32   82.26
  38.61   61.51
  38.73   86.85
  38.97   95.03
  39.08   91.18
  39.18  108.92
  39.58   21.88
  40.29   40.47
  40.71   28.28
  40.89   30.77
  41.39   43.43
  41.42   53.28
  41.54  117.70
  42.08   79.40
  42.17   24.41
  42.48   22.80
  42.53   38.48
  42.73   31.04
  43.07   51.83
  43.29   65.34
  43.56   50.34
  43.78   90.95
  44.19   87.33
  44.22  102.86
  44.30   98.98
  45.13  113.58
  45.25    8.53
  45.30  116.88
  47.05   88.77
  47.55  174.72
  47.70  119.08
  47.75  100.25
  48.10  113.83
  52.16  157.96
  54.83   85.98
  55.92  140.23
  56.82  140.91
  57.06   52.56
  57.46   87.84
  57.53  110.39
  59.95   99.17
  60.24   77.19
  62.26   48.93
  63.78  128.08
  67.43   53.25
  68.41   87.32
  69.13  109.86
  71.20  155.90
  79.68  156.80
  80.01  154.20
  80.43  126.84
  86.77  145.66
  87.38  154.33
  87.85  157.30
  90.17   86.80
  90.57  104.92
  90.91  110.84
  90.93   55.56
  91.56  212.45
  91.79   86.26
  92.31  107.15
  94.31  126.58
  95.20   96.31
  97.37  147.79
  97.91  104.65
  98.12   86.57
  98.20  110.97
  99.14   86.26
  99.24  156.18
  99.86  206.92
 100.80  123.13
 103.18  156.65
 104.80  141.16
 105.67  140.22
 106.19  148.86
 106.79  157.01
 112.33  146.02
 113.79   58.42
 115.12  105.21
 115.60  113.35
 116.15   60.87
 116.25  143.46
 117.04  148.72
 117.20  212.85
 118.86  139.62
 119.27   95.39
 119.69  151.28
 119.75   84.66
 119.84   54.62
 119.94  194.39
 120.04  199.10
 121.52  107.37
 122.51   63.03
 124.59   91.16
 125.91  150.87
 127.42  145.48
 127.49   83.12
 127.61   58.13
 127.63   50.86
 127.87   72.35
 127.90   81.60
 127.95   62.94
 127.96   91.65
 128.14   88.29
 135.90  145.16
 137.92  184.35
 139.74   51.56
 140.11  149.31
 140.87  195.47
 141.01  200.58
 141.11  207.19
 141.42  180.47
 142.54  108.87
 142.67  100.34
 143.98  210.45
 144.04  174.83
 145.29  149.61
 148.40  178.36
 150.03  202.96
 150.19   95.90
 153.07  174.52
 154.09  179.28
 155.88   42.55
 156.49  192.61
 156.50  197.24
 157.12  184.48
 158.79  193.86
 158.94  131.70
 159.37   22.73
 167.15  210.79
 167.62  203.81
 172.05  203.15
 175.79  163.44
 175.96  205.24
 176.68  201.59
 180.32  102.93
 181.00  160.42
 182.07  205.02
 182.58   91.43
 183.11   91.79
 184.69   47.82
 187.10   52.03
 189.25  151.57
 190.04   98.21
 190.07   54.79
 193.76   55.70
 197.91  178.98
 200.95  185.93
 202.87  160.19
 207.43  184.94
 207.80  170.00
 208.54  151.11
 210.80  157.45
 214.78   77.95
 216.01   94.73
 217.58  158.23
 218.27  180.30
 220.97  144.82
 225.23  187.23
 225.47  196.89
 226.57   91.55
 227.81   84.05
 228.66   84.51
 228.77  146.73
 229.14   84.78
 229.75  101.24
 231.07   23.98
 239.56   27.23
 256.70  207.13
 260.93   78.08
 274.33  206.21
 279.62  198.84
 279.76  189.28
 279.82  183.46
 280.38  194.65
 281.09  206.92
 281.28  205.09
 282.77   31.25
 282.78   52.55
 284.17  195.21
 286.49  193.01
