  10.06   69.80
  12.90   72.07
  17.50  106.40
  19.88   98.03
  32.94  105.41
  34.49  121.83
  35.54  144.68
  36.71  152.35
  37.42   92.01
  37.68  118.16
  38.11  139.24
  38.66   98.39
  38.86  155.99
  39.54  108.26
  40.47   82.83
  40.77   47.67
  42.49   57.05
  42.73  113.28
  42.77   80.56
  43.12  143.71
  44.76   78.20
  44.96  119.40
  48.26   45.08
  49.06  110.14
  49.33  110.32
  49.44  123.79
  50.79  168.58
  50.92  117.15
  51.48  102.46
  52.30  117.52
  53.53   91.34
  54.37  110.82
  54.60  123.29
  54.81  127.33
  56.53   97.29
  58.38   29.94
  58.63   86.96
  58.81  110.04
  58.87  204.16
  59.36  100.41
  60.57  135.86
  60.68  123.54
  60.72  126.89
  61.45  107.12
  63.18   54.49
  64.53  105.05
  64.94  188.12
  66.66  100.54
  66.87  115.80
  69.14  107.80
  69.18   72.92
  70.38  107.39
  72.55   98.40
  72.58   58.71
  72.90  192.83
  74.13  124.46
  74.59   66.51
  75.02   94.64
  75.35   79.15
  75.59   84.11
  75.66  118.04
  76.90  162.20
  78.59  158.42
  79.56   78.05
  80.07  119.51
  80.39   98.52
  80.45  132.67
  80.88   59.73
  82.22   92.42
  82.57  128.36
  82.75   77.34
  82.77   98.64
  83.15  162.86
  84.00  106.67
  84.24   68.05
  84.55   75.13
  84.58  118.92
  84.77   59.43
  85.05   88.72
  85.14  145.88
  85.91   81.97
  86.90  114.20
  87.10  150.07
  87.41  166.74
  87.91  107.36
  88.44   86.75
  88.73  167.45
  88.77   97.59
  88.83  167.51
  88.89  101.54
  90.12   82.88
  90.27  175.86
  90.77  128.16
  92.64  143.78
  92.84  131.02
  92.89  100.74
  93.01   65.02
  93.18  143.75
  94.28   58.59
  94.61  137.28
  95.10   54.30
  96.60   87.95
  97.00   83.78
  97.76  195.37
  98.20  107.54
  98.80   83.01
  99.90  113.21
 100.03   49.92
 100.12  157.50
 100.26   66.53
 100.33  144.29
 101.74   56.39
 102.39   74.35
 102.61   87.72
 103.47   95.29
 104.41  139.26
 104.55   63.36
 104.67   79.70
 105.59  115.44
 106.61   57.13
 106.86   70.08
 107.17  102.97
 108.42  104.53
 108.47   87.94
 109.02   52.77
 109.06  111.82
 109.23  168.95
 109.52  164.48
 109.73  100.69
 109.89   52.73
 110.21  130.47
 112.32  131.81
 112.88  106.15
 113.44  113.53
 113.90   63.98
 114.06   52.40
 114.07  135.09
 116.07  140.71
 116.32   87.78
 116.40  130.53
 116.81  192.16
 116.88   47.49
 117.03  125.66
 117.17  103.82
 117.26   93.35
 117.32  172.36
 117.37  109.69
 118.01  153.96
 118.08  161.83
 118.44  156.95
 119.19  170.60
 119.27  128.39
 119.45  152.20
 119.86  138.20
 120.01   83.05
 120.26   99.23
 120.31  106.95
 121.59  100.45
 124.48  111.73
 126.64   62.36
 127.04   58.29
 127.32   78.90
 128.23  137.69
 128.92   81.59
 129.84   74.99
 129.96   41.03
 130.63   89.91
 130.66   68.93
 130.89  114.04
 132.25  102.42
 132.81   62.44
 133.68   44.60
 134.16  106.95
 134.20  108.28
 134.39   96.54
 134.42   84.05
 134.57   87.21
 134.92   91.95
 135.02   77.67
 135.55   99.56
 135.80   71.91
 138.10  110.79
 138.44  172.32
 141.59   83.49
 142.63   48.70
 144.15   76.28
 145.26   90.19
 146.27   28.82
 149.35   84.65
 149.56   44.25
 151.27   87.90
 152.91   44.11
 153.19   32.94
 155.09   68.92
 155.45   76.82
 158.68   35.73
 160.62   28.17
 160.99   68.69
 161.19   80.34
 161.74   99.82
 162.47   33.19
 163.52   37.14
 163.78  129.71
 164.78  104.05
 165.46   31.13
 166.02   26.38
 166.46  106.24
 168.39   80.23
 169.57  136.27
 170.03   94.85
 172.05  104.85
 172.54  120.49
 172.55   87.42
 172.89  129.01
 175.43  108.16
 176.33  123.59
 176.94  205.71
 177.18   64.18
 178.80   85.11
 179.50   93.74
 180.93  109.14
 180.96  203.11
 181.17  129.84
 182.35   48.91
 183.30  164.06
 184.81  172.50
 189.04   59.03
 189.39   45.90
 190.24   73.51
 190.60   37.13
 192.00  175.16
 193.00   62.40
 194.03   82.76
 194.28   97.12
 195.99   14.17
 196.65   27.33
 196.67   55.94
 200.14   49.11
 201.09   87.70
 201.96   44.82
 202.03   26.45
 202.24   22.00
 203.51   79.51
 203.54   60.61
 203.88   93.96
 203.91   87.93
 204.23  139.02
 204.52  139.16
 204.61   48.87
 205.49   30.08
 207.19   23.83
 207.55  153.30
 209.22  137.02
 209.74   27.79
 209.90  149.20
 211.56  141.66
 216.72  187.84
 218.79  180.82
 219.51  149.53
 223.59  146.52
 226.29   22.28
 230.71   20.51
 238.02   20.08
 242.61  209.50
 245.93  210.77
 247.58   21.73
 247.88   21.68
 251.78  196.91
 251.83  204.21
 254.03  183.82
 254.85  193.96
 256.04  184.66
 267.69   66.47
