   6.91   83.14
   8.15   86.06
   8.43  205.19
  10.50  101.85
  10.53  105.01
  13.45   86.54
  14.13   32.92
  14.13   90.05
  14.52  180.39
  14.94   45.33
  15.11  159.40
  15.30   45.28
  17.17   29.45
  18.01   83.85
  18.43  113.30
  18.54  101.69
  20.56   86.21
  21.67   46.12
  22.03  179.34
  22.46   81.69
  22.94   23.57
  22.97  108.43
  23.27  113.00
  23.60  107.57
  23.73  165.69
  24.02  203.10
  24.83   31.38
  25.34   28.95
  25.95  113.43
  26.27  117.34
  26.53   24.29
  28.18   43.40
  28.34   39.70
  29.82  194.39
  32.77  170.87
  35.87  194.91
  35.97  188.21
  36.29  161.65
  37.37  152.80
  37.70   51.68
  37.93  162.29
  38.16  177.85
  38.54  123.26
  38.62  170.53
  39.37   51.44
  42.24  118.45
  42.34  115.66
  42.39   50.71
  42.95  174.00
  45.71  100.68
  47.00  163.97
  47.20  170.24
  47.33   91.17
  48.63   40.43
  48.75   35.82
  50.20   30.29
  50.50  174.79
  52.28   84.53
  52.89   33.46
  53.74  103.73
  55.62  185.12
  55.82   27.46
  55.95  176.61
  57.98  151.76
  58.06  162.37
  58.32  156.06
  58.44  166.44
  59.52  103.59
  60.15  173.10
  63.84  117.63
  64.63   41.11
  64.98  121.44
  65.37   45.29
  66.20  104.77
  66.23  117.80
  66.57   76.32
  69.28   39.70
  70.92  174.45
  70.96  161.69
  72.25  102.23
  74.94   44.36
  76.17   38.93
  76.55   37.03
  78.96  204.42
  79.37   46.16
  81.66   73.80
  82.70   43.02
  85.51  101.96
  87.28   47.17
  87.35   35.81
  87.37   47.38
  87.66  178.04
  88.46  102.25
  89.36  208.99
  89.87  183.45
  90.08  173.23
  90.40   35.18
  90.45  127.78
  90.46  160.43
  90.55  150.12
  91.77   86.85
  92.30  116.10
  92.54   60.72
  93.19   99.73
  94.22   51.85
  94.55   37.96
  94.85   75.60
  94.87   36.54
  95.17   69.53
  95.28   61.54
  95.44   89.74
  96.52   74.59
  96.61  105.71
  97.65   71.81
  98.40   92.51
  99.18   78.75
  99.42  118.93
 100.48   44.39
 100.79   70.24
 101.08   60.69
 101.71   41.79
 101.83  110.61
 102.76   42.71
 102.98   95.32
 103.76   99.60
 105.46   47.07
 105.72   76.42
 105.77   61.67
 106.25   35.48
 106.75   65.85
 106.87   81.18
 107.74   41.51
 108.84   63.76
 108.90  127.51
 109.33   38.54
 109.90   99.05
 110.21   60.91
 110.98   85.04
 111.21   66.85
 111.63   75.37
 114.07   50.05
 116.46   53.00
 116.59  126.86
 117.74   68.33
 118.42   40.72
 119.13   50.63
 122.64  111.68
 123.04   53.59
 123.25   44.98
 124.28   87.32
 125.20  121.79
 128.04   50.38
 129.28   44.68
 129.31   54.38
 129.98   61.17
 131.44   69.81
 132.01   70.75
 132.27  114.55
 136.41  104.22
 136.44   62.01
 136.44   43.78
 137.51   49.84
 137.59   77.14
 138.65   68.93
 138.72  157.51
 139.46   74.99
 139.68  108.22
 139.82   92.57
 139.93   83.84
 140.39  177.10
 140.40   81.01
 142.38   65.70
 142.85   71.72
 143.35   76.26
 143.48   50.57
 143.59   60.50
 143.99   80.62
 144.82  121.24
 145.20  191.03
 145.49  158.78
 145.71  178.77
 145.83   43.59
 146.18   90.28
 146.39  168.77
 146.71  111.96
 146.82   55.27
 147.17   73.20
 148.36   49.31
 148.92   92.91
 148.95   76.51
 149.31   65.92
 149.57   53.55
 150.92   68.51
 151.07   46.39
 151.27   78.91
 151.56   59.98
 151.85   72.15
 151.97  177.04
 153.22   86.74
 153.32  160.99
 153.55  104.64
 154.15   75.56
 154.20   90.44
 154.36  175.32
 155.69   78.74
 155.75   64.38
 156.44  110.58
 157.49   65.54
 158.01   48.42
 158.36   93.23
 159.04   90.30
 159.63  114.67
 159.85   49.40
 160.30   96.13
 161.91   86.48
 162.06   78.47
 162.81   53.52
 163.18  113.10
 165.43  177.47
 165.64   95.25
 166.29  171.38
 167.14   54.33
 167.76   50.64
 169.54   83.83
 169.90  118.65
 170.08  120.44
 170.18  123.40
 170.36   56.43
 170.50  147.62
 170.59   74.45
 171.10  173.77
 171.30   81.52
 172.04   71.69
 173.40  120.76
 173.76   81.81
 173.84   89.46
 173.85  162.86
 175.23   75.91
 175.65   27.74
 175.86   98.64
 176.41  124.67
 176.76  175.28
 177.48   84.66
 177.52  156.95
 177.65   64.89
 177.86  147.43
 178.21   56.57
 179.27   95.27
 179.64   53.13
 181.35   56.60
 181.75   99.07
 182.03  149.38
 182.27  175.60
 182.47  136.09
 182.55  170.06
 182.68   96.60
 182.94  116.98
 183.83  161.34
 183.97  111.29
 185.36   59.63
 186.43  156.85
 186.69   57.02
 187.12  104.43
 187.50   63.24
 187.52  131.51
 187.92  153.54
 188.47  115.63
 188.80  159.22
 189.19  171.19
 189.43   50.44
 190.14  100.54
 190.21  117.75
 191.51  163.15
 191.88   69.56
 192.09  168.43
 192.70   97.26
 193.18  165.17
 193.94   96.52
 195.62  102.25
 197.44  170.01
 198.39  104.03
 198.41  116.64
 199.22   98.04
 199.50  128.79
 199.77   62.45
 200.36  110.09
 201.21   63.43
 203.78  134.51
 204.81  113.26
 207.28   63.72
 208.85  117.67
 209.47  120.28
 209.56  158.26
 210.10   65.72
 211.39  161.48
 211.52   67.84
 212.15  147.49
 214.54   63.12
 215.20  167.76
 217.80  130.09
 217.92  163.07
 218.03   90.06
 219.76   93.05
 219.80  122.16
 220.02  160.84
 220.24  134.94
 221.12  137.61
 221.17  113.50
 222.01  103.28
 222.73   63.23
 222.74  161.82
 224.03  119.85
 224.18  120.65
 224.27  118.06
 225.03   93.07
 225.37  111.99
 225.66  169.12
 225.82  174.12
 227.39   68.16
 227.87  133.64
 229.43   97.60
 230.64  122.83
 230.76   56.22
 230.97  106.33
 231.92  127.69
 233.15  118.95
 233.42  176.27
 233.43  176.31
 234.07  123.95
 234.30   91.45
 234.53  110.80
 234.67  124.28
 235.04   75.95
 235.20   64.13
 235.69   99.95
 237.38   23.96
 237.54  111.72
 237.90  105.86
 238.22   75.34
 238.40   70.59
 238.46   66.13
 240.38   80.75
 240.93   72.85
 249.59   47.98
 251.74   40.57
 253.04   35.98
 253.18  183.82
 254.49   38.80
 255.06  170.89
 255.07  137.40
 257.15  132.05
 257.95  153.75
 258.13  212.88
 258.29  165.56
 259.06  176.94
 259.33  172.96
 259.64  129.59
 260.18  158.24
 261.36  141.04
 262.52  146.87
 263.29   39.96
 263.38  190.35
 263.97   50.11
 264.41  162.32
 264.57  150.38
 265.26  173.03
 265.51  199.27
 266.12   46.51
 267.66  193.56
 267.83  183.77
 268.27  179.64
 268.65  197.79
 269.11  180.41
 269.91  188.95
 270.15  139.90
 270.23  209.23
 270.27  199.44
 271.73  179.77
 273.05  187.48
 274.38  162.97
 274.48  138.95
 274.76  209.94
 274.78  135.83
 275.49  152.70
 276.79  178.05
 277.70  157.84
 278.04  156.64
 279.94   47.38
 281.49  188.72
 282.58  210.66
 282.79  204.46
 283.58  157.01
 284.57  148.44
 285.95  116.27
 286.50  104.62
 287.12  156.01
 287.27  172.73
 287.32  207.01
 287.84  164.80
 288.69  130.89
 289.80  116.23
 290.05   45.92
 290.11   39.03
 291.11  146.65
 293.54  212.57
