   8.06  195.07
  16.93   93.02
  17.22  182.94
  20.69  132.28
  26.10  188.32
  26.69  192.73
  27.64  202.75
  32.31  128.21
  34.52  120.70
  39.39  120.59
  43.00  103.41
  44.43  123.02
  45.76   99.35
  46.74  103.58
  46.95  106.70
  49.99  102.79
  50.02  119.87
  52.47  100.27
  52.67   69.18
  52.77   68.58
  53.21   75.17
  59.09   75.65
  61.93  140.96
  66.41  142.92
  67.66   50.33
  68.40  153.22
  69.27  147.35
  69.52   45.34
  70.92   50.52
  71.34  137.46
  71.34   78.32
  72.63   13.80
  73.41  155.35
  74.58   62.47
  74.62   10.00
  78.51   41.65
  79.04  137.58
  80.99   33.92
  84.58  115.93
  85.89   15.21
  86.46   73.14
  87.13   44.09
  87.45   12.18
  87.96   34.19
  88.13  168.58
  88.91  117.86
  89.20  142.89
  90.76  165.10
  91.79  109.69
  92.63   15.63
  94.25   84.35
  94.54   34.45
  94.68   99.48
  95.58   24.33
  96.60   80.90
  96.72   31.77
  97.67  113.12
  97.75  121.20
 100.29  209.88
 103.27  210.93
 103.69  139.63
 104.10  114.69
 104.52   16.32
 104.61   84.02
 105.73  187.30
 105.82   44.23
 106.42  108.46
 106.88   79.93
 107.29   86.43
 107.49   34.99
 108.69  150.01
 108.92    7.56
 110.07  203.27
 110.27  135.73
 110.28  109.72
 111.80   79.60
 114.57   30.72
 115.87  205.62
 117.14   55.95
 117.61  202.66
 117.64   68.89
 119.68   20.56
 119.97   34.98
 120.71   92.05
 121.01   98.09
 121.57  200.16
 121.68  104.11
 122.59   82.06
 123.08   44.58
 124.27   97.09
 124.65  170.54
 125.27   29.43
 125.71  197.81
 125.81  144.63
 126.32   68.68
 127.35  201.04
 127.66   72.75
 128.15  102.19
 128.32   86.92
 129.64   54.16
 130.08   96.43
 131.06   19.47
 131.50   93.44
 131.94  185.56
 133.23   76.77
 133.48  122.93
 133.93  120.92
 134.24   83.39
 134.46  197.98
 134.51   52.58
 134.78  188.22
 135.11   42.92
 135.11  193.85
 135.58   73.46
 135.91   96.11
 136.49  190.97
 136.82  117.75
 139.66  104.84
 142.50  194.64
 147.86  188.68
 148.82  191.84
 149.98   82.85
 150.35   19.39
 152.14  100.90
 152.34  186.74
 152.34   16.50
 153.64   46.46
 153.68  103.06
 154.31  189.28
 154.58   84.71
 154.70   92.99
 155.14  134.34
 155.30  185.56
 155.48  160.37
 155.74  139.12
 156.02   78.06
 156.04   79.59
 156.11  118.05
 156.49  136.93
 157.29  114.08
 157.29  164.92
 158.31  118.94
 158.45  174.63
 158.64   95.59
 160.54  119.62
 161.71   81.36
 162.14   30.17
 162.22    8.39
 162.24   38.62
 163.05  134.66
 163.30  183.29
 163.93   79.70
 165.15   60.18
 165.28   81.43
 165.90   91.73
 166.06  125.68
 169.16   67.10
 169.17   67.00
 169.89   48.09
 170.75   59.93
 171.28   73.66
 171.46   77.88
 171.68   84.60
 173.82   72.20
 176.02   79.19
 176.14  112.07
 178.12  123.43
 178.24   94.32
 179.78   77.06
 180.94   97.57
 181.17   93.77
 181.71  106.01
 181.94   79.83
 182.72   47.50
 182.88   41.25
 184.27   89.68
 184.54   26.11
 186.70   45.07
 187.01   55.00
 187.33  106.33
 187.78   72.70
 188.18   51.51
 188.21   37.71
 189.98   33.96
 190.22   34.17
 191.98   86.20
 192.27   94.95
 192.78  120.16
 192.80  180.84
 195.39  154.93
 195.49  161.42
 196.46  125.16
 198.39  111.58
 199.42   85.38
 200.71   89.29
 200.86  101.16
 200.97  174.38
 201.69   56.37
 202.09  179.44
 203.86  195.16
 206.77   95.73
 206.99   19.69
 207.58  108.23
 208.05  179.58
 208.24  173.61
 209.25  197.58
 210.54  161.56
 210.57   84.07
 212.55  199.45
 216.11  105.86
 216.27   96.61
 216.42   74.35
 218.14   94.08
 218.53   18.74
 219.49   59.30
 219.79   51.66
 219.92  157.77
 222.45   21.75
 222.64  102.57
 222.85  104.91
 223.91   16.07
 225.24   76.04
 226.58  154.65
 228.42  157.58
 232.95   92.11
 233.19  159.32
 234.57   59.09
 234.90   69.07
 236.74   20.35
 237.65   85.43
 238.05   67.00
 239.10   65.91
 239.57  148.77
 242.22  200.16
 242.31   71.63
 242.44  192.00
 242.90  199.20
 243.54   90.21
 243.89   80.58
 246.92   93.32
 248.74  101.26
 249.74  112.16
 251.69   74.05
 254.25   92.03
 257.23  150.78
 257.59  150.68
 257.82  147.75
 259.93  156.06
 271.28   28.20
 271.62  141.24
 273.48  122.05
 276.55   20.41
 278.86  142.89
