  47.24   64.43
  51.47   81.10
  52.97   66.36
  75.46  156.95
  81.95  145.88
  84.44  143.56
  93.06  129.30
  94.05   97.77
  94.39  112.79
  96.31  169.31
  98.38   93.90
  98.43  102.21
  99.11  101.28
 101.85  151.53
 102.48   99.93
 105.15  107.30
 105.23  102.71
 107.19  113.53
 110.06  152.11
 110.62  137.82
 111.00  107.32
 112.17  149.29
 112.35  126.03
 113.09  148.21
 113.48  114.05
 115.52  127.58
 115.84  164.53
 116.00  109.65
 118.43  130.55
 126.01  124.99
 128.99   92.05
 133.38  115.17
 134.10   81.07
 135.32   92.04
 136.51   74.11
 138.89  102.34
 140.58   75.79
 141.23  115.63
 143.86  112.02
 146.83   82.30
 147.30  115.84
 147.40   93.02
 151.66  108.53
 154.42   77.20
 159.69  125.84
 159.70  103.78
 164.14   85.58
 174.89  124.88
 175.53  109.45
 176.11  104.46
 176.53   75.32
 177.77  149.40
 178.25  130.11
 178.35  102.24
 180.07  105.79
 181.42   81.38
 183.45   84.29
 186.96  132.13
 194.64   98.11
 196.22  125.90
 196.73  120.65
 205.24  109.96
 206.38   96.85
 207.62  132.55
 208.52  127.13
 210.37  184.73
 210.43  118.33
 211.94  198.91
 214.46  126.85
 215.00  187.67
 215.44  193.69
 215.69  104.80
 215.80  132.63
 218.13  199.26
 218.63   80.99
 220.14  184.50
 220.45  120.03
 221.55  127.58
 221.73  117.01
 221.83  109.82
 222.15  113.63
 222.38  200.47
 222.53  197.72
 222.98   81.07
 223.09  131.91
 224.06  160.82
 224.90  176.26
 224.97  144.40
 225.17  140.71
 226.27  102.81
 226.37  147.59
 226.84  142.63
 227.02  113.60
 229.39  102.33
 229.91  134.29
 230.07  151.23
 230.82   92.50
 230.83   97.35
 231.59  112.92
 232.50  110.07
 232.81  119.24
 233.13  105.79
 234.49  113.03
 236.04  126.35
 236.90  166.48
 237.10  114.49
 239.63   80.18
 243.12  105.36
 244.24  112.59
 244.84  122.24
 247.50   80.40
 248.81  105.82
 249.10  118.48
 252.00  103.50
 254.20  131.02
 254.70  106.02
 256.46  109.99
 257.10  154.14
 262.10  111.26
 262.79   90.13
 264.62  156.92
 265.29  108.84
 265.40  114.65
 265.73  122.14
 266.37   87.68
