   9.18  100.77
  10.96   78.90
  12.36   65.47
  14.47   62.58
  15.90   96.19
  16.46   97.00
  16.77   97.64
  17.99   84.59
  19.59   60.40
  21.85   45.80
  24.15   49.90
  25.67   85.23
  27.31   49.85
  27.76   57.48
  31.51   51.44
  31.51   47.07
  31.55   80.24
  31.57   47.09
  33.10   72.10
  33.11   94.42
  36.04   95.57
  37.33   86.76
  51.97  132.38
  52.88  125.41
  53.57  143.54
  55.06  105.55
  55.64  111.13
  55.83  162.31
  55.83  117.72
  56.60  118.53
  56.91  133.21
  57.37  158.60
  58.11  123.47
  58.15  108.38
  58.51  140.65
  59.31  148.08
  59.65  153.52
  59.96  127.86
  60.44  177.58
  61.07  174.65
  61.18  168.24
  61.51  142.72
  61.80  142.04
  61.92  153.90
  63.04  165.48
  63.36  138.56
  63.45  172.35
  66.62  175.46
  68.48  150.81
  68.67  158.28
  71.59  153.55
  74.47  170.11
  81.08  158.50
  81.59  176.48
  81.78  165.24
  82.10  169.95
  84.56  149.02
  84.59  154.29
  84.90  149.37
  85.58  172.32
  94.15  176.95
  97.12  143.00
  98.28  176.27
  98.37  132.86
 100.21  129.53
 101.36  142.84
 102.30  155.11
 104.46  133.89
 105.09  177.94
 105.61  142.70
 106.66  154.93
 108.75  137.90
 109.24   10.90
 109.37  133.36
 109.73  142.52
 110.49  104.24
 111.54  108.56
 112.57  133.28
 113.37  138.19
 113.38  111.72
 118.36  142.00
 121.80  102.11
 122.02  115.69
 122.51  141.88
 123.19  107.64
 126.15  131.19
 127.27  127.45
 128.98  123.48
 130.28  108.29
 130.98  115.82
 131.31  149.89
 132.37  136.82
 133.85  128.07
 134.29  133.09
 135.86  138.02
 137.70  108.32
 138.24  115.95
 140.27  138.35
 140.98  128.91
 142.95  135.34
 143.09  116.00
 144.26  138.51
 151.08   95.67
 152.68  141.92
 152.70  137.39
 156.75  141.73
 157.36  135.01
 159.16  128.08
 160.11  123.49
 161.19  142.11
 162.91  119.47
 163.46   23.27
 165.47  142.59
 165.95  120.65
 167.63  139.24
 170.85   27.82
 171.25  131.48
 175.46  131.63
 177.09  136.87
 177.89  129.04
 179.78  177.00
 180.60   10.99
 187.01  132.24
 197.17  155.91
 201.01  164.24
 203.30  170.73
 203.35  139.19
 204.37  154.64
 205.86  169.21
 209.82  150.39
 210.11  174.79
 210.26  159.25
 210.42  169.34
 214.68  121.20
 215.41  137.71
 217.95  170.17
 218.31  176.82
 219.21  122.35
 222.43  150.11
 223.47  132.33
 225.20  161.42
 228.88  130.95
 229.70  142.93
 231.26  158.12
 233.80  136.10
 236.59  120.99
 238.38  157.89
 239.90  123.87
 241.08  155.24
 242.31  142.25
 244.99  137.86
 245.44  194.13
 245.57  198.96
 245.63  127.00
 246.30  120.25
 248.89  149.87
 251.24  134.02
 251.57  138.78
 252.78  194.42
 254.00  202.64
 254.06  127.06
 254.08  134.48
 258.41  203.76
 259.40   67.27
 260.36  121.56
 261.05  205.75
 265.97  186.48
 267.07  196.19
 268.06  198.62
 269.91  188.52
 271.97  184.23
 272.53  172.23
 272.67  144.02
 273.24  188.65
 274.90  144.66
 275.39  156.29
 276.99  193.95
 277.34   53.19
 279.03  145.16
 280.36   61.06
 281.57   66.18
 281.60  197.56
 281.65   45.87
 281.80  190.03
 283.51  130.51
 285.08  201.20
 285.38   38.44
 285.72  184.22
 286.42  187.72
 286.83  210.35
 287.36   61.08
 287.68   40.11
 287.97   45.43
