  10.75  187.83
  11.14  163.66
  11.97   27.13
  16.12   72.89
  16.31   44.77
  16.94   20.88
  18.53  120.48
  20.45  123.78
  24.58  144.59
  24.83  123.52
  27.84   15.97
  28.17  142.04
  29.27   60.32
  29.41   34.62
  30.02   65.44
  30.07   35.37
  30.45  176.75
  36.07   66.07
  36.63   65.60
  36.71   28.98
  37.49   61.70
  41.59   63.01
  43.71   27.49
  47.29   66.92
  49.00   30.66
  51.27   71.46
  56.28   37.23
  64.62   60.09
  68.62   61.53
  69.11  179.76
  69.32  179.65
  70.01   32.89
  72.42  120.49
  72.97  120.91
  73.59  135.70
  73.77  130.89
  73.92  173.20
  74.65  129.97
  74.70   68.48
  77.69   32.83
  78.97   80.67
  79.28  100.31
  79.39  120.28
  79.40  140.67
  79.89  141.43
  81.91  139.50
  83.49   81.92
  85.98   32.72
  86.11  132.24
  88.45   33.88
  88.47   84.35
  88.48  112.19
  92.22   69.85
  92.33   30.04
  92.81  120.03
  92.82  134.98
  93.28   31.63
  93.71  153.24
  93.83  143.38
  95.57  166.65
  96.05   72.00
  97.16   35.30
  98.68  153.09
  99.12  173.39
  99.24  151.88
 100.45  148.34
 102.39   39.33
 103.01   70.25
 105.96  106.16
 107.63   36.60
 107.73  137.15
 108.66  163.74
 113.33   89.41
 113.64  126.21
 116.26   71.39
 117.09  113.51
 118.08  136.73
 119.20  123.72
 119.51  178.01
 120.34   41.14
 120.56   41.60
 122.36  132.33
 122.64   71.21
 123.02  150.75
 123.88  125.52
 124.23  167.07
 124.51  118.66
 124.72  144.87
 126.75  157.92
 128.13  163.58
 128.15  135.59
 128.77  151.53
 128.81  140.33
 128.83  145.49
 128.99  170.66
 129.14   33.82
 129.87  163.97
 129.89  156.07
 129.98  178.69
 130.63   73.38
 131.45   83.95
 131.82  182.15
 132.03  188.72
 132.27  192.73
 132.65  196.25
 132.88   39.57
 133.05   71.77
 133.60  150.03
 135.91   75.25
 136.25  134.08
 137.51  112.61
 137.56  138.52
 137.93  129.47
 138.26  173.59
 138.30  121.54
 138.44  173.56
 139.70  114.95
 140.02  149.77
 140.48  168.62
 141.71  112.66
 141.73  124.35
 142.53  109.21
 142.89  143.56
 143.36  157.01
 145.20   40.06
 145.35  111.38
 145.47  125.86
 145.54  143.69
 146.33  147.35
 147.48  168.42
 147.63   31.19
 147.85  114.36
 147.87  178.58
 147.94  183.91
 148.04  194.32
 148.31   34.39
 149.27   43.46
 150.52  196.91
 150.52  204.64
 150.68  188.20
 150.87  151.25
 150.89  158.22
 151.53   98.29
 151.63  142.52
 151.91   87.16
 151.96   31.55
 153.14  202.10
 153.87  172.20
 153.88   43.03
 153.95  177.74
 154.27   29.63
 155.56  157.85
 155.68   37.79
 156.78   31.77
 157.61  177.59
 157.93   83.94
 159.77  146.20
 159.90   35.78
 160.27  126.40
 160.43  120.99
 160.74   31.65
 161.42   91.74
 161.60   91.64
 161.99  118.86
 162.46  161.73
 162.52   27.59
 162.81  146.49
 163.59   35.94
 163.74   43.47
 165.02  168.13
 166.18   26.10
 166.19  161.34
 166.60   39.85
 167.75  148.87
 168.70   35.87
 168.93  166.74
 169.78  127.84
 170.18  163.25
 170.52   27.37
 170.69   42.78
 171.17   42.10
 171.42   31.61
 171.67  172.80
 171.75   37.30
 171.79  153.42
 171.93   31.47
 172.03  149.32
 172.04  163.24
 172.63  167.57
 173.77   34.88
 173.81  101.13
 174.27  170.99
 174.68  158.90
 175.85  131.04
 176.04   31.38
 176.24  168.16
 176.40  177.37
 176.41  149.18
 178.42  153.75
 178.46   43.37
 178.64  170.92
 179.21   36.53
 179.53  176.13
 179.63   87.21
 181.07  159.76
 181.20  149.01
 181.70  101.78
 185.49  113.53
 185.70   44.33
 185.95  145.55
 187.21  156.83
 187.29  122.21
 187.40  148.50
 187.45   39.46
 187.94  159.54
 189.61  125.45
 189.86  120.24
 189.95   88.93
 191.46  145.92
 193.39   45.28
 193.73   45.27
 193.94  107.92
 194.42  159.73
 194.69  122.66
 194.71  149.54
 194.79  145.17
 196.02  154.51
 196.91   45.80
 198.08  145.61
 198.51  178.66
 198.62  188.03
 200.27  121.45
 200.73  197.30
 200.83  202.00
 201.00  182.16
 201.37  147.97
 202.50  140.72
 203.29   41.09
 204.28  131.11
 204.29  179.28
 204.39  131.02
 205.40   86.45
 206.16   96.93
 206.31  151.37
 206.38  145.11
 207.01  119.64
 207.02  140.50
 207.58   92.12
 211.51   87.83
 211.77   51.10
 212.51  112.42
 219.45   70.34
 220.57   62.73
 221.04  112.90
 223.24   83.19
 224.45  119.81
 226.08  111.21
 227.05  100.13
 228.11   69.74
 228.30   94.53
 233.00  116.35
 233.12  109.91
 233.95   72.32
 233.99   19.76
 235.43   35.78
 236.41   19.87
 236.60   31.68
 236.76   87.29
 237.36  106.87
 238.85   19.53
 239.21   36.02
 240.36  102.63
 243.13   60.15
 243.45  107.80
 243.62   51.31
 246.19   97.12
 250.84   87.40
 251.12   47.37
 252.06  107.31
 252.17  101.40
 255.11  112.82
 255.13  112.94
 256.79  106.16
 258.18   48.12
 259.11   97.81
 260.32  107.70
 260.90   45.40
 260.94   40.87
 260.94   49.47
 261.63   78.16
 261.77   88.00
 261.85   98.96
 262.89  102.43
 265.68   79.97
 266.98   75.50
 267.14   84.63
 272.69   50.21
 280.42  119.83
 283.12  122.63
