   8.52  209.00
   8.67  156.95
  12.73  199.58
  15.42  129.51
  16.07  165.23
  16.43  142.78
  16.48  132.51
  16.95  181.64
  17.58  162.18
  18.13  102.26
  18.71  109.72
  18.78  102.30
  18.98  161.03
  19.44  153.97
  19.79  179.43
  20.22  112.85
  21.68   46.99
  22.16  117.87
  22.37  178.19
  22.69  130.62
  22.94  188.57
  23.01  147.36
  26.93  144.63
  27.21  134.56
  29.10  121.50
  29.64  186.17
  30.13  102.02
  30.15   82.28
  30.20  125.45
  30.47  143.03
  30.54  181.92
  30.81   65.96
  31.30  180.57
  32.32  188.30
  32.42   80.33
  32.90  202.71
  33.19   42.89
  33.87   34.47
  33.95  136.79
  34.25  157.09
  34.38  167.03
  34.68  175.80
  34.72   45.71
  34.96  170.37
  35.07  195.58
  36.35   78.24
  37.03  127.53
  37.42   47.18
  39.64  194.43
  40.30  133.19
  41.80   41.18
  42.38  162.79
  43.06  140.05
  43.54  175.70
  43.69  176.02
  44.38  155.89
  44.54   51.92
  44.85  154.76
  47.20  121.85
  47.48  170.17
  48.46  143.64
  49.71   74.86
  52.09  154.36
  52.33   38.51
  53.17  148.38
  54.68  136.98
  57.26   44.11
  57.96  133.12
  58.19  151.58
  60.36   73.92
  61.65  183.56
  62.02  156.12
  62.20  187.63
  62.57  193.43
  63.16  190.66
  64.10  180.38
  64.60  180.52
  67.44  149.13
  68.69  167.55
  69.37  186.92
  69.58  138.97
  70.08  153.45
  70.47  160.84
  70.47  170.93
  71.26  181.17
  72.02  143.38
  74.96  161.70
  75.40  202.88
  75.44  202.53
  77.37  180.40
  77.91  159.32
  78.42  198.26
  82.10  164.03
  83.22  199.76
  83.64  200.15
  83.64   20.87
  84.50   27.35
  84.89  180.79
  85.67  114.56
  88.58  157.95
  89.14   29.44
  89.85   75.40
  92.00  181.58
  92.59   97.49
  93.67   66.95
  94.63  203.10
  95.91   72.16
  95.98   20.93
  97.29  199.48
  98.56   74.84
 100.76  164.88
 102.73  179.67
 102.92  143.55
 103.66  171.68
 103.90  178.93
 105.98   95.79
 106.34   25.84
 106.73  120.80
 106.90  192.05
 111.13  166.32
 111.61  171.18
 113.17  190.89
 114.73  179.18
 114.85  136.37
 114.88  173.21
 115.33  125.86
 116.03  116.00
 116.49  116.63
 116.88  124.26
 117.83   95.21
 119.07  133.25
 119.22  141.18
 119.84   48.47
 120.33  121.07
 120.75  125.99
 122.46  143.80
 122.50   89.39
 122.67  131.78
 123.98   35.14
 125.37   81.70
 125.74   80.19
 125.90   18.24
 126.21  129.80
 127.00   72.11
 127.43   68.80
 127.61   41.53
 127.94   71.55
 129.06  117.83
 130.21  142.45
 130.73  129.78
 131.66  123.93
 132.04   17.13
 134.48  117.61
 135.07  129.61
 136.80   81.56
 138.85  129.55
 140.71   89.75
 142.25   21.87
 143.28  129.43
 147.14   86.96
 147.20   93.97
 147.48  129.27
 148.59  132.29
 150.04  120.51
 152.16   87.45
 152.56  119.39
 152.64  118.62
 152.96   54.95
 152.97   99.71
 154.47   82.34
 155.20   31.80
 156.07   31.81
 158.13  140.94
 158.39  123.93
 158.82   92.60
 159.85   61.85
 160.45  130.30
 161.48  124.51
 162.33   91.82
 163.20  132.56
 163.73  138.07
 164.18   60.51
 164.28  127.63
 165.19  124.25
 171.05  180.58
 171.22  189.28
 171.99  198.06
 172.01  207.12
 172.34  115.24
 173.26  179.21
 173.38  186.28
 175.64   67.05
 177.37  190.47
 178.36   95.73
 180.47  179.46
 180.79   57.05
 181.08  186.02
 181.89   59.74
 182.29   96.88
 184.05   63.83
 185.79  183.26
 186.85  117.96
 187.56  113.00
 190.72  170.17
 191.68  116.60
 191.73  116.57
 191.97  110.63
 192.16  126.70
 195.35  112.81
 196.75  179.91
 197.62   98.10
 199.52  191.21
 199.60  191.18
 200.15  112.35
 200.84   65.96
 205.87   61.07
 207.56  179.93
 213.37  192.69
 216.00   56.37
 225.27   60.04
 225.45  185.40
 227.45  197.35
 227.69  201.60
 229.55  184.49
 235.17  197.28
 235.48   72.00
 239.30   84.40
 239.52   68.98
 239.68  124.99
 239.75  188.75
 241.44  100.06
 241.46  100.20
 242.17  108.52
 242.39  137.06
 243.09  198.68
 244.04  122.36
 244.14  117.69
 245.06  102.78
 245.31   96.44
 246.12   71.98
 246.55   75.63
 246.59  180.07
 246.99  112.99
 249.76  113.95
 249.80   89.70
 250.66   64.13
 250.73  130.70
 250.95   69.60
 251.61  106.70
 251.66  110.05
 251.98  113.03
 252.20  187.99
 254.37   53.43
 256.55   73.64
 256.73   70.67
 261.41  141.02
 262.78  113.99
 263.98  137.37
 264.16   82.55
 264.53   60.90
 264.83  140.09
 265.04  132.52
 265.28   63.51
 267.07  108.97
 267.12  114.29
 267.42  146.16
 268.10   83.79
 268.19  130.59
 268.73   58.72
 269.74   72.06
 269.83  134.23
 270.52  107.24
 271.05  117.70
 272.07   52.32
 272.23   52.33
 272.35   83.34
 275.55   15.35
