  10.82  203.52
  13.52  206.08
  14.97  209.00
  24.69  206.59
  28.74  206.32
  33.84  206.60
  37.88  206.58
  38.72  203.55
  39.89  177.97
  41.08  140.40
  41.88  149.26
  42.44  179.73
  43.57  209.20
  46.16   35.94
  49.70  151.52
  51.26  149.11
  51.82  212.26
  52.56  131.53
  62.93  135.45
  65.76  125.10
  67.18   48.05
  68.91  125.66
  70.29  136.10
  70.91   54.36
  71.53  136.63
  71.66  153.96
  72.57  129.86
  73.58  132.97
  73.80  133.79
  74.35  149.25
  76.71  109.44
  77.09  114.75
  77.16   83.44
  78.96  117.52
  79.11  134.30
  80.81   95.81
  81.02   68.87
  82.54   84.06
  82.95  150.26
  84.70   33.84
  84.73  111.37
  86.26   45.31
  86.88   31.50
  87.10   88.96
  87.10   84.07
  87.52  138.09
  87.57  108.44
  89.38  130.77
  89.60  106.10
  89.62  115.59
  90.12  125.66
  90.53   35.23
  90.92  138.11
  91.21   99.56
  92.08  102.76
  92.32  157.45
  99.48  138.04
  99.79  111.33
 104.60  111.16
 105.88  113.27
 105.99   68.28
 106.06  132.49
 108.72  196.36
 112.52  140.83
 115.65  196.83
 119.18  198.90
 122.29  211.53
 126.34  208.28
 126.39  199.95
 134.21   78.56
 135.63   92.59
 135.86  113.19
 137.41  156.45
 137.58  123.20
 138.14   83.06
 140.66  151.12
 141.69   61.35
 142.01   28.01
 144.32   79.11
 144.33   78.94
 147.68  154.04
 155.00  144.43
 157.74  156.84
 161.18   83.05
 163.41  160.31
 166.23  162.52
 169.27  161.14
 178.03  161.67
 180.24  163.96
 189.13  156.28
 192.48   73.29
 192.60  163.23
 194.64  123.42
 197.51   78.20
 198.74  167.43
 202.76  122.85
 203.27   86.27
 203.27   67.96
 205.57  104.23
 205.57   82.48
 205.66   65.09
 206.48   89.58
 207.57   83.09
 208.01  168.02
 208.31   56.36
 209.25   72.93
 209.49   85.51
 210.58   89.53
 210.65  169.81
 211.25   58.51
 214.49  123.98
 214.89   86.63
 214.98   77.65
 216.37  125.45
 217.71  129.27
 223.29   75.45
 234.66   68.64
 238.35  153.90
 238.47   73.04
 246.01   53.07
 246.53   53.51
 278.05  190.12
 288.35   80.46
 290.02   74.47
 290.13  113.14
 291.87   98.07
 292.23  123.41
 292.53   78.15
 292.56   64.42
 292.74   42.18
 294.01   81.42
 294.54   92.29
 294.64   55.74
 294.67  113.85
 294.89   67.86
 294.95   39.17
 295.43  122.43
 295.69  136.10
 295.82   76.02
 296.72   59.19
 296.86  106.17
 297.02   47.63
 297.45  178.57
 297.57   40.93
 298.06  123.37
 298.70   50.78
 299.11  180.29
 299.33   63.79
 299.82   44.92
 299.98  118.36
 300.37   57.25
 300.73   42.93
 300.86  124.21
 301.71   48.22
 302.00  209.89
 303.15  126.27
 303.23   73.05
 303.44   59.57
 303.66   41.32
 304.29   63.19
 304.37   82.89
 305.34   45.33
 305.70   66.70
 306.49   76.69
 306.64   57.34
 307.65   71.39
 308.53   64.05
 309.43  180.40
 310.09   73.53
 312.35  133.24
 312.75  124.85
 313.30   73.54
 313.35   52.20
 314.45   57.62
 315.02   89.72
 315.58  134.91
 315.63   92.91
 315.95  127.89
 316.22  122.63
 316.42   84.24
 317.57   78.72
 319.71  181.40
 319.83   82.00
 321.73   75.03
 322.43  109.98
