   8.62  119.50
  10.37   68.24
  10.44  190.90
  10.51  194.20
  10.73   74.27
  12.71  201.12
  13.48   77.77
  13.82  193.07
  16.64  197.83
  16.96  112.93
  17.34  127.44
  17.86  198.05
  18.32  208.47
  18.55  137.08
  19.55   84.80
  20.30  115.52
  20.65  201.06
  20.66  103.43
  23.54  204.69
  33.37   95.85
  33.64  201.59
  33.66    9.13
  37.49  135.85
  40.90  203.63
  42.14  149.50
  43.50  143.49
  43.62   69.38
  44.16  121.83
  45.34   68.07
  46.83   56.83
  47.67  168.96
  49.65  209.81
  50.24  155.99
  50.98  125.37
  51.58   85.83
  54.57   63.62
  54.84   64.01
  56.61   90.09
  57.00  121.89
  58.97   87.73
  59.04  146.53
  59.46  132.13
  60.08  159.75
  61.00  209.02
  61.83   57.26
  61.96  119.58
  62.61   63.37
  63.12  169.01
  63.85  152.19
  63.89  148.36
  64.06  151.94
  64.77   74.73
  64.87   92.24
  65.78  119.82
  66.15   63.39
  66.16  125.10
  66.44  126.50
  67.11  203.64
  67.96  168.67
  68.57   62.30
  68.64  169.45
  69.57   67.80
  69.63  170.56
  70.04  144.16
  71.46   84.30
  72.68   64.15
  72.92   22.61
  74.36  199.27
  74.65   83.91
  74.76  169.64
  76.28   66.02
  77.24  196.84
  77.42  208.46
  77.48  203.15
  77.66  119.53
  77.80  162.80
  77.81  177.15
  80.70   51.72
  81.85  200.51
  81.90  200.51
  82.66  127.72
  82.72  107.98
  82.99  146.67
  83.12  155.02
  84.01  120.79
  85.67  210.47
  87.08   73.79
  87.61  201.54
  87.63  121.34
  88.04  138.91
  88.19  118.44
  88.69   89.91
  90.09  211.09
  90.17  115.44
  90.45  206.10
  95.19   53.11
  95.66  118.65
  97.60  143.79
  97.71  122.18
  97.83   56.29
  98.72  127.94
  98.80   68.97
  98.91  173.60
  99.52   66.01
  99.80  172.24
  99.80  152.04
  99.98  156.38
 100.29  211.32
 100.80  111.78
 101.22  111.78
 103.87   56.30
 103.88   66.38
 104.86  150.38
 105.46  112.47
 105.55   54.00
 108.42  116.74
 108.66  111.27
 109.89   68.95
 110.14   57.38
 111.36  113.25
 113.16   78.96
 113.71   56.93
 113.87  111.65
 114.20   53.18
 114.44   68.89
 114.56  162.27
 114.71  172.77
 115.11  172.57
 115.19   96.66
 119.55  122.01
 120.86   14.47
 121.59   90.06
 122.61   82.75
 122.64  126.73
 123.59   66.10
 123.82   92.17
 124.46  172.20
 126.05   97.12
 126.51  112.79
 127.05   80.32
 127.21   86.04
 128.28   56.30
 129.41  145.05
 129.86  158.43
 130.28  171.93
 132.19   89.94
 132.26   85.88
 132.26  121.58
 132.29  118.06
 132.48   68.55
 132.95  177.32
 133.64   92.96
 134.25  213.19
 134.84   58.13
 134.93  145.82
 135.22   88.81
 135.61  145.85
 137.17   21.38
 137.71  118.51
 139.35   64.06
 140.23   84.68
 140.33   89.92
 140.53   87.56
 140.58   87.48
 142.20   57.44
 142.76   66.55
 142.99  127.16
 144.62  123.04
 146.28  152.12
 146.44  118.87
 147.02   84.98
 147.14   85.40
 147.90  127.60
 149.27  198.43
 150.92   88.05
 151.29  209.48
 151.43   80.33
 151.90  201.52
 152.15  195.46
 152.78  155.06
 153.38  164.75
 153.49  127.53
 154.65   58.73
 155.08   94.57
 155.92   83.34
 155.93  198.34
 156.05   75.94
 156.94  169.84
 157.05  145.89
 157.88  143.40
 157.94  143.73
 158.40  127.59
 158.78  151.37
 158.98   64.11
 159.19   70.58
 159.64   86.83
 159.98  144.67
 160.56   66.61
 160.90  135.53
 161.63   86.66
 162.20   91.51
 162.96  171.82
 163.43  123.55
 163.77  127.99
 166.75   59.43
 167.20  131.47
 167.24   83.37
 169.41  135.72
 170.05  113.97
 170.30  119.53
 170.79  135.24
 170.89   91.52
 170.96  190.54
 171.01  135.23
 171.37  179.01
 174.38  112.67
 174.85   81.43
 174.86  132.05
 175.39   88.39
 175.54   98.84
 175.57   77.99
 176.08   67.82
 176.49  119.79
 176.70  128.54
 176.95  128.79
 178.10  136.30
 180.11  138.27
 181.17  108.27
 181.64   99.93
 182.07  107.44
 182.17  171.25
 182.21  111.03
 182.29  107.28
 183.65  149.67
 185.04   34.96
 185.34   26.68
 185.72  118.12
 186.20  173.09
 187.57  153.78
 187.75  135.07
 191.49  144.41
 192.35  156.90
 193.45  154.03
 193.46   84.94
 195.28  130.84
 196.04   71.52
 197.06  118.61
 198.95   71.75
 201.10  151.44
 202.05  164.02
 202.78  153.78
 203.08  148.54
 208.74    8.33
 210.49  112.07
 210.60  113.55
 211.91   68.60
 212.56  128.87
 213.16  128.13
 213.22   95.57
 213.34   91.50
 213.67    8.52
 214.23  172.77
 214.29  163.59
 215.12  151.95
 216.60   89.79
 217.50   81.09
 218.10  168.53
 218.59  209.73
 219.57   99.81
 220.28  112.90
 224.69   72.23
 225.21  140.84
 226.19  169.65
 226.41  195.09
 226.72   68.76
 227.30   71.34
 228.09  150.65
 229.60  117.43
 229.83   71.95
 229.97  166.21
 231.04  207.21
 232.47   97.09
 233.03  170.03
 234.78   99.37
 234.82  152.52
 235.80  205.46
 236.34  116.11
 237.06   82.26
 238.42  115.35
 239.41  213.53
 239.66   96.07
 240.23  106.57
 240.83   79.33
 240.96  206.36
 241.74  122.15
 242.22  127.79
 242.48  160.41
 243.96  115.14
 244.04   82.51
 244.52   89.08
 245.23  201.69
 245.39  206.82
 246.22  144.79
 247.00  177.28
 250.44  144.44
 251.02  140.26
 252.32  207.07
 252.84  147.74
 254.16  164.12
 255.11  107.94
 255.72  206.31
 257.76  137.56
 258.30  209.03
 258.88  146.68
 260.82  205.19
 261.15  197.47
 262.95  207.75
 264.41  120.95
 264.59  152.06
 265.02  132.61
 267.83  112.47
 268.26  128.58
 268.62  144.71
 271.45  164.78
 273.06  114.35
 275.44  167.27
 275.65  124.81
 276.64  130.15
 278.22  166.57
 279.34  134.65
 279.79   16.75
 281.59  201.66
 283.33  204.13
