   9.23   21.04
  15.94   15.51
  23.19  177.87
  24.95  170.59
  25.83  110.98
  26.05  163.73
  27.10  112.14
  27.67  126.52
  28.30  125.84
  30.28   62.88
  35.04   85.21
  36.28  187.69
  43.63  137.85
  43.84  191.92
  50.22   28.84
  53.72  121.54
  54.76   84.32
  56.43  136.83
  57.30  123.30
  58.05  187.73
  58.45  107.16
  59.51  119.32
  64.42   91.17
  65.05  182.10
  65.72  194.38
  74.03  115.83
  74.98  202.88
  75.82   37.86
  77.78  179.66
  78.32   40.49
  78.46   18.52
  78.95   60.63
  80.08   28.18
  84.69   20.08
  89.36  106.55
 100.97  123.92
 107.68   31.52
 108.85  128.63
 110.13  127.64
 110.24  135.43
 113.51  117.26
 116.30   29.24
 118.70  193.77
 120.50   28.46
 123.18   98.95
 123.40  196.05
 123.90   43.70
 125.69  106.83
 125.94  112.35
 127.47   96.98
 130.38  121.50
 144.49  187.55
 146.20  163.85
 146.21  173.85
 147.78  189.38
 149.03  180.97
 149.57  139.81
 149.72  145.85
 149.97  133.02
 150.20  169.73
 152.47  116.52
 153.53  129.90
 155.37  124.92
 156.91  128.12
 158.29  132.53
 158.69  114.51
 160.59  116.80
 161.78  108.23
 170.02  103.26
 170.46  113.32
 173.46  120.53
 173.74   84.56
 174.00  107.70
 176.94   91.60
 177.68  105.78
 178.55  138.38
 180.12  149.76
 181.10  145.06
 181.54  170.22
 181.76  154.54
 181.83  159.63
 181.90  178.54
 182.41  173.68
 182.56  208.34
 183.32  162.18
 183.70  194.80
 184.18  111.04
 184.91   95.18
 184.95  135.52
 185.31  173.26
 185.53  128.96
 189.97  150.79
 189.97  110.73
 190.72  125.67
 195.24   83.65
 204.61  212.80
 212.54  149.52
 213.34   50.15
 215.97  123.97
 218.21  152.01
 228.92  158.33
 234.29   60.03
 235.28   77.13
 238.47  205.67
 239.73   72.28
 241.12   48.61
 241.88   69.29
 244.44  121.42
 246.69  114.34
 251.56  107.04
 251.70   34.56
 251.79  111.97
 252.96   94.56
 254.27  131.91
 254.57  119.18
 255.54  103.46
 258.06  121.71
 258.95  110.95
 259.34  117.49
 259.49   73.33
 264.16   82.21
 264.63   98.41
 264.65   91.04
 265.59  104.78
 266.99  123.24
 267.27   74.94
 269.51  139.32
 271.02   91.93
 272.89   95.17
 273.78   92.78
 273.80   89.25
 275.32  179.19
 275.56   92.67
 278.48   90.56
 281.01  110.54
 281.15  103.73
 284.37  107.90
 288.26   79.11
 288.95  188.67
 289.72  113.34
 291.05  144.46
 291.36  128.72
 294.00  135.95
 294.11  177.53
 296.68  189.90
 299.10  140.48
 306.21   44.13
