   8.00   69.01
   9.20   66.47
  14.40  103.18
  21.45  125.83
  46.58   64.61
  47.22   67.61
  50.43  116.39
  50.86  125.16
  54.57  120.84
  57.13  116.99
  61.73  116.94
  62.17   38.83
  62.27   58.07
  62.55   38.37
  66.21   60.82
  67.71   38.31
  69.36   25.45
  71.77  117.25
  72.06  161.38
  73.06  134.29
  73.82  133.95
  74.19  186.96
  77.00  159.81
  77.25   47.13
  80.04  210.74
  80.86   56.10
  82.01  132.91
  82.35  141.75
  83.51   24.97
  83.74  123.62
  85.13  136.99
  85.69  118.29
  86.07  139.49
  91.02   42.79
  91.33  123.66
  91.73  138.93
  91.86   46.24
  97.19  130.34
 100.95  117.71
 101.26   58.83
 104.43   55.88
 106.85  120.35
 110.42  124.68
 118.22   46.86
 122.43  124.29
 122.78  116.30
 122.84  116.30
 123.74   56.24
 127.15   42.03
 129.06   47.27
 140.32  120.81
 141.64   53.01
 141.94   52.93
 149.54  120.48
 149.81  120.45
 152.06  201.54
 154.00  121.51
 154.33  123.56
 155.50   48.52
 156.24  119.20
 161.12  123.26
 163.38  123.60
 164.26  139.60
 164.78  115.76
 166.81   72.44
 167.74  119.59
 168.25  112.22
 169.44  148.59
 169.75   54.20
 170.21   54.24
 172.68  112.86
 173.00  112.14
 174.07  119.43
 174.94  110.82
 177.65   63.67
 178.21   70.11
 182.13   83.40
 182.53  108.88
 186.28   62.29
 186.69   81.25
 186.93  109.86
 189.19  106.48
 191.12   70.94
 194.73  109.34
 195.58   94.70
 196.44   23.91
 201.04   98.75
 205.09   98.73
 211.45  109.10
 212.54  125.84
 214.43   31.01
 214.92  114.41
 219.69  111.39
 220.21   97.09
 220.59  199.67
 224.09   96.02
 225.71  106.60
 229.59   36.14
 231.46  110.46
 231.90  115.62
 238.13   39.29
 238.20   39.33
 241.14   41.16
 242.48  115.07
 248.07   44.95
 249.55   91.90
 250.97   87.35
 251.30  105.93
 251.47   87.78
 252.47  114.72
 256.48  110.46
 258.82   96.74
 270.12  114.18
 270.20  121.17
 274.83  130.32
 275.68  169.44
 279.05  153.02
