  35.20   49.47
  40.53  133.54
  44.00  115.76
  46.27  132.85
  48.84  112.45
  49.58  143.04
  52.18  101.05
  52.86  142.48
  53.50   93.93
  55.03  137.79
  55.83  166.41
  58.36  109.81
  58.86  138.35
  58.95  172.21
  59.94  115.29
  60.16  101.49
  60.37  150.49
  60.79  101.35
  61.18  154.31
  62.35  162.48
  62.40  162.55
  62.54  112.20
  63.19   96.01
  63.29  104.51
  64.79  191.21
  65.10  182.56
  65.13  108.81
  68.99   60.48
  69.52   94.19
  71.10  186.41
  71.25   79.54
  71.83  174.06
  72.19  166.89
  72.24  107.67
  72.84   96.64
  73.32  115.05
  74.64   59.36
  74.89  101.95
  75.39   93.66
  76.17   77.80
  77.00  196.42
  77.04  184.77
  77.21  175.19
  77.62  176.45
  77.69   76.28
  77.76   95.91
  78.80   61.99
  80.15  180.59
  81.45  175.20
  81.98  174.98
  83.16   87.53
  84.01   94.14
  88.80  100.44
  89.52  136.38
  90.63  108.75
  92.56   60.66
  92.68   65.95
  94.02  104.19
  95.08  141.93
  95.34  176.58
  95.80  106.15
  97.15  139.80
 101.18  106.32
 101.80  146.63
 104.80  136.07
 104.91  136.21
 105.21  107.83
 106.46  137.43
 106.55   97.16
 106.86   74.65
 107.00   83.35
 107.01   79.07
 108.10   91.15
 110.63   75.86
 110.90  105.39
 111.00   61.25
 111.80   85.79
 112.48   92.16
 113.19  135.12
 113.21  139.04
 113.67   75.52
 115.72  112.44
 116.59  133.30
 117.04   76.80
 117.11   92.90
 117.40   84.64
 117.78  126.46
 117.94   73.73
 117.97   62.34
 118.16  104.86
 118.37  104.65
 120.29  136.07
 120.50   99.08
 120.82   99.17
 122.36   75.08
 122.40  101.31
 123.76  142.38
 124.06  135.36
 125.19  116.90
 127.34   67.99
 127.41   62.75
 127.55   74.37
 128.12  126.52
 128.16   56.61
 128.41  118.01
 129.14  141.37
 129.88  138.50
 131.18  150.28
 131.79  114.14
 131.95   94.71
 132.10   91.75
 132.37   84.62
 133.15   75.29
 133.58   63.72
 133.81   82.18
 133.96  135.41
 135.46  141.02
 135.84  133.12
 136.01  106.08
 136.45  113.89
 137.18  113.86
 138.15   75.93
 139.75  117.25
 140.16  120.03
 141.10  133.82
 142.07  129.54
 142.29  166.11
 142.76  102.93
 142.98  143.35
 143.02   74.58
 143.32   65.22
 143.39   78.27
 143.44   95.42
 143.50   92.90
 143.51   85.32
 143.57   61.72
 143.84   99.86
 145.64   67.26
 145.69  133.68
 146.65   62.41
 147.09  148.62
 147.68   98.74
 148.19  135.33
 148.51   65.60
 152.32   68.73
 152.55  130.24
 154.50   91.19
 154.56  103.21
 155.73  111.91
 155.87   85.13
 155.95   95.94
 156.06   89.21
 156.21   75.78
 156.27   70.75
 156.52   66.08
 157.15   68.25
 159.63   95.36
 160.56   98.39
 160.79   91.42
 161.67   82.40
 161.70   81.61
 161.85  107.30
 166.45  117.99
 166.54   91.74
 167.10  121.56
 167.36   97.23
 169.83   93.64
 173.24  114.98
 173.49  141.58
 175.30   99.35
 175.65   74.24
 179.78  115.95
 181.27   85.81
 183.17  152.55
 183.52   64.37
 184.80  117.07
 185.62  130.82
 187.42   53.25
 188.79   71.29
 189.66  117.94
 191.43   75.96
 191.43   98.54
 193.01  100.51
 193.31  100.85
 193.67   72.91
 195.10  118.85
 196.94   51.20
 197.77  137.53
 198.46  127.76
 200.05  119.55
 200.58  105.44
 200.66  169.47
 202.64  106.01
 205.28   83.31
 210.29   99.67
 212.22   73.53
 212.27  121.12
 212.34  121.29
 212.49   97.81
 215.00  147.18
 218.55   64.63
 218.72  122.29
 218.86  122.38
 219.60   64.83
 220.33   69.50
 220.48   69.99
 222.88  117.08
 225.19  112.77
 226.82  123.34
 229.89   68.65
 230.80  124.56
 238.38   75.07
 239.41  122.32
 244.61  131.58
 247.84   86.70
 248.48  127.28
