   7.85  150.52
  13.94  149.68
  16.94  146.59
  17.17  150.35
  17.46  155.74
  18.18   32.88
  20.63   11.19
  20.64  150.08
  20.75   11.13
  21.56   21.41
  22.87  147.13
  24.93   14.27
  26.58   11.88
  26.83   36.48
  27.54  148.09
  31.45  174.88
  33.37   42.82
  36.34  117.82
  36.81  108.17
  36.99  174.21
  37.08   21.98
  38.88   24.47
  39.55  121.35
  40.40  138.48
  40.89  128.45
  43.54   90.89
  45.74  127.91
  47.58  151.25
  52.70   99.38
  56.12  106.46
  56.73  100.22
  58.81   98.76
  58.99   95.92
  60.60  117.42
  61.65  164.01
  62.17   98.44
  65.46   98.47
  65.72  114.14
  69.44   98.80
  70.48  105.11
  71.50  115.03
  71.69  106.66
  72.93  170.71
  73.12  119.31
  73.36  118.70
  76.51   98.34
  78.35   97.94
  79.31  120.64
  84.72  123.26
  85.91  123.87
  88.81  123.85
  89.19  114.60
  94.15  111.67
  97.46  121.95
  98.96  118.93
 100.10   93.56
 100.79  121.85
 102.98  200.31
 103.04  200.22
 104.36  118.17
 104.64   70.50
 104.83   70.71
 105.54  107.01
 106.64  208.23
 106.87  196.66
 107.86  176.07
 108.45  191.82
 108.59  106.62
 108.69  103.44
 108.97  122.03
 109.22   98.10
 111.15  116.79
 111.99  113.63
 112.23   39.53
 112.69  204.61
 113.79   81.62
 115.12  107.64
 116.06   90.78
 117.13  121.29
 120.59  106.52
 121.28  199.24
 123.30  118.65
 123.83  210.88
 126.46   86.99
 126.82  148.98
 130.09  194.88
 131.13  123.59
 131.44  113.17
 132.67   87.94
 135.11  106.71
 136.22   41.94
 136.25   89.53
 136.42   89.85
 138.09  126.40
 138.98  124.76
 141.72  110.55
 142.50  125.55
 147.07   32.89
 147.15  107.17
 147.86  117.45
 148.71  102.60
 149.45   87.65
 149.58   31.17
 149.81  130.02
 150.30  119.59
 150.94  127.22
 152.39  116.90
 152.58  110.00
 153.62   86.38
 154.06   68.97
 154.64  111.78
 155.75  130.95
 156.64  154.80
 158.32   86.41
 159.36  112.48
 159.39  106.68
 160.35  151.35
 160.62  151.26
 161.15   68.88
 162.14  113.34
 162.14  115.23
 163.23  131.46
 163.44   44.61
 165.48  112.91
 171.12  116.05
 171.82  105.67
 172.23   39.11
 173.60  118.58
 174.00  112.99
 175.91   39.10
 176.10  151.94
 176.47   90.06
 177.01  116.12
 178.16  111.29
 178.17  127.18
 180.48  114.01
 183.83   91.71
 187.65  114.52
 188.38   89.09
 188.45   88.84
 192.58  138.20
 197.85  111.36
 198.84   91.56
 206.89   71.45
 209.73  116.18
 210.41   55.10
 212.49   95.85
 212.78   70.15
 213.27   25.30
 213.94   60.44
 215.04   29.89
 215.06   18.58
 215.35   97.48
 216.51   96.08
 217.03  104.97
 217.31   67.47
 218.76   39.49
 223.46   66.96
 226.42   56.11
 227.80   63.80
 229.97   98.00
 230.15   74.27
 230.63   33.64
 231.16   66.91
 232.70  110.43
 233.64   69.73
 236.87  105.99
 238.95  118.86
 242.51   64.37
 243.17   85.53
 243.38   74.36
 243.70   69.64
 245.19   60.10
 245.25   82.22
 245.80   66.88
 246.49   98.65
 247.08   73.53
 247.14   97.95
 248.18   74.73
 249.71  175.66
 252.11  166.11
 252.24   60.52
 252.27   66.62
 252.80  149.28
 252.90  171.32
 254.91  160.95
 256.08  136.72
 257.15  129.94
 257.52   69.19
 258.07  169.67
 261.07   66.17
 262.52   99.60
 265.54   90.42
 265.61   96.49
 265.86   58.23
 265.89   69.68
 266.05   63.40
 266.54  108.16
 267.67   60.55
 271.02  117.15
 276.57  113.48
 277.06  120.29
 283.71  184.21
 284.03  177.34
 284.26  170.86
 285.03  121.40
 285.11  104.18
