   7.57  151.49
   8.85  118.47
  11.29  109.21
  11.82  153.48
  16.96   98.59
  18.49  104.65
  20.09  110.20
  21.10   76.00
  21.27  129.34
  23.05  109.65
  23.08  145.89
  23.89  132.72
  23.95  194.58
  24.65  127.56
  24.88  120.26
  25.43  148.64
  26.39  141.65
  26.45  136.41
  27.03   74.89
  28.62  128.53
  28.82   78.48
  29.28  103.16
  29.34  199.92
  29.41  145.33
  29.66   69.27
  30.02  124.00
  30.43   63.43
  30.50  140.83
  30.54  114.87
  31.21   69.75
  31.47   88.98
  32.72  133.21
  33.01   74.99
  33.14   78.27
  33.45   96.38
  33.64  138.94
  33.82  130.54
  34.05  127.65
  34.82   83.15
  35.70   80.52
  35.90   86.49
  36.00  144.52
  37.05  124.19
  38.58   90.37
  39.55  106.60
  39.95   90.36
  40.69  134.12
  41.10  143.93
  41.52  101.46
  42.09  146.75
  43.30   85.03
  43.98  138.83
  46.17  106.09
  48.52  136.24
  48.78  113.98
  49.26  125.16
  49.59  178.99
  51.12  145.80
  51.15  143.11
  51.85  119.23
  52.10  184.23
  52.59  101.00
  53.07   78.47
  53.29  146.22
  53.62  140.81
  53.80   64.78
  54.13  127.79
  54.25  100.95
  54.27  134.26
  54.82  199.15
  54.91  155.73
  55.02  121.61
  55.24  154.78
  55.25   75.98
  55.43  147.00
  55.94  120.71
  56.12  194.09
  56.26   78.64
  57.41  167.86
  57.95   81.93
  58.96  190.11
  59.76   31.09
  60.06   31.64
  60.18   93.09
  60.26   32.15
  60.66   73.72
  61.01  152.68
  61.18  188.19
  61.42  174.87
  61.47  178.64
  61.86  169.41
  61.86  142.98
  62.34  149.03
  62.50  204.37
  63.43  151.86
  63.82  119.31
  63.99   60.51
  64.03  190.44
  64.17   73.17
  64.96  127.37
  64.99  161.67
  66.76  150.84
  67.99   73.22
  68.37   83.68
  68.68  136.50
  69.05  108.21
  69.44  129.67
  70.52  150.23
  71.22  114.88
  71.60  103.72
  72.13  123.63
  72.33  114.51
  73.09   75.68
  73.39  137.74
  73.39  149.97
  74.41  188.86
  76.15  112.36
  76.45  137.96
  76.59  142.62
  76.62  144.19
  76.74  153.12
  76.90  108.21
  77.76  131.48
  78.12  174.91
  78.89  189.54
  79.14  169.46
  80.13   69.70
  80.21  129.57
  80.68  140.40
  81.08  206.64
  81.89  137.61
  82.37  194.86
  82.45  133.73
  83.02  166.24
  83.69  166.18
  83.87   68.53
  83.91   71.66
  83.95  187.64
  84.19  207.29
  84.69  107.97
  85.94  132.52
  86.02  137.43
  86.87  145.73
  87.79  151.95
  88.06  210.45
  88.15  176.34
  88.33  122.09
  88.77  172.73
  88.96  167.15
  89.73  142.96
  90.94  154.40
  91.33  189.32
  91.97  199.75
  91.99  134.41
  92.14  146.28
  92.76  169.84
  93.22   98.95
  94.03  174.04
  94.55   45.62
  94.68  137.78
  95.17  130.97
  95.79  184.18
  96.05  148.88
  96.37  156.27
  97.32  140.09
  97.39  202.53
  97.60  134.52
  98.16   95.56
  98.47  130.26
  98.70  163.65
  99.33  177.14
  99.41  197.92
 100.41  138.24
 100.98   41.76
 101.06  112.75
 101.08  136.44
 101.17  149.32
 101.91  160.34
 102.30  203.58
 102.72  191.27
 103.86   79.02
 104.05   91.01
 104.47   62.34
 105.12  185.89
 105.28  159.49
 105.55  199.03
 105.59  162.56
 106.20   98.48
 106.33   76.41
 106.37  178.65
 106.50  142.35
 106.66  189.88
 107.81   92.94
 108.11  136.71
 109.41  187.01
 109.45  136.99
 110.06   79.10
 110.10  125.46
 110.57  137.10
 110.89   41.97
 111.03  165.41
 111.06   50.15
 111.38   36.26
 111.39   33.58
 111.65  177.43
 111.83  177.30
 112.02  152.38
 112.02  209.43
 113.69   89.65
 113.93  211.76
 113.97   55.83
 114.49  201.69
 115.75  154.25
 116.01  102.46
 116.09  166.54
 117.32  147.21
 118.66  123.40
 118.96  110.98
 119.32  110.37
 119.54   94.24
 119.99  161.96
 120.48   84.22
 121.70   91.43
 122.76   99.58
 123.25   75.38
 123.33  135.32
 123.40   75.72
 124.87   79.84
 125.27   89.60
 128.13  180.27
 128.60   78.31
 129.60  106.03
 129.86  148.18
 130.71  162.26
 132.42   92.84
 133.02   89.66
 134.37  142.31
 136.56   76.33
 137.12   67.09
 137.79  165.91
 138.14  147.01
 140.59   83.08
 143.16  196.49
 143.98  191.55
 144.38   81.52
 144.46  129.40
 144.82  187.54
 145.55   90.86
 148.10   82.24
 150.17   77.07
 153.81  168.70
 154.91  186.42
 155.78   78.48
 155.84   78.11
 157.88   93.49
 159.01  173.56
 159.41  193.05
 162.17  200.70
 169.76   99.23
 174.92   94.73
 175.88   80.64
 176.30  203.03
 176.81   74.43
 177.70   89.25
 177.86  203.05
 179.71  104.16
 179.80   77.55
 184.68  100.20
 185.08  100.02
 191.04  111.77
 191.35  166.11
 195.91  188.15
 196.35  188.10
 196.56   99.53
 199.07  115.03
 200.37   63.50
 200.47  112.04
 200.56  107.02
 200.75  101.35
 202.65  168.43
 207.31  180.68
 208.14   81.72
 210.01  184.12
 211.41   61.62
 213.50   35.34
 213.94  184.53
 214.04   44.19
 216.54  182.11
 219.11   49.09
 219.53   31.69
 220.59   74.38
 221.75   55.64
 222.78   73.44
 223.56   26.83
 224.14   66.40
 224.48   74.29
 225.76   24.31
 225.93  201.21
 226.51   49.00
 226.61   30.22
 226.61  201.22
 226.66   59.91
 229.36   52.20
 229.92   68.63
 232.61   23.91
 235.05   68.85
 238.01   58.41
 242.29   28.74
 251.44   31.06
 252.06   25.76
 252.36   16.11
 256.38   15.07
 256.63   24.56
 261.71   27.16
 262.66   22.85
 262.97   15.84
 263.62   39.21
 266.15   80.09
 267.69   28.55
 268.75   17.70
 269.25   38.83
 269.85   78.65
 270.17   12.04
 271.09   28.88
 271.46   21.82
 272.15   17.69
 272.35   87.92
 273.37   31.38
 274.64   93.51
 274.78   34.78
 274.96   13.76
 275.79    7.14
 275.80   23.60
 277.62   11.87
 280.83   39.06
 281.49    9.59
 284.26   10.23
