  10.27  186.60
  15.86  122.47
  16.22  191.68
  18.11  135.35
  19.93  193.41
  21.01  124.00
  21.73  196.44
  25.89  127.70
  26.59  179.70
  27.22  134.30
  27.90  201.21
  30.44  123.77
  32.43  183.71
  32.70   72.78
  33.17  176.22
  35.95  196.72
  36.29   84.15
  38.11   73.23
  39.01  180.41
  43.22   92.28
  43.44   86.95
  43.75  121.04
  44.46  134.69
  44.98  191.86
  47.71  116.28
  48.34  138.18
  48.88   78.27
  49.25  142.47
  50.23  104.82
  51.17  144.42
  51.43  196.68
  51.45  188.35
  52.46   86.23
  52.53  134.86
  52.63   77.18
  54.81  152.74
  55.30   83.73
  55.41  152.76
  55.83   78.03
  57.52   89.26
  58.48  192.91
  58.68   74.52
  59.18   84.09
  59.33   93.84
  59.40  138.07
  59.75  165.49
  60.40  205.29
  61.34  151.70
  62.45  134.23
  63.52   72.23
  64.39  156.14
  65.30  197.81
  65.37  125.54
  65.41  129.94
  66.33   85.39
  66.59  207.44
  66.74  119.47
  66.84  126.11
  67.26  165.78
  67.68  204.02
  67.78  200.73
  68.38  142.19
  69.62   62.55
  69.78   57.86
  70.23   91.42
  70.52  208.26
  72.38  127.59
  72.95  203.04
  73.51  121.12
  73.73  123.69
  74.56  150.25
  74.85   85.65
  75.22  115.94
  77.56  156.74
  77.66  124.07
  79.72  149.14
  80.09  125.73
  80.46   97.58
  80.50  151.98
  81.26   46.65
  82.00   75.72
  82.60  211.07
  83.68   40.71
  83.76  107.68
  84.01   54.99
  84.31   62.55
  84.89   82.14
  85.08  178.54
  85.83  105.55
  86.70  100.57
  87.06   75.95
  87.22  154.03
  87.84  175.48
  88.23   97.33
  88.67   51.59
  88.67  170.47
  89.46  151.67
  90.23   89.55
  90.45  177.27
  90.46  145.36
  90.52   73.94
  91.88  204.18
  92.05  157.43
  92.63   78.00
  92.96  100.60
  93.32   47.93
  94.15  158.12
  94.65  118.05
  95.62  167.11
  95.79  160.47
  96.26  148.04
  96.87  125.99
  97.17   95.66
  97.26  134.32
  98.43  155.42
  99.72  120.72
 100.20  108.05
 100.41  128.96
 100.96  135.00
 101.68   51.98
 102.35  135.94
 102.89   76.57
 103.06  157.61
 103.26   91.15
 103.34  100.94
 103.42  100.71
 103.97  176.83
 104.04  132.73
 105.17   58.37
 105.29   53.66
 106.00   58.05
 106.14   80.79
 106.29   84.79
 106.31   72.81
 106.32  135.78
 106.36   66.79
 106.42   66.51
 106.46  175.07
 107.95  133.35
 109.45  182.90
 110.28   76.61
 110.29   85.99
 110.49   69.05
 110.76  160.11
 112.59   55.52
 113.82  159.79
 115.18   84.52
 115.21  110.28
 115.33   73.00
 115.77   18.57
 116.03   62.42
 117.29   17.28
 117.36  108.74
 118.21   38.06
 118.26  133.29
 118.87  121.51
 119.25   49.15
 120.58   82.22
 120.68  101.96
 121.12   70.72
 121.80  168.42
 123.78  106.72
 124.04   42.42
 124.15   92.57
 125.74   96.90
 126.45   69.01
 126.89  169.74
 127.23   89.49
 127.55  137.72
 128.10   58.69
 128.25   81.42
 128.38   50.11
 128.85   78.66
 129.25  101.32
 129.36  173.06
 130.32   84.33
 130.46   71.63
 131.16   93.32
 131.73   33.20
 132.93   86.58
 133.04   82.17
 135.25   89.78
 135.27   98.30
 135.54   73.12
 135.60   79.66
 135.74  109.40
 136.28   94.10
 137.69  181.92
 138.05   29.29
 138.16   41.31
 138.63   34.63
 139.59  100.91
 140.56   59.92
 141.47  184.17
 141.51   71.03
 141.75   30.86
 143.31  104.38
 144.91   41.30
 145.16   33.17
 145.67   28.11
 146.79   92.78
 149.13   71.29
 149.59  109.67
 150.49   63.04
 150.99   55.38
 151.90   90.25
 153.12  111.38
 153.36   69.37
 154.73   93.78
 155.86   61.84
 156.46   39.27
 156.98   35.97
 158.00    8.05
 159.13   63.91
 159.85   10.88
 159.95   76.18
 161.05  196.05
 161.94  120.88
 162.04  109.02
 162.86   51.88
 164.23  194.08
 164.53   92.97
 166.72  131.69
 166.87   67.22
 167.98   80.68
 169.68  151.55
 169.76   91.98
 170.22  192.66
 170.39  134.89
 171.72   57.16
 171.96   94.58
 172.11  194.38
 172.96  108.52
 173.50  120.66
 176.44   91.66
 176.91  125.42
 176.96   38.70
 177.65  128.38
 179.41  198.04
 180.61   97.99
 180.69   66.81
 181.50  101.75
 182.21  115.21
 182.22  104.96
 184.39   62.91
 184.80  149.92
 184.95  107.58
 185.03   95.46
 185.05   91.70
 185.81   73.52
 186.78  165.63
 186.89   36.13
 187.25  102.24
 188.48  137.69
 189.61  145.71
 191.73   96.58
 192.21  102.81
 193.11   71.06
 194.42   99.84
 194.55  149.60
 195.36  125.28
 195.49   75.42
 197.14   96.95
 198.86  100.25
 199.48  113.59
 199.55  118.09
 200.02  109.99
 201.92   69.12
 202.90  164.53
 203.38  111.75
 203.55  103.53
 203.86   33.05
 204.00   99.59
 206.00  152.28
 207.49  125.02
 207.90  116.01
 208.44  127.78
 209.09   83.38
 209.81   61.68
 210.89  103.15
 212.74  126.33
 213.03  120.15
 216.88  103.11
 218.45   98.05
 218.65   93.11
 218.76  126.67
 219.47  108.97
 220.08  121.34
 220.33  119.08
 221.59   95.02
 221.67  129.37
 222.90  105.54
 223.02  194.06
 224.07   98.07
 224.98  160.33
 225.14  125.49
 225.52  118.54
 225.65  213.00
 226.74   67.36
 227.05  174.06
 227.70   24.91
 229.00   63.29
 230.07  120.39
 230.66   30.05
 232.13   36.70
 232.21   78.53
 232.27   78.55
 232.32   36.50
 232.39  115.29
 233.94   14.52
 235.11   98.98
 235.53   81.78
 235.79  170.19
 236.05  159.72
 236.82   70.39
 237.30   23.31
 237.69   74.75
 238.71  103.02
 238.79  177.44
 238.92  173.82
 239.03  103.02
 240.06  175.34
 240.10  157.49
 241.65  130.69
 242.13  160.52
 243.77   16.09
 245.63   14.24
 246.77  174.98
 248.85  153.86
 248.93  211.54
 249.28   98.18
 249.60  174.09
 250.57   75.09
 250.75   81.34
 251.30  142.95
 251.55  144.22
 252.54   69.61
 253.72  132.96
 254.32   69.32
 255.38  120.36
 256.29  152.22
 257.79   87.01
 257.90   20.90
 258.46  173.64
 258.49  145.18
 258.67   35.50
 259.01  129.08
 259.02  164.22
 259.11   90.76
 259.89   97.86
 259.94   99.36
 260.02   78.41
 260.16   82.10
 260.53   83.84
 260.57   19.33
 260.76  117.26
 260.85  117.55
 261.99   75.27
 262.06   87.49
 262.40  150.25
 262.42   95.33
 262.45  123.89
 263.16  151.44
 265.15  154.41
 267.06   81.07
 269.16   75.33
 269.51  115.94
 271.27  100.26
 271.90  108.07
 273.40   65.27
 275.46  107.25
 275.90   80.12
 275.97  115.33
 278.28   32.78
 278.58  148.94
 279.50   64.10
 279.78   35.28
 283.12   33.07
