   8.60  150.90
   9.21  106.51
  13.34  121.49
  13.83  168.39
  14.06   86.19
  14.40  112.42
  21.09  160.25
  22.89  109.36
  23.06  121.60
  23.41   35.08
  24.50  164.04
  26.57   20.03
  27.80   96.38
  28.46   76.42
  28.48   97.84
  28.56  176.97
  28.81  176.38
  29.89  164.41
  30.44  195.43
  31.10  107.45
  31.13  146.17
  31.13   73.91
  31.27  103.92
  31.35  199.93
  31.45   36.32
  32.70   67.20
  32.94   80.08
  33.19  161.45
  33.42   71.07
  34.48  149.87
  34.82   38.62
  35.27   95.20
  35.68  184.86
  35.77  184.63
  36.06   94.57
  37.65   73.07
  38.16  153.92
  38.19  106.84
  39.29   86.14
  41.40   97.36
  44.74   70.36
  45.40  104.67
  47.97  120.29
  50.79   83.45
  55.75  104.38
  60.64   93.11
  62.39   72.70
  62.65   29.60
  63.30  105.24
  64.91  101.16
  65.58   97.85
  66.87   27.96
  66.94   90.87
  70.16  102.95
  71.71   96.64
  72.74   89.76
  75.33  142.91
  75.92   77.51
  76.10   96.15
  76.11  118.34
  77.34  118.34
  80.44   94.03
  80.60   93.99
  82.08   81.08
  86.68  120.91
  86.90   96.80
  88.48  147.27
  89.36   98.20
  89.95  143.41
  91.51  123.54
  93.37  144.45
  93.42  151.22
  93.48   69.12
  93.62   94.20
  93.82   94.23
  94.11   97.36
  98.65   37.96
  98.67   34.28
 101.99   75.82
 103.09   71.40
 107.01   83.40
 107.19   90.17
 110.23   88.74
 111.45  100.59
 111.78   69.90
 113.11   79.94
 113.33   85.18
 115.08  101.50
 115.21  154.07
 115.87  120.69
 115.92  169.00
 115.93  152.41
 115.99  107.12
 116.14  152.04
 117.41   77.97
 117.63  183.75
 118.10    8.99
 118.38  193.51
 120.04   11.64
 120.23  113.90
 120.27  124.21
 121.55   93.90
 122.34  152.29
 123.26  198.27
 124.28  115.43
 127.31  149.77
 129.38  157.11
 130.44  121.03
 134.80   96.98
 137.85  101.87
 139.52   96.42
 141.92  160.96
 143.22  180.04
 143.46  133.46
 146.74  121.69
 147.47  100.61
 147.53  178.33
 151.99  178.27
 153.78  174.25
 154.65   27.52
 155.09   77.22
 155.19   77.41
 156.64   11.39
 157.10  166.04
 158.66  121.43
 161.35  148.30
 163.04  104.35
 164.85  180.63
 164.99  121.43
 167.72  168.35
 168.42  163.50
 169.96  183.05
 170.16  176.79
 170.22  117.91
 170.38  137.35
 171.02  186.11
 172.35  167.06
 173.02  122.50
 173.50  109.11
 174.59  152.72
 175.56  163.42
 181.13  105.06
 182.21  103.39
 182.45  155.77
 186.15  141.49
 186.19  105.41
 186.48  158.00
 189.61  101.28
 190.31  187.41
 191.01  118.87
 193.57  121.66
 193.77   87.30
 193.84  115.69
 193.94   11.13
 194.71  101.95
 194.93   90.93
 195.78   77.28
 196.22    8.26
 196.22   77.74
 196.75  185.06
 197.25  119.79
 197.58  101.92
 197.71  116.61
 197.99  117.15
 198.86  171.62
 199.30  155.03
 199.53  112.98
 200.15  104.33
 200.69  120.33
 200.89   46.66
 201.72   89.02
 201.74  170.91
 202.62  113.17
 205.42   84.76
 206.04  122.80
 206.63  116.93
 207.93  180.84
 213.72   35.25
 214.04  196.03
 225.25   16.98
 225.59   23.59
 228.86  197.58
 230.93   35.77
 230.93  199.18
 231.24   36.17
 232.03  201.73
 235.38  199.33
 245.90   68.88
 247.13   40.51
 253.20  202.54
 256.79   38.25
 258.34   26.19
 260.87   39.20
 261.37   39.84
 269.49   74.58
 275.49   12.77
 276.09   76.84
 282.47   60.94
 284.90   64.29
