   8.32  177.59
   9.05   30.15
   9.47   40.40
   9.76   51.20
  10.08   46.29
  10.14   57.34
  10.15  108.52
  10.25  155.13
  10.41  174.94
  10.48   79.51
  10.54   98.19
  10.57   62.73
  10.58  159.07
  10.82  181.76
  10.87  137.48
  11.35  164.79
  12.10  191.80
  12.58   68.56
  13.78   30.57
  14.21  131.91
  14.27  117.02
  15.87  160.38
  17.18   46.44
  17.46   51.28
  17.52   69.14
  17.90  106.93
  18.09  118.03
  18.14  201.23
  19.16   48.91
  19.32   65.57
  19.81  149.93
  19.87  172.38
  19.89  183.66
  19.92  161.22
  22.60  200.12
  22.81  102.14
  23.74   95.65
  34.03  143.24
  34.51  107.57
  35.09   99.05
  35.74  152.68
  36.15  142.11
  37.87  147.11
  38.29  151.61
  50.37  208.89
  51.10  200.23
  54.15  201.18
  69.69  102.56
  72.88  169.59
  74.77  167.29
  79.37  141.56
  82.68  139.67
  82.95  113.28
  83.37   94.04
  83.39   86.43
  84.62   85.47
  86.69  135.75
  86.83  140.78
  89.31   86.55
  89.40   91.50
  90.41  131.51
  96.27   86.33
  98.93  136.88
 105.32  209.18
 106.12  149.90
 106.53  154.18
 107.98  174.05
 108.38  195.53
 108.42  163.61
 108.44  184.77
 112.90  151.74
 126.60  155.26
 140.09   86.81
 143.22   42.87
 151.66   45.07
 180.60   48.42
 187.13  109.67
 198.88  110.12
 201.30   54.21
 203.32   59.38
 203.74   44.07
 204.36   92.88
 205.78  101.70
 208.27   48.32
 209.20   81.68
 209.60   65.03
 214.21  148.42
 217.21  101.94
 217.52  109.76
 217.94   55.13
 218.38  146.05
 218.59  105.88
 218.62   97.80
 218.68  145.81
 221.46   86.34
 222.90  118.47
 223.02  130.40
 224.09  141.70
 224.81   82.29
 226.93  136.32
 229.48  130.98
 229.66  116.91
 229.99  125.66
 230.07  112.26
 230.13  110.87
 230.42  137.46
 230.57  144.16
 230.60  111.87
 230.69  121.85
 230.73  108.54
 234.13  109.25
 234.75  127.20
 236.33   95.64
 236.45   92.53
 238.36  119.59
 238.80  146.51
 239.60  144.10
 241.91   67.53
 242.62  118.46
 242.93   91.95
 243.65   61.13
 244.19  134.64
 247.15   37.63
 248.52  143.91
 248.69  150.16
 249.15   55.64
 249.59  112.34
 249.78  112.24
 249.83  106.09
 254.21  118.20
 254.68  115.16
 254.86  106.58
 256.61  123.27
 257.28   41.58
 257.43  150.16
 257.94  102.46
 258.08   64.02
 258.09  129.23
 259.22   50.50
 260.06  130.65
 260.47  128.02
 263.52  142.05
 263.92   52.19
 264.46   64.03
 265.80   59.98
 265.96   52.43
 266.08   56.98
 266.46  120.08
 266.92  144.52
 267.13  147.60
 267.63  106.00
 267.71  112.57
 267.72  108.80
 268.05   62.58
 268.87  130.01
 269.47  137.77
 271.07  134.05
 272.72   89.43
 276.02  149.27
 278.75  129.28
 278.97  113.53
 279.83  132.11
