  11.77  102.04
  11.89   93.58
  13.27   98.90
  14.39   38.50
  15.91  108.58
  16.30   61.06
  16.33   46.42
  18.11  114.14
  18.91   62.71
  20.28  117.19
  21.08  126.64
  24.07   94.58
  27.24  106.41
  28.24  113.63
  28.66  133.89
  29.26  102.75
  29.29  144.77
  30.51  109.06
  40.07   39.79
  41.66   36.69
  41.88   98.69
  43.10   41.53
  44.01   40.25
  46.38   39.73
  47.96   95.85
  48.12   89.20
  49.06   41.86
  50.74   96.25
  68.88   75.20
  71.17   98.20
  72.03   87.72
  72.08   60.16
  85.07   36.61
  89.53   22.04
  91.71   92.51
  92.02   92.29
  95.22   87.41
  95.54   79.53
 101.27   54.53
 101.61   88.67
 104.16   91.54
 108.34   27.98
 110.23  116.46
 111.08  119.61
 111.32  103.29
 113.54  121.36
 113.73  152.07
 114.32   92.57
 122.08   93.39
 126.39   93.06
 127.40  134.69
 128.56   84.15
 131.77   91.60
 136.61  115.44
 139.90  155.78
 142.57  159.70
 143.77  115.35
 148.74   92.52
 152.28   90.26
 152.68  106.14
 155.80  146.47
 156.24   50.62
 157.26  110.34
 157.46   92.13
 158.56  101.06
 160.45   53.48
 160.73   28.60
 160.95  118.55
 161.23  126.42
 161.47   87.58
 161.57  119.06
 162.10  111.98
 162.41  100.87
 162.51  162.68
 162.93  102.42
 163.92   35.81
 167.17   53.70
 167.22  165.14
 167.96  132.21
 168.53  140.96
 169.24  152.21
 169.62  150.23
 169.71  183.37
 170.01   79.04
 171.70  153.64
 171.92  112.01
 171.96  136.32
 172.58   93.14
 172.68  145.18
 172.90   88.47
 173.52   71.42
 175.13  132.21
 175.48  140.27
 176.86  184.51
 176.92  138.59
 178.51  109.96
 178.54  141.58
 180.00  193.16
 180.12  211.49
 181.87  102.49
 182.38  196.04
 183.12  191.72
 185.24  162.25
 186.09  167.50
 186.69  109.74
 189.30  212.46
 189.40   98.21
 189.46   97.92
 190.50  144.69
 190.55   84.18
 191.86  102.58
 192.09  137.51
 192.35  141.90
 192.41  166.02
 192.90  138.41
 193.23  133.76
 194.01   78.07
 195.18   84.75
 195.62   66.72
 196.55   74.34
 197.27  153.55
 199.99   68.45
 200.85   61.09
 204.93  158.88
 205.24  147.14
 206.43   78.32
 206.86  165.27
 208.01  135.75
 208.98  198.95
 209.29  174.88
 209.83  147.69
 211.37    6.99
 212.43  176.91
 212.62  101.15
 216.29  109.92
 217.27  198.23
 217.80  161.32
 217.88  130.46
 217.92  101.49
 218.81  122.75
 219.41  186.62
 219.46  119.77
 220.21  124.58
 220.54  176.58
 221.15  203.74
 221.24  134.93
 221.39  204.22
 221.58  144.15
 222.42   10.16
 222.71  193.25
 225.52    9.03
 225.78  110.78
 225.93  181.81
 226.84  142.64
 227.06   53.76
 227.95  150.72
 228.16   11.01
 228.65  193.80
 229.33  144.03
 230.01  121.50
 231.36  124.82
 231.61  118.51
 232.35  147.29
 232.37  191.07
 233.71  143.53
 235.05   12.83
 235.18  127.68
 236.52  152.79
 238.78  194.50
 239.01   10.61
 239.14  142.91
 239.37  125.30
 239.40  119.10
 241.13  122.20
 241.45  121.95
 242.03  195.81
 242.22  170.38
 242.34  125.49
 242.40  132.35
 243.02  119.37
 244.17  199.76
 245.45  128.76
 245.91  122.69
 245.98  134.38
 246.35  116.94
 247.45    8.21
 248.29  178.33
 249.51  119.92
 250.63  195.59
 250.93  141.16
 253.37  163.57
 254.26  142.87
 254.85  183.99
 255.11  139.18
 256.22    9.07
 257.44  196.08
 259.07  169.03
 262.94  184.58
 262.96  171.65
 264.85  178.40
 269.00  184.79
 271.44  192.38
 274.52  148.57
 277.66  197.23
 281.17  193.35
 282.67  185.78
 282.84  197.51
 284.23  174.08
