   8.21   89.85
   8.92  123.27
   9.22  102.49
  13.48  147.27
  13.55   10.77
  16.14  160.26
  17.71  145.91
  18.21   61.21
  19.43   47.58
  19.78   58.10
  21.71   66.70
  23.12  110.88
  23.57   47.03
  23.81  148.77
  24.29   59.90
  24.35   59.81
  25.02   35.34
  25.60   68.15
  26.37   31.04
  27.01  119.61
  27.04   44.50
  27.24   71.44
  28.17   36.06
  28.83   42.29
  29.48   27.29
  30.58   32.86
  31.49   66.80
  31.52   74.13
  33.69   20.86
  34.38   53.37
  34.77  150.55
  35.12  138.33
  35.39  113.86
  35.69  142.04
  36.41   69.11
  37.03   43.50
  37.26   80.10
  39.01  120.02
  39.37   18.67
  39.38   71.74
  39.58  150.94
  39.59   18.77
  41.08   48.24
  41.24  109.33
  41.35  102.41
  42.21  148.30
  42.22   43.33
  42.75   46.30
  43.68  113.04
  43.98  138.51
  45.47  128.73
  47.50   65.48
  47.64  109.07
  48.16   62.29
  48.30   51.81
  48.95  197.54
  49.80   62.21
  51.17   68.44
  51.47   72.62
  52.42  115.18
  53.55  141.50
  53.60   80.01
  55.03   27.71
  55.28   23.95
  55.98   50.57
  57.63  101.36
  57.96   76.31
  58.59   26.01
  58.71   17.11
  58.93   99.12
  59.45  102.71
  62.23    9.28
  62.82  123.23
  63.81  118.86
  64.67  103.44
  65.14   41.98
  65.54  121.71
  66.27   52.99
  68.88   61.35
  68.89  102.35
  70.83   45.43
  70.95   78.71
  72.90   81.81
  73.04   55.42
  73.49   70.01
  74.38   47.68
  76.78   67.76
  77.09   57.11
  77.39   50.09
  77.43   96.53
  81.87   52.83
  82.91  114.34
  83.66   92.26
  83.93   92.09
  86.92   70.84
  92.05  162.39
  96.18   79.34
  96.56  123.96
  97.08  104.18
  97.57   57.86
  99.15  121.99
 100.31  121.13
 101.39  166.01
 101.90  165.08
 103.88  123.65
 105.43  118.66
 105.54  115.40
 107.18  108.40
 108.90  189.26
 108.91  170.47
 109.03   91.82
 109.05  195.10
 109.09  179.65
 110.06  193.78
 110.15  178.24
 111.04   71.19
 119.54   65.57
 121.45   58.43
 121.73   79.19
 133.83   90.01
 136.28  106.72
 137.30   31.33
 137.58   36.98
 138.90  117.61
 139.71   62.44
 144.52   59.24
 148.74   91.66
 149.22  105.88
 164.00    6.90
 167.58   58.37
 168.84    7.90
 169.85  108.08
 171.48  115.67
 172.99  117.04
 173.88    8.74
 176.50  121.47
 177.30   71.11
 180.11  119.53
 181.39   48.06
 181.50  116.04
 184.11  114.58
 194.69  104.96
 196.27   94.26
 197.04   95.21
 205.83   84.80
 205.88  120.19
 206.41   99.81
 208.41  183.34
 211.49   99.60
 212.70   48.91
 214.02  185.65
 214.58  122.09
 214.64  104.37
 217.56   40.93
 218.14  187.75
 222.61  101.26
 223.80   36.87
 224.67   36.97
 227.00   48.30
 229.98  103.25
 230.52   37.51
 230.98   94.01
 232.18  137.79
 233.06  198.63
 233.07  125.92
 233.21   39.29
 233.65  204.05
 233.84  205.41
 234.99  126.79
 235.06   94.01
 235.70   44.69
 236.49  141.21
 236.86  149.77
 237.30   45.30
 237.62  127.92
 240.07  103.30
 240.08   64.41
 241.04  145.18
 241.19   46.91
 241.60   98.18
 242.54   39.26
 243.57  154.60
 243.84  155.46
 244.55   68.87
 246.16  147.47
 246.24  101.54
 246.40  163.17
 246.69  145.04
 248.30   34.24
 249.31   66.20
 250.37  162.07
 251.75   34.03
 252.94   39.08
 254.56  204.39
 254.89  154.14
 255.59   33.82
 255.60  159.00
 257.28  162.36
 257.54   36.25
 257.61  168.55
 257.81   59.11
 257.85  168.78
 258.25   70.75
 259.20   33.64
 259.47   77.87
 259.47  109.78
 259.69  161.02
 260.62   72.73
 261.25   68.56
 261.86  108.78
 262.62   65.23
 263.85   40.98
 268.33   54.09
 268.46   38.30
 269.98   44.91
 270.19  178.10
 271.59   58.34
 272.83  165.02
 273.59   78.43
 274.40   56.89
 274.51   46.54
 275.86   54.49
 276.21   32.88
 280.84   32.93
 281.20  169.50
 281.80   36.68
 283.24  175.87
