   9.71  127.06
  12.59  122.18
  19.04   22.71
  23.95  167.98
  23.98  182.78
  24.00  173.24
  24.04  204.90
  24.68  194.51
  24.98  194.61
  25.78  183.47
  26.50   47.73
  28.27   33.43
  28.42  189.98
  28.82  184.26
  32.67  185.87
  41.77  212.69
  43.03  154.90
  43.10  159.29
  48.58  159.69
  51.59  137.68
  52.66  131.94
  52.93  178.90
  52.95  155.87
  53.25  155.58
  53.48  137.68
  53.76  159.80
  56.21  184.82
  67.29  183.81
  70.50  188.38
  72.58  102.90
  75.13  104.30
  76.44  101.87
  79.04  100.60
  81.92  187.92
  82.30  183.44
  84.13  196.40
  84.70  179.09
  87.49  183.21
  88.91  179.59
  89.79  154.64
  90.28  189.24
  90.30  198.90
  91.24  182.24
  93.81  187.24
  95.18  202.05
  95.31  188.79
  95.57  175.84
  96.17  180.68
  96.88   67.63
  98.87   64.65
  99.71   53.68
 100.01  190.67
 100.68  172.94
 101.37  178.52
 101.81  197.48
 102.19  175.59
 102.42  190.68
 102.98   69.87
 103.60  190.38
 104.19  203.52
 105.34   79.04
 106.32   33.95
 106.45   40.52
 106.60   49.67
 106.67  152.93
 107.21   61.50
 108.07  202.23
 108.11  185.87
 108.73   53.99
 109.09   77.70
 109.31   73.75
 110.20   57.44
 111.14  180.38
 111.47   43.74
 112.75   67.49
 114.79   82.40
 115.49  196.75
 115.55  164.83
 115.86  189.38
 116.21   44.56
 116.83  176.54
 117.13   62.36
 117.72  158.68
 119.18   39.86
 119.35   49.92
 120.00  199.63
 120.03  199.51
 120.21   77.39
 120.28  176.18
 120.29  186.11
 120.62  192.45
 121.66   69.93
 121.76   36.00
 122.57  155.50
 122.96   62.14
 123.59  195.67
 126.62   75.16
 126.63  196.74
 126.68   57.86
 127.02   80.18
 127.21  192.26
 127.27   72.11
 128.93  194.97
 129.05  200.73
 129.46  182.88
 130.42   72.80
 130.97  153.29
 132.46  164.77
 133.70  152.26
 134.44  143.54
 135.32  171.88
 135.73  154.67
 136.94  184.16
 138.28   73.08
 138.57  173.87
 138.67  195.57
 140.60  182.77
 144.59  205.40
 145.16  200.25
 145.68  191.34
 146.42  169.12
 147.99  156.61
 152.49  194.62
 153.66  101.30
 154.39  192.21
 154.79  176.73
 155.19  170.67
 156.16  163.93
 156.16   99.26
 157.11  179.20
 157.94  185.35
 158.77  152.21
 160.94  185.06
 161.21  192.99
 161.23  186.22
 161.60  155.22
 164.97  191.56
 167.24  173.68
 167.74  192.45
 170.79  195.50
 172.41  170.58
 175.04  210.25
 177.25  163.68
 178.59  197.43
 178.76  192.70
 179.33  183.96
 179.53  179.17
 179.71  174.31
 180.66  168.76
 182.04  157.51
 184.51  152.17
 185.21  148.14
 186.40  181.43
 202.90  178.35
 204.74  175.57
 206.67  198.61
 211.23  183.37
 212.49  156.98
 213.45  182.93
 213.95  160.79
 222.86  207.34
 224.85   89.78
 225.83  204.12
 228.24   79.91
 228.44  190.24
 228.55   87.67
 229.19  177.92
 231.02  198.41
 231.16  188.44
 231.27  204.51
 232.75  184.87
 233.90   88.84
 234.20  112.80
 234.97   90.14
 237.75  196.02
 237.88  163.50
 238.02  179.75
 240.08   95.13
 241.08  114.91
 241.16  110.37
 241.19   70.02
 241.34  205.82
 241.47  169.43
 242.47  100.27
 243.06   96.15
 243.50  162.24
 243.93  201.16
 245.96   55.09
 246.09  165.83
 246.46   94.54
 246.47   66.03
 248.18  113.68
 264.53   50.01
 268.63   78.93
 268.90   73.14
 269.49   55.10
 271.16   56.35
