  13.37  157.86
  15.06  162.23
  15.16  162.09
  15.95  166.65
  16.98  179.40
  17.41  185.87
  17.98  191.80
  18.56  197.80
  19.00  203.64
  19.63  181.14
  21.87  205.08
  22.12   59.28
  22.42   65.60
  23.71   97.15
  24.21   76.27
  25.49   99.13
  29.17  183.33
  30.54   94.64
  30.93  181.84
  34.79  177.38
  40.11  180.51
  45.01  211.11
  45.09  204.48
  45.29  204.54
  47.98  188.65
  49.30  189.31
  50.85   47.79
  51.36   91.31
  53.94   94.11
  54.28   73.77
  54.64   87.69
  60.82   81.59
  61.76   41.45
  62.78   14.66
  62.79   89.93
  64.59   94.73
  68.42   96.57
  70.01   37.68
  70.46   72.13
  71.85   88.28
  71.95   73.88
  73.37   75.31
  73.92   29.36
  73.94   43.88
  73.97  155.85
  74.03   93.73
  75.79  152.45
  76.07  159.43
  77.00   91.05
  77.90   21.53
  84.30   80.45
  89.80  212.48
  92.35  137.66
  96.96   80.03
  98.11   67.16
  98.81   39.10
  98.86   46.72
  98.96   89.35
  99.42   67.95
  99.49  197.71
 100.40   48.78
 100.86  206.82
 100.92   36.66
 103.46   38.99
 104.55   92.51
 105.57  101.48
 106.22   55.81
 106.82   42.05
 106.97  146.42
 107.76   14.68
 107.83    8.97
 108.07   20.14
 108.28  120.56
 108.75  195.75
 109.15  179.96
 109.60  189.26
 109.72  197.68
 109.96   44.81
 110.16   52.18
 110.55  121.62
 111.65   24.83
 112.07  193.56
 112.41   37.32
 114.56  202.94
 115.23  184.07
 117.19   43.87
 117.31   54.40
 117.53  173.61
 117.92  111.09
 117.92  101.26
 118.47  119.99
 118.68   23.42
 118.73   46.92
 118.93   33.26
 119.77  193.81
 119.90  182.32
 120.25  160.54
 120.40  178.52
 120.64  198.77
 120.67  171.95
 122.04   49.77
 122.47   53.89
 122.51  175.66
 122.61  206.19
 123.16   89.40
 123.26  125.64
 123.90  191.25
 124.32  186.40
 124.57  201.34
 124.95  145.10
 125.16  120.56
 125.29   55.40
 125.52   91.05
 125.56   98.83
 126.08  110.03
 126.52  166.68
 126.72   23.08
 126.82  180.34
 127.08   45.78
 127.11   48.34
 127.23  169.76
 128.89  132.07
 128.99  201.94
 129.46  120.48
 129.67  195.25
 130.23  111.13
 130.32  147.42
 130.45   95.20
 131.19   28.67
 131.93  156.55
 132.50  176.14
 132.85  159.01
 132.91  126.25
 133.90  167.42
 134.48   20.62
 134.73  139.62
 134.81   98.91
 134.97  106.29
 135.02   28.92
 135.29   77.50
 135.95   66.30
 136.03   23.75
 136.77   65.45
 137.04   33.13
 137.09  165.14
 137.19  127.57
 137.25  125.86
 137.26  165.02
 137.57  125.21
 137.81  196.84
 137.84   44.58
 138.28   32.10
 138.31   89.24
 138.61  157.36
 138.98  132.83
 140.08  116.44
 140.49   53.68
 141.22   86.28
 141.76  155.27
 141.95   47.01
 142.01   38.37
 142.59   29.82
 142.86   65.79
 143.23  148.16
 143.30  181.26
 143.30   78.04
 143.79  105.93
 144.06  122.01
 144.43  171.22
 144.78   63.75
 144.84   60.07
 145.57  146.64
 145.85  154.14
 146.77  197.23
 147.04   91.21
 147.34  140.48
 147.45  201.85
 147.47  141.98
 147.50  168.94
 147.57   48.79
 148.28   54.50
 148.31   23.78
 148.36  160.38
 148.43   42.94
 148.67  139.40
 148.87   34.29
 149.05   86.14
 149.56  133.74
 150.45  178.47
 150.99  158.71
 151.15  182.02
 151.38   80.20
 151.65  103.65
 151.79  104.01
 152.16  150.83
 152.94   97.84
 153.26  153.64
 153.56  117.41
 154.01   24.09
 154.33  149.40
 154.87   67.25
 155.17  169.47
 156.80  141.50
 156.89  166.76
 157.75   48.09
 158.34  158.97
 158.50  111.66
 158.68   25.68
 159.06   91.52
 159.22  134.60
 159.37  183.00
 159.82  210.26
 160.64  205.89
 161.90   44.74
 162.12  100.09
 162.45   23.43
 162.59  208.25
 162.72  170.44
 164.23  199.27
 164.27  212.82
 164.37   32.47
 165.27  205.91
 165.41  159.83
 165.59  191.91
 165.79   29.91
 166.42   20.73
 166.48  114.19
 166.56   58.01
 166.84   24.55
 167.14  212.19
 167.44  183.07
 167.65  150.61
 168.53   47.15
 169.47  204.50
 169.50   56.11
 169.74   21.11
 169.83   48.25
 169.98  142.56
 170.03  194.41
 170.13  203.98
 171.31  104.42
 171.42  141.43
 172.04   51.94
 172.71  155.60
 174.40   56.14
 175.00  184.68
 176.28  114.27
 176.47   59.23
 176.72  171.82
 176.96   52.66
 177.66   98.02
 178.13  160.96
 178.53  144.69
 178.92   55.55
 178.92   99.52
 179.36  151.50
 179.89  143.44
 180.72  136.33
 181.67  188.74
 181.83  101.83
 182.02  200.84
 182.60   57.80
 182.65   58.05
 183.14   50.54
 183.28  185.20
 184.06  169.24
 184.46  172.18
 185.29  161.35
 185.76   61.92
 186.27  105.21
 187.43   46.58
 189.97   54.03
 190.48  109.38
 190.48   49.99
 191.94  186.36
 191.99   51.78
 192.27  173.18
 192.43  162.11
 192.91  152.55
 193.38  167.54
 194.11  130.68
 194.18  144.58
 194.19   60.88
 194.28  136.86
 194.28  182.79
 194.37  150.93
 194.57  145.64
 194.80  170.14
 195.10  207.88
 196.67   47.14
 198.25   59.57
 199.75  131.22
 200.21  211.60
 200.53   79.09
 200.56   65.57
 200.63   53.70
 202.40   70.32
 203.20  160.76
 203.48  115.59
 204.36  139.07
 204.47  153.16
 204.49  163.37
 204.82   48.07
 205.75  131.61
 206.19  174.72
 206.22  145.66
 206.23  180.59
 206.83  158.43
 207.39   80.83
 207.88   44.12
 209.46  145.58
 210.30  158.69
 210.76  181.11
 210.86  166.22
 210.97   70.00
 211.23  122.82
 212.09  169.19
 213.03  172.13
 213.43  178.14
 213.43  174.89
 214.54  191.77
 214.57  184.90
 214.69  180.45
 214.85  180.76
 215.79  188.41
 216.25  181.37
 216.88   51.78
 217.54  203.64
 218.98  195.09
 219.08  199.56
 219.33   31.74
 220.60   50.36
 221.36  190.64
 222.34   11.36
 224.09   28.21
 227.93  195.74
 229.17  200.62
 231.69  193.53
 235.42  212.39
 235.46  193.34
 235.97  182.24
 239.95  188.96
 244.48  189.39
