   7.60  180.44
   8.49   16.24
   8.86  172.64
   9.19   48.95
   9.35   91.12
  10.30   80.39
  10.57   66.08
  12.04   29.47
  12.86  113.26
  13.72   15.86
  14.37  102.27
  14.72   28.47
  15.01  136.15
  17.10  171.01
  17.52   48.98
  17.88  106.03
  17.90   82.63
  19.46  133.00
  19.53   82.93
  19.97  138.45
  20.19   99.89
  21.44   72.07
  21.82   29.12
  22.83  102.60
  22.99   94.61
  23.01   69.96
  23.11   99.65
  24.37   30.93
  24.54   76.41
  25.15   48.84
  26.51  107.70
  27.78   29.98
  28.82   75.02
  28.84   83.29
  29.29   50.37
  29.50   71.22
  29.58   81.97
  30.09   68.46
  30.39   34.43
  31.15   79.55
  33.10   88.27
  33.62  173.12
  34.36  108.73
  34.56   21.50
  35.98   84.10
  36.17  152.73
  36.95   52.04
  37.38   97.76
  37.43  153.94
  37.70  136.46
  38.87  157.66
  39.42   26.97
  39.76   49.39
  39.92   54.09
  40.50   23.80
  40.76   91.74
  41.07  190.68
  41.79  166.16
  42.56    8.96
  42.92  111.40
  43.68   83.08
  44.22  178.82
  45.46  110.62
  46.11  150.12
  46.12   12.22
  46.20   96.63
  47.88  165.17
  48.23   40.42
  48.98  155.78
  50.93  102.70
  52.34  149.40
  52.72   31.91
  53.25  115.48
  53.51   52.10
  53.90   88.44
  54.51   74.47
  54.59   96.24
  54.94  154.46
  56.57  171.56
  57.13  170.14
  57.56  107.21
  57.77  162.29
  57.93  120.16
  58.47   30.91
  58.56  155.99
  59.15   18.57
  59.38  103.49
  59.62  161.28
  59.96  114.05
  60.52   92.98
  60.86   49.63
  61.51  174.00
  61.70  105.69
  62.41   11.90
  64.05   15.29
  64.29   82.62
  64.45   47.49
  65.89   22.20
  66.88  110.71
  66.90   95.40
  67.43   49.30
  67.55   77.57
  67.64   30.16
  68.77   86.22
  69.11  144.12
  69.65  161.06
  70.98   49.94
  71.23   65.33
  71.33   65.59
  71.58  126.14
  72.37  115.49
  73.00   99.35
  73.84  142.21
  75.09   49.47
  75.79   96.09
  76.23   88.89
  76.58  114.49
  77.09   76.48
  78.76   52.99
  80.04   92.72
  80.15   53.89
  80.49  120.11
  80.72   88.72
  80.91   72.59
  81.03   82.32
  84.06   74.69
  84.80   90.35
  85.19   81.74
  86.83   76.54
  87.97   92.12
  88.91   49.78
  89.80   71.11
  90.48   88.16
  90.81   84.36
  91.13  209.17
  91.76  108.08
  91.79   61.21
  91.87  203.61
  92.61   48.64
  92.95  193.60
  95.15   99.03
  95.53  190.84
  95.54  198.06
  96.11   66.07
  97.06   48.93
  97.06   48.84
  97.90   24.34
  98.14   17.60
  98.35   47.64
  98.81   15.02
  99.53  199.68
  99.77   67.22
  99.92  111.83
 101.04   80.58
 101.58  204.41
 102.27   21.63
 102.87   43.62
 103.01   55.76
 103.30  198.20
 103.86  195.22
 104.35   97.22
 105.18   89.47
 107.23   17.41
 107.87    7.25
 107.96   81.77
 108.53   78.63
 108.63  204.96
 108.79   62.34
 108.80   75.30
 109.44  197.41
 110.76   98.90
 111.22  106.75
 111.31  186.86
 111.56   64.06
 111.72  114.48
 111.73   69.11
 112.98   54.77
 113.93  189.73
 113.94  184.12
 115.65   67.59
 115.88  107.82
 116.30  179.91
 116.98  198.36
 117.00  118.60
 117.87   56.04
 118.39  183.01
 118.55   79.55
 118.81   70.54
 119.13   94.63
 119.62   83.99
 119.89   89.07
 120.30  203.00
 120.98  207.68
 121.00  171.36
 122.88  190.27
 123.54   36.22
 124.16   47.60
 125.07   55.06
 125.14  124.62
 125.21   68.05
 125.36   67.75
 125.47  200.07
 125.88   55.82
 126.13   36.26
 126.24   34.12
 126.27   93.28
 126.58   28.84
 126.81   39.03
 127.01  195.45
 127.05   52.09
 127.80  212.43
 129.16   49.45
 129.36   95.52
 129.70   41.88
 129.91   58.85
 129.93  193.64
 130.30   95.26
 131.11  204.21
 131.42  104.63
 131.49  190.11
 132.40   45.73
 132.49   43.03
 132.63   77.10
 134.44   66.50
 135.29  208.60
 135.47   51.84
 135.88   86.57
 136.11   43.45
 136.14  184.30
 138.21   90.11
 139.44   69.48
 139.50   88.10
 139.71  182.91
 141.38  187.56
 141.68   41.69
 143.20   52.51
 143.85  127.89
 144.06  120.09
 144.57  103.56
 144.78   74.01
 145.49   60.70
 146.15  109.69
 149.00   47.65
 150.05  116.81
 150.14   41.98
 150.48   79.83
 150.49   69.55
 152.56  128.51
 152.65   62.51
 152.74   46.82
 152.77   42.54
 155.72   69.49
 157.19   72.56
 158.61   68.48
 158.96   55.66
 161.54   49.23
 161.60   56.58
 162.47  134.63
 163.61   77.47
 163.75  128.50
 164.88  122.11
 165.04  138.95
 165.44  125.39
 165.68  146.00
 166.96  133.54
 167.14  142.65
 167.24  152.48
 167.46   64.43
 168.74   57.43
 169.37   56.48
 169.95  150.42
 171.33   71.58
 173.39  154.27
 173.40  146.51
 173.46  134.01
 174.67  149.77
 175.83  126.92
 175.92   99.53
 175.94   66.93
 176.64   60.48
 177.17  132.14
 178.65   61.66
 179.16  150.52
 179.39   77.55
 179.99  133.79
 180.06   47.92
 180.08   65.87
 180.58  126.88
 180.61   29.63
 181.46   58.22
 181.57   53.61
 182.24   49.36
 182.56  140.45
 183.12   80.67
 183.53  119.67
 184.07   68.18
 184.32  122.26
 186.04   72.37
 186.56   75.58
 186.95  128.77
 190.02  158.39
 190.42   85.40
 190.42  151.26
 190.78  126.82
 191.26   53.62
 191.79  147.04
 192.10   81.70
 192.18  120.66
 192.57  131.25
 193.30   32.07
 193.88  134.13
 193.93   75.20
 194.02   68.09
 194.43  151.27
 195.92  117.52
 195.95   88.03
 196.49  135.44
 196.63  148.05
 199.08  111.92
 199.14   84.18
 199.71   69.91
 200.48  140.92
 200.94  144.26
 201.48   56.29
 201.56   87.96
 201.70   29.96
 202.60  114.48
 203.47   53.52
 203.76   66.28
 204.78  100.79
 206.20  126.05
 206.80   47.77
 207.03  119.51
 207.85   74.33
 208.41   51.40
 208.65   87.67
 209.84  113.87
 210.43  110.82
 211.08  117.13
 211.69  102.81
 211.86  108.24
 212.68   60.88
 213.41   99.93
 213.62   86.94
 214.07  113.63
 215.56   72.94
 217.44   64.90
 217.78   56.37
 218.47   70.62
 218.63  117.26
 219.03   42.67
 219.34  108.06
 219.89   77.10
 221.56  102.73
 221.99   86.85
 222.18  114.59
 222.65   62.23
 222.78  100.55
 223.06   57.35
 223.76  135.88
 223.98  145.53
 224.68  113.26
 224.86   65.44
 225.37   56.79
 225.84   87.46
 226.16   55.93
 226.32  130.49
 226.36  123.28
 227.25  104.05
 227.83   76.67
 228.23  141.69
 230.46  145.17
 230.74   38.21
 232.27   24.12
 232.69  111.21
 232.92   91.40
 233.67  119.58
 234.40  126.48
 235.19   31.03
 235.44  100.34
 235.77  115.42
 235.91   40.35
 236.55   39.33
 237.00  121.58
 237.41   88.96
 237.70  131.47
 237.73  126.94
 238.30   68.93
 240.31   94.93
 240.99   70.23
 241.74   98.64
 241.79  150.27
 242.57  138.07
 242.66  142.29
 245.43  142.63
 245.72   90.83
 246.09  122.76
 246.89   99.29
 247.93  121.46
 248.91  145.28
 248.91  128.47
 249.78  121.62
 251.49  127.81
 251.62  165.47
 252.00  113.53
 252.05   81.13
 252.48  104.62
 252.77  150.55
 253.43   79.08
 254.72  138.69
 255.10  119.28
 255.14  164.94
 256.54   51.86
 256.79  170.23
 257.57   86.65
 260.11   73.63
 260.15   82.18
 260.51  117.65
 261.61  112.83
 261.63  162.36
 261.76   51.84
 261.97   91.60
 262.56   76.90
 262.95   67.87
 263.63  121.51
 264.98  110.79
 265.02  148.51
 265.98  119.07
 266.46  193.31
 266.93   98.47
 267.32  150.43
 267.52  147.00
 268.29   75.36
 268.46   69.05
 268.76  103.78
 269.07   61.17
 270.47   72.54
 271.54  125.97
 272.05   87.57
 272.08   67.77
 272.23   87.62
 272.87   98.98
 273.46   37.18
 273.49   32.40
 273.95   17.63
 274.39   64.60
 274.92   95.58
 276.82   99.25
 277.45   66.95
 278.27   81.57
 279.07   42.80
 280.16   50.11
 281.12   50.54
 281.54   66.72
 281.64   80.24
 282.15   27.47
 282.37   36.70
 282.45   83.60
 282.45   99.41
 283.12   27.19
 283.28   18.79
 283.42   63.30
 283.58   30.74
 284.84   56.58
 285.68  168.73
 286.81   31.26
 287.37   27.23
 287.54   59.04
 288.05   18.97
 289.20   73.57
 289.33  181.61
 289.68  174.57
 289.73  174.49
 290.07   72.62
 290.12   61.07
 291.53   99.40
 292.05   68.65
 292.42   63.13
 292.46   82.93
 292.72  210.64
 294.00   30.38
 295.03   88.30
