   9.78  228.85
  60.75  263.96
  64.60  263.99
  64.94  248.50
  65.51  141.75
  65.82  248.73
  68.53  246.97
  70.04  237.69
  70.50  137.12
  70.82  136.81
  71.39  238.84
  82.16  234.26
  82.24   87.75
  84.69   78.82
  85.14   91.07
  85.57  215.34
  86.67   92.64
  89.48   40.14
  90.19  240.50
  91.20   78.50
  93.41   40.22
  94.31   88.29
  98.35  110.00
  98.72   40.53
 100.31  254.59
 101.49  249.11
 101.64   80.23
 101.73   87.51
 101.80   72.15
 105.91   37.09
 106.92  185.92
 108.29   73.76
 112.02  191.77
 113.82  121.03
 114.26   76.87
 114.48  213.98
 114.55   90.47
 114.67  194.37
 114.86   42.34
 114.98  254.15
 115.49  174.58
 116.08   41.42
 116.35  257.10
 116.65  218.20
 117.12  224.40
 117.89  124.50
 117.92  176.56
 118.60  261.52
 119.50  191.07
 119.67  195.14
 121.62  179.48
 124.00   53.14
 124.10  258.04
 124.58  180.18
 124.93  192.36
 125.20  127.12
 126.22  189.70
 126.54  198.49
 127.90  183.59
 128.03  204.52
 128.20  220.13
 128.33  177.61
 132.22   42.58
 132.25   65.46
 132.73  184.42
 132.74   87.14
 132.87   43.31
 133.16  123.41
 133.27   62.49
 133.36   77.53
 133.92   88.36
 134.67  182.31
 135.34  121.22
 135.67  177.05
 135.82  219.05
 136.30  120.23
 137.99  187.36
 139.90   61.82
 140.75   69.44
 141.05  178.92
 141.47  174.72
 141.61  191.49
 141.76  180.55
 142.70  195.69
 143.86  204.56
 146.24  172.27
 148.05  200.31
 148.12   77.67
 148.39   63.73
 148.61   71.25
 149.19  180.08
 149.42  199.05
 151.16  192.15
 152.28  189.63
 153.19  176.89
 153.49   65.48
 154.04   66.17
 154.16  172.49
 156.19   70.28
 156.80   61.72
 158.87   79.59
 159.35   76.18
 159.40   39.83
 159.67   59.09
 160.03  119.15
 161.56  172.94
 162.24  184.72
 163.23   56.44
 163.38  190.23
 164.00  204.73
 165.31   70.75
 167.19   62.59
 168.22  196.46
 168.81  192.35
 169.02   76.93
 171.23  181.70
 172.47  184.48
 175.92  193.90
 176.65   62.63
 177.00  199.31
 177.63  189.39
 178.33  135.38
 178.41  174.77
 179.75   70.77
 180.69  188.26
 181.10  189.92
 181.34   61.36
 182.00  197.78
 182.26  202.35
 185.41  183.91
 189.41  184.10
 189.93  199.60
 191.49  180.82
 192.84  184.62
 196.94  189.96
