   8.44  143.03
  12.81  111.67
  20.56  152.98
  35.78  136.20
  39.20  136.92
  41.04  101.36
  41.57  135.88
  42.75  135.17
  46.29  138.24
  48.05  101.22
  48.87  157.42
  50.17  143.10
  50.84  138.29
  52.98  145.06
  55.60  138.23
  59.38  135.16
  59.94  145.49
  62.03  138.82
  62.84  144.82
  72.93  138.96
  78.70  183.97
  87.79  133.80
  89.62  138.88
  89.63  139.06
  97.61  136.11
 103.06  136.91
 104.03  182.79
 105.05  183.55
 105.80  135.80
 107.21   99.62
 111.69  115.48
 113.02   97.41
 114.98  128.34
 115.11  128.29
 115.50  116.32
 117.07  127.62
 117.11   85.97
 118.58  135.68
 120.11   69.59
 120.41   80.37
 121.47   68.97
 123.25   99.62
 123.55  122.38
 123.59   62.44
 124.85  184.40
 126.53  113.73
 126.69   71.97
 126.92  127.65
 128.04  136.53
 130.31  102.80
 130.79  175.79
 131.41  135.24
 132.08  106.22
 132.43  115.97
 132.48  193.51
 133.68  109.34
 136.58  127.38
 136.63  127.38
 136.76  114.97
 137.18  136.26
 140.25  189.18
 142.16  106.13
 143.10  134.73
 143.45  112.53
 144.41  122.31
 144.85  163.82
 147.18  102.96
 147.26  103.16
 149.04  127.09
 149.26  127.08
 150.51  148.92
 150.55  132.39
 151.48  138.83
 151.95  104.23
 152.36  111.47
 154.82  193.40
 155.06  186.84
 155.30  122.95
 155.38  109.55
 155.43  180.08
 155.73  146.47
 155.75  169.48
 156.00  128.76
 158.37  132.14
 158.61  107.12
 158.82  150.83
 158.85  158.65
 159.05  182.58
 159.34  178.07
 159.56  132.71
 162.17  180.00
 162.67  105.49
 164.39  181.89
 165.52  112.05
 168.21  100.63
 168.51  180.05
 170.41  114.10
 171.72  170.00
 173.09  169.47
 173.45  113.34
 173.65   81.63
 174.18  125.05
 176.15   52.11
 177.50  107.96
 178.45  103.51
 180.20   67.53
 181.46  114.73
 182.99   62.70
 183.51   53.67
 183.86   81.03
 184.02   77.85
 186.26  117.09
 194.51   52.26
 195.32   50.54
 196.90   78.82
 197.01   85.75
 197.13  112.86
 198.82   91.22
 199.72   64.01
 202.64   57.16
 204.66   94.66
 205.06   59.56
 205.13  179.70
 210.39   87.41
 212.37  116.26
 216.16  111.16
 219.54   67.75
 219.67   67.71
 228.41   26.17
 229.41  105.97
 231.17  110.72
 232.30   26.38
 233.10   30.36
 234.05  101.26
 236.09  110.11
 238.96   25.87
 243.59  110.19
 246.76   53.26
 250.40  103.90
 252.07  109.86
 254.35  109.98
 255.51  109.75
 255.85   53.31
 263.99   56.88
 266.91  114.88
 269.92  111.12
 275.09  119.59
 279.75   82.05
 280.39   47.64
 280.53   47.52
 286.53  101.14
 289.75   78.99
 292.42   43.66
 293.45  110.24
 295.12  102.69
 295.17   66.76
 296.67  180.75
 298.59   63.19
 300.62  179.07
 300.99  190.95
 301.00  103.26
 302.03  191.79
 302.98  177.06
 303.32  172.27
 304.06   77.01
 304.09   43.16
 304.47   43.07
 305.39   66.27
 305.45  128.51
 305.82  119.04
 306.03  128.04
 306.47  102.23
