  18.81  180.27
  19.17  185.10
  22.58  143.15
  24.28  163.89
  25.00  163.92
  26.94  212.97
  27.17   80.80
  27.33   63.82
  27.42   48.20
  27.80  196.36
  28.21   61.65
  28.69  199.01
  28.73  181.41
  28.78  177.10
  29.38  129.28
  29.91  206.71
  30.96  211.17
  31.46  107.94
  32.23   81.31
  34.71  177.80
  36.03  206.45
  36.35  103.98
  36.41  188.36
  37.80   70.10
  37.96   74.01
  38.18  176.90
  38.61  129.55
  38.96  145.79
  39.15  115.61
  40.56   88.49
  41.43  183.67
  41.46   97.85
  41.67  104.01
  44.19  123.96
  44.21  156.69
  45.10   79.56
  46.96  204.82
  47.17   89.20
  47.44  163.43
  48.10  180.26
  49.12  100.31
  49.58   72.08
  49.87   85.00
  50.93  164.74
  52.63  175.39
  53.26   65.40
  53.47  181.05
  53.55   98.77
  54.34  153.95
  56.36  156.33
  59.84  104.15
  60.10   65.28
  60.66   79.89
  60.87  153.20
  61.96   12.86
  62.24   84.82
  65.10  188.58
  65.49  145.07
  66.47    9.58
  67.17  137.20
  67.69   97.68
  68.26  187.94
  68.29   86.95
  68.44  148.82
  69.06   72.00
  69.53  184.95
  70.85  100.39
  71.36  180.48
  71.45  123.95
  71.52  156.38
  71.80   74.64
  72.16  129.67
  72.31   69.66
  72.39  188.21
  73.81   89.07
  74.58  111.01
  74.82  164.98
  74.89  130.78
  74.98   70.94
  75.04   81.51
  75.14  151.62
  76.64  184.35
  76.84   63.92
  77.35  152.27
  78.64   46.25
  78.78   41.65
  78.82   49.83
  79.82   18.22
  79.84   32.43
  80.09   22.94
  81.21  210.88
  81.31  114.34
  81.37  177.56
  81.49  103.77
  81.66   98.56
  82.21  171.41
  82.45   84.01
  83.49   24.09
  83.69   81.56
  84.89  157.25
  86.47   61.71
  86.74   68.66
  86.94   36.90
  91.15  208.04
  91.82  201.17
  92.65  178.56
  93.17  104.95
  96.18  116.55
  96.19   51.26
  98.17  129.04
  99.01  137.06
  99.60   60.47
 100.55  185.41
 100.77   30.19
 101.14  187.85
 101.33  111.15
 101.38   66.05
 102.83  177.45
 102.91  206.89
 103.29   11.45
 105.14   57.51
 105.91  170.99
 106.02   61.02
 107.54   68.18
 107.98  105.48
 109.51  110.85
 110.55  199.94
 111.50   63.52
 111.76   56.74
 111.85   70.41
 113.44  173.07
 114.43  187.38
 115.92  117.43
 116.84  165.03
 117.47  157.49
 117.79  169.38
 118.27  102.17
 118.64  119.88
 119.72  180.20
 120.34  184.08
 121.36   93.40
 121.66  187.21
 121.70   27.51
 122.11  111.16
 122.85  165.85
 123.15  107.47
 123.15  119.44
 123.24   17.71
 123.72   60.63
 123.97  179.68
 125.29  187.78
 126.01  111.53
 126.79  105.58
 127.06   34.80
 127.30   56.92
 127.62  165.45
 127.63   53.51
 127.97   40.43
 128.90   58.84
 129.13  194.25
 129.33   44.10
 129.78  209.34
 130.16  150.06
 130.95  169.34
 131.36   95.01
 131.55   35.57
 132.02   35.62
 132.61  160.19
 132.76  183.86
 133.40  119.31
 134.64  158.32
 134.78  149.72
 135.01  103.42
 135.27  188.75
 136.74  152.10
 137.16  170.76
 138.46   94.12
 140.65  119.15
 140.98  179.92
 141.46  206.56
 141.55   98.98
 141.58   63.21
 141.96  163.51
 141.99  176.35
 142.73   24.44
 143.20  148.78
 143.28   66.89
 145.27  113.78
 145.35  176.98
 145.84  189.37
 147.97  211.81
 148.15  152.85
 148.24  149.47
 149.10   37.68
 149.57   77.69
 150.75  187.39
 152.40   44.21
 154.43   63.70
 154.75  189.24
 156.89   32.30
 158.15  207.07
 158.44  145.16
 159.25   72.85
 159.25   39.46
 159.62  186.57
 159.87  162.01
 160.38    8.17
 160.41   42.81
 161.62  121.03
 161.95  175.02
 162.37  139.32
 162.50   61.90
 162.52   27.41
 162.65  151.17
 163.89  187.15
 164.20   49.69
 164.46   79.00
 165.56  154.35
 165.80  149.24
 169.35  188.62
 169.79   42.71
 170.11  144.84
 170.23   73.78
 171.32  151.69
 171.45  175.41
 171.54    8.52
 173.17  211.79
 173.91  158.63
 173.99   68.01
 174.26   51.11
 175.31  173.07
 175.75   40.14
 176.89   75.25
 177.12   52.02
 177.32  193.97
 177.61  119.56
 179.05   61.01
 179.09   63.65
 179.41  163.94
 179.78  179.00
 179.82   52.37
 180.22  163.37
 180.29  193.08
 181.39  186.78
 181.61  172.26
 182.81   39.77
 182.85   33.73
 183.12   71.61
 183.67  176.45
 184.44   44.89
 184.83  156.03
 185.08  164.77
 186.61  175.15
 186.94   53.66
 187.50  150.33
 188.66  168.13
 188.74  161.88
 188.82   34.26
 190.50  149.19
 192.42    9.20
 193.25  120.71
 194.28  202.27
 195.36  171.06
 195.42   35.12
 196.65   27.11
 196.70  204.48
 196.79  136.01
 197.04  156.95
 197.16   40.82
 197.83  146.44
 198.22   50.47
 198.24   50.17
 198.32  148.94
 199.03   61.41
 199.07   31.80
 199.91   14.22
 200.87  166.93
 200.88   10.80
 201.13  185.44
 202.06   67.36
 202.28   49.29
 202.37  178.64
 202.49   17.76
 202.61  174.19
 202.83   68.76
 203.25  164.04
 203.48   14.59
 205.07  149.37
 205.94   54.46
 205.96  173.16
 206.98   35.27
 207.29  166.37
 207.48  176.39
 208.60   62.67
 209.45  116.01
 210.38   99.86
 210.78   86.83
 211.74  206.36
 212.11   67.83
 212.24  114.71
 213.17  106.13
 213.35   50.70
 214.06  166.97
 215.04   31.72
 216.64  114.59
 216.65   91.56
 216.74  212.10
 217.16  188.15
 217.70  184.86
 218.05  208.01
 218.14   73.55
 218.24    9.18
 218.47   29.02
 219.27   68.31
 219.28   19.12
 219.48  162.03
 219.65   24.60
 219.94   67.91
 220.06   89.11
 221.02   72.04
 221.17  182.18
 222.33   35.82
 222.43  114.51
 223.71   60.44
 224.57  100.47
 224.71   13.78
 225.32   27.53
 225.39  115.48
 225.44   16.95
 227.58   89.44
 228.14  185.08
 228.23   22.88
 228.94  101.81
 228.99  181.83
 229.05   49.06
 229.27  155.62
 229.35  115.31
 229.81  122.22
 229.97  177.00
 230.63  172.12
 231.23  166.27
 231.24  166.28
 231.37  170.10
 232.78  181.43
 233.31  112.69
 234.41  175.47
 234.67  109.59
 235.89  212.20
 237.95   29.00
 239.38  183.38
 240.02   17.83
 241.54  213.23
 241.99   16.00
 243.76   23.03
 244.47  168.39
 248.74  172.72
 249.47   20.84
 249.48  169.06
 249.64  113.19
 249.80  101.51
 252.28  168.30
 252.29  183.64
 252.59   15.09
 253.31   23.33
 254.07   90.11
 254.22  165.21
 254.36  154.42
 255.23   12.64
 257.83  161.69
 258.40  110.00
 261.09  176.21
 261.81  182.42
 263.18  188.98
 264.39  174.90
 264.47   93.46
 264.97  202.89
 265.96  183.90
 270.54  119.36
 272.64  183.23
 273.34  169.34
 275.45  124.70
 276.28  121.93
 278.38  171.86
 278.45  181.97
 282.76  171.13
 283.35  173.51
 285.34  213.58
