  17.96  141.95
  19.92   92.55
  22.21   69.87
  24.53  130.19
  24.72  175.23
  27.02  155.53
  27.26  116.24
  27.48  199.25
  29.83  106.69
  30.47   94.97
  31.58   99.96
  31.78  100.31
  32.19  127.12
  32.68  183.79
  33.81  105.04
  40.50  107.87
  40.81   92.37
  41.54   85.09
  41.81   99.74
  45.52  114.30
  46.61   95.26
  47.35  111.28
  48.34  121.59
  48.39  197.95
  49.30  198.52
  51.39  117.50
  51.95  103.25
  52.39   87.08
  52.88   95.70
  53.39  189.09
  54.09  151.25
  54.49   77.56
  54.99  111.61
  55.43  101.84
  55.68   81.78
  57.47   94.02
  57.87  105.70
  59.01   85.89
  59.41  113.63
  59.51   77.71
  59.96  181.99
  61.09   94.87
  64.63  197.18
  64.96  166.60
  68.33  109.41
  69.40  115.93
  71.86   70.98
  72.57  100.80
  75.09   96.63
  75.12  122.89
  75.40   64.18
  75.78   39.74
  76.42  162.68
  76.72   50.29
  77.27  174.26
  77.53  199.11
  77.56  109.65
  78.42  192.60
  78.98  156.10
  79.18   73.58
  79.70   37.64
  80.07  128.30
  80.13  103.65
  80.47   80.99
  80.53   81.05
  80.86  173.02
  81.03  190.36
  81.76  131.57
  81.88   69.63
  82.36  162.48
  82.83  156.79
  83.04  112.82
  83.83  194.44
  85.79  109.78
  85.98   18.34
  86.23  102.68
  86.82  189.88
  87.22  164.90
  87.91  121.11
  89.76   67.23
  89.90  143.46
  90.01   38.78
  91.92   74.55
  92.16  149.47
  93.12   41.41
  93.24   66.84
  93.25   79.88
  93.50   58.13
  93.57   58.18
  93.62   40.79
  93.86   84.98
  94.42   39.70
  94.89  151.75
  98.22   82.54
 100.43   72.94
 102.89  148.27
 103.31  148.35
 103.63  111.73
 103.74  122.91
 104.82   96.58
 104.85  167.95
 106.44  102.19
 109.12  128.19
 111.23   39.03
 111.76  131.72
 111.89  123.35
 113.95   34.80
 114.85  128.21
 115.29   42.00
 120.01  150.73
 120.44  139.45
 121.57  103.46
 122.14  118.22
 123.68  110.99
 124.63  167.88
 125.19  141.40
 127.85   96.14
 128.23  137.25
 130.22   89.61
 132.74   86.87
 133.06   96.73
 133.68  141.30
 134.42  123.41
 136.08  169.28
 136.48  101.46
 136.81  124.98
 138.37  176.83
 139.53   89.87
 141.51   96.76
 141.55  149.02
 141.76  157.80
 144.23   80.19
 144.42  108.68
 144.42   79.22
 146.46   97.74
 146.92  147.04
 146.96  136.13
 146.99  186.24
 147.46  191.00
 148.56  151.05
 149.06  102.73
 149.25  186.17
 149.41  103.22
 149.62  109.57
 149.93   92.82
 151.71   86.65
 152.28  158.94
 153.68  190.42
 154.01  186.33
 154.03  149.72
 154.64   78.86
 157.23  122.67
 158.12  126.83
 158.39  135.72
 161.63  153.62
 161.67  115.34
 161.94  152.84
 163.31  125.10
 164.10  198.25
 172.10  134.57
 173.05  158.29
 176.29  120.49
 178.60   92.42
 180.60   77.20
 183.76   66.30
 189.19   84.12
 191.00  104.70
 191.10  159.47
 194.80  112.65
 195.02  206.03
 195.11  169.54
 196.68   99.95
 196.90   94.30
 197.42  106.40
 198.42  128.19
 199.19  111.22
 202.34  108.80
 202.48  172.02
 203.16  102.09
 204.33   86.14
 204.57  104.76
 210.01  103.56
 211.07   90.41
 211.23  169.60
 211.62   83.46
 215.16   97.03
 215.45  113.69
 217.83  138.99
 218.69   90.28
 218.93  147.83
 222.97  190.10
 224.79  118.20
 224.92  183.27
 225.22  108.55
 225.66   97.53
 226.83  137.11
 226.86   86.10
 228.06  184.78
 231.97  128.49
 232.28  190.54
 233.92  111.69
 236.89  194.30
 237.27   99.95
 237.32   92.64
 237.36   85.88
 239.36  140.69
 241.53  126.89
 243.47  111.89
 245.19   95.44
 248.41  202.25
 251.68  135.66
 254.01  141.74
 254.83  199.45
 255.93  101.05
 256.95  128.38
 261.53  208.47
 263.15  112.24
 263.51  136.27
 270.84  108.47
