  11.76   37.03
  79.00  108.05
  81.69  105.77
  88.13   64.97
  92.26   65.41
  92.82  147.78
  92.96  131.65
  93.32  211.93
  93.41  153.62
  93.61  124.45
  94.13   70.07
  95.02  128.69
  96.05  158.46
  96.33  120.46
  97.99  147.12
  98.97  156.08
  99.76  130.97
  99.91  147.32
 108.64  103.25
 127.53   34.72
 127.73   62.65
 130.08   58.84
 130.71   85.93
 131.60   38.03
 131.88   65.73
 132.87   57.51
 133.08  102.19
 133.98  101.15
 135.55   47.54
 138.32   60.19
 139.47   88.19
 140.36   42.00
 140.47   34.98
 141.35  205.59
 142.02   77.03
 142.91   96.40
 143.17   53.04
 144.02   54.48
 144.98  103.32
 145.01  136.30
 145.13   80.30
 145.54   74.24
 147.56   71.59
 151.43   87.19
 151.48   62.23
 153.47   66.14
 153.64   66.29
 160.72   79.02
 161.72   66.63
 161.96   82.96
 162.33   72.99
 164.33   92.42
 164.77   80.28
 165.81   71.74
 167.81  134.91
 169.94   38.09
 172.52   93.11
 173.17   42.46
 173.47   39.50
 173.98   93.58
 174.04   93.59
 176.58   46.54
 182.39   89.02
 188.03   90.64
 191.80   99.14
 193.61   90.39
 194.24   90.07
 195.33  141.00
 197.66  149.33
 201.28  144.20
 204.33  144.78
 206.86   49.10
 207.94  153.43
 208.31  144.52
 208.47   95.12
 211.97  102.59
 212.07  104.40
 214.95  175.53
 215.33  191.25
 215.89   95.34
 217.06  183.86
 222.34  174.58
 226.69  130.02
 227.39  100.07
 230.44  126.66
 231.69  156.86
 232.46  188.11
 233.29  192.92
 233.83  188.85
 234.87  178.61
 234.91  158.95
 236.48   58.43
 237.15  138.17
 238.04  188.00
 238.37  157.58
 239.64   96.44
 242.89  173.20
 243.06  103.36
 243.43  194.22
 243.48  155.01
 243.89  189.72
 244.27  158.42
 244.74  192.41
 247.56   96.99
 248.80  163.43
 249.85  146.02
 249.96  166.17
 250.55  185.49
 253.49  100.17
 254.04  114.43
 255.51  187.01
 255.83  126.35
 255.99  104.42
 256.31  190.36
 256.35   97.41
 257.75  176.85
 257.96  189.05
 258.62  128.72
 259.95  183.98
 260.06   54.58
 261.91  187.56
 262.40  123.03
 262.63  108.07
 265.29   66.44
 265.78  177.29
 266.89   96.07
 267.26  115.16
 269.06  166.49
 269.41  131.28
 269.44  161.92
 273.84  161.26
 274.97  144.43
 279.93  156.18
 284.50  170.18
 284.82  132.22
 288.62  180.93
 290.37  169.70
 290.87  161.78
 301.94  156.80
 305.19  159.57
 307.72  148.85
 308.81  156.21
 318.26  179.26
 318.80  159.30
 318.81  158.84
 320.61  150.61
 325.36  143.25
 326.78  156.66
 326.91  172.90
