  15.55  133.14
  18.18  102.22
  25.24   47.25
  25.41  132.56
  30.46  132.85
  32.21  228.28
  33.64   70.78
  38.49  127.93
  42.03   93.31
  42.63   46.76
  53.33  130.23
  53.37  126.00
  53.82   51.61
  54.34  108.68
  63.16  213.82
  68.39   57.86
  71.81  210.97
  72.40  152.24
  72.43  152.06
  72.48  158.43
  72.93  165.31
  75.56  159.90
  75.86   62.07
  77.88  145.74
  79.61  129.27
  80.03  209.55
  80.76  193.35
  81.06  220.97
  81.79  220.03
  81.87  168.28
  82.51  249.66
  84.06  216.58
  85.30  138.88
  85.93  270.27
  86.17  270.66
  87.83  184.41
  92.29  193.94
  95.86  138.30
  96.45  180.82
  96.94  168.17
  97.20  186.18
  98.50  173.03
  99.65  169.95
 100.65  189.78
 101.52  192.39
 109.65  214.89
 110.29  191.47
 111.92  189.69
 113.72  270.65
 114.42  122.29
 115.22  122.39
 115.95  266.90
 117.39  205.19
 117.79  190.96
 119.59  225.24
 119.75  230.48
 120.04  202.78
 120.23  273.79
 120.43  137.96
 122.09  234.69
 122.61  238.12
 122.81  223.73
 122.88  109.94
 123.15  263.93
 124.40  208.61
 125.00  225.73
 125.04  200.80
 125.10  131.58
 125.21  278.01
 125.48  195.04
 125.94   88.48
 126.77  142.24
 126.90   80.29
 127.52  134.90
 127.94  208.78
 128.38  278.56
 128.46  190.88
 129.50  132.91
 130.22  201.31
 132.56  190.73
 134.00  192.44
 134.50   89.95
 134.77  130.59
 134.98  146.98
 136.96  202.79
 137.63  163.47
 137.90  188.71
 140.51  135.96
 140.77  142.60
 140.92  161.07
 149.10  234.11
 153.71  144.82
 154.31  161.78
 154.32  133.09
 154.67  128.62
 155.65  118.55
 156.72  134.41
 158.17  160.43
 158.60  132.41
 159.54  147.64
 159.59   97.43
 160.88  129.00
 162.14  114.96
 163.89  132.31
 165.39  120.87
 165.46   98.39
 167.04   99.43
 169.56  125.53
 169.89  131.99
 171.45  152.86
 171.78  136.67
 171.83  140.21
 171.86  119.63
 175.55  129.53
 175.65  128.40
 176.21  116.42
 176.77  134.86
 177.27  122.00
 180.93  105.62
 181.62  113.77
 182.25  150.97
 182.45  307.39
 184.78  121.23
 185.49  101.16
 186.68   93.71
 187.40  112.84
 192.83  309.22
 197.10  120.92
 198.24  131.46
 198.75  103.34
 198.84  147.61
 201.60  139.17
 202.01  129.70
 202.55  124.93
 205.06  158.10
 207.78  202.85
 208.14  190.04
 209.45  134.59
