   7.05  131.26
  21.11  154.52
  24.11  153.11
  30.84  172.44
  38.78  109.28
  63.44  159.09
  67.60  154.19
  70.91  169.07
  74.39   72.30
  79.32   62.99
  81.36  146.75
  85.97   72.47
  96.04  150.64
  97.27  146.02
 101.57  157.58
 102.15  145.45
 107.90  145.26
 111.87  144.35
 112.88  149.04
 117.41  138.52
 119.93  140.79
 121.18   68.91
 122.71  143.09
 124.15  153.21
 125.58  146.58
 125.74   62.50
 131.52  146.99
 131.54  136.35
 133.34  143.47
 134.77  137.25
 138.28  136.03
 139.16  140.31
 140.08  154.59
 140.87  139.97
 141.72  144.60
 149.09  127.28
 149.61  161.27
 154.15  143.65
 158.55  137.49
 161.67   52.76
 161.83   57.00
 162.56  137.68
 178.67  103.44
 183.01  159.71
 193.50   85.80
 195.28   90.31
 196.30  160.54
 196.53   99.33
 199.10   90.79
 199.66   90.59
 201.00  109.02
 201.11   98.53
 201.25   98.55
 201.26  103.94
 203.08   71.66
 203.51   89.91
 203.68  148.28
 205.18  143.46
 205.33   77.19
 205.90   81.13
 206.05   78.92
 206.67   75.84
 206.67  118.74
 206.70  121.95
 207.37  123.15
 208.94   69.46
 210.68   41.94
 211.54   74.75
 212.65   99.06
 214.18  115.44
 214.57   42.73
 214.70   33.50
 215.23   95.13
 215.54   90.39
 215.68   48.51
 217.43  119.10
 217.47   45.07
 217.82   81.07
 218.52  113.70
 219.71  156.35
 220.32   90.55
 220.65  179.49
 220.74  184.03
 220.96  194.06
 221.14  158.59
 221.17  106.78
 221.56   75.85
 221.69   87.31
 222.08  192.56
 222.12  180.94
 223.48   95.33
 224.03  156.87
 224.04   37.74
 224.32   67.14
 224.75  160.07
 227.13   95.72
 229.77   74.98
 230.80   66.37
 231.47  160.75
 233.05  130.17
 233.48   63.41
 234.55  153.60
 235.99  101.69
 236.01   65.04
 236.43  157.15
 236.56   81.44
 237.05   95.03
 238.12   60.44
 240.74  157.50
 240.84   41.93
 241.39  152.29
 241.46   73.73
 241.57   65.23
 243.16   79.96
 244.20   80.43
 244.74   69.92
 244.83   63.88
 247.68  167.86
 248.76   64.06
 249.84  105.18
 250.61   77.07
 250.76  134.56
 251.43   72.13
 252.48  137.57
 252.62  137.65
 252.98   89.37
 254.82  163.42
 255.48  160.28
 257.42  166.23
 257.65  155.29
 257.88  181.32
 259.96  167.89
 260.30  158.93
 261.69  139.70
 262.09   77.66
 262.58  155.44
 263.09   89.16
 263.20   75.82
 265.34  104.19
 265.34   75.41
 265.51  172.29
 265.61  110.45
 268.21   84.84
 268.36  172.84
 269.10   95.28
 269.45  110.32
 269.58   80.08
 270.79   92.51
 270.81  162.08
 271.37  150.21
 271.64  139.69
 280.76  118.91
 290.25  140.88
 316.25  190.21
 317.46   47.78
 317.55  123.52
 317.83  118.09
 317.99   44.16
 319.95   49.88
