  21.88  207.02
  21.91  206.83
  22.49  161.17
  26.21  157.61
  40.29  201.00
  41.46  160.47
  42.52  159.11
  45.93  155.41
  49.63   80.54
  56.68  117.36
  60.40  118.14
  60.72  114.63
  65.27   87.38
  69.56  116.55
  73.81  115.45
  74.05  148.90
  77.36  135.37
  78.44  159.62
  78.94  140.86
  88.63  143.07
  91.14  102.00
  94.43  115.57
  96.83   97.83
  97.14  102.72
 100.65  167.00
 101.78  116.96
 103.36  102.84
 103.67  141.67
 105.63  128.26
 106.57  109.04
 108.43  110.50
 109.25   97.90
 112.98  103.53
 114.06  160.56
 114.56  116.63
 115.33   89.17
 120.70   97.44
 120.82   97.44
 120.93  125.81
 120.95  137.00
 121.01  151.12
 121.80  173.19
 121.80  150.25
 123.00   82.08
 128.57  119.06
 130.03  106.94
 130.11  105.92
 130.40  128.52
 133.87   85.14
 141.61   78.43
 144.45   63.30
 145.26   75.51
 147.04   61.94
 148.27   60.09
 149.18   68.31
 155.21   75.84
 155.67   78.58
 157.10   61.34
 158.39   75.81
 160.89  133.29
 163.89  160.82
 164.15  154.51
 165.90   67.99
 167.08   56.59
 167.23  167.41
 168.30  169.97
 169.63   47.41
 172.06   69.46
 172.86  135.24
 173.79   47.04
 175.20   59.53
 175.68   73.88
 178.14   20.87
 178.19  167.97
 179.05  162.63
 181.29   60.49
 184.27   52.70
 190.82   68.81
 193.26  167.25
 197.88  139.45
 198.80   29.23
 201.51   25.07
 201.79   33.26
 202.35   36.52
 202.80   26.20
 202.93   29.95
 208.28  141.04
 208.34   68.75
 211.10   33.35
 211.76   40.20
 213.61   29.40
 214.94   33.49
 215.78   36.52
 218.62   15.94
 219.05   37.32
 219.36   34.11
 220.99  143.31
 222.33   77.32
 223.75   34.38
 227.91  143.91
 229.04   73.67
 229.13  147.00
 230.01   39.68
 234.58  142.47
 234.83  145.52
 235.89   54.02
 236.67   87.79
 238.77  148.94
 238.83  211.58
 239.64  146.02
 239.79  143.04
 240.41  145.87
 240.67   41.97
 254.20   45.28
 256.66   46.69
 257.25   18.82
 283.74   65.27
 285.58   75.82
 286.87   13.30
 286.98    9.13
