  15.24  188.73
  15.31  204.64
  15.34  200.78
  16.52   75.87
  16.79   80.68
  17.87  143.22
  18.13   77.88
  21.55  154.12
  25.96   69.37
  27.92   76.46
  32.87   66.01
  37.32   70.51
  38.77   94.42
  38.84   63.69
  39.54  182.40
  40.43   66.93
  43.10  173.01
  43.80  138.23
  44.03  157.47
  45.45  137.40
  45.52  123.65
  46.53   85.51
  50.35  119.51
  55.52   59.78
  59.80   54.93
  65.96   59.18
  70.67   69.00
  71.18   47.02
  74.40   67.29
  74.50   67.54
  76.16   25.44
  80.96   66.79
  81.99    7.22
  88.21   45.06
  98.09   65.04
 122.95  134.08
 123.09  127.71
 124.65  139.93
 125.82  135.08
 127.45   71.00
 127.93  142.48
 136.91  152.47
 138.35   53.89
 140.56   54.53
 141.07  191.65
 142.63   73.16
 142.74  113.81
 143.83   82.68
 144.27   71.88
 146.32   54.37
 147.25  242.12
 147.34  274.79
 149.42  114.27
 149.84  142.57
 151.80   77.04
 154.33   73.23
 156.11  255.21
 156.29  160.44
 159.14  128.29
 162.90  168.93
 164.11   82.56
 164.56  160.30
 165.45  155.90
 165.48  156.23
 165.96   11.95
 166.27   84.01
 167.55  121.35
 169.10  149.04
 184.06  272.48
 188.40  266.92
 191.77  260.94
 197.46  262.65
 201.00  254.65
 203.25  246.80
 203.98   88.57
 204.06  226.29
 205.94  278.93
 206.93  205.63
 206.99  213.89
 207.13  219.08
 209.34  233.92
 210.94  227.83
 211.30  278.10
 212.38  224.77
