  10.31  142.51
  11.40  115.30
  16.78  160.68
  16.84  140.28
  17.66  109.23
  18.27  117.92
  19.08   42.16
  19.75  163.59
  21.72  136.74
  25.05  163.53
  25.05  173.85
  26.50  167.50
  26.85  178.25
  31.87   42.39
  32.57  146.71
  34.64  139.41
  34.98  150.06
  35.37  143.51
  35.38  160.15
  35.83  108.85
  36.76  176.13
  37.86  148.25
  38.01  145.20
  38.68  151.78
  39.01  110.83
  41.38  113.71
  42.47  138.56
  44.62  140.54
  44.64  109.91
  45.05  114.72
  46.08  136.68
  46.35  145.81
  46.73  130.71
  47.92  134.11
  48.94  127.25
  49.79  171.60
  50.08  187.21
  50.54  174.31
  51.46  154.68
  52.03  177.72
  52.21  134.14
  53.12  207.21
  54.22  134.77
  54.81  126.59
  56.40  182.26
  59.11  153.83
  59.63  153.70
  61.06  165.60
  62.85   82.61
  63.64  136.48
  63.66  152.60
  64.51  201.16
  64.88  113.42
  65.39  138.21
  66.03   82.36
  66.19  154.99
  66.34  120.37
  66.85  140.71
  67.59  165.15
  67.87  164.88
  68.56  169.82
  68.73  117.83
  70.29  124.31
  70.58  109.77
  71.02  158.46
  73.05  154.40
  73.37  186.86
  73.97  111.91
  74.41  160.76
  75.55  195.34
  75.66  198.70
  75.87  106.71
  76.16  139.41
  76.19  152.02
  77.16  119.29
  78.05  168.63
  79.16  158.45
  79.26  158.49
  79.63  137.17
  80.47   92.45
  81.24  106.94
  81.63  126.85
  82.14  190.62
  82.18  151.12
  82.21  161.43
  82.27  112.06
  82.31  164.33
  82.38  193.67
  82.81  154.82
  83.36  106.86
  85.39  188.28
  86.74  103.50
  87.49  116.63
  88.46  156.08
  89.52  104.54
  90.21  184.95
  90.31  129.09
  90.44  163.03
  92.58  152.05
  93.18  161.88
  94.19  156.10
  95.37  110.07
  95.57  184.36
  95.66  136.12
  97.33  179.85
  97.78  111.58
  98.11  182.50
 105.07  160.32
 105.07  109.26
 105.15  109.48
 105.47  196.58
 105.55  173.57
 106.17  176.66
 109.66   30.68
 109.90   91.69
 110.13  104.59
 111.03   84.68
 111.55  176.59
 111.74  153.72
 111.92  131.95
 112.46  121.33
 112.46  126.39
 112.70  180.48
 113.96  171.10
 114.10   33.37
 114.12  111.94
 114.13   89.17
 114.54  164.22
 115.32  103.22
 115.84  150.94
 115.91   87.01
 116.15   93.18
 116.19  130.74
 117.94   83.85
 118.33  134.25
 118.46  172.39
 118.70  125.65
 121.11  174.47
 121.14  131.12
 121.63   93.82
 122.57  109.98
 124.88  127.56
 125.04   99.29
 125.31  168.83
 125.85  113.75
 126.06  124.31
 126.87   79.62
 127.04   78.32
 127.04   79.10
 128.84   86.16
 129.07  125.53
 129.77   95.79
 130.11   90.52
 130.75  121.59
 131.62  121.20
 131.83  178.60
 132.54  195.55
 132.91  125.38
 133.94  100.41
 134.73  130.29
 136.95  128.59
 137.25  110.88
 137.67  140.21
 138.37  146.57
 138.42  131.44
 138.54  126.10
 138.89   97.76
 139.95  150.75
 140.02  158.31
 140.14   62.40
 140.23  102.20
 140.37  102.35
 141.70   94.53
 142.11  143.75
 142.13  204.94
 142.95   53.47
 143.03   84.48
 144.30   87.14
 144.44  150.59
 144.77   28.50
 145.85  111.75
 146.80   46.00
 147.08  135.94
 147.52  101.87
 147.77  173.32
 147.91  109.61
 149.33  125.85
 149.34   28.82
 150.41   97.49
 150.44  151.94
 150.52   73.46
 150.81  209.66
 151.38   20.88
 151.51  163.36
 152.44  127.89
 152.80  151.43
 152.99  191.67
 153.23  107.23
 154.00  115.01
 154.90  189.17
 154.96  101.62
 155.21  121.09
 155.61  152.18
 155.63  163.29
 155.88   83.90
 156.06   52.56
 156.12  133.46
 156.50  132.58
 156.73  186.71
 157.27  112.31
 157.77  125.84
 159.07  128.63
 160.44  183.93
 160.75  111.29
 161.79  167.44
 162.27   48.09
 162.34  107.51
 165.15  116.35
 166.47  119.77
 167.88  174.18
 168.39   79.41
 168.45  111.45
 169.52  115.21
 169.78   49.76
 170.00   45.89
 170.84   98.99
 171.08  107.96
 171.59  112.44
 172.39   81.48
 173.26  117.20
 174.43  164.02
 174.59   53.79
 175.00  124.37
 175.23  114.08
 175.59   79.90
 175.79   66.95
 179.77  126.11
 180.16  110.27
 180.48  165.17
 181.74   99.10
 181.83  115.32
 182.19   81.07
 182.69  150.51
 183.64  105.28
 184.02   73.23
 186.48  105.62
 186.91  143.77
 187.00   92.91
 187.01   18.90
 189.92   77.57
 190.48   57.88
 190.72  101.54
 192.66   51.30
 193.02   68.17
 193.35   65.13
 194.00   98.90
 195.57   54.66
 197.69   70.50
 202.26   66.34
 202.38   67.82
 202.39   99.41
 203.86   22.34
 203.88   70.58
 204.52   27.67
 205.51   97.10
 212.45  100.79
 213.32   66.96
 214.28  101.31
 220.32  100.67
 220.57   69.26
 223.36   70.56
 223.91   50.29
 224.55  102.84
 225.21   75.02
 225.54   66.76
 228.31   49.88
 228.38  145.09
 229.08  101.23
 229.79   71.01
 232.05   75.61
 232.27   53.60
 233.67  102.84
 234.03  102.41
 234.39   93.56
 235.66   46.91
 235.68   96.92
 235.91   41.61
 237.20   91.47
 242.67  147.05
 243.28   89.65
 244.82   91.48
 250.14  160.17
 250.21   90.09
 250.53   93.84
 254.41  148.18
 255.26   91.28
 256.45  104.67
 257.26  203.72
 259.00  185.37
 259.38   91.93
 259.81  102.63
 262.65   86.39
 262.96  191.08
 266.23  138.55
 266.89  150.71
 268.20  207.00
 268.31  120.37
 268.89  137.41
 269.03  199.67
 269.20   88.25
 269.41  194.58
 269.64  156.89
 274.64   60.16
 274.68  167.93
 276.07   93.65
 284.98  190.15
 285.43  130.94
