   7.58  132.88
   8.69  165.18
   9.58  185.73
  29.68   49.68
  29.76   59.41
  30.17   84.21
  34.84   54.73
  34.91   90.71
  36.96   60.24
  38.39  152.64
  40.23   65.43
  44.65  164.61
  45.17  153.44
  45.86  189.06
  46.56  200.56
  46.88  205.58
  55.80   51.99
  56.20   90.23
  58.84   91.75
  59.52  148.09
  60.83   90.12
  61.33   52.38
  70.06   44.22
  71.78   94.04
  76.34   93.54
  77.66   68.66
  78.05   80.05
  80.61   63.48
  80.88   84.18
  81.70   93.76
  83.70   65.50
  87.07   63.56
  87.69   58.96
  89.60   71.68
  89.98  138.94
  90.90   73.35
  98.80  205.78
  99.60  204.23
 101.63  171.13
 102.68  178.79
 105.72  149.26
 108.97  152.74
 109.27  146.07
 112.07  158.95
 112.30  143.96
 114.27  172.67
 121.92  178.19
 122.99  175.27
 127.61  164.43
 128.49  168.71
 128.84  190.85
 129.74  198.10
 130.87  184.86
 132.49  180.11
 132.57  145.39
 132.89  197.05
 133.31  187.16
 133.98  167.00
 135.28  199.82
 136.81  144.39
 137.41  160.00
 138.63  197.28
 140.80  146.46
 144.76  147.37
 145.99  131.32
 148.73  109.15
 148.80  172.82
 148.81  122.15
 152.18  118.42
 152.52  131.30
 152.70  126.99
 154.37  113.06
 154.48  179.40
 157.68  131.07
 157.82  121.67
 159.51  200.87
 159.77  176.84
 161.29  146.21
 163.18  134.66
 164.83  189.46
 166.52  119.00
 168.37  120.30
 172.98  155.39
 175.69  154.54
 177.00  125.34
 177.55  141.45
 178.00  170.15
 178.71  167.01
 181.50  168.54
 182.32  171.07
 184.80  160.11
 186.84  133.78
 189.99  122.83
 189.99  128.91
 190.25  102.91
 191.06  132.73
 191.54  158.91
 194.90  118.11
 198.06  166.73
 200.64  162.18
 202.10  148.88
 202.17  148.61
 203.87  168.53
 204.66  144.01
 204.70  172.07
 208.33  160.08
 213.99  151.64
 216.45  168.12
 216.86  127.05
 216.88  143.89
 217.46  140.46
 217.65  124.21
 217.86  156.05
 218.90  114.45
 219.90   55.27
 221.20  121.27
 224.08  125.27
 226.66  168.79
 229.54  168.10
 230.02  126.27
 230.81  124.78
 231.31  160.42
 231.83  109.76
 231.93   69.06
 233.03   96.71
 234.16   81.25
 234.22  129.64
 235.36   76.09
 235.84  138.18
 235.99  117.89
 236.70  101.64
 236.87   93.54
 238.57   44.70
 238.65  158.99
 239.57  140.28
 240.14  105.89
 241.70  144.81
 245.77   96.68
 246.42   58.64
 246.54  119.87
 246.73  107.69
 247.32  110.86
 247.36  131.78
 247.78  157.07
 248.00   79.33
 248.23  144.16
 248.54  145.66
 248.77   87.80
 249.14  102.97
 249.72  151.51
 250.38  126.53
 250.94  113.15
 252.43   65.94
 252.80   82.91
 253.27   89.56
 253.51   74.77
 253.88   79.07
 255.50  122.74
 257.22   42.38
 257.30  153.33
 257.38   83.03
 257.39  149.70
 257.80   74.72
 258.58   66.13
 258.83   58.26
 259.80  127.06
 260.03   82.55
 260.05   76.49
 260.22  151.63
 260.69  134.16
 261.11   90.12
 262.52  103.23
 262.75   96.98
 263.00   65.08
 263.67   78.56
 265.48   73.55
 265.54  148.27
 265.62   86.88
 265.74   67.52
 266.46  101.23
 266.48  128.56
 266.49  143.25
 267.20   69.82
 267.45  123.18
 269.69   58.42
 270.05  145.95
 270.95  129.34
 271.37  128.47
 271.50   83.21
 271.95   87.99
 272.06  133.55
 272.49  137.00
 272.95   86.94
 273.03  118.06
 273.14  104.26
 277.92  179.73
