  13.94  150.27
  20.07  162.51
  21.57  177.78
  21.87  187.29
  23.11  190.84
  23.36  184.35
  24.40  259.45
  24.52   87.61
  25.69  123.22
  26.76   89.53
  26.99  144.93
  27.06  162.88
  27.55  122.01
  28.00  137.20
  28.05  221.99
  28.34  119.63
  28.67  167.19
  28.77  153.50
  29.21  149.22
  30.35   74.07
  30.57  164.92
  30.89  209.12
  31.55  204.74
  31.59  129.09
  32.14  231.43
  32.19  231.67
  32.63  155.81
  33.26  222.17
  34.87  183.08
  35.51   83.81
  35.71  165.09
  36.43  199.21
  36.47  134.79
  36.68  172.23
  36.89  169.59
  39.98   74.45
  40.51  104.13
  41.35  213.12
  42.63   53.66
  43.82  199.65
  44.08  123.65
  46.45  144.27
  47.38   73.71
  48.37  114.34
  49.67  205.36
  52.83  140.11
  52.91  136.01
  57.67  136.68
  57.91   73.35
  59.08  136.69
  61.70  205.56
  62.45   71.06
  62.51  255.89
  63.12  135.50
  64.81   73.87
  65.83  258.87
  66.71  139.31
  67.53  225.10
  67.95   61.48
  68.08  243.11
  68.12  198.59
  68.28  161.35
  68.29  249.68
  69.72  259.94
  70.02  212.30
  70.16  227.33
  70.79  253.63
  71.27  166.05
  72.27  224.92
  72.63  195.81
  72.75  233.10
  73.00  195.74
  74.11  251.90
  74.38  239.81
  74.55  144.33
  74.73  209.22
  74.95  139.48
  74.98  159.82
  75.02  178.03
  75.05  168.82
  75.22  139.51
  75.29  229.84
  75.86  126.88
  76.40   57.35
  76.47   62.97
  76.50   52.95
  76.66  253.64
  77.41  135.07
  77.43  134.82
  78.03  207.44
  78.09  173.34
  79.06   51.50
  79.34  214.67
  79.67  188.60
  79.69  199.21
  79.73   86.62
  80.40  194.02
  80.69   80.09
  80.81  164.68
  81.02  261.11
  81.14  202.41
  81.97  176.35
  82.24  223.42
  82.46   81.62
  82.67  189.34
  82.73  145.94
  82.96  257.83
  83.22  153.79
  83.33   72.92
  83.65  142.18
  84.22  226.31
  84.58  106.79
  84.72  135.13
  85.03  232.64
  85.12  111.50
  85.15  188.52
  85.56  264.71
  85.64  158.54
  85.69  150.66
  85.97   99.81
  86.08  155.40
  86.16  243.23
  86.28  248.98
  86.62  204.39
  86.88   67.54
  87.49  127.93
  87.63  139.88
  88.09  261.70
  88.23  106.17
  88.36  209.23
  88.36  145.13
  88.73  246.33
  88.85  257.00
  89.24  226.55
  89.63  167.57
  90.74  101.81
  90.81  170.95
  90.98  141.73
  90.98  253.14
  91.10  267.20
  91.72   60.41
  92.46  188.58
  92.53   98.25
  93.17  211.48
  93.38  261.80
  93.52   51.44
  93.52   80.43
  93.85  108.84
  93.90  162.79
  94.42   74.31
  94.54  158.82
  94.69  239.91
  95.58  166.87
  96.23  150.37
  96.83  198.24
  96.98   22.94
  97.16  208.37
  97.40  212.46
  97.57  216.90
  97.61  101.06
  97.66  219.79
  97.83  226.60
  98.02  117.41
  98.29   71.58
  98.30  242.87
  99.57  150.03
 100.00  108.81
 100.46  143.05
 100.77  206.15
 101.59  240.83
 101.59  236.53
 102.47   80.02
 103.93   49.70
 104.74  243.35
 105.03  225.92
 105.16  219.88
 106.20  142.88
 107.38  169.45
 108.24  241.07
 108.50   44.28
 108.53  126.31
 108.74   59.21
 109.19   54.78
 111.26   77.99
 111.51   63.76
 112.60  158.22
 113.25  197.54
 113.29  197.61
 114.24  154.81
 114.25  106.05
 114.92  241.37
 115.08  122.08
 115.52  150.35
 117.03  133.01
 117.41  206.65
 119.58  226.64
 120.12   73.43
 120.54  197.27
 121.23  203.61
 121.62  163.98
 121.66  240.49
 122.31  159.42
 125.09  170.29
 125.24   55.53
 125.24  193.07
 125.43  193.35
 125.57  135.36
 125.58   62.90
 126.43  131.98
 128.25  240.29
 128.37   59.16
 128.77  133.80
 129.08   70.23
 129.26  197.82
 129.31  206.71
 130.05  227.28
 130.92  273.91
 130.96  266.98
 132.91  256.91
 133.10  261.91
 133.66  264.54
 134.11  271.52
 134.63  226.96
 134.86  135.48
 135.08   76.66
 135.51  243.44
 135.72  164.21
 136.10  262.57
 136.25  218.13
 136.80   70.46
 137.90  233.11
 138.35  207.57
 138.42  256.79
 139.77  254.27
 140.06   76.52
 140.14  223.85
 140.24   73.87
 141.59  248.71
 141.87  186.44
 142.03  256.36
 142.08  189.41
 142.70  127.28
 143.84  228.26
 144.08  170.94
 144.27  190.25
 145.35  177.03
 145.44  167.13
 147.27  170.02
 147.89  189.27
 147.99  218.73
 149.57  206.45
 149.60  139.86
 150.36  178.90
 151.28  174.44
 151.50  113.59
 151.50  167.98
 151.64  187.72
 151.95  164.01
 153.37  176.86
 155.88  133.49
 157.68  215.34
 160.73  148.93
 160.79  152.07
 161.76  156.30
 162.22  201.48
 162.31  198.69
 163.59  150.33
 164.17  132.57
 164.95  205.53
 167.14  171.90
 169.95  223.65
 171.13  215.58
 171.37  146.58
 171.63  220.96
 171.98  200.75
 172.09  154.90
 172.68  176.94
 173.57   67.76
 174.20  204.56
 175.09  208.51
 175.60  165.97
 175.82  242.69
 176.61  211.99
 177.21  194.20
 177.55  207.90
 181.00  194.81
 181.66  252.21
 181.79  193.02
 184.72  187.05
 186.17  190.31
 186.54   62.10
 186.91  179.81
 190.09  168.55
 193.46  181.19
 193.86  150.54
 194.66  176.39
 195.97  198.28
 197.06   82.49
 197.09   94.76
 197.22   80.12
 200.03   34.82
 200.48  194.08
 201.26   88.91
 203.75  201.19
 206.66   65.57
