   6.78  210.99
   6.95  126.07
  11.79   37.99
  12.55   77.07
  16.74  134.25
  16.90  123.60
  16.93  127.96
  17.40  107.71
  19.72   28.83
  20.13  137.41
  21.12   98.62
  21.46  237.37
  21.88  180.03
  21.99  120.61
  22.23   99.94
  23.00   63.94
  23.72  250.07
  24.86  175.28
  26.77  180.13
  27.73   94.34
  34.22  183.71
  37.44  128.84
  38.50  167.97
  39.19  181.17
  40.88   93.73
  42.37  126.05
  44.05  127.87
  45.01  176.28
  45.58  171.71
  45.68  265.36
  46.34   68.57
  50.44  100.30
  52.32  266.32
  53.29  142.76
  53.55   68.79
  54.93  192.46
  55.50   58.12
  56.48  133.55
  56.81  198.17
  56.87  101.69
  57.19   62.85
  59.67   68.71
  60.84   65.24
  62.04  159.50
  63.73  123.52
  65.20  126.35
  65.41  114.88
  65.52  120.22
  65.77  112.61
  66.00  138.21
  66.10  217.87
  69.89  166.44
  71.68  204.44
  74.88  164.49
  75.14  263.12
  75.33  134.41
  76.51  226.03
  77.12  231.88
  77.23   46.96
  77.60  264.71
  78.04  158.54
  78.76  166.62
  79.10  115.36
  82.09  153.02
  84.43  180.74
  88.62   39.82
  88.64   60.68
  88.86   40.52
  89.30   83.81
  89.82   93.88
  90.23   43.89
  90.45   72.21
  91.88   46.19
  94.05  143.67
  95.40  141.35
  97.28  183.87
  97.39  180.62
  98.09  157.94
 103.06    7.92
 110.08  150.63
 116.12    9.50
 117.56   72.71
 118.26  151.79
 118.44   48.41
 118.63  151.80
 124.16  142.40
 124.23  113.39
 124.24  101.94
 124.36  110.74
 124.77   92.81
 125.09   41.14
 127.75   65.35
 127.89   94.59
 128.10  150.72
 129.24   34.36
 131.90   91.98
 134.35   89.53
 135.28   94.45
 135.79  277.22
 136.37   33.74
 139.66   99.04
 140.06   94.20
 141.15  277.38
 141.46   96.35
 145.70   77.65
 149.50  162.18
 150.09  276.12
 150.55   92.81
 150.58  155.30
 153.03  163.44
 156.53  128.69
 159.64  283.10
 159.86  152.78
 160.48   81.13
 161.58  150.23
 161.58  130.49
 163.02  146.61
 163.22  137.19
 167.24  146.61
 168.08  144.80
 168.91  143.00
 169.14  142.57
 170.95   80.76
 175.00  129.15
 176.10  149.35
 176.83  149.03
 176.93  143.01
 182.66  149.50
 184.07  142.96
 185.08  123.37
 189.81   83.88
 192.65  255.33
 193.39   83.63
 195.38  110.46
 197.35  112.61
 197.47  270.81
 198.37  284.36
 201.51   93.98
 204.41   89.43
