  22.28   75.07
  22.63   99.41
  23.06  117.52
  23.25  127.42
  25.01  195.92
  29.08  128.57
  30.87  187.46
  31.92   86.55
  32.54  124.16
  32.55  105.36
  32.57  100.34
  34.70  188.38
  40.61  182.99
  40.68  182.93
  52.62  166.97
  59.21  171.07
  62.78  171.95
  63.08  167.25
  64.52  151.43
  65.44  164.68
  65.50  174.50
  65.55  162.06
  65.70  148.60
  67.77  141.36
  70.06  170.27
  70.95  157.73
  71.53  138.11
  71.65  158.47
  72.17  148.68
  74.43  143.11
  75.22  161.61
  76.36  157.79
  80.20  167.64
  81.37  155.29
  82.31  128.61
  82.41  171.90
  83.15  135.53
  84.62  161.32
  84.78  130.01
  86.16  136.74
  86.44  132.99
  86.91  167.36
  87.35  163.78
  87.77  156.99
  89.10  160.92
  90.00  156.99
  91.27  157.93
  91.67  127.11
  92.36  161.02
  92.59  166.71
  92.85  123.43
  92.95  134.85
  93.66  131.45
  93.81  118.32
  95.32  154.54
  95.37  128.28
  95.44  158.73
  96.29   71.46
  96.55   55.80
  97.02  130.98
  97.42  140.99
  97.81  161.74
  98.25  155.11
  99.84   77.75
  99.86  135.01
 102.36  135.54
 102.86   90.48
 102.86  161.73
 103.51  131.75
 104.57   86.85
 104.79   79.53
 104.81  170.97
 106.33  127.64
 107.27  124.76
 107.43  133.21
 107.62   75.98
 108.39   79.64
 109.75  163.24
 112.11   57.76
 112.28  119.75
 115.54  154.18
 116.91  139.74
 118.67  156.07
 120.45  191.59
 121.32   68.93
 122.20  160.50
 123.48  146.54
 125.82  131.79
 126.00  124.48
 126.39  111.74
 129.43  145.37
 129.84   91.69
 132.75   57.24
 133.36   54.61
 134.09  140.78
 134.94   62.38
 134.95  146.93
 136.65   91.59
 138.54  154.74
 139.16  120.13
 143.00   75.99
 146.14   70.05
 146.84  160.21
 148.52  157.42
 155.80   57.40
 163.27   64.90
 164.86   61.20
 164.98  125.25
 165.65  107.29
 168.18   98.91
 169.54  101.69
 177.43  123.03
 178.67  111.24
 179.96  117.20
 182.21  131.09
 182.21  133.86
 182.37  114.29
 182.41   71.71
 186.11  123.18
 192.93  114.35
 197.69  122.19
 203.28  166.74
 204.20   62.97
 205.46  197.54
 205.81  160.93
 207.58  131.25
 207.92  184.73
 207.95  121.40
 209.52  181.40
 210.59  177.97
 211.94  118.89
 211.96  193.10
 212.44   54.43
 213.38   55.50
 214.52  177.41
 215.00  156.78
 215.12  123.36
 218.62  129.60
 218.64  198.08
 219.47  175.25
 219.48  175.40
 220.68  123.36
 220.70  131.84
 220.91  127.72
 221.37  162.04
 221.48  156.65
 225.49  118.89
 227.82  149.21
 235.99  181.69
 241.48  207.72
 245.28  165.43
 246.97  168.60
 248.15  165.60
 251.69  185.59
 252.94  150.84
 257.65  143.52
 260.05  196.48
 261.45  146.51
 261.71  193.10
 262.96  155.80
 263.12  171.97
 263.88  166.12
 268.40  176.45
 268.59  148.12
 268.60  119.12
 270.13  206.31
 271.37  182.67
 272.03  148.60
 272.94  186.47
 273.38   76.67
 273.54   72.70
 273.93  193.55
 274.55  153.02
 274.80  183.02
 277.46   76.68
 277.53  144.46
 277.95   81.37
 279.05  185.68
 279.09  154.45
 279.47   67.90
 279.51  193.09
 279.79  171.11
 280.03  123.97
 281.01   76.94
 283.02  166.97
 283.34   99.87
 283.58  105.39
 284.32  120.00
 284.37   96.40
 284.90  163.67
 285.35   65.86
 286.60  142.16
