  11.40  205.98
  14.34  203.74
  14.36  197.12
  16.16  194.02
  20.47  190.74
  22.30  195.61
  26.04  170.47
  26.45  191.43
  27.21  186.10
  29.79  193.69
  30.31  172.09
  30.47  207.27
  33.41  170.05
  33.60  196.74
  36.85  194.98
  37.07  159.29
  37.21  199.22
  42.58   71.30
  43.75   97.12
  44.06  128.64
  44.21  138.60
  45.31   76.09
  45.44  167.21
  45.77   83.42
  45.99   58.73
  46.40  129.19
  47.04   62.76
  47.21  113.49
  47.92  124.59
  48.50  154.28
  48.54   67.88
  48.66  188.35
  48.72  197.82
  49.51   97.29
  49.84   77.31
  50.24  181.56
  50.72   54.29
  51.88   60.86
  51.93  137.75
  51.93  183.93
  52.44  175.45
  53.02  175.55
  53.22  201.44
  54.99  137.30
  55.51   99.42
  55.81  165.37
  55.87  205.85
  56.21   80.76
  56.60  129.88
  56.63  110.83
  56.72  105.02
  56.87   91.93
  57.38   65.99
  58.08  121.62
  58.62   60.48
  58.88  142.65
  59.24   86.13
  61.45  133.84
  62.28  114.80
  63.28   91.29
  63.48  184.56
  64.00   57.93
  64.15   99.49
  64.25   92.52
  64.97   61.01
  65.42  102.85
  66.34  138.94
  66.47  171.59
  67.17   85.03
  67.63  146.02
  67.67   87.27
  68.39   55.27
  68.83   60.95
  68.90  109.53
  70.71  125.63
  70.72  165.49
  70.81   97.79
  70.83   91.41
  70.91  120.43
  72.09  131.12
  72.31   61.95
  72.53  157.59
  72.61  122.88
  72.85  134.77
  73.37   57.23
  75.01   95.05
  76.24   16.67
  76.39   65.74
  76.39  127.84
  76.46   69.18
  76.91   74.88
  78.23  116.61
  78.27   78.59
  78.73  133.27
  78.78   19.98
  78.95   69.69
  79.44  117.28
  79.99   74.78
  80.47   87.30
  82.15  213.04
  82.82   89.60
  83.15  121.19
  83.23  125.30
  83.29   95.06
  83.36  132.21
  83.64  132.99
  83.66  118.56
  84.92  181.84
  85.07  156.26
  85.87   72.09
  86.62  101.96
  86.89  112.22
  87.07  184.91
  87.07  153.94
  89.20   89.71
  89.56  187.97
  89.69  102.73
  90.12  136.89
  90.57  113.27
  91.69  121.85
  92.04   72.18
  92.98   77.42
  93.74  135.62
  93.93   88.87
  94.61   91.81
  94.66  140.90
  94.90  148.06
  94.99  141.12
  95.07  161.57
  95.28   23.36
  96.03  174.46
  96.38  129.37
  97.00  174.52
  97.97   84.77
  99.64   74.27
 100.70  101.73
 101.14  124.13
 101.15   88.93
 102.25  201.64
 102.47   92.96
 102.70   56.40
 103.06   59.60
 103.19   64.68
 105.24  105.23
 107.83   97.64
 109.18   88.33
 109.34   88.37
 110.20   84.76
 111.88  122.22
 112.43   80.03
 112.51  106.98
 112.54   72.67
 113.77  103.46
 113.91  116.39
 114.10   68.89
 114.88  107.68
 115.91  100.64
 116.61   98.08
 117.53  111.52
 117.85  123.59
 118.21  106.67
 118.57   86.00
 119.72   64.41
 121.26  101.49
 122.33  109.08
 123.08   83.33
 124.03  123.45
 125.90   87.18
 127.49  125.05
 134.73  115.39
 135.90  121.08
 136.47   84.64
 136.53   18.49
 138.84  116.01
 139.44  109.58
 139.75   82.87
 141.25   99.41
 142.28  122.85
 145.30   52.81
 145.55  105.80
 147.74  197.06
 147.91   24.15
 148.16   58.42
 148.17   46.87
 148.22  109.88
 149.39   52.50
 150.54   92.80
 151.61   24.82
 152.60   69.33
 153.55   83.35
 155.03  132.40
 159.56   69.13
 160.49   82.74
 162.95  104.67
 164.28   22.32
 164.36   16.86
 165.94   76.48
 166.31   68.93
 167.50  121.36
 167.97   85.38
 169.60   79.43
 170.66  130.31
 170.91   72.21
 171.34   79.80
 172.84   68.91
 173.19  119.52
 173.87   83.88
 173.92  183.84
 174.00   71.79
 174.98   22.76
 176.14   74.27
 176.27   69.97
 178.56  202.67
 178.77   80.36
 179.17   81.75
 179.45  196.19
 180.76  110.95
 180.77   84.27
 181.51   76.07
 181.72  156.53
 182.55   73.10
 183.21  149.81
 183.79  150.18
 184.62   83.88
 185.10  128.10
 185.15  194.75
 185.27   75.85
 185.74   71.21
 186.33  116.93
 188.03   84.06
 188.82  152.76
 189.34  187.87
 189.59   79.66
 189.80  120.09
 191.34   94.45
 192.51  182.81
 192.61   83.11
 193.84  104.74
 194.09   74.61
 194.88   67.68
 194.93   79.85
 194.97   90.11
 195.52  122.19
 195.69  121.97
 195.81    9.51
 196.32    6.81
 196.44  142.43
 198.69   74.54
 199.42  102.02
 201.10  175.17
 201.13   69.69
 201.79   83.11
 202.73   79.41
 202.89   23.92
 204.06   65.13
 204.09  108.07
 204.84  114.30
 204.84  105.38
 205.44    9.74
 206.63  103.05
 207.29  127.95
 208.20  115.76
 209.06   72.23
 209.72   87.33
 210.29   24.40
 210.32  126.26
 211.47  121.37
 211.94   78.85
 212.53  105.21
 212.91  111.02
 212.94  180.07
 213.06   22.17
 215.29   24.93
 215.99   98.78
 216.40   90.05
 217.19  107.32
 218.00   79.39
 219.00  117.30
 219.03  177.80
 219.73   24.62
 219.96   82.39
 220.27   29.02
 221.10  122.81
 221.70  138.13
 221.95  185.55
 222.15   32.55
 222.51   25.61
 222.69   88.19
 225.57  112.78
 227.17  122.55
 227.48  127.12
 229.24  116.26
 229.70  187.03
 230.29   85.50
 230.63  127.29
 235.24  207.92
 236.99   84.96
 237.97  186.32
 238.99   80.10
 241.30  186.96
 241.64  125.57
 242.99  104.72
 243.85   88.42
 244.50  187.79
 246.99  125.53
 247.95  187.80
 249.07   89.71
 250.10  208.54
 250.12  203.46
 250.45  131.00
 251.60  185.44
 263.49  181.64
 264.74  154.69
 266.46  181.39
 272.01  185.96
 274.88  142.58
 275.05  138.08
 275.69  206.00
 275.84  133.88
 277.68  178.42
 278.51  158.56
 282.14  177.10
 284.56  179.08
