  13.38  148.96
  29.47  147.80
  34.89  189.33
  36.06  151.49
  38.23  148.80
  40.41  159.56
  40.99  143.67
  41.37  197.52
  42.88  186.05
  43.55  147.13
  46.60  129.97
  48.77  133.96
  49.31  184.68
  49.94  193.31
  50.81  129.80
  51.75  141.47
  51.93  200.07
  53.83  153.75
  54.39  156.40
  55.40  183.74
  57.82  152.73
  60.61  200.48
  61.20  182.84
  62.46  198.63
  64.39  196.21
  65.51  135.27
  66.90  182.05
  67.03   52.54
  67.61   83.55
  69.30   61.72
  71.02  114.86
  71.32  114.97
  71.68  197.16
  72.08  182.10
  72.87  144.93
  74.27  121.26
  74.39  106.10
  74.63  154.48
  75.84   73.35
  75.97  212.37
  76.81  138.43
  76.96  138.53
  77.10   90.90
  77.38   80.42
  77.48  147.28
  77.55   50.54
  77.83   50.85
  78.61  196.20
  80.29  112.24
  80.77   96.52
  81.04  135.55
  81.04   81.10
  81.24  107.90
  81.52  187.51
  81.56  145.32
  83.23  157.09
  83.66  124.19
  83.86   78.52
  86.75  136.15
  86.83  147.15
  88.34  117.36
  89.41  112.30
  90.70  127.13
  90.96  153.43
  93.92  105.70
  95.14   87.23
  96.19  119.57
  96.95  136.26
  97.75   64.72
  99.42  124.04
 100.01  109.59
 104.43   75.47
 106.60  105.26
 107.08  123.71
 107.15  114.68
 107.97  118.78
 110.17  124.34
 111.84  130.91
 112.47  173.36
 112.89  172.68
 113.23  106.78
 113.36  110.88
 113.59  118.04
 115.26  123.77
 115.95  162.14
 116.88  134.03
 117.17  128.99
 120.55   86.94
 122.36  144.33
 122.37  130.58
 122.86  146.25
 123.04  146.21
 123.77  123.52
 125.93  103.66
 126.61   89.25
 128.45   99.04
 130.15  118.75
 130.34  113.71
 131.53  149.61
 143.09  118.62
 144.12   59.40
 144.46  123.03
 146.43  118.83
 149.03  115.90
 149.10  123.03
 150.82  118.71
 150.97  137.70
 154.94  128.05
 156.98  116.86
 161.20  110.57
 165.50  170.03
 166.04  105.61
 167.83  125.03
 169.12  118.12
 170.00  138.57
 170.24   82.02
 171.20  113.79
 172.51  124.55
 173.12  108.47
 174.35   86.70
 174.43   95.65
 177.76  107.21
 178.35   81.74
 178.64  121.77
 179.00  126.60
 179.29   92.07
 180.28   84.56
 180.33  131.40
 180.53  139.31
 181.16  168.94
 182.41  123.21
 183.38  127.09
 184.96   87.38
 189.14   81.81
 190.55  118.41
 194.14   94.94
 197.04  118.87
 198.62   75.37
 200.89   89.27
 202.13  111.94
 202.23   65.94
 204.83  104.13
 204.92  110.02
 207.43   86.01
 207.50  119.30
 207.90   79.01
 208.99  108.05
 209.32  101.90
 209.64  116.48
 210.33   83.42
 210.51   80.82
 210.73   77.53
 214.58   88.42
 217.74   92.43
 218.31   82.59
 220.69   67.74
 220.83   90.60
 221.46   96.57
 224.17   87.90
 226.03   79.90
 228.39   87.64
 228.85   53.33
 229.95   77.14
 230.66   57.53
 231.10   62.82
 231.55   50.89
 231.82   87.52
 232.93  108.81
 233.51   82.00
 239.47  109.48
 248.94  110.51
 251.45  150.03
 257.12   47.11
 260.25  111.63
 260.31  118.95
 268.02  112.45
 275.93  113.29
 276.31  120.91
 277.54  106.02
 280.00  170.57
 280.42  119.19
 281.07  108.30
 282.82  122.90
 284.80  104.67
 284.86  114.22
 287.96   80.88
 288.01   50.70
 289.06  121.00
 289.35   42.57
 289.36   42.54
 292.97  114.99
 300.09  121.09
 302.44  124.06
 302.82  116.09
 318.09  180.14
 320.95  112.30
 321.28  120.91
 322.03  129.36
