  10.80  187.23
  11.75  175.89
  11.90  156.34
  14.32  154.67
  17.20  179.84
  17.93  152.56
  20.56  169.97
  24.66  165.20
  27.30  192.91
  29.83  155.03
  36.64  152.74
  37.23  138.50
  39.66  194.78
  39.97  156.41
  40.30  141.87
  44.24  131.52
  44.25  159.47
  44.89   53.08
  45.20   79.77
  46.19  122.78
  46.52   58.55
  46.62  154.90
  47.08   46.78
  48.64  135.04
  49.38   98.75
  49.63   86.79
  51.25   17.14
  51.25  122.32
  51.34   17.07
  52.44   77.49
  52.70  171.31
  52.77  154.46
  52.95   92.36
  53.12  173.09
  54.24  168.88
  54.25  123.42
  54.89  156.58
  55.35   79.06
  55.72  105.39
  56.87   93.59
  56.92  125.99
  56.99  183.72
  58.01  110.64
  58.13   68.51
  58.56  154.70
  58.60  194.76
  59.57  187.51
  59.77  191.68
  60.61  172.83
  62.42   93.52
  62.49   89.72
  63.99  192.99
  65.05   69.17
  65.26  116.38
  65.43  162.31
  65.45  162.31
  66.45   69.58
  67.31  185.87
  68.08  187.60
  68.44   88.26
  68.60  154.38
  69.70  118.00
  70.32   73.27
  71.51  165.97
  71.91  188.34
  72.23  181.46
  72.88  157.64
  74.63   87.27
  76.00   69.45
  76.04  165.22
  76.92  109.00
  76.98   76.44
  77.01   62.36
  77.19  181.08
  77.20  157.80
  78.07  165.38
  79.76  193.34
  81.47  105.16
  83.05  158.38
  84.34  191.61
  87.01  164.34
  87.06  153.44
  88.12  186.37
  88.57   87.11
  88.97  189.17
  89.19  120.09
  89.39  179.82
  90.22  170.99
  91.80  181.78
  93.88  190.71
  94.50  112.44
  95.39  162.19
  96.06  141.88
  96.58  178.58
  97.12  165.69
  98.72  170.22
  99.00  107.27
 100.14  174.50
 100.29  111.38
 101.05  105.68
 101.19  192.92
 102.07  186.82
 102.93  180.93
 103.67  143.63
 104.40  185.07
 109.44  116.63
 109.87  189.15
 113.03  112.63
 113.22  200.44
 114.48  119.87
 114.66  205.95
 117.17  117.95
 118.44  116.13
 118.48  204.87
 123.85  202.60
 128.38   86.04
 132.12  137.70
 133.91  106.88
 134.93  110.06
 139.73  109.99
 144.04  119.65
 156.21  108.53
 160.21  120.56
 161.85  109.52
 163.43  105.65
 169.93   51.56
 172.10  108.59
 172.24  111.33
 173.53  104.93
 182.70  104.14
 186.88  118.12
 189.39   56.53
 201.62  132.44
 204.63  176.66
 205.53  101.88
 206.17  183.03
 211.08  102.06
 211.29  140.21
 211.35  163.82
 212.41  141.43
 213.36  177.55
 214.01  103.34
 214.14  170.53
 214.33  106.57
 214.68   79.27
 217.71  104.85
 217.82   97.91
 218.95  187.66
 220.12  128.46
 224.12  167.62
 229.98   78.99
 231.32  165.87
 234.31   58.08
 234.80  172.25
 237.98  156.04
 238.49  174.98
 240.90  168.76
 241.11  158.84
 241.70  146.77
 242.06  180.28
 242.71  143.74
 242.99  112.09
 243.51  131.57
 243.72  126.10
 244.91  156.82
 245.64   58.24
 247.27  138.62
 247.32  116.74
 247.46  151.29
 248.39  154.97
 248.75  141.18
 251.24  115.95
 252.44  144.94
 252.93  137.59
 253.99  131.24
 254.02  162.40
 255.02  153.36
 255.08   59.11
 255.24  175.42
 256.58   55.09
 258.09  187.73
 258.38  105.57
 259.58   59.20
 261.48   54.47
 261.72   54.51
 261.91  166.02
 261.99  153.41
 262.86  102.56
 264.60  141.85
 264.91  104.67
 269.40  182.14
 269.44  182.17
 270.20  205.14
 273.13  164.51
 277.56   61.44
 282.39   61.94
 282.58  168.93
 285.11  174.21
 285.32   70.70
 293.12   35.46
 295.23  151.68
 300.47   47.72
 307.88  207.38
 308.97   55.07
 310.75  205.49
 314.76  205.27
 316.84  150.75
 318.40  125.17
