  17.05  137.36
  17.82   47.52
  20.13  139.04
  26.25   63.58
  26.46   58.38
  27.01  159.06
  27.53  137.93
  27.81   52.60
  32.06  144.47
  32.60  107.08
  32.84   52.38
  33.34  120.35
  34.10   63.27
  34.40  143.03
  35.37  126.50
  36.00   55.42
  36.23   36.03
  36.41   36.32
  36.45  104.98
  38.53   43.61
  40.69  110.22
  41.56  125.55
  42.23  148.68
  45.00  126.98
  47.79  124.69
  48.03   42.29
  48.34   97.36
  48.79  144.95
  49.85  103.37
  50.95  126.57
  50.99   70.90
  51.88  133.85
  53.37  123.81
  56.66   65.24
  56.81  125.45
  57.16  147.09
  57.54  119.50
  59.08  139.68
  59.10  123.05
  59.34  129.39
  59.81  112.84
  60.49   52.64
  61.01  150.80
  63.76  124.75
  64.38  131.22
  66.99  177.21
  68.93   98.47
  70.11  172.09
  71.68   96.87
  72.41  152.05
  72.92  114.45
  74.46  164.35
  76.52  174.09
  81.46  168.81
  83.48   81.14
  86.62  109.46
  88.08   93.14
  88.58  170.71
  89.32   99.96
  93.68  165.36
  93.77  170.58
  93.94   85.82
  94.27   73.35
  94.28   99.97
  95.28   73.04
  95.46   93.30
  95.64   69.02
  98.01   86.69
  98.86   92.05
  98.86   95.48
 101.54   94.31
 103.60   90.99
 110.80  163.90
 114.54   78.54
 116.81  165.50
 121.57  162.81
 122.57  153.40
 123.67   97.77
 123.84  153.38
 124.18  159.03
 129.31  160.58
 132.42  156.10
 134.60  154.74
 137.35   93.07
 138.24  157.80
 139.49   98.96
 139.66   68.00
 142.01   88.54
 142.09  153.18
 145.34   90.64
 147.11   98.96
 148.76   92.12
 149.21   16.30
 149.92   84.39
 151.30   89.72
 152.09   59.97
 156.60  150.53
 158.04  110.24
 161.39  108.40
 163.52  177.83
 167.88  167.85
 168.37   97.50
 169.79  175.83
 172.08  166.94
 172.47  179.37
 172.84  175.52
 176.17   82.47
 177.19  150.20
 179.16   81.22
 180.22  104.53
 181.74   95.23
 183.77  175.91
 183.98  144.61
 184.29  169.21
 186.03  148.89
 189.51  142.50
 193.63   76.31
 204.69  150.74
 208.90  155.13
 209.61   68.53
 210.75   69.49
 211.22  209.33
 214.80  152.10
 216.76  206.48
 217.51  151.88
 218.23  209.57
 219.86  157.14
 225.93  154.27
 227.12  200.65
 232.10  160.16
 234.57  204.52
 234.60  207.02
 240.31  202.41
 240.34  156.48
 243.73  201.65
 243.88  163.01
 246.14  209.48
 248.52  158.40
 251.14  201.55
 251.94  190.17
 258.49  187.09
 261.67  198.65
