  11.94  117.92
  13.24  205.64
  13.73  170.48
  14.52  117.23
  19.03  116.46
  22.65  111.21
  24.33  102.85
  27.93  115.19
  28.95  109.22
  28.98  140.11
  29.80  123.12
  30.64  122.69
  34.89  152.40
  40.48  154.34
  46.70  146.45
  53.28  180.21
  53.54  177.44
  53.79  174.88
  55.14  144.55
  61.61  157.68
  67.63  103.96
  76.98  148.26
  79.55  137.78
  83.01  150.56
  88.91  121.89
  95.54  135.67
 102.82  143.21
 107.03  152.99
 120.90  159.50
 124.91   60.20
 130.47  162.41
 144.64  136.02
 152.67  128.50
 153.91  128.35
 155.99  132.31
 157.65  128.62
 160.43  128.89
 161.34  123.89
 170.91  134.55
 173.60  121.82
 175.60   93.55
 177.78  125.28
 181.48  178.28
 183.51  129.41
 191.21  116.27
 192.97   27.17
 195.10  127.97
 197.51   12.99
 198.60  118.18
 200.73   19.44
 200.93  128.76
 201.89  120.43
 202.03   94.13
 202.25   15.36
 202.44  117.05
 204.23   27.23
 204.35   27.63
 205.42   10.68
 205.66    7.50
 205.91  119.51
 206.23   36.91
 207.40   19.19
 207.84   24.87
 211.00   15.64
 213.92   34.31
 214.24  125.85
 215.31   34.22
 220.82   38.13
 223.22  128.34
 224.06  118.58
 227.75   52.76
 228.29   20.81
 231.88  128.08
 233.00   38.97
 233.92   72.77
 234.43  122.12
 234.47   41.71
 234.79   16.43
 237.07  120.79
 237.90   26.49
 238.12  203.55
 239.30   43.77
 239.47  133.01
 240.76  130.27
 241.94  126.03
 242.11  119.43
 242.44  135.71
 242.99   16.61
 244.30   22.89
 244.66   68.07
 244.91   66.87
 245.92   21.85
 246.19  130.80
 246.78  181.22
 247.55  110.20
 248.77   40.90
 249.18   86.83
 250.00   58.09
 250.28  128.42
 250.79   25.44
 250.86  122.33
 251.59   16.84
 252.61  106.97
 252.63  115.24
 252.86   16.06
 253.44  125.00
 253.46  119.96
 254.18   68.23
 255.47   38.74
 256.84   23.56
 257.19  110.47
 260.44   79.96
 260.48   82.97
 260.55  122.95
 260.68   73.97
 261.04   20.76
 261.93  109.54
 262.04  120.03
 267.10  129.14
 267.43   55.75
 269.00   32.55
 269.21   10.64
 269.37   60.04
 269.85   37.09
 269.88   77.04
 270.25  131.18
 271.36   29.60
 272.42   41.10
 272.69  118.46
 272.86  126.75
 273.41  132.72
 273.95   20.95
 274.17  107.67
 274.21   11.45
 274.28  103.43
 274.55   20.23
 275.91  125.45
 278.89   64.98
 279.72   59.12
 285.26   21.46
 285.52   49.76
