   8.98   47.56
  13.61   50.38
  14.50   86.18
  14.64  206.66
  15.07  109.82
  15.44  139.63
  15.50  180.42
  16.07   63.82
  16.33  166.38
  18.04   90.22
  18.54   95.81
  18.79   77.88
  19.31  169.63
  22.34   69.06
  26.16   80.14
  30.11  168.47
  33.68   42.88
  35.18   57.41
  38.16   78.54
  38.86   78.60
  39.88   80.42
  40.84   62.57
  45.25   79.56
  46.50  171.06
  50.02   57.29
  50.11   57.20
  51.16   80.66
  52.56   48.90
  53.44   99.08
  54.77   61.38
  55.79   39.57
  56.56   24.71
  56.71   50.25
  58.44   67.63
  59.81   70.40
  59.83   52.46
  60.11   16.81
  60.31   25.21
  60.84   29.09
  61.70   58.30
  62.08   69.40
  62.17   72.96
  62.49   50.33
  65.28   49.85
  65.41   44.54
  65.51   18.96
  65.56   40.32
  66.01   67.16
  68.32   61.58
  70.24  138.79
  70.80   49.76
  71.52   13.34
  75.11   53.44
  76.02   35.63
  77.25   36.28
  78.27  143.93
  80.91  148.42
  81.93   44.54
  82.28  146.99
  87.67   73.77
  88.79   49.79
  89.17  141.51
  90.01   51.50
  90.80  146.88
  90.95   34.81
  93.66  150.03
  94.14  137.55
  95.91   65.17
  96.00  100.41
  96.13   57.02
  96.18  112.30
  97.22  149.05
  99.46  153.71
  99.61  138.12
  99.70   77.80
  99.93   57.42
  99.94   69.97
 100.15   62.78
 100.23  103.57
 100.32   76.40
 100.33   76.54
 100.68  140.91
 100.91   31.32
 101.17  149.66
 101.19  146.00
 101.76   54.72
 102.04   79.32
 103.09  141.11
 103.72   50.26
 103.91   20.63
 104.06  152.81
 107.88   28.08
 109.17   40.42
 109.47   14.92
 109.98   43.98
 110.06   47.45
 110.24   13.60
 111.77  150.64
 112.24   77.64
 112.44   32.17
 114.06  153.19
 114.41   52.58
 114.43  131.72
 114.50   28.40
 116.60   63.56
 116.78   42.89
 116.86   67.61
 118.61  130.87
 119.80  141.74
 120.51  148.11
 121.88  132.21
 122.25   46.47
 125.80   45.58
 125.86  130.43
 126.09   54.19
 126.74  136.47
 128.12  140.30
 129.92   17.81
 133.62   41.00
 135.41  138.52
 136.71  136.93
 137.30   50.68
 137.57   50.28
 138.08  141.35
 138.59   22.10
 139.36  109.91
 139.71  142.92
 141.94   55.63
 142.22  164.45
 143.96   52.66
 144.80  143.86
 145.37   70.34
 146.58   50.72
 147.31   74.09
 147.40   73.86
 148.38  128.61
 148.50   79.96
 149.21   15.92
 149.35  118.10
 151.67   54.96
 151.92  132.01
 154.25   66.53
 154.72   42.74
 155.13  117.13
 155.50   52.35
 156.69  114.28
 156.92   74.25
 158.53   67.66
 159.10   41.03
 159.15   56.97
 159.25   63.16
 160.66  132.90
 162.84  116.07
 163.55  154.85
 163.95  146.16
 166.65  127.75
 168.09  115.59
 170.26  144.77
 170.33  118.86
 170.48  118.88
 171.49  134.89
 171.89  147.55
 173.51   52.65
 173.54   56.28
 173.84   98.60
 173.93  142.65
 174.45  130.75
 177.29  147.27
 178.46  120.44
 178.62  105.98
 178.77  125.84
 178.78  141.43
 181.71  141.13
 181.79  113.95
 182.05   89.05
 182.05   82.95
 182.47   97.37
 183.26  103.02
 183.80  193.42
 183.90  153.33
 184.10   91.07
 185.76   97.67
 186.97   88.78
 187.80  125.32
 188.90  104.06
 190.65   55.07
 191.56  114.95
 193.60  125.14
 193.74  104.32
 195.47   52.99
 195.98  157.58
