  25.08  112.07
  25.26  112.32
  26.03   60.99
  26.96   15.49
  27.35   26.97
  27.77   34.40
  28.58   44.11
  28.91   50.14
  30.29   26.33
  30.64   30.49
  30.84   34.90
  31.40   41.36
  31.85   47.26
  32.17   53.89
  32.75   58.18
  32.97   63.70
  33.57   73.64
  33.58   85.40
  33.75   79.76
  34.61   92.09
  35.03   51.01
  35.09  100.25
  35.24  107.18
  35.27  111.74
  36.00   39.38
  36.51   69.28
  38.27   95.67
  38.97   75.29
  39.45   12.89
  40.03  100.16
  40.14   34.95
  40.33   34.89
  41.27   41.57
  42.38   47.90
  42.74   61.25
  43.00   72.94
  43.19   99.18
  43.33   53.24
  43.46   79.48
  43.80   94.13
  45.64   50.57
  45.98   55.53
  46.07  107.78
  46.31   64.12
  47.26   93.02
  47.70   96.84
  49.07  108.83
  50.46  102.06
  50.67   12.83
  50.93   56.68
  51.32   63.47
  52.09   16.67
  52.36   83.19
  52.56   34.08
  52.63   87.44
  52.78   92.57
  53.14   39.87
  53.16   96.56
  53.25   54.71
  54.31   66.46
  54.44   70.32
  54.51   74.26
  54.62   78.80
  55.13  105.85
  55.53   85.28
  55.83   43.48
  56.46   97.47
  58.86   19.04
  59.14   94.74
  59.37   23.59
  59.46   34.04
  59.50   28.03
  60.11   15.61
  61.60   71.08
  61.99   91.94
  62.02   74.69
  62.51   81.96
  62.68  120.34
  63.41   96.45
  64.69   99.72
  64.94   85.02
  65.96  111.22
  66.75   24.27
  66.93  113.75
  68.49  127.47
  69.92   20.72
  70.03   27.76
  70.54  119.93
  70.56   54.96
  70.58   20.80
  71.14   51.53
  71.17   39.78
  71.37   72.82
  72.37  212.28
  72.38   24.86
  72.56   21.93
  73.34  105.68
  73.35  209.00
  73.59  128.19
  75.48   22.95
  75.72   43.05
  75.97   35.01
  76.28   46.20
  76.83  133.42
  77.47  104.59
  77.79  120.60
  78.86  103.24
  79.40   27.38
  79.88   43.18
  81.78   25.16
  82.87   40.20
  83.05  127.01
  83.86   31.75
  83.92  121.22
  85.45   34.58
  85.96   37.40
  86.19   94.41
  87.73   12.04
  88.09  119.90
  88.39   31.38
  89.07  125.19
  89.76  122.44
  89.78   34.22
  90.73  114.13
  90.90   37.65
  91.65   36.35
  92.76  105.00
  93.15  126.22
  93.59  124.60
  93.86  123.40
  93.91  135.21
  94.45  133.05
  95.02   42.35
  97.02  137.33
  97.05  131.31
  97.42  127.03
  97.49  140.67
  97.50   33.27
  97.83   44.97
  98.01   51.78
  98.04    7.57
  98.15   99.91
  98.53   57.76
  98.65  111.57
  98.92   69.36
  99.45   75.83
  99.74   84.42
  99.94  145.91
  99.95   15.04
 100.54   18.14
 100.58   32.13
 100.71  152.91
 100.72   92.20
 101.70  128.46
 102.13  102.97
 102.40   95.25
 102.85  211.40
 103.32  136.20
 103.42   33.98
 103.76   46.66
 103.77   26.73
 104.07   38.04
 104.35   20.96
 104.65  161.57
 105.49   41.19
 105.59  149.42
 105.62  121.03
 105.87  172.23
 105.91  128.84
 106.13  114.97
 106.84  207.42
 107.59   62.38
 107.91   71.31
 107.97   51.02
 108.00  161.23
 108.32  142.58
 108.62   89.28
 109.05   55.33
 109.10  149.64
 109.11  113.75
 109.19  125.14
 109.21  147.26
 109.35  130.96
 109.97   74.46
 110.00  197.30
 110.02   77.98
 110.32  137.19
 110.45   38.13
 110.93   86.47
 111.15   92.34
 111.52  197.46
 111.58   64.40
 112.01   60.89
 112.34  194.45
 112.35  204.76
 112.70   84.54
 113.73  191.00
 114.37   64.36
 114.43   63.67
 114.98   83.02
 115.28   41.32
 116.54   38.29
 116.70  119.12
 116.95   91.92
 117.37  151.35
 118.35   83.26
 118.67   50.45
 118.81  141.30
 119.37  189.57
 119.45   47.44
 119.61   88.47
 120.93   55.59
 121.64   61.82
 121.85   92.50
 121.89   38.93
 121.98   85.84
 122.67   69.69
 122.95  126.92
 123.00  110.97
 123.84  138.27
 124.45  129.72
 124.50  193.48
 124.72  159.36
 124.87  181.90
 125.66   81.13
 125.92   83.43
 126.86   78.12
 127.24   65.01
 127.45  135.98
 127.49  136.94
 128.44   47.92
 128.47   85.16
 129.13   62.39
 129.15  181.12
 129.33  195.28
 129.66   50.72
 129.97   65.23
 130.36  130.71
 130.39   41.92
 130.40   90.81
 130.65   74.14
 131.17  178.14
 131.58   87.91
 131.78  182.49
 133.26  193.99
 133.31  138.37
 133.98  135.74
 134.00   42.02
 134.08  165.54
 134.76   55.54
 134.88  175.13
 134.93   64.93
 135.04  179.08
 135.91  140.29
 136.26   83.58
 136.34  174.10
 136.79  190.79
 137.87  103.19
 138.29   78.56
 138.64  192.97
 139.37   42.08
 139.75   48.15
 139.85   70.91
 140.49   50.87
 141.59  134.90
 141.70  122.58
 141.96   90.24
 142.38  192.09
 143.01   58.27
 144.69  172.84
 145.42   85.03
 145.50   90.61
 146.15   42.28
 146.37  163.19
 146.74  191.19
 147.36   48.07
 148.65  116.12
 149.55   73.52
 149.92   90.37
 150.67   51.38
 150.73  109.48
 151.13   42.38
 151.47  133.42
 152.16   86.97
 152.33   87.12
 153.08   35.29
 154.61  170.77
 155.39  121.04
 155.77  184.16
 155.89  170.32
 155.99   42.93
 156.22  111.64
 156.57   24.28
 156.90   21.43
 158.23  135.15
 158.93  185.98
 159.44   10.47
 159.75  176.39
 160.41   37.35
 161.26   67.95
 161.48   73.43
 162.41   92.07
 162.93  106.05
 163.31   97.09
 165.24  184.69
 165.36  171.17
 165.40  174.09
 167.49   23.09
 167.56  185.23
 169.33  187.51
 170.36  182.78
 170.99   29.93
 171.20   87.98
 172.42   90.84
 172.55  109.33
 175.54   30.43
 175.78   90.60
 175.99  113.39
 177.51  185.17
 180.89   90.97
 185.64   29.56
 187.24   89.86
 187.73  120.97
 187.85  129.97
 187.97  185.36
 189.13  108.40
 189.63   87.31
 190.41  105.38
 191.56   93.20
 193.36   21.32
 193.61  185.36
 194.97   87.16
 195.74  109.14
 195.95  129.67
 197.99  168.24
 199.40   95.99
 199.47  112.03
 199.55  118.77
 201.76  116.23
 202.71  113.49
 203.13  123.80
 204.99   92.39
 205.05   94.69
 205.52  171.26
 207.45  160.58
 207.85   86.51
 207.93  185.57
 209.01   79.78
 209.39  187.94
 209.41  118.63
 209.92  129.45
 211.49   75.37
 211.64   78.59
 212.98  173.99
 213.68   86.77
 214.95   83.80
 218.64   86.55
 220.78  134.57
 221.23   84.03
 222.26   91.27
 223.38   86.34
 224.99  185.36
 226.02   16.45
 227.35   88.54
 227.57  167.98
 228.88  185.32
 229.13   83.42
 231.12   88.27
 231.24   18.83
 231.45   15.93
 231.46   25.63
 231.78   75.33
 231.87  134.31
 233.71  131.80
 235.37   91.43
 235.91   31.91
 235.98   15.02
 236.83  122.72
 236.88   11.56
 236.91   35.69
 237.60  185.35
 239.99   28.42
 240.73   33.46
 240.81   14.51
 242.43  151.35
 242.54   23.31
 242.62  116.33
 244.07   54.96
 244.11   52.03
 244.99  122.97
 245.09  185.10
 247.26   50.53
 247.46  167.78
 249.16  185.39
 250.55  111.53
 253.32   10.73
 258.31  116.97
 258.65   50.18
 260.33  188.09
 261.87   50.16
 263.05   53.91
 265.08   13.17
 266.26  185.47
 266.56  111.22
 266.59   46.86
 268.22  113.62
