   9.31  119.41
  11.84  164.75
  12.52  141.03
  24.77  203.85
  30.06  180.97
  32.86  181.39
  33.30  184.78
  33.89  190.34
  37.94  157.15
  38.00  205.47
  45.34  165.41
  48.88  160.05
  49.00  143.58
  61.17  186.36
  68.75  174.80
  69.35  181.42
  71.37  186.32
  72.62  177.04
  73.97  152.69
  74.18  182.05
  74.52  162.74
  75.00  175.25
  77.85  153.93
  77.96  140.06
  78.09  146.48
  78.32  171.27
  78.61  177.40
  78.71  196.65
  81.64  182.40
  83.68  129.63
  83.77  141.30
  83.87  178.76
  84.70  135.98
  85.15  135.94
  86.37  188.99
  87.02  209.10
  87.17   83.91
  87.52  200.01
  89.17  166.05
  89.58  196.81
  90.12  124.89
  91.62  181.94
  91.81  188.59
  92.71  199.27
  93.40  166.01
  93.74  150.37
  95.49  178.69
  96.43  128.75
  97.44  165.30
 102.07  166.76
 103.55  123.27
 103.67  142.90
 103.78  141.90
 105.63  171.07
 108.24   48.98
 113.51  114.14
 113.55  211.57
 114.82  154.92
 115.56   97.96
 116.71  165.20
 117.42  140.93
 118.03  166.58
 118.22  152.29
 118.32  159.60
 120.88  124.18
 123.20  127.95
 123.45  207.06
 124.51  164.10
 125.46  205.26
 125.83  121.47
 126.20  201.15
 126.81  166.29
 129.77  201.21
 130.08  176.39
 130.13  163.33
 130.14  170.08
 130.71  151.36
 130.92  151.30
 131.06  121.59
 134.53  179.02
 135.73  173.19
 139.00  136.68
 140.85  120.98
 143.52  179.70
 144.64  119.06
 145.94  185.61
 146.90  182.24
 147.59  120.97
 148.57   74.50
 150.38   78.58
 152.30  165.96
 152.96   80.31
 153.52  133.47
 154.24  162.12
 154.86   73.46
 157.84  164.99
 158.84  129.29
 161.38  182.29
 164.69  179.95
 165.09  180.21
 171.95  122.69
 173.00  122.85
 176.00  121.58
 176.37  131.02
 180.43  127.57
 181.45  130.99
 184.43  171.19
 186.64  131.87
 187.85  178.34
 187.99  169.63
 189.35  129.55
 192.42  174.22
 197.11  136.35
 203.81  137.70
 205.18  134.44
 209.43   72.87
 209.99  142.41
 210.98  134.71
 218.92  165.41
 222.57  171.78
 227.25  162.09
 236.27  171.17
 237.27  172.33
 237.29  194.44
 237.54  193.42
 237.95  207.98
 239.96  211.51
 241.97  176.28
 247.99  184.68
 249.02  187.08
 250.02  178.33
 252.09  195.76
 252.57   29.40
 252.88  183.71
 253.67  198.86
 256.40  173.35
 259.58  177.87
 263.15  181.28
 264.70  174.94
 265.50  180.16
 267.27  192.05
 267.88  171.21
 268.09  178.48
 270.56  183.34
 272.13  173.84
 272.52  188.78
 272.80  174.13
 275.38  195.55
 284.34  196.78
 289.07  212.01
 289.62   48.04
 294.15  164.71
 294.77  164.03
 301.20  171.98
 305.61  212.88
 308.35  176.00
