   8.85   71.83
  28.80   50.89
  53.28  115.07
  54.09   41.08
  54.31   55.15
  54.59  172.41
  60.06  158.09
  60.28  147.03
  60.70  109.32
  64.05  159.54
  64.93   78.34
  65.31   83.14
  65.60   20.54
  66.00  114.79
  67.22  111.97
  67.23   83.75
  68.98   53.87
  68.99   23.36
  69.32   96.51
  69.83   66.03
  70.52   46.40
  71.53   76.50
  72.06  137.34
  73.12  136.13
  74.03   93.74
  74.05  103.42
  74.36   99.62
  74.48   42.52
  74.60  135.10
  74.63   47.67
  75.81   74.17
  76.07   80.98
  76.35   85.91
  76.40   90.90
  78.21  103.37
  78.58   83.44
  78.77  135.48
  78.89   87.45
  79.87   20.42
  81.04  148.73
  81.14  133.59
  81.21   80.89
  82.54  102.48
  82.56   86.84
  84.86  134.85
  90.87  101.10
  92.12   77.11
  92.15  154.75
  92.24  133.74
  94.79  137.85
  95.24   89.65
  96.72  126.56
  97.33  146.45
  97.75  135.68
  99.14  142.06
 100.26   89.33
 100.67  101.74
 100.78  120.18
 101.14  126.46
 102.95   80.41
 103.36  171.97
 106.13  123.99
 106.85   96.95
 107.17  146.44
 109.49  144.65
 110.03  140.68
 111.53  146.02
 114.57  135.42
 115.42  141.03
 120.90   19.28
 122.46   80.10
 122.98  101.54
 122.98  140.88
 123.90  141.44
 124.01  137.08
 124.74   82.64
 125.12   86.18
 126.12   19.71
 126.53   43.38
 128.18   50.27
 128.18  101.06
 128.46  105.67
 129.15   50.26
 129.39  156.13
 129.58   16.41
 129.66   21.95
 129.67  146.92
 130.30   58.26
 130.34   76.51
 130.80   87.99
 130.89  162.31
 130.94  143.20
 131.20   97.84
 131.81  108.88
 133.89   19.57
 134.45   79.73
 135.40  140.34
 136.61   82.19
 137.03  144.89
 140.05  148.58
 142.95  144.86
 145.90  114.21
 149.29   99.89
 151.72   88.82
 154.89   87.69
 156.10  111.97
 156.78  135.36
 156.86  118.45
 156.91   72.76
 159.37  115.53
 159.49  107.67
 161.86   75.62
 162.88   81.57
 163.46  113.26
 163.69   90.98
 164.30  102.52
 164.68   66.41
 164.81  118.28
 164.88   92.83
 171.58   73.98
 175.28  141.32
 178.76   77.96
 179.52  125.50
 181.16   76.80
 182.94   16.75
 183.07   62.12
 183.17   47.36
 183.26   29.17
 183.28   75.75
 185.67  150.39
 187.84  133.89
 193.39  194.90
 193.71  145.73
 195.36   66.44
 196.13   77.20
 196.50   78.09
 196.79   78.93
 198.60  143.95
 198.63  143.87
 205.07  178.86
 205.44   71.21
 211.36   80.93
 214.08   66.95
 214.15  142.54
 214.50  143.09
 214.87   52.27
 216.16  146.20
 218.62   57.97
 218.70   64.42
 218.90  136.08
 220.75   61.76
 221.75   82.46
 223.80  175.93
 226.80   71.60
 228.44  132.86
 229.49   76.28
 232.26   78.53
 234.46   19.05
 234.65   13.44
 234.94   75.94
 242.18  199.74
 247.71  160.41
 250.00  185.41
 254.99  156.37
 255.75  124.67
 255.92   73.59
 256.29   76.28
 256.79  143.05
 257.31  188.65
 258.76  117.50
 259.66  174.89
 260.24   75.36
 260.72  209.46
 260.83  125.92
 261.61  180.72
 262.34  151.43
 262.89  186.11
 262.94  136.99
 263.58   84.12
 266.26  201.22
 266.34   55.11
 268.36  206.69
 268.55  129.43
 269.04   23.92
 269.17  169.46
 269.32  169.66
 271.44  124.39
 274.59  188.01
 276.97  210.08
 277.81  196.46
 279.42  184.36
 279.87  180.12
 281.14  166.25
 281.27  115.35
 281.49  109.05
 282.05  156.70
 282.13   21.92
 284.89  122.20
 285.94  109.67
