  10.40   23.09
  11.85  208.89
  12.44  193.24
  15.07  172.31
  15.40  196.07
  15.53  209.39
  16.25  151.84
  18.30   21.84
  19.87  158.09
  21.16  150.60
  21.36  171.40
  23.40  207.26
  23.50  161.78
  26.78  148.64
  28.41   16.78
  28.80  155.71
  33.02  151.27
  33.13  143.21
  35.19   19.96
  36.47   19.03
  37.31   18.47
  38.08  149.17
  38.86   36.05
  40.12   23.11
  40.74   53.69
  41.96  150.91
  43.04   33.11
  43.22   25.21
  43.34   29.08
  43.88  160.93
  44.04   37.46
  44.13   37.47
  45.74   50.64
  45.93   24.53
  46.00  149.00
  48.61   45.86
  49.32   19.13
  51.31   14.58
  51.67  144.54
  51.77  162.97
  52.38  168.51
  52.81  179.93
  54.88  142.91
  55.77  133.16
  60.03  143.61
  61.42   56.24
  61.51   51.37
  61.59  115.26
  61.72   61.73
  62.70   91.25
  63.17  153.50
  63.65  146.65
  63.96  132.30
  64.16   84.38
  64.33  135.94
  64.38  126.80
  64.92  163.80
  65.03   65.62
  65.06  141.43
  65.14   71.56
  65.14  117.92
  65.16  134.76
  65.34   91.67
  66.60  122.21
  66.72  177.61
  67.65   60.64
  67.85  105.41
  67.86   95.55
  68.08   88.19
  68.63   68.19
  69.44  129.75
  69.59   81.03
  70.44   91.95
  71.14  137.26
  73.46  113.07
  85.59  212.74
  86.44  143.12
  86.63  143.02
  87.18   42.18
  88.07  213.68
  91.67   46.60
  91.83  145.67
  93.01  120.41
  94.43   68.69
 100.72  126.45
 101.30  163.91
 101.58  136.86
 102.96  113.47
 103.37  193.34
 105.56  111.12
 106.52  114.44
 107.81  121.29
 108.54  157.95
 111.27  123.60
 111.76  173.31
 111.78  178.54
 113.27  111.20
 114.78  182.70
 115.65  195.30
 118.13  111.78
 124.29  122.72
 126.92   84.41
 128.87  112.69
 130.50   63.01
 135.59  105.19
 136.09   84.40
 137.95   57.50
 139.49  192.40
 141.66   62.56
 142.08  105.43
 143.77  110.66
 144.48  154.36
 144.55  153.94
 144.92   64.59
 146.71  197.09
 150.52   79.66
 151.58  102.22
 152.01  112.29
 152.03   82.42
 152.16   93.29
 152.78   56.17
 154.63  156.02
 154.67   79.85
 155.65  107.22
 157.66   82.93
 158.75  187.03
 158.88   55.91
 159.95  190.01
 160.79   79.63
 162.29   81.93
 162.40   54.81
 162.49   16.91
 165.39  190.07
 165.48   54.35
 165.54    7.52
 165.70  190.01
 166.02   60.56
 166.03   79.43
 166.30  186.74
 167.01  132.91
 168.36   82.90
 169.24  133.97
 169.47  183.05
 169.88   24.06
 171.07  140.87
 172.55   52.61
 173.67   57.60
 175.29  113.51
 175.62   82.30
 176.56   78.90
 176.85  156.99
 177.80   26.43
 177.94  158.61
 178.91  116.85
 179.25   79.08
 179.25   84.12
 179.32   86.54
 180.69  113.47
 181.56  113.09
 181.95   89.37
 182.89   18.76
 183.08   54.19
 183.18   82.28
 184.54   15.18
 184.68  177.46
 186.08  110.68
 186.11  134.44
 186.48  110.20
 187.30   78.72
 192.11   81.75
 193.95   78.93
 198.97  166.53
 201.07  136.07
 201.29   78.67
 201.53  120.91
 202.59   94.81
 202.98  134.78
 203.31  131.71
 203.80  104.16
 204.64   82.59
 204.95  135.42
 205.02  120.91
 205.62   70.00
 205.64  102.46
 205.97  170.03
 206.01   62.06
 206.04   93.79
 206.89  113.70
 208.54  204.97
 208.62   86.01
 209.36  117.88
 209.51  166.27
 210.36  113.25
 211.59  190.72
 217.68   52.30
 217.81   46.90
 218.14  152.24
 219.69  135.53
 222.84  118.16
 223.16   54.40
 224.21  137.17
 224.58  134.39
 225.47  109.17
 226.65   54.22
 226.79   54.22
 230.01  119.77
 232.01   51.37
 233.83  115.13
 234.73  126.29
 237.73  135.14
 238.43  116.18
 239.99  132.29
 241.37  119.34
 241.92  138.61
 244.22  116.70
 244.94  132.91
 247.02  137.18
 251.31  125.58
 252.74   50.33
 254.49  138.16
 255.48   47.12
 255.57  177.05
 255.66   56.58
 255.97  114.16
 263.35  171.09
 266.13   54.32
 273.11   98.60
 278.80  127.43
 279.43  131.88
 284.75   76.34
