   9.63   32.59
  12.14   39.41
  12.35   90.84
  12.90   58.34
  14.07   72.48
  16.67  146.84
  18.30  241.30
  18.54   34.76
  22.95  135.23
  24.43  233.01
  24.68   68.60
  25.48   59.28
  25.68  223.53
  25.73  228.62
  26.19  122.04
  26.64  212.77
  27.25  239.90
  27.69   53.42
  28.05   79.03
  28.70  190.98
  28.94  203.35
  29.71  193.09
  29.86   85.88
  30.60  181.64
  31.38  127.58
  31.49  174.83
  33.36  111.85
  33.71  137.30
  34.44  180.12
  34.86   13.58
  35.03  132.99
  35.08    8.92
  35.31  132.20
  36.35   13.94
  37.29  188.96
  38.02  102.73
  38.23   60.56
  40.62  146.79
  41.61  127.15
  42.09  107.24
  42.47  135.26
  43.73  144.14
  44.21   83.35
  44.44  105.03
  44.66  104.53
  45.02  126.25
  45.26  157.59
  45.33  139.74
  47.45  209.37
  47.78  134.34
  47.86  162.21
  48.04  165.27
  48.04  145.52
  48.42  159.52
  49.05  157.02
  49.43  223.16
  49.99  168.86
  50.78   96.89
  50.94  101.45
  51.22  120.33
  51.28  143.76
  52.03  204.15
  52.34  148.61
  52.34  139.13
  52.82  220.35
  54.39  222.47
  56.06  209.82
  57.09  153.92
  57.77  219.56
  58.02  233.03
  58.51  151.48
  58.78  144.97
  60.23  154.05
  60.34  225.39
  61.99  140.08
  63.10  159.94
  63.70  166.91
  64.03  114.62
  66.02  166.03
  67.07  103.10
  69.44  159.05
  70.13  161.97
  71.62  119.07
  72.33  237.85
  72.88  132.44
  73.00  178.74
  74.15  115.52
  74.16  174.98
  74.18  112.52
  74.22  121.43
  74.71   90.15
  76.50  128.08
  77.04  171.75
  77.21  153.02
  78.60  125.59
  79.86  126.23
  79.87  126.23
  80.26  139.40
  81.05  175.90
  81.55  135.45
  82.18  119.04
  82.29  170.46
  82.94  166.53
  82.97  154.90
  83.08  187.81
  83.32  102.87
  83.43  174.23
  84.52  107.03
  84.58  228.71
  84.76  163.87
  84.91   99.69
  85.49   97.54
  85.74  161.48
  86.65  170.08
  87.28   80.57
  87.29  169.85
  87.45  130.40
  87.79  183.33
  87.92   94.89
  88.01  131.65
  88.54  240.23
  88.57  152.43
  89.81  165.83
  90.47   85.24
  90.82  223.83
  91.67  192.78
  91.98  215.09
  93.01  167.28
  93.40  105.59
  94.97  139.16
  95.38   92.61
  95.78  158.54
  96.26  182.94
  96.60  116.09
  97.04  206.62
  97.98  180.22
  98.07  173.29
  98.95  140.55
  99.04  191.33
  99.16  197.41
  99.43  160.58
  99.78  163.12
  99.89  176.61
 101.04  121.83
 101.62   75.88
 101.74  140.13
 102.38   93.13
 102.54  181.84
 103.10  173.04
 105.19   97.04
 106.28  185.63
 106.38  161.59
 106.49  180.74
 106.55  185.78
 106.92  196.41
 107.00  136.84
 107.87  158.11
 108.60  169.55
 109.12  131.72
 109.14  126.65
 109.33  136.12
 109.98  118.94
 110.07  101.57
 110.28  122.63
 113.00  161.92
 113.08  135.80
 113.29  128.68
 113.81  151.49
 114.18  104.56
 114.29  118.86
 115.84  167.51
 117.28  134.27
 117.55  139.01
 117.56  103.53
 117.74  166.98
 118.23   70.88
 118.34   99.23
 118.53  116.79
 118.81  116.48
 118.84   83.00
 119.04   87.64
 119.10  145.93
 119.44  170.68
 120.37   99.21
 120.94  126.44
 120.99  115.94
 121.34   59.06
 121.47  166.81
 121.71   86.44
 121.78  173.62
 121.81  140.22
 121.91  145.81
 121.99  247.99
 125.33  127.04
 126.36  146.85
 126.39   90.60
 126.64  138.06
 126.84   82.25
 127.13   84.10
 129.46  156.85
 129.89  127.21
 130.70  109.23
 131.29  150.71
 131.58  174.43
 131.60  147.17
 132.30   82.49
 133.94  137.04
 134.13   62.90
 134.17   56.75
 134.80  131.39
 135.15  140.17
 135.46  175.34
 136.02  192.47
 137.31  109.38
 137.48   87.66
 137.90   79.51
 138.07  213.64
 138.11   64.01
 138.22   74.99
 138.26  117.86
 138.80   49.74
 138.84  164.45
 139.35  112.33
 139.48  216.68
 139.75  184.28
 139.86   73.16
 140.13   66.35
 140.30   52.74
 141.27  142.98
 142.26  176.87
 142.45   66.04
 142.49  183.94
 142.56   62.33
 143.35   85.95
 143.63  151.72
 143.71  133.37
 143.72   90.07
 144.06  189.73
 144.26  108.68
 144.39   77.42
 144.46  186.42
 144.52  117.17
 145.54   49.40
 145.60  157.03
 146.17   59.79
 146.45   70.03
 146.94  151.81
 147.06   56.16
 147.35  181.08
 148.00  171.51
 148.63  186.53
 148.67   51.08
 148.69  111.20
 148.84  137.84
 149.43  183.36
 149.58   58.92
 150.58  155.67
 151.43  142.64
 151.50   87.66
 151.58  108.28
 151.83   75.04
 151.93  169.30
 151.94  117.55
 152.03   35.01
 152.57  111.47
 152.86  135.63
 153.16   57.77
 154.23   67.30
 154.96  102.97
 155.35   79.67
 156.31   46.71
 156.39  110.99
 157.04   54.94
 157.09  155.95
 157.17  179.16
 157.46   43.30
 157.50  190.85
 157.58   34.95
 157.76   64.32
 157.91   60.24
 158.02   38.04
 158.10  182.14
 158.26   80.07
 158.42  103.08
 158.49  132.28
 159.14   81.23
 159.43   86.05
 159.47  138.05
 159.69  209.89
 159.89  159.27
 160.04  107.30
 160.52   71.92
 160.71  192.78
 161.23   93.68
 161.36  117.93
 161.68   53.56
 162.08  171.80
 162.63  129.36
 162.68   62.94
 163.08  197.44
 163.17   45.82
 163.86  165.58
 164.28  148.77
 164.72   41.77
 164.85   86.91
 165.08   70.99
 165.43  126.77
 165.50   63.94
 165.50  118.14
 166.42   38.61
 166.45  119.43
 166.62   49.87
 166.90  192.30
 167.05   60.34
 167.08   66.76
 167.18  135.93
 167.52  101.72
 167.90  107.27
 168.02  133.49
 168.11   96.77
 168.16  116.49
 168.30   84.15
 169.19  159.79
 169.41  147.77
 169.50   30.86
 169.51  139.73
 170.33   44.96
 170.33   56.65
 170.40   33.68
 171.48   82.25
 171.59   61.20
 172.01  101.07
 172.74  119.13
 172.97  218.76
 173.23  129.64
 174.06   68.47
 174.39  137.58
 174.53   57.05
 174.54  138.16
 174.76  108.75
 174.79  174.33
 174.83  212.44
 174.96  158.71
 175.19   93.34
 175.49   50.92
 175.66  132.82
 176.23   59.86
 176.91  133.39
 177.74  207.04
 178.09  166.13
 178.33   40.46
 179.05  106.88
 179.60  135.10
 179.89  216.23
 179.97   57.96
 180.05  116.85
 180.11   81.12
 180.26   85.59
 180.49  223.47
 180.87  169.79
 181.09  141.58
 181.17  160.33
 181.20  208.11
 182.40  219.80
 182.47   75.98
 184.01  129.70
 184.12   40.14
 184.14  146.24
 184.20   65.96
 184.60  119.70
 184.75  114.85
 184.79  171.36
 185.14   94.30
 185.14   56.19
 185.54  168.08
 185.59   63.95
 185.78   83.40
 185.88   87.40
 186.11   68.54
 186.38  104.76
 186.66  178.35
 187.25  108.27
 187.34  162.76
 187.51   91.01
 187.70  114.37
 187.72  134.30
 188.66   54.87
 188.76   33.24
 189.43  126.44
 189.62  172.10
 190.06   24.69
 191.36  107.93
 191.41   62.48
 191.52  141.03
 191.81  212.88
 192.79  137.10
 192.93   91.82
 193.14   98.92
 193.28   77.93
 193.63   52.50
 193.92  179.35
 194.42  144.12
 194.66  175.12
 194.73   43.46
 196.07  113.78
 197.39   60.96
 197.55   83.52
 197.75  149.29
 198.11  165.37
 198.87  115.45
 198.87  119.21
 199.28  101.22
 199.34   37.52
 199.51  132.18
 199.51  233.83
 200.01   85.27
 200.09   66.97
 200.15  184.45
 200.70   63.82
 200.71  230.23
 200.72  208.53
 200.78  103.71
 201.04  102.57
 201.13   74.26
 201.43  221.09
 201.55  126.35
 202.35  216.75
 202.37  122.65
 202.39   52.97
 202.81   88.45
 203.24  133.10
 204.61   27.67
 204.82  210.58
 205.26  230.85
 205.68   44.20
 205.83   52.41
 206.45  170.85
 206.53   57.67
 206.71   35.92
 207.22  147.27
 207.39   73.90
 207.61  120.27
 207.90   72.50
 207.99   31.32
 208.52  186.76
 208.70  104.98
 209.31   88.12
 209.33   64.98
 209.52  140.45
 209.53   47.48
 209.66   74.59
 209.85  158.73
 210.03   58.24
 210.10   50.70
 210.34   41.11
 210.45   67.29
 210.50   48.72
 210.91  176.20
 211.35   90.18
 211.53  171.70
 212.43  182.45
 212.52  134.14
 212.55   55.40
 212.75  182.48
 213.27  100.19
 214.32  169.82
 214.74  153.19
 215.15  126.17
 215.23   52.67
 215.24  120.27
 215.25   49.14
 215.41   71.09
 216.82   95.71
 217.10  135.01
 217.48   85.94
 217.54   20.27
 217.58   79.91
 218.27   53.85
 218.53  106.82
 219.05  102.84
 219.27   38.16
 219.42  149.91
 219.54  177.03
 219.81   73.23
 219.97   66.51
 220.17   89.51
 220.25  138.37
 220.41   22.11
 220.72   69.14
 220.77   45.77
 221.07  134.96
 221.32  233.06
 221.43  226.50
 221.51   61.73
 221.98   55.73
 222.76   94.91
 223.51   63.32
 223.71  135.43
 224.04   98.95
 224.23  131.33
 224.43  181.92
 224.47   21.98
 224.55  123.82
 224.70  127.47
 224.74   27.00
 225.43  162.62
 226.32   25.60
 226.62   50.59
 226.85  135.71
 227.04   61.77
 227.59  126.37
 227.63  120.15
 227.72   67.17
 227.75  103.54
 228.23  110.05
 228.57  133.64
 228.90   82.70
 229.04  143.99
 229.44  163.00
 229.80   72.02
 229.93   27.30
 230.44  136.10
 230.45  177.99
 231.01   61.71
 231.79  151.28
 231.91  186.53
 232.46   55.58
 232.67  124.06
 232.70  102.28
 232.78  116.08
 232.84  110.58
 232.86  106.93
 233.62   98.10
 234.53  179.84
 234.61  168.35
 234.66  179.71
 234.78  157.67
 234.88   65.82
 235.09   30.89
 235.50   79.94
 235.62   69.70
 235.73   73.74
 235.79  144.31
 236.00   60.34
 236.05   51.41
 236.06  127.27
 236.16  120.88
 236.26  107.74
 236.28  108.27
 236.39  243.11
 236.76  238.89
 237.39  172.86
 237.66   93.28
 238.41  137.61
 238.51  137.48
 239.06   70.45
 239.07   82.40
 239.65   29.59
 239.67  105.86
 239.81   45.98
 239.98   52.98
 240.05  114.00
 240.34  101.04
 240.74   64.22
 240.79  178.30
 241.20   68.23
 241.75   37.85
 241.91   42.42
 242.39  111.23
 242.71   86.37
 243.82   60.04
 244.07  235.31
 244.44  104.73
 244.88  181.06
 245.16  174.40
 247.04  161.89
 247.43   96.74
 247.53  137.79
 247.56   20.96
 247.89  205.28
 247.98  124.23
 248.44  117.32
 248.48   58.68
 248.88  108.21
