  10.19  195.03
  12.76  195.02
  20.87  102.74
  27.66   21.87
  31.71  165.02
  32.68  104.13
  33.02   97.34
  35.59  110.98
  36.73   84.02
  36.82   57.55
  38.74   97.26
  38.87   84.48
  40.43  111.45
  42.72  113.00
  43.76  114.54
  44.50  109.89
  47.50   81.80
  50.32   93.87
  51.38  119.04
  56.82  114.05
  59.07  127.91
  59.77  134.68
  60.98  114.27
  62.24  159.48
  64.64  146.57
  64.85  117.73
  65.07  108.73
  67.09  219.96
  67.85  113.31
  68.13  135.51
  68.29  118.65
  68.51  220.45
  70.03  224.94
  70.58  151.81
  71.41  103.53
  72.10  151.58
  72.92  144.67
  73.89  202.45
  75.02  239.90
  76.88  159.54
  78.55  239.83
  79.22  235.71
  79.22  120.28
  79.39  191.19
  79.41  224.04
  80.21  155.53
  80.30  243.43
  81.37  148.80
  82.67  116.58
  83.02  160.25
  83.79  110.51
  84.34  164.55
  86.47  181.48
  87.38  243.59
  87.82  169.50
  87.88  176.45
  88.24  139.03
  89.00  148.10
  89.10  144.05
  89.23  152.09
  89.50  135.50
  90.37  173.30
  91.64  154.72
  92.14  183.78
  93.10  160.55
  93.31  135.90
  94.92  147.18
  94.95  173.74
  95.10  107.86
  96.81  127.24
  97.15  144.04
  97.42  136.61
  97.54  247.60
  97.73  160.68
 100.33  163.26
 101.00  151.92
 101.15  108.79
 101.86  133.26
 102.54  185.36
 102.60  123.01
 105.43  178.11
 106.53  150.31
 107.46  173.14
 108.32  102.04
 108.44  136.62
 108.53  172.16
 110.22  118.35
 110.25   98.39
 111.98   73.75
 112.16   91.83
 112.50   99.84
 113.35  155.18
 113.38  191.62
 114.53  195.87
 114.92  183.30
 115.47  105.00
 115.47  169.95
 115.76  178.00
 117.25  112.21
 118.46   73.69
 118.99  154.99
 119.15  180.97
 119.17  159.27
 120.53  191.96
 121.39  157.06
 121.72   33.82
 122.16  102.97
 123.56  161.22
 123.88  157.74
 123.96  155.14
 123.98   41.75
 125.27  104.78
 125.40  114.11
 126.53  166.28
 126.69  156.30
 127.06  126.47
 127.90   99.43
 127.95  173.60
 129.54  147.06
 130.25   85.44
 130.73  159.29
 130.98  165.15
 131.41   92.09
 131.61   62.83
 131.78  107.12
 132.11  133.76
 132.65  184.46
 133.03   38.14
 133.42  157.76
 133.44  147.30
 133.50   67.79
 133.60  185.61
 134.39  136.67
 135.26  119.00
 135.57  194.67
 136.89  154.87
 136.96   36.23
 137.24  159.53
 137.79  127.05
 137.94  108.67
 138.43  153.84
 139.00   87.84
 139.51  114.33
 139.65   30.55
 140.07   42.84
 140.40  185.72
 141.07  143.69
 141.58  150.59
 141.85  135.62
 141.89  169.26
 142.10  140.86
 142.40  103.04
 142.59  113.20
 142.67  115.46
 143.12   41.50
 143.29  189.02
 144.38   83.64
 144.47  164.19
 144.82  183.28
 144.83   85.12
 147.08  161.00
 147.09   34.76
 147.86  122.46
 147.93   81.32
 148.65   85.06
 148.80  179.31
 149.12   93.69
 149.96  154.81
 150.01   69.10
 151.06  136.60
 151.18   76.14
 151.28  147.18
 152.16   34.08
 153.99   51.95
 154.05  130.93
 154.59  145.81
 157.17  131.12
 158.34  107.96
 158.42  107.94
 158.80   60.60
 160.33  199.20
 160.66   45.71
 160.93   49.39
 161.28   50.75
 162.56  196.43
 164.94   50.30
 165.08   79.05
 165.62   86.66
 166.01   43.94
 168.41  170.00
 170.11  129.56
 170.90  201.64
 170.91  198.35
 172.02   50.65
 172.28   50.10
 174.05  146.98
 174.09  119.01
 177.44  102.43
 177.69   76.46
 177.95  126.87
 178.43   56.72
 179.39   72.79
 179.75  143.34
 181.04  204.15
 181.21   38.86
 181.60   71.84
 182.26  154.80
 182.49   21.00
 183.21   27.31
 183.36  122.12
 184.62  100.00
 184.82  105.19
 185.04   63.40
 185.10  174.13
 185.53   66.30
 185.70  137.07
 185.79   48.17
 187.04  165.64
 187.11  154.56
 187.11  161.48
 187.13  132.30
 187.42  143.20
 187.88   42.68
 188.06   13.98
 188.56   33.98
 188.72   63.43
 189.58  183.53
 189.63  115.37
 190.13  126.42
 190.32  175.48
 190.54   28.83
 190.72   23.46
 191.02  155.90
 191.13  146.67
 191.57   52.36
 192.26  161.78
 192.94   46.16
 193.44   35.95
 194.36  198.51
 195.17  179.46
 199.15  155.03
 199.31   70.94
 201.13  182.44
 203.37  201.18
 203.83   95.24
 204.39  162.58
 206.45   83.58
 206.56   57.95
 206.63  156.43
 206.66   52.47
 206.71   95.02
 208.05  195.26
 208.88   60.54
 209.90  104.86
 210.14  146.30
 210.36   11.75
 210.37  138.95
 210.51   69.56
 211.39   82.57
 211.69  111.22
 211.71   59.58
 211.91  178.70
 212.69  177.50
 213.57   40.46
 213.64  142.82
 214.03  174.10
 214.21  143.09
 215.11  113.78
 216.55  186.29
 219.75  189.63
 219.83  174.45
 220.04  202.37
 220.35  167.02
 220.43  158.20
 220.73  124.08
 221.30   72.27
 221.31   81.30
 221.35   81.17
 221.46   36.70
 221.71   88.36
 222.95  171.00
 223.16  183.60
 225.95  202.85
 226.23  179.48
 226.65   57.70
 226.83  194.10
 227.05  179.33
 227.84  187.32
 228.14   27.15
 228.37  113.72
 229.52  177.03
 230.52  191.59
 230.57   14.42
 231.02   70.38
 231.16  198.73
 231.94   49.10
 233.10  189.18
 233.81  197.12
 234.08   23.01
 236.25  165.38
 237.73   37.65
 237.83   27.36
 238.12   78.24
 238.13   97.32
 238.18   31.78
 238.29   69.28
 238.34  100.83
 238.45  147.17
 238.89  162.85
 239.62  119.78
 239.89  121.12
 240.56  208.19
 241.72  214.31
 241.79   63.34
 241.89  200.61
 241.98  193.91
 242.22  205.21
 242.23  125.89
 242.25   37.80
 242.41  217.97
 242.50  189.47
 242.54  185.30
 242.91  210.52
 244.45  132.17
 245.93   29.11
 246.27  205.20
 246.37   84.57
 247.16   76.25
 247.69  133.09
 248.49  100.37
