  22.98   75.15
  32.62  180.89
  39.42   19.76
  40.90  227.63
  41.36   53.94
  41.37  151.66
  41.50  141.30
  41.87   96.63
  42.01  174.55
  42.06  134.39
  42.09  106.59
  42.09  206.40
  44.20   52.37
  44.28   68.84
  44.92  159.67
  44.93   98.07
  45.01  109.07
  46.61  117.36
  47.08   54.09
  47.55   90.57
  49.73  131.33
  57.13  129.56
  58.42   38.73
  59.24  114.13
  59.45  130.80
  60.94  111.71
  61.01  122.38
  61.02  138.90
  61.44  128.53
  61.52   98.52
  61.63   87.33
  61.84   92.87
  61.89   81.49
  61.96   71.26
  62.11  156.95
  62.14  229.94
  62.22   47.45
  62.39   35.10
  62.59  189.24
  63.69   75.24
  65.62  183.77
  65.82  205.32
  66.51  117.17
  67.41   42.45
  68.06  179.39
  68.87   97.67
  69.16  220.28
  70.35  175.50
  70.42  195.57
  71.13   27.73
  74.58  203.51
  74.88   29.38
  75.25   21.12
  75.95  205.43
  76.02  111.77
  76.68  187.35
  77.09  177.49
  79.53  183.08
  79.53  225.42
  79.66  159.37
  81.91  141.99
  81.94   23.47
  82.07  166.83
  82.51  128.88
  84.40  145.39
  85.06   39.00
  85.14  134.96
  85.46   27.87
  86.06    9.86
  86.88   78.70
  87.53   55.27
  87.99  163.76
  88.11  168.04
  88.34   12.39
  88.64  135.94
  89.16  139.79
  89.40   88.68
  89.53  149.51
  89.81   65.99
  89.81   72.13
  90.19  106.18
  90.22  155.68
  90.44   81.79
  91.15   44.65
  91.52   90.76
  91.69   96.80
  92.35   85.26
  93.17   52.42
  93.28   47.54
  94.40   14.40
  94.52   18.74
  95.83  110.20
  96.01   23.79
  97.57   77.07
  97.58   99.43
  98.40   47.29
  99.10   10.58
 100.17   49.40
 100.20   74.25
 101.16   66.85
 101.51   30.56
 101.54   30.13
 103.02   14.10
 103.31   19.20
 103.45   57.61
 103.96  100.26
 104.28   41.62
 104.31  117.03
 105.48   71.83
 106.21   55.57
 106.25   64.70
 106.25   80.73
 106.86   31.01
 108.39   60.19
 112.59   15.09
 114.18   86.63
 114.32   50.97
 116.71  126.52
 121.43  122.58
 122.54   87.93
 122.55   63.74
 122.66   66.42
 125.49   42.30
 125.59   23.05
 127.90   40.21
 129.95  140.02
 130.02  134.20
 132.05   20.98
 134.39   53.23
 135.14  132.84
 135.90   17.54
 136.35   45.44
 136.46   23.39
 137.99   73.20
 138.16   59.18
 139.13   45.52
 139.97   95.96
 141.28   75.90
 143.96   35.70
 144.67   51.91
 144.84   18.59
 147.17  163.01
 149.21  160.10
 150.98  120.42
 151.06  167.29
 154.15  142.38
 154.36  140.29
 154.75  120.73
 155.35   51.27
 155.62  167.84
 155.75   37.89
 156.68  161.82
 158.97   58.60
 160.46  153.68
 160.61   89.04
 161.90  167.06
 162.59  150.36
 163.96   46.66
 164.16   67.00
 165.78  145.70
 166.29  171.62
 166.93   60.24
 167.30  112.61
 168.03   64.10
 168.29  142.20
 169.21   80.15
 171.06  175.75
 171.96   41.01
 173.43  165.85
 173.46   40.84
 174.16  158.94
 174.34  188.22
 174.64  127.64
 174.96  188.47
 175.64   34.21
 176.63   20.54
 176.94   14.34
 177.44  131.51
 177.75  150.33
 181.17  191.76
 181.40   38.17
 181.48  187.52
 181.94  128.73
 182.87  162.28
 184.45   96.31
 185.17   80.41
 185.53   33.62
 185.67  171.31
 185.81   38.91
 187.99  205.15
 188.06  140.35
 188.91  169.96
 189.71   44.38
 190.39   52.48
 190.73   48.52
 190.83  183.54
 192.27  177.10
 193.68  223.14
 194.14  198.71
 197.99  161.02
 199.39   49.88
 199.41   33.55
 199.93   41.28
 204.90   35.33
 205.17  191.15
 207.46  211.94
 212.99  191.39
 214.23  184.46
 214.45  177.36
 214.73  187.91
 218.49  111.70
 219.08   97.67
 219.74   72.53
 227.55  114.79
 234.52  246.75
 240.03  240.05
