   8.84  115.96
  11.94   50.85
  12.10   47.93
  12.78   15.15
  13.45    8.09
  21.04   10.65
  28.02  152.58
  31.40   78.10
  39.25  127.00
  39.71   93.53
  41.05  101.27
  44.15   91.90
  46.32   21.14
  48.13   98.04
  48.15  101.60
  50.54  154.53
  51.14  124.85
  51.23   32.78
  52.05  148.88
  52.44   32.21
  52.55   51.02
  52.59  130.62
  52.97   51.05
  54.51  130.57
  54.96  144.95
  54.97  141.95
  55.33   71.05
  55.54  155.05
  55.66  155.04
  55.80   37.96
  57.12   84.80
  58.47   31.86
  59.44  156.16
  60.28   40.94
  60.51   82.58
  61.54   25.44
  61.67   63.19
  61.75   44.62
  64.85   39.03
  66.11   25.82
  70.71   50.73
  73.95   48.09
  74.29   28.18
  74.47   60.53
  74.58   52.14
  74.74   13.35
  74.82   75.36
  75.81   63.33
  76.40   71.40
  78.58   90.26
  78.89   40.27
  79.03   47.21
  79.18   69.82
  80.78   73.07
  81.08   38.36
  83.04   13.00
  83.36   68.14
  84.20   43.91
  84.69   94.72
  88.07   49.37
  88.83   75.19
  90.79   93.69
  91.03   93.68
  91.49  137.02
  91.86   43.49
  91.89  146.02
  92.06   47.27
  94.66   38.37
  99.46   46.56
 101.54   81.09
 101.58  139.26
 102.31  119.01
 103.30   97.48
 103.67  109.90
 105.08  120.46
 106.28  152.90
 106.79   95.86
 107.44   56.19
 107.68  148.06
 107.81   77.70
 108.47  136.21
 108.87   84.76
 109.24   85.59
 109.33  137.28
 109.45  124.94
 109.84  113.76
 109.92  103.74
 109.94   96.28
 110.00   79.15
 110.45  153.05
 112.19  146.01
 112.79  123.07
 112.87  128.17
 113.01   94.21
 113.02   76.48
 113.80   77.19
 115.83  144.03
 116.05  137.04
 116.25  152.09
 116.70   87.88
 117.71  140.70
 119.46  155.07
 127.18  131.76
 133.32  159.77
 137.71  170.72
 137.93  160.23
 138.57  160.46
 141.30  168.87
 141.39  131.79
 145.50  119.10
 145.66  154.67
 146.61  108.15
 146.87  173.38
 147.11  169.84
 147.77  177.50
 148.07  103.38
 150.46  107.91
 150.64  135.74
 150.76  121.45
 151.69  152.94
 153.19  140.32
 153.51   97.37
 153.57  115.25
 154.38  104.29
 155.92  149.23
 156.68  106.92
 157.52  103.13
 159.55   84.86
 159.85  166.88
 161.28  106.19
 161.49  110.54
 161.54  137.37
 162.25  124.44
 162.25  119.29
 163.68  168.33
 163.80  119.18
 164.29  141.66
 164.45  136.89
 164.51  136.67
 164.92   92.77
 165.48  120.92
 165.87  187.60
 165.89  133.81
 166.10  127.72
 166.16  131.12
 166.73  138.58
 167.25  154.87
 167.53   71.86
 167.95   69.33
 168.36  117.57
 169.65   66.02
 170.42  161.55
 170.49   89.56
 171.15   77.92
 171.70  103.17
 172.16  131.23
 172.75  122.17
 173.10  192.63
 173.11  148.93
 173.64  154.52
 175.96  186.11
 177.83  155.20
 178.72  123.89
 179.02  170.83
 179.64  187.15
 180.56   89.82
 182.89   93.27
 183.56   85.65
 183.73  164.44
 185.51  154.91
 185.97  173.92
 189.10  155.77
 190.08  161.14
 190.11  164.70
 191.87  105.82
 192.62  174.11
 194.50  156.72
 194.59  146.63
 197.84   75.05
 197.90  182.97
 198.39  173.05
 198.58   71.51
 200.46  110.79
 202.36  144.83
 202.39  166.50
 203.58  186.91
 207.51  127.66
 209.80  157.59
 209.95  123.37
 211.15  130.26
 211.35  199.89
 212.40  125.36
 216.09  212.94
 216.26  134.30
 217.12  179.37
 217.13  162.07
 217.69  176.20
 220.26  180.78
 222.45  213.49
 222.77  157.62
 223.41  177.06
 225.87  112.72
 226.40  167.56
 226.71  176.92
 228.10  164.81
 231.74  129.77
 232.52  158.98
 234.28  141.46
 235.32  120.60
 238.30  152.51
