   7.67  144.57
   8.02  168.90
   8.72   69.39
   9.02  117.67
   9.17  220.63
  10.75  177.72
  11.26  144.00
  14.86   99.23
  14.91   44.06
  15.05   41.26
  17.23  212.72
  17.56  178.58
  19.34  157.39
  19.88  182.10
  20.04  193.49
  20.06  190.33
  20.16  196.51
  21.14   46.08
  24.76   53.21
  25.08  201.09
  25.45  175.94
  25.56  190.01
  25.83  195.48
  26.44  168.48
  26.59  194.35
  27.28  192.60
  29.41  141.68
  29.85  101.98
  32.11  179.43
  34.56   81.28
  34.57   81.25
  35.22  140.49
  35.36   61.99
  35.61  110.87
  37.45  137.20
  41.45   57.23
  41.73  150.03
  43.59  179.42
  44.27  172.51
  48.23  138.83
  48.42  172.42
  48.48  175.72
  51.31  179.06
  52.05  172.31
  53.68  133.47
  57.88  142.03
  62.65  160.68
  63.66  141.64
  63.82  160.32
  64.85  171.78
  64.92   60.15
  65.15  186.18
  66.41  197.72
  67.63  207.44
  69.74   88.78
  70.07  190.27
  70.09  191.87
  70.55  194.42
  70.99   56.05
  71.49  166.81
  71.50   68.38
  72.24  182.18
  72.69  149.42
  72.83   71.82
  73.35  200.45
  74.32   63.98
  75.02  171.05
  75.45  131.51
  75.84   70.18
  76.33   96.21
  77.98  188.45
  78.88  184.97
  79.43  102.43
  79.86  106.32
  80.04  172.18
  80.55  154.83
  82.27  190.72
  82.45   73.71
  82.63  124.56
  83.44  131.92
  84.00  160.33
  84.01   68.20
  84.04   88.46
  84.54  148.22
  84.87  165.98
  86.21  112.75
  86.40  119.55
  86.93   60.47
  87.53  101.76
  87.64   69.81
  87.83  171.45
  88.44  152.66
  88.89  160.36
  89.02  182.87
  89.09  145.47
  89.16  115.75
  89.92  140.08
  90.49   98.99
  91.17  136.27
  91.30   54.60
  91.40   53.40
  91.61  104.23
  93.40  135.35
  93.59  152.78
  93.96  113.19
  94.05  185.22
  94.43   92.16
  94.77  176.20
  95.10   88.44
  95.82  114.04
  96.80   62.53
  97.35   90.96
  97.37  140.06
  98.23   96.08
  98.39   68.77
  99.82   89.26
  99.98   58.17
 100.79   82.45
 101.37   63.19
 102.40  140.35
 102.51  177.09
 102.60   99.12
 102.88  163.75
 103.58  136.33
 103.70   85.29
 104.77  179.59
 105.18   58.35
 105.32   90.39
 105.61   62.51
 106.04  130.01
 106.10  170.29
 106.55  154.22
 106.67   84.09
 106.87   95.54
 106.93   67.23
 107.45   62.43
 107.93  114.02
 108.09   89.47
 109.13  149.01
 109.91  133.51
 111.64   79.44
 111.72   43.47
 114.02   84.42
 115.59  100.97
 115.85  141.27
 116.78  153.60
 117.10  166.18
 117.22   79.91
 119.09  122.92
 121.44   78.94
 122.97   92.71
 123.78  154.42
 125.06  110.62
 126.43   90.86
 127.54  137.19
 128.06  162.81
 128.55   49.24
 129.98   74.47
 130.78  150.93
 131.43  108.22
 131.87   75.18
 132.11   88.25
 133.32   96.40
 133.37  153.06
 133.85  127.99
 134.04  114.60
 135.72  160.40
 137.13   88.56
 137.42   81.43
 137.43  158.85
 137.61   77.09
 137.99  107.22
 138.22  153.99
 139.97  136.10
 140.00  141.72
 140.13  117.25
 140.31  113.65
 140.82  146.07
 142.26   90.10
 142.53  152.79
 143.33  163.47
 146.05  143.26
 146.74   80.28
 147.44  112.14
 147.80  100.59
 148.10  112.01
 148.42  153.33
 148.50  131.67
 148.76  162.07
 150.06   96.08
 150.16   94.05
 151.26  103.53
 151.72  110.46
 152.13  162.26
 153.08  133.52
 154.71  196.80
 154.78   68.30
 155.14  201.44
 155.44  207.72
 155.78  219.67
 155.80   75.67
 156.25  102.68
 156.26  215.11
 156.37   63.40
 156.57  114.29
 156.77  120.72
 157.16  126.21
 157.55  230.81
 157.88  230.81
 159.28  243.86
 159.32   67.90
 159.85  147.38
 160.16   83.12
 161.00   59.97
 161.07  119.56
 161.64  109.33
 161.80   98.05
 163.26  105.84
 164.34  138.00
 165.33   86.24
 165.49   10.13
 165.93   67.84
 167.12  101.12
 168.99  144.11
 169.29   41.49
 169.44   36.06
 169.48   20.53
 169.57   25.57
 169.57  104.13
 169.73  127.44
 169.92   46.75
 170.45   72.21
 170.48   87.00
 170.65   82.21
 170.85  146.96
 172.85  130.82
 172.94   84.83
 173.78  147.96
 174.28  142.04
 174.55  103.59
 174.84   64.90
 175.31  149.77
 176.14    8.87
 176.50   35.07
 177.04   51.28
 177.65  152.85
 178.39   94.50
 179.62  161.46
 180.22   99.87
 181.05   88.24
 181.10  149.72
 181.20   82.10
 182.08   94.96
 183.31  155.94
 183.35  150.92
 184.78  138.65
 184.95  117.76
 185.20   89.05
 187.68   71.59
 188.17  103.24
 188.47  149.90
 189.33   90.14
 189.61   83.56
 189.62  120.65
 189.81  146.76
 190.54  163.10
 191.01  160.58
 193.00  150.53
 193.79   82.27
 193.85  150.49
 195.56  120.65
 196.59  117.41
 197.86   78.36
 198.75  162.76
 202.61  167.82
 203.88  122.06
 204.02  118.38
 205.17    8.34
 205.52   29.55
 207.56  156.88
 208.95  169.82
 209.03  108.84
 209.59   92.73
 210.28  121.97
 210.36  151.91
 210.99   30.10
 211.25   40.72
 211.42   75.32
 211.49   75.28
 212.26   60.87
 212.59   23.96
 212.88   35.54
 212.90   35.34
 212.99   46.06
 213.35   15.06
 213.78   29.89
 213.82   40.62
 213.99   80.24
 214.65  164.16
 214.88  175.45
 217.85  101.09
 218.13   54.90
 218.38   51.89
 220.22  125.51
 220.95   87.70
 221.12   59.41
 221.32   79.93
 221.95  209.62
 222.29   59.08
 222.72  158.63
 223.20   83.27
 223.70  168.21
 223.96  166.57
 224.58   86.42
 224.98  203.92
 225.08   57.10
 225.86  110.24
 227.33  188.65
 227.38  183.46
 228.24  170.57
 228.48  138.12
 229.11  165.76
 229.16  200.32
 229.22  175.31
 229.75  112.46
 229.92  161.23
 230.40   78.56
 231.80   84.93
 232.04  197.94
 232.58  190.85
 233.44   55.84
 233.84  113.25
 233.94   74.90
 233.99   77.01
 234.38  124.35
 234.86  200.90
 234.98  200.51
 236.71  162.23
 237.63   69.71
 238.07  166.57
 238.21  197.46
 238.30  131.03
 238.34   56.08
 239.20   84.63
 242.19   57.04
 243.93   92.67
 244.29   84.09
 244.56  133.06
 244.89  100.62
 246.22   77.10
 248.71  148.28
