   8.24  134.32
   9.87   51.73
  10.91  140.77
  11.33  216.45
  11.97   23.49
  12.15    9.80
  12.61   52.33
  12.67  136.51
  13.10   32.58
  14.76  190.13
  14.77   52.43
  14.84  150.51
  17.87  174.54
  17.94   29.70
  18.39  179.13
  18.47   92.30
  18.60   62.64
  19.98  155.03
  20.11  148.90
  20.29  215.97
  20.50  128.87
  21.06   66.70
  21.39   58.81
  21.64   48.06
  21.79  183.32
  21.82   29.58
  22.62   51.86
  22.84  154.73
  23.34  132.78
  23.36  145.27
  23.72  157.10
  23.75   58.49
  24.21  124.12
  24.74   38.52
  25.08   33.77
  26.12  146.71
  26.59  215.51
  27.25   41.66
  27.99   47.42
  28.16   81.19
  28.58   30.36
  28.76  243.32
  29.36  182.48
  29.59   33.73
  29.77   39.11
  30.23  245.69
  30.25   56.08
  30.46  136.35
  30.49  145.73
  30.64   70.04
  31.82   74.36
  32.08   78.78
  32.60  114.39
  32.67  119.73
  32.83   22.29
  33.03  158.92
  33.62  105.97
  33.79   97.24
  33.80   90.48
  34.39  150.20
  34.41   59.23
  34.44  241.56
  34.59   47.28
  34.71   50.18
  35.68  155.64
  35.84  215.53
  35.93   39.09
  36.40   40.82
  36.53   73.76
  36.75  102.03
  36.97  121.43
  37.39  142.56
  38.62   97.65
  39.16  161.17
  39.35   19.12
  39.53   53.31
  39.75   61.94
  39.88  104.41
  40.43  114.30
  41.14  107.77
  41.20  124.83
  41.48   62.17
  42.18   71.28
  43.50  241.06
  44.71  155.72
  45.26   58.76
  45.89  172.27
  45.92  181.54
  46.06  149.66
  46.08  239.35
  47.18   45.81
  47.31  140.66
  47.72  243.22
  48.06  146.00
  48.13   74.06
  48.16  159.41
  48.65  126.92
  48.67  129.04
  49.63  183.46
  49.87   52.16
  50.28  118.49
  50.35  138.03
  52.08  242.33
  52.09  143.96
  52.62  155.94
  52.75  160.58
  53.70  244.81
  53.80  139.86
  54.38  112.33
  54.58  177.47
  54.63   62.94
  54.65   27.30
  54.92  219.94
  55.01   98.78
  56.42  119.89
  56.58   59.12
  57.07   21.22
  57.37  168.96
  57.52   42.80
  57.65   49.52
  57.73   69.55
  57.87   41.37
  57.98   77.78
  58.08  109.02
  58.75  139.20
  59.58  225.71
  60.15    9.83
  60.48   19.74
  60.90   28.84
  61.16   68.47
  61.24  169.03
  61.39  129.98
  61.47  172.82
  61.51  177.88
  61.53  113.59
  61.54   98.67
  61.58  177.92
  62.34   46.16
  62.35  151.61
  62.52  108.57
  62.76   19.60
  63.11   13.52
  63.19  182.58
  63.20   85.01
  63.51    8.69
  63.59  212.11
  63.62  164.36
  64.13   25.04
  64.45  139.59
  64.95  103.42
  65.54  117.71
  66.52  147.86
  67.88  160.70
  67.94  173.78
  68.28   76.72
  68.32  170.57
  68.43  155.45
  69.34   75.00
  69.51  129.76
  69.82  144.61
  70.26  140.90
  70.35   30.88
  70.49   31.77
  70.70  106.56
  70.97   19.76
  71.03   81.35
  71.36  125.45
  74.00  133.07
  74.46  121.74
  74.53   37.56
  74.56  207.39
  74.67  129.74
  74.69  111.37
  74.72   98.08
  74.75  127.98
  75.45  144.81
  75.84  114.68
  75.92  142.21
  76.01  149.44
  76.53  158.36
  76.77  124.26
  77.72   97.56
  78.06  204.69
  78.35   88.46
  78.97  116.27
  79.66   86.57
  81.75  166.31
  81.92  145.74
  82.40  201.82
  82.56  201.76
  83.21  197.71
  84.44   92.44
  84.88  150.25
  84.90  144.66
  85.11  161.68
  85.24  157.24
  85.71  122.26
  87.16  114.42
  87.54  197.86
  87.89  111.37
  88.97  109.18
  89.88  104.16
  90.29   59.68
  92.15  130.90
  92.24  127.70
  93.14  180.65
  93.61   83.56
  93.84  114.30
  93.85   92.68
  93.85   92.74
  93.95  176.92
  94.44   86.03
  94.93  129.41
  94.93   97.64
  95.00   59.77
  95.37  117.19
  95.91  176.36
  95.96  107.68
  96.00  144.26
  96.87  108.80
  97.47   83.75
  97.59  114.97
  99.02  156.54
  99.51  105.43
 100.58  172.99
 100.83  100.98
 100.86  174.58
 101.00  143.44
 101.57   97.29
 101.75  177.59
 101.96  170.40
 102.75  127.40
 103.82  143.64
 106.42  129.85
 107.10  165.96
 107.96  151.38
 108.22  146.73
 108.27   36.63
 110.26   40.76
 110.29  177.26
 111.96  148.60
 112.53   46.30
 115.02  130.53
 115.26  150.85
 117.07  162.74
 119.05   54.77
 119.48  110.78
 119.59  150.64
 119.65   77.68
 123.63  147.60
 127.92  145.99
 128.48  159.64
 130.06  152.80
 132.79  155.55
 133.07  145.61
 134.61  130.86
 134.91   97.71
 135.45   91.95
 135.90  142.01
 136.12  137.84
 138.62  125.74
 138.76   97.90
 139.49  146.57
 139.96   90.88
 140.05  149.88
 140.15  132.19
 140.67   86.17
 140.76  155.41
 141.20  123.64
 142.68   98.52
 142.68   78.93
 143.19  106.24
 143.74   80.23
 143.98  158.94
 144.83  152.85
 145.47  135.34
 145.84  132.34
 146.15  104.55
 146.81  127.37
 146.94  101.40
 150.24  158.12
 150.30  158.53
 151.38  124.68
 151.51   80.45
 151.84   91.34
 155.60  163.31
 156.56  136.60
 156.57   82.78
 156.72  104.88
 157.99   84.09
 158.35  103.51
 158.75  122.63
 158.94   81.26
 160.15  129.31
 160.15  114.86
 160.54  133.79
 161.80   81.03
 165.84  101.24
 165.98  108.70
 167.43  160.94
 168.71   86.16
 171.41  101.31
 172.51  141.54
 172.53  129.88
 173.63   88.78
 174.20  126.21
 174.74  143.62
 175.60  137.56
 175.98  128.66
 176.25  122.04
 177.20  148.68
 177.23  148.86
 177.56  142.03
 181.04  118.83
 181.19  122.34
 181.76  144.95
 181.79   96.64
 181.80   84.33
 181.83   87.75
 183.09   80.26
 183.51   89.90
 184.38  124.54
 187.99  137.97
 188.13  143.98
 189.84   85.20
 190.47  100.29
 190.61   82.66
 191.19  130.41
 191.95  115.31
 193.04  135.41
 193.72  164.94
 193.81  119.23
 194.28  123.72
 195.40  112.91
 195.74  128.10
 197.70  134.25
 198.29  115.51
 200.97  171.86
 202.84   98.32
 202.87   88.28
 203.76  119.15
 204.43  129.02
 204.82  136.15
 205.96  166.62
 206.05  150.81
 207.01   63.89
 207.13  140.72
 208.75  135.54
 208.75   23.10
 208.86  118.76
 209.39  113.49
 210.39  132.83
 210.48   64.41
 211.81  173.38
 212.14  111.36
 212.49   98.69
 212.75  113.81
 212.82  107.33
 212.86   75.44
 213.03   54.73
 213.39   33.88
 213.79   12.48
 214.09   98.26
 214.43   70.08
 214.66  151.59
 214.93   45.45
 215.28  102.42
 215.47   21.37
 215.53  115.24
 216.21   50.03
 218.31  162.85
 218.39  152.50
 218.45  138.21
 218.46  156.03
 218.81   76.69
 219.09  158.90
 219.22  151.44
 219.86  130.10
 220.72   23.37
 222.16  107.33
 222.95  132.50
 222.97  139.01
 223.10  143.79
 223.63   67.57
 223.70  170.27
 223.78   83.99
 224.37   53.24
 224.61  117.69
 224.66  122.82
 225.00  110.10
 228.21   93.46
 228.26  155.90
 228.39  143.79
 229.11   75.61
 229.97  104.43
 230.02  136.42
 230.26  179.60
 230.60  121.77
 230.77  139.75
 231.03   83.41
 232.78  124.04
 233.28  132.99
 233.43  109.61
 233.58  109.52
 234.17  118.58
 234.40   76.14
 234.55  165.69
 234.87   79.02
 235.07   67.85
 236.79  166.51
 236.79  136.50
 237.23  132.70
 237.27   90.65
 237.33  129.59
 237.40  125.67
 238.22  118.72
 240.13  115.49
 240.37   75.14
 240.46   68.41
 241.07   51.59
 241.44   42.45
 242.30  161.17
 242.44  119.49
 243.27  108.39
 246.59  156.89
