   7.65   80.49
   8.30  103.90
   8.31   98.41
   8.83  122.53
  10.81  244.20
  10.95  160.06
  11.03  107.22
  11.14   52.94
  11.28  101.26
  11.30  184.50
  12.31   28.68
  12.73  124.43
  12.80  163.28
  13.12  120.27
  13.55   63.85
  14.01   36.00
  14.61  108.43
  14.84  244.04
  15.51  176.49
  15.93  159.30
  16.70  240.11
  16.95  142.29
  17.82   35.68
  17.93  150.06
  18.86   98.09
  20.06  139.67
  20.22   74.03
  20.25   67.88
  20.37  172.26
  20.45   40.93
  20.96   27.55
  21.31  158.79
  21.31   37.38
  21.41   59.15
  21.89  114.47
  22.00  176.66
  22.12  121.71
  22.49  137.06
  22.69   97.85
  22.69  234.19
  24.33  104.04
  25.08   21.76
  26.19   27.51
  26.61  206.80
  26.80  176.67
  27.03   50.20
  27.18   47.36
  27.19  136.45
  28.64   27.22
  29.06   57.61
  29.54   21.75
  30.19   83.45
  30.70  237.33
  30.86   52.14
  30.95  157.97
  31.72  246.45
  32.25  138.29
  32.49  166.58
  33.35  164.31
  33.54   43.97
  33.85  147.11
  34.14  178.16
  35.56   81.24
  36.32  162.57
  36.44  143.65
  36.74   91.56
  37.02   87.83
  37.71  129.57
  37.79  114.58
  38.29   57.78
  38.70  144.07
  38.83  109.52
  38.85  180.02
  39.21   96.47
  39.50   49.01
  39.66  176.62
  40.28  139.64
  40.43  124.49
  40.79  161.51
  40.90  131.75
  41.07  136.06
  41.56  156.89
  42.22  147.25
  42.30  181.62
  42.40   87.36
  43.10  202.70
  43.25  139.69
  43.37  234.56
  43.41  166.94
  43.63  122.50
  43.63  126.03
  43.78  117.09
  43.97   95.46
  44.38  172.57
  44.45  161.09
  44.67  130.99
  46.16  228.61
  46.73  137.54
  46.97  124.47
  47.33  216.77
  47.45  170.95
  48.52  230.48
  48.59   96.69
  49.01  205.75
  50.16  136.51
  51.52  214.43
  51.54  172.99
  51.65   97.33
  51.68   80.09
  51.82  129.98
  52.65  190.09
  53.46  157.40
  53.70   75.25
  54.26  104.64
  55.04  210.44
  55.20   69.31
  55.87  108.20
  56.71  171.80
  57.74   86.59
  58.66  143.76
  59.11  129.11
  59.17  124.55
  59.61  173.27
  59.65  176.46
  59.97  169.21
  60.01   77.36
  62.15  192.99
  62.30  110.13
  63.39  175.13
  64.20  118.42
  64.25  107.20
  64.49   82.60
  64.80  121.85
  64.81  158.52
  65.07  150.32
  66.99  166.90
  67.22  175.49
  67.32  192.31
  67.32   82.74
  69.11  111.89
  70.12  139.87
  70.73  241.56
  71.48   98.82
  71.52  178.91
  71.76  160.12
  72.31  194.87
  73.12  110.40
  73.62   39.85
  73.98  127.95
  74.15  118.61
  74.17  135.82
  74.29  203.65
  74.77  155.76
  74.89  197.45
  76.45  169.70
  76.51  102.79
  77.09  160.60
  77.33  187.04
  77.70  208.56
  78.11  114.97
  78.64  130.83
  78.65  140.17
  79.51  156.04
  79.72   98.27
  79.84  151.15
  79.94  145.87
  80.27  143.80
  80.55  123.59
  81.01  177.89
  81.05  241.77
  81.29  195.57
  81.91  173.68
  82.02  108.58
  82.47  207.32
  82.89  166.71
  82.93  116.13
  83.49  219.56
  83.56  248.40
  84.64  134.66
  85.29   95.06
  85.99  131.88
  87.16  138.41
  87.51  174.64
  88.21  205.45
  88.81  119.61
  88.87  104.09
  89.13  144.00
  89.18   90.66
  89.69   85.97
  90.14  167.86
  90.56  221.24
  90.72  220.93
  90.73  141.54
  90.74  152.14
  91.27  127.22
  91.28  141.67
  91.83  133.45
  92.81  177.56
  93.53   86.53
  93.76  181.07
  94.18  152.25
  94.33   86.02
  94.73  137.31
  95.25  212.40
  95.73  141.32
  95.94  172.36
  97.31  221.19
  97.77  176.52
  98.25  110.17
  98.49  164.99
  98.69  156.43
  99.38  147.20
 100.60   88.67
 101.80  182.50
 102.11   96.26
 102.15  187.66
 102.62  190.45
 103.50  105.98
 104.90  181.05
 104.92  211.07
 105.54  139.25
 105.94  176.34
 107.77  147.49
 108.88  104.92
 108.91  138.97
 109.39  127.25
 110.50  140.50
 111.09   86.89
 112.13  134.83
 112.93  130.52
 114.43  142.59
 116.40   87.11
 117.76  141.47
 117.77  105.11
 118.08  130.52
 119.33   89.64
 119.59  160.58
 120.17  134.23
 121.29  134.47
 122.85   88.79
 123.55  126.71
 125.09  104.92
 125.24  123.04
 126.14   92.49
 126.63   98.30
 128.89  141.88
 129.58   95.77
 130.03  103.93
 130.05   90.22
 131.82  130.80
 132.68  121.95
 132.91   92.49
 135.57  150.39
 136.39  113.49
 137.22  134.13
 137.28  222.85
 137.53  140.41
 137.66  147.53
 139.25  105.38
 139.78  122.62
 140.40  141.81
 141.08  153.15
 142.07  155.40
 142.10   86.84
 142.49  116.06
 142.60   90.17
 143.21  237.35
 145.28  132.38
 146.09  141.72
 146.49  153.53
 146.92   83.29
 147.92  114.99
 148.04  133.70
 148.16  139.92
 148.68  108.88
 148.88  240.61
 148.94  146.97
 149.93  102.95
 151.21   94.93
 151.40  136.57
 153.25  131.56
 153.33   88.59
 153.61   92.73
 153.80  109.10
 154.35  123.24
 155.18   94.78
 156.18  141.19
 158.65  135.20
 159.49   82.75
 160.32  155.81
 162.08  154.48
 163.86  146.78
 166.01  156.33
 166.43   79.17
 166.49  111.61
 167.01   86.83
 167.24  138.38
 168.37  145.07
 171.22  123.08
 171.45  149.34
 171.55  159.23
 172.17   97.35
 173.95  140.52
 174.39  139.47
 174.56   79.83
 174.86  130.87
 175.67  116.45
 176.31  143.13
 177.62  130.41
 177.96   53.93
 178.24   57.24
 178.24  165.38
 178.47   60.39
 178.90  127.96
 178.97   69.02
 180.46   87.53
 180.91  140.52
 181.48  120.09
 181.61  125.39
 181.76  154.09
 181.95  144.07
 182.31  136.30
 183.86  118.04
 184.68   92.79
 185.11  102.15
 186.53  166.97
 187.00   80.43
 187.81  118.88
 188.20  139.39
 188.62  141.32
 188.78  170.53
 190.70   95.02
 191.23   76.20
 191.55  105.51
 192.12  100.85
 192.26  116.16
 192.44   84.09
 193.46  140.07
 193.55  110.46
 194.08  110.15
 194.55  128.46
 194.75  145.71
 195.11  169.87
 197.10   66.18
 197.33  146.25
 197.37   93.94
 197.49   73.68
 199.02   69.98
 199.86  147.09
 200.16   91.38
 202.18  139.97
 202.31   52.13
 202.97  122.21
 203.09  128.51
 203.38  178.75
 204.72  142.40
 205.72  115.76
 205.96  131.66
 206.17   63.41
 206.23  125.94
 206.53  146.49
 206.58  135.91
 206.65   51.85
 208.17   75.83
 208.40   98.42
 208.43   90.14
 208.43  173.01
 208.57   99.07
 208.93   37.99
 209.25  141.48
 209.35   32.05
 210.08  111.48
 211.36   45.67
 212.23   33.21
 212.60   10.60
 212.80  171.60
 213.28  143.53
 213.89  146.88
 214.14   13.40
 217.07   46.52
 218.44   50.38
 218.51  117.82
 218.71  134.99
 218.86   19.28
 218.89   69.30
 219.46  151.76
 219.70   97.20
 220.08   39.29
 221.05  109.72
 221.34  108.51
 221.71   90.37
 221.81  148.59
 222.15  155.01
 224.29   92.99
 224.39   92.86
 224.44  115.90
 225.13  131.61
 225.37   41.65
 226.16   13.52
 226.52  101.00
 226.75   87.89
 226.95  139.30
 227.92   67.72
 228.31   65.46
 230.00   60.39
 230.61  149.15
 231.05  141.45
 231.75  143.04
 232.84  104.99
 232.93   63.14
 233.14   46.66
 235.10   78.75
 235.21   97.64
 235.37   72.66
 235.48  104.30
 235.52  139.07
 237.98  103.77
 238.60  109.86
 238.98   28.96
 239.20   96.93
 239.30  102.26
 240.72  112.52
 242.49   56.86
 242.63   54.15
 243.95   88.17
 244.39  132.98
 245.39   45.34
 245.96   50.61
 246.91   99.28
 247.99   39.85
