   7.92  150.21
   9.16   71.99
  10.46   77.15
  11.28  186.27
  11.51   92.81
  13.60   10.64
  13.64  179.99
  14.43   97.04
  14.54   75.20
  14.58  140.05
  14.73   79.87
  16.66  177.15
  16.72  181.59
  17.49  197.49
  17.56   95.02
  17.81   21.97
  18.33   63.25
  18.43  179.67
  20.20   82.90
  20.31   74.41
  21.62  186.90
  22.78   35.85
  23.16   80.19
  23.33  198.54
  23.75   48.82
  24.04    8.78
  24.25   20.98
  24.50   13.76
  25.01   39.89
  25.10  184.62
  25.17  197.53
  25.20  191.50
  25.54   29.91
  25.78   53.36
  25.87  126.46
  25.94   58.68
  27.85   87.65
  29.27  189.64
  29.29   91.34
  29.44   77.71
  29.65   19.82
  29.72  117.10
  29.75   13.81
  30.26  124.59
  30.29   84.17
  30.32  155.43
  31.48  172.57
  34.06   30.58
  34.06  176.14
  34.20   51.55
  34.28   90.53
  34.59   37.55
  34.78  143.65
  35.05   63.53
  35.19   73.61
  35.30   81.35
  35.65   21.57
  35.92   48.89
  36.45  192.06
  36.74  154.98
  37.44   52.97
  37.53   57.26
  38.61  197.93
  38.66  149.08
  39.12  173.59
  39.39   49.64
  39.44   89.30
  39.61   35.67
  39.71   13.94
  39.87   72.02
  40.37  158.34
  40.55  148.65
  40.66  144.42
  40.81  133.65
  41.37  130.39
  41.54  200.28
  41.70  125.72
  42.28   44.72
  42.48  189.50
  42.51  195.88
  42.59   46.77
  42.75  185.79
  43.26  136.51
  43.70  101.10
  43.99  159.00
  44.28   95.72
  44.64   35.01
  44.79   40.71
  44.92  185.79
  45.48  116.19
  45.56  111.06
  45.68  122.37
  45.70  104.25
  45.90   75.32
  45.94  165.57
  46.76  190.92
  47.19   81.24
  47.34  170.75
  47.65   50.95
  47.87  108.24
  48.11   47.80
  48.14  149.64
  48.94   73.42
  49.64   45.07
  49.80  140.06
  50.84   46.27
  51.08  161.56
  51.17  169.70
  51.24  166.09
  51.52  138.20
  52.83   42.37
  52.95  131.27
  53.12   16.22
  53.48  172.69
  53.62   81.20
  53.65  155.27
  54.27   13.86
  54.46  146.48
  54.54  178.36
  54.87   81.40
  55.51  112.93
  55.57   20.00
  55.70  150.28
  55.74  119.57
  55.79  161.36
  55.94  101.91
  56.25  166.17
  57.48   94.83
  57.60   99.05
  58.02   47.98
  58.31   80.69
  58.87   31.80
  58.92   96.70
  59.29   23.92
  59.58  165.89
  60.38  101.05
  60.46   58.91
  60.52  119.39
  60.99   55.91
  61.45  140.56
  61.75   98.45
  62.34  105.77
  62.51  170.15
  62.90   69.25
  64.00   64.55
  64.11  165.81
  65.03  151.57
  65.14  169.32
  65.26  141.04
  65.37   59.79
  66.04  148.51
  66.10  173.15
  67.75   85.46
  68.52   73.90
  69.34  110.40
  69.48   75.57
  70.31  100.78
  70.49   70.75
  70.83  150.40
  71.33  134.19
  71.43  155.86
  73.42  125.73
  73.75  108.98
  74.44  184.28
  75.79  138.39
  76.06  189.16
  76.22   91.49
  76.49  181.93
  78.52  175.35
  78.87   94.66
  78.88  192.21
  80.29   82.92
  80.42   82.82
  80.42   74.63
  82.23  137.69
  82.36  113.86
  84.18  205.37
  84.55  204.94
  84.89   81.66
  85.80  100.85
  86.20  140.15
  87.67  178.69
  89.31   98.54
  89.40   81.89
  89.58  170.85
  89.58  165.31
  90.77   88.04
  92.05  176.65
  92.06  115.90
  93.16  137.60
  93.83  164.32
  94.45  169.62
  94.50  159.86
  94.98   89.47
  95.68  106.26
  96.01  130.70
  96.45  140.54
  96.72  109.16
  96.97  125.83
  96.99  125.52
  97.24  134.76
  97.37  185.35
  98.53  152.65
  99.61  183.43
 100.01  176.57
 100.09  171.30
 101.82  160.43
 102.15  165.95
 102.58  172.08
 102.75  170.76
 103.65  190.70
 103.82  125.88
 103.88  161.55
 104.69  186.44
 106.12  135.63
 106.13  127.97
 106.95  182.17
 107.61  190.18
 107.89  179.54
 108.05  154.01
 109.23  186.91
 109.41  161.05
 110.47   87.47
 110.50  101.56
 110.93  117.14
 110.96  179.15
 111.02  158.09
 111.10  150.89
 111.14  143.98
 113.59   88.54
 114.72   78.81
 115.29  183.45
 115.75  115.83
 118.37  191.09
 119.96  164.04
 121.40  184.72
 122.60   87.97
 122.92  101.95
 123.17  118.20
 123.25  173.19
 123.61  116.15
 124.17  130.41
 124.20  134.82
 124.69  144.83
 125.44  158.93
 128.49  160.93
 128.74  201.97
 128.80  142.14
 129.16  181.32
 129.48  154.97
 130.16  134.54
 130.31  111.80
 131.02  205.18
 133.22  141.49
 133.39  175.32
 134.68  162.35
 134.69  192.82
 135.14  162.98
 135.20  139.08
 137.49  205.25
 138.04  146.16
 138.18  172.90
 139.00  173.15
 139.01  199.20
 140.77  171.56
 142.42  136.98
 142.57  167.62
 142.88  188.42
 143.54  141.30
 143.84  203.12
 144.87  194.23
 145.78  161.73
 145.99  138.18
 146.10  186.30
 146.28  199.23
 146.40  155.33
 146.59  199.16
 148.37  183.01
 149.00  158.82
 149.09  146.38
 149.10  175.53
 149.10  163.25
 149.33  156.03
 149.72  191.32
 151.26  165.43
 151.77  169.92
 152.68  204.05
 153.16  148.03
 153.38  174.91
 153.68  154.69
 154.03  182.75
 154.20  159.55
 154.25  237.56
 154.32  195.01
 155.10  160.58
 155.55  204.32
 156.32  177.28
 156.35  162.10
 156.49  151.45
 156.92  175.18
 156.94  156.37
 157.75  191.01
 158.85  154.48
 159.31  159.66
 159.42  223.39
 159.81  237.72
 160.25  201.13
 160.30  184.75
 160.35  229.96
 162.14  152.57
 162.46  195.50
 162.48  161.51
 162.99  142.83
 164.18  174.46
 165.11  161.65
 165.59  188.99
 169.58  200.57
 171.65  178.46
 172.72  169.23
 172.94  201.77
 175.67  127.29
 175.82  220.64
 176.37  144.38
 178.58  163.52
 179.49  138.10
 179.87  143.60
 181.21  170.26
 181.68  208.39
 181.99  179.81
 182.80  135.75
 183.22  237.67
 183.34  193.87
 183.46  111.82
 183.49  172.51
 183.79  123.07
 184.06  164.86
 184.22  200.93
 184.69  149.99
 186.01  205.53
 186.45  132.78
 186.66  105.24
 187.32  124.03
 188.03  156.04
 188.29  238.27
 188.52  171.15
 188.68  167.34
 188.86  159.19
 188.93  113.45
 189.70  201.98
 189.77  128.61
 190.06  183.33
 190.21  193.90
 190.37  176.83
 190.74  119.68
 191.53  206.28
 193.86  164.40
 193.89  123.87
 193.93  135.51
 194.19  185.06
 194.28  238.72
 194.79  119.88
 195.42  235.39
 195.94  105.59
 195.97  147.56
 196.31  156.15
 196.38  130.18
 196.56  134.84
 196.88  185.04
 197.06  142.46
 197.99  122.55
 198.14  116.28
 199.17  127.30
 199.60  150.57
 200.20  172.59
 200.21  165.00
 200.70  192.16
 201.88  107.61
 202.09  179.38
 202.96  142.21
 203.59   98.27
 203.76  201.79
 204.19   98.82
 206.67  192.88
 206.68  141.87
 206.86  199.97
 207.17  206.04
 208.61  102.62
 208.79  186.12
 209.38  120.12
 210.19  165.76
 210.28  204.58
 210.96  128.99
 211.42  159.09
 211.84  225.05
 214.05  123.63
 214.09  163.68
 214.12  182.51
 214.13   98.65
 215.60  146.43
 216.04  246.02
 216.29  207.97
 216.35  166.88
 217.23  159.04
 217.61  161.42
 219.47  127.92
 219.86  113.95
 219.93  203.99
 219.97  186.51
 220.23  198.84
 220.78  223.20
 221.88  212.92
 222.59  156.05
 224.05  227.06
 224.11  188.05
 224.22   44.67
 224.81  127.78
 225.22  131.72
 225.25  131.83
 225.66   79.48
 225.74  233.79
 225.95   88.64
 226.59  224.20
 227.45  168.91
 227.76  195.71
 227.92  180.89
 228.57  155.74
 228.69  187.09
 228.90  145.09
 229.40  160.52
 229.49  134.54
 229.64  217.98
 229.81   47.81
 229.87  230.02
 230.91   43.88
 231.03  184.02
 232.72  115.28
 233.37  120.09
 233.84   72.74
 234.08  202.94
 234.56  134.24
 235.50  113.69
 236.11  144.61
 236.20  184.60
 236.38  110.21
 236.77  158.47
 237.63  154.10
 237.63  116.37
 237.90  107.07
 238.69   63.62
 240.33  183.33
 240.91  132.93
 241.27  147.77
 241.49   66.42
 243.22  110.13
 243.47  111.12
 243.95  188.69
 244.17   61.71
 244.43   74.08
 245.14  202.73
 245.58  184.12
 245.83  190.85
 246.46  137.55
 247.47  152.03
 249.10   56.65
