  11.93  155.77
  12.87  128.34
  13.77  158.83
  14.14  167.97
  14.37  117.79
  14.70  133.09
  15.48  131.94
  15.86  164.97
  16.52  179.60
  19.11  117.72
  19.22  155.16
  20.06  184.08
  21.45  150.49
  21.59  171.90
  21.83  159.55
  22.89  138.27
  24.66  156.09
  26.11  150.33
  27.00  164.02
  27.10  171.81
  29.23  170.95
  29.46  179.78
  29.85  102.24
  30.60  110.55
  31.00  126.59
  31.06  167.46
  31.17  122.28
  32.78  155.06
  33.51  150.35
  34.29  102.27
  34.56  121.00
  35.63  148.32
  35.74  103.80
  35.85  159.42
  35.95  168.07
  36.37  174.42
  36.97  156.96
  37.05   90.13
  37.37  100.16
  37.84  162.41
  38.62  165.32
  39.31   96.05
  40.01  174.03
  40.23   91.56
  40.30  170.83
  41.14  149.53
  41.27  124.74
  41.61  140.78
  41.95  158.95
  42.06   98.62
  42.65  113.12
  42.90  130.20
  44.37  181.93
  44.56  156.68
  45.43  175.71
  47.15   83.77
  47.16  141.45
  47.22  135.31
  47.31  115.39
  47.39  110.32
  47.45  105.27
  48.51  172.26
  48.82  156.87
  49.06  190.01
  49.08  160.65
  49.68   97.65
  49.88  131.93
  49.90  148.22
  50.29  127.37
  50.51  145.09
  51.87  162.14
  52.33  124.34
  52.43   68.72
  52.56  136.20
  53.47  124.36
  53.75  100.76
  53.80   62.37
  54.10  184.99
  55.09   63.49
  55.47   67.83
  55.94  177.94
  58.06   99.43
  58.18  169.81
  58.52  153.08
  58.80   67.94
  59.04   47.83
  59.85  178.04
  60.06  146.25
  60.89  173.74
  61.02  139.02
  63.00  187.66
  63.47   32.21
  63.71  110.44
  64.09   75.95
  64.24   51.28
  64.30  136.10
  64.34   84.14
  67.17  161.43
  67.49  131.51
  68.14   85.54
  69.81   90.25
  69.90   45.92
  70.20  188.26
  70.85   96.94
  71.59  155.75
  71.80  112.64
  72.28  121.06
  72.49   77.22
  72.53  103.43
  72.56   40.77
  72.58   18.71
  73.15   52.26
  73.20  190.33
  73.33  173.24
  73.84  160.77
  73.91  161.40
  73.94  158.37
  74.16  166.67
  75.16   43.61
  75.82  132.25
  76.27   46.38
  76.54  121.74
  76.94   77.68
  77.32   91.44
  77.80   40.60
  78.70   86.95
  79.63    7.54
  81.26   88.09
  81.32  164.89
  82.78  179.18
  85.11  122.20
  85.62   81.04
  85.67   30.85
  86.12  156.71
  86.43   77.07
  86.59  138.58
  86.90  198.19
  87.43  179.58
  88.11  174.89
  88.12  152.17
  88.48   22.05
  89.32  101.20
  89.43   61.64
  89.72   25.59
  90.54  137.00
  90.61  157.51
  90.71   66.33
  90.86   42.02
  91.00  173.99
  91.68  125.41
  92.21   22.75
  92.65  176.73
  92.74   70.91
  92.94   28.69
  92.95  194.71
  93.07  109.72
  93.26  120.92
  93.35   78.88
  94.06   88.79
  94.09   47.55
  94.12  141.94
  94.30  123.67
  94.30   37.42
  94.88  165.34
  95.28   90.63
  95.51  178.89
  96.09   32.30
  96.31   55.67
  96.35   59.52
  96.36  168.80
  97.71   25.87
  98.26  130.80
  98.78  197.53
  98.99  197.65
  99.11   33.52
 100.49   23.04
 100.78  176.37
 101.06  187.05
 101.37  193.14
 101.64   62.92
 101.98  121.07
 102.17  119.95
 102.86   84.95
 103.16   81.84
 103.51  101.29
 104.25  169.01
 104.33  112.88
 104.41   28.24
 105.36  123.14
 105.75  190.25
 105.75  128.18
 106.26  177.45
 106.89  183.92
 107.08  186.83
 107.23  196.90
 107.43  151.95
 108.35  124.67
 108.42   16.59
 109.06  102.90
 109.38  121.26
 110.05  153.75
 110.63  183.64
 111.49  131.59
 111.76  160.00
 112.86   40.77
 112.93   27.57
 113.01  171.26
 113.30  184.12
 113.56    7.68
 114.36  187.55
 114.98   83.69
 115.31   80.38
 115.38  196.06
 117.32  178.02
 117.77  118.61
 117.90   65.76
 118.01   62.55
 118.13  155.23
 118.15  126.04
 118.26  163.70
 119.41   22.83
 119.48  173.48
 119.49   22.68
 120.11   77.05
 121.17  119.67
 122.65  128.24
 123.40  195.06
 123.95  115.95
 124.20   77.75
 125.44  152.99
 126.48  188.87
 127.00   22.03
 127.00   75.64
 127.19  159.42
 127.72  136.89
 128.65  179.76
 129.14  197.80
 129.27   57.11
 129.32  192.20
 129.83   40.33
 130.66  153.52
 131.75  121.78
 131.97  188.60
 131.98   59.69
 134.78  115.59
 135.55  111.86
 135.60  151.56
 139.53  138.95
 139.90   50.47
 140.06  113.71
 140.11   49.71
 140.28   55.48
 140.51  150.71
 140.90  110.49
 140.99  116.22
 141.39  195.78
 143.39  150.98
 144.34  114.73
 144.44  118.00
 144.88  111.23
 147.31   44.46
 147.45  158.32
 148.30  106.48
 148.38  106.68
 148.40  119.64
 148.95   43.88
 150.10  117.28
 150.19  203.57
 150.97  113.79
 151.03   46.62
 151.57   44.04
 151.62   97.37
 153.74  147.83
 153.98  128.38
 154.27  107.05
 154.55  156.44
 154.64  210.24
 154.69   49.97
 154.93  210.52
 155.22   38.60
 158.12   17.51
 158.14  189.00
 159.52  197.22
 159.59   44.61
 159.62  181.28
 159.67   40.77
 159.95  105.25
 163.11  114.56
 163.16  169.16
 163.86  107.99
 165.59  136.60
 165.67  213.47
 165.85  131.95
 165.93  172.69
 166.19  159.25
 168.00  202.08
 168.71  155.80
 168.88  178.11
 169.22  114.37
 169.48   99.99
 170.23   26.77
 170.37  137.84
 171.98  147.06
 172.23   33.22
 174.54   30.73
 174.78  101.16
 174.99   27.52
 175.37  111.86
 175.40  111.89
 176.57  149.71
 176.77  144.70
 176.86  106.42
 177.02   31.21
 177.41  135.92
 177.53  100.76
 177.84  100.68
 178.26  155.04
 178.65  189.13
 178.93  164.88
 179.02  118.34
 179.12  185.20
 180.03   19.76
 180.16  112.63
 180.40  224.54
 180.88  179.72
 181.82  142.05
 182.85  149.66
 183.21  207.11
 183.82  119.12
 185.16  169.31
 185.24  168.98
 185.52  134.56
 185.53   87.35
 185.63  184.88
 186.44  203.08
 186.59  162.10
 186.79  190.21
 186.85  119.21
 187.50  209.70
 187.71  175.36
 188.86   22.59
 189.44  125.50
 189.73  148.57
 189.96  122.21
 189.98  135.77
 191.35  105.57
 191.47  204.97
 191.69  168.78
 191.80   26.03
 191.99  183.82
 192.10  158.00
 192.44  216.36
 193.40  200.11
 193.60  156.13
 193.62   20.45
 193.72  178.67
 194.62  182.28
 195.13   23.76
 195.18  171.89
 196.48  153.69
 197.20  142.75
 198.52   76.45
 198.68  205.58
 198.72   63.16
 198.76   82.76
 199.16  162.00
 199.73  128.05
 200.47   26.92
 201.16  146.74
 201.31  168.76
 201.44  141.52
 201.98  115.59
 202.77   11.81
 203.20  130.17
 203.34   99.62
 203.58  104.25
 203.73   25.49
 203.88   54.80
 204.40  210.14
 204.97  123.75
 205.35   95.54
 205.45   35.96
 206.10   30.68
 207.60  131.82
 208.27  180.18
 208.52  183.76
 208.83   27.71
 209.00  104.08
 209.37  202.76
 210.48  124.27
 211.08  185.72
 212.99  183.66
 213.17  208.14
 214.30  145.03
 215.28  214.24
 215.36  201.84
 215.45  180.00
 217.05   81.20
 217.85  208.95
 218.55  126.61
 218.60   54.59
 218.86  164.22
 219.13   59.89
 219.35   63.77
 219.50   68.50
 220.03   74.34
 221.10   91.77
 222.03  213.58
 222.39   64.85
 222.50   59.86
 222.97   82.33
 223.10   61.63
 223.56   72.05
 224.07   55.55
 224.59   46.33
 225.48   90.88
 225.68  175.35
 225.77   51.08
 225.82  142.50
 225.89   80.60
 226.79   94.14
 227.61   44.24
 227.87   47.16
 228.52   17.64
 229.26  115.61
 230.58  192.57
 231.38  125.90
 231.54  116.53
 231.68  205.92
 231.83   98.88
 232.79   44.06
 233.37   54.52
 233.42  181.82
 236.04  206.10
 236.07  188.91
 237.60   11.32
 237.99   14.07
 238.11  197.45
 238.87   42.38
 240.40   44.34
 242.38  204.18
 242.74  204.23
 246.02   87.96
 246.45   72.33
 246.72    8.80
 248.24   90.28
