   7.14   55.81
  10.32   68.73
  10.59   60.89
  11.18   24.77
  13.17  116.42
  13.35  107.76
  13.75  162.58
  13.92   62.06
  13.94   57.09
  14.93  175.62
  15.30   48.63
  16.85  118.29
  17.06  110.65
  17.07   40.24
  17.54   69.00
  17.72   30.43
  18.24   57.94
  19.63   21.54
  21.66  102.55
  21.71    9.16
  21.89   75.72
  21.93   41.71
  21.93  153.00
  22.12   25.48
  22.35   34.36
  22.56   60.92
  23.24   68.35
  24.48  149.17
  24.63   10.43
  24.69  139.03
  25.16  185.06
  25.69  118.03
  26.94  125.84
  27.02   58.59
  27.16   99.65
  27.33   75.80
  28.16   35.17
  28.63  135.22
  29.60  144.86
  30.12   66.78
  30.28  123.95
  30.84  102.80
  31.70   63.18
  31.91  128.21
  32.21   13.09
  32.76   43.02
  32.81   38.04
  33.25   79.11
  33.54  145.74
  34.30  114.09
  34.40  132.51
  34.73   11.61
  34.89  127.34
  35.04   69.27
  35.11   25.63
  35.20   30.02
  35.57  129.95
  35.58   48.75
  35.80   17.52
  36.61   13.88
  36.83   91.23
  37.60   24.60
  37.62  108.23
  38.51  102.71
  38.56  127.16
  39.21  149.14
  39.65  144.25
  39.89   74.16
  40.05   19.11
  40.43   70.78
  40.65   29.06
  41.04   93.01
  41.41   99.98
  41.59   66.85
  41.60   57.51
  41.86   97.15
  42.95  135.64
  43.00  115.59
  43.06  119.73
  43.43   49.15
  43.53  134.14
  43.79  142.13
  44.34  142.14
  45.45  123.20
  46.06  170.87
  46.34   51.76
  46.54   38.58
  46.89  116.82
  47.05  136.91
  47.56  171.35
  51.27   44.21
  53.05   59.98
  57.11   61.41
  58.30  117.25
  59.07  122.24
  62.05   56.41
  62.14   52.59
  64.42   46.18
  64.71  128.19
  65.67  105.67
  65.81  113.06
  66.86   62.51
  67.66   91.08
  68.06  164.67
  68.64   73.99
  68.95  109.26
  69.08  119.37
  69.88   46.32
  70.17  133.06
  70.64  149.07
  71.16   85.65
  72.04  110.75
  72.30  122.63
  74.51   80.56
  75.47   61.77
  75.48   60.06
  75.50  145.50
  75.94  134.37
  76.70   99.04
  76.84  149.69
  76.89  131.92
  77.11   74.74
  80.02  230.68
  80.04  130.02
  80.16  126.52
  80.29  139.70
  81.64  147.27
  82.39  154.38
  83.24  129.59
  84.59  143.10
  84.63   80.24
  84.92  103.64
  85.01  111.42
  85.01  106.10
  85.24   87.06
  85.27  146.37
  85.37  119.53
  85.49   99.68
  85.57   91.22
  85.57  219.25
  86.08  126.78
  87.88   83.36
  87.95  108.96
  88.03  148.80
  88.05   76.60
  88.14   80.21
  88.17   96.26
  88.23  123.76
  88.24   92.83
  88.25  142.21
  88.71  116.03
  90.99  148.46
  91.50  166.47
  92.44  211.09
  92.58  203.73
  93.11   86.23
  93.14  122.28
  93.22  122.03
  93.28  151.76
  93.73  101.57
  93.80  207.72
  93.85  114.98
  94.03  129.01
  94.20  110.22
  94.62  144.44
  95.85  152.09
  98.63  164.07
 100.23  149.81
 100.55  153.62
 101.20  164.27
 101.42  166.71
 102.22  145.38
 102.35  149.76
 104.67  168.43
 104.77  149.52
 107.77  151.42
 110.72  152.43
 111.02  156.69
 112.07  150.48
 112.21  164.55
 116.45  154.96
 120.91  153.88
 121.26  164.44
 124.12  167.94
 124.47  161.36
 126.13  146.91
 126.21  150.68
 127.20  164.37
 130.06  167.51
 130.14  150.96
 131.46  162.13
 132.05  127.53
 133.96  164.79
 135.29  128.34
 136.09  121.12
 136.38  108.35
 138.82  120.22
 139.78  110.36
 140.32  121.71
 143.57  114.94
 143.84  107.67
 143.85  119.15
 143.97  123.89
 144.27   98.64
 144.51  137.03
 146.63  100.78
 146.97  109.89
 147.26   98.10
 149.99  134.26
 150.17  137.26
 150.20  111.37
 151.02  108.34
 151.04  164.65
 153.28  119.86
 154.89  132.80
 159.32   94.90
 159.82  121.98
 160.75  108.83
 162.18  170.51
 162.29   66.21
 162.46  123.40
 162.69  144.73
 162.94  140.53
 163.44   65.44
 163.89  168.41
 164.21  104.73
 164.24  111.61
 164.48   61.48
 164.58   87.25
 164.63  100.75
 165.16  170.35
 165.23  109.21
 165.24  114.10
 165.33  120.80
 165.64   66.82
 166.18  130.49
 166.50   79.35
 166.88  101.77
 167.90   47.84
 168.69  150.04
 170.02   98.50
 170.71   71.89
 170.99  123.69
 171.03  115.58
 171.04   29.51
 171.84   63.61
 173.10   12.08
 173.50   43.60
 173.51   87.86
 173.64  104.69
 174.83  120.41
 175.29   52.23
 176.16  123.24
 176.58   99.43
 177.63  149.45
 178.46   67.12
 179.67   81.71
 180.04   32.36
 180.24   33.48
 180.40   48.16
 180.45   17.65
 180.78   62.76
 181.06   10.69
 181.33   78.02
 181.45   94.47
 181.95   59.46
 182.56   75.00
 183.20  124.91
 184.67   30.22
 186.67   69.83
 187.05   72.62
 187.29   54.77
 187.40   54.91
 187.48  106.15
 187.77   38.27
 189.16   85.18
 189.45   85.13
 191.11   64.51
 191.88  103.25
 193.24   17.10
 193.69   24.24
 195.52   46.05
 196.15   60.44
 197.19   84.87
 198.89   62.97
 199.49   61.12
 200.07  103.10
 202.31   63.82
 202.57   97.01
 203.15   50.45
 203.36  108.45
 204.24  124.79
 204.63  132.58
 206.19   87.90
 206.75  100.01
 206.75   96.77
 206.92  104.29
 207.78  123.72
 207.79  119.88
 209.12  214.67
 209.51   79.47
 209.82  148.54
 212.51   77.81
 214.15   51.87
 214.22   80.99
 215.29   39.61
 215.80  102.09
 216.42  109.58
 216.88   86.13
 217.35   41.36
 219.36   70.07
 219.90  108.17
 223.23   36.60
 223.85  127.82
 223.86   72.95
 224.18   73.21
 224.52   18.11
 225.35   68.61
 225.85   98.20
 226.00   33.55
 226.34   37.04
 227.20   84.03
 228.75   36.61
 230.92  125.61
 236.13   73.50
 241.95  232.00
 245.78  172.77
