   7.79   69.51
   8.29  230.06
   8.58   74.06
   9.40  147.55
  10.49   47.19
  10.63   78.95
  10.77  120.45
  10.80  105.01
  10.89  110.46
  13.63   46.22
  13.82   83.04
  13.87   50.24
  14.16   74.44
  15.33  185.76
  18.03  117.44
  18.11  164.72
  18.44  152.90
  18.71   63.70
  18.83  158.85
  19.59  192.52
  19.73   72.87
  19.74   96.46
  20.09    7.64
  20.09  149.65
  20.33   92.89
  20.59  211.57
  21.01  115.37
  21.21   31.85
  21.30   86.13
  21.51  125.98
  21.52  176.14
  22.40  112.36
  22.52  105.23
  23.34  158.76
  23.94  191.41
  24.56   22.54
  26.13  195.07
  26.40   99.84
  26.42  230.79
  27.46   26.42
  27.48  112.64
  27.60  106.02
  29.49  210.70
  29.60  102.47
  29.62   13.46
  29.71  121.08
  29.78  128.20
  29.86   91.74
  30.02   23.59
  30.24  178.51
  31.08   31.91
  31.10  199.69
  32.00  220.31
  32.48  210.65
  32.61  198.46
  33.05  206.24
  33.19   92.52
  33.53   80.35
  33.63  100.04
  33.80  133.47
  34.37  188.67
  34.95   11.18
  35.87  194.05
  36.05   54.67
  36.23  202.74
  36.32  188.12
  36.89  177.16
  37.09   96.60
  37.20  131.89
  37.21  177.29
  37.24  124.70
  37.29  128.44
  37.43  111.31
  37.50   16.24
  37.89  161.63
  37.94   32.83
  38.60   18.01
  39.12  205.24
  39.15  200.14
  39.77  143.23
  39.78   99.10
  39.81  136.98
  39.88  103.76
  39.92  128.95
  39.92  134.62
  40.66  168.99
  40.82  202.44
  41.86  233.80
  42.34  133.04
  42.47  159.08
  42.54  127.67
  42.59  152.45
  42.86  111.48
  42.90  193.22
  43.06  149.17
  43.49   81.21
  43.94   77.86
  43.98  231.91
  44.28   92.53
  44.29  206.71
  44.58   18.97
  44.86   35.55
  45.04  202.24
  45.09  101.75
  45.19  136.78
  45.26  105.29
  45.35  114.18
  45.36  139.40
  45.60  127.76
  46.16  182.12
  46.25  186.55
  46.99  195.69
  47.96  147.91
  49.79  208.30
  49.84   73.20
  49.96   39.32
  50.07   92.88
  50.20   84.58
  50.75   31.68
  51.26   56.51
  51.54  211.10
  51.74   52.12
  52.03   52.01
  52.05  180.62
  52.67  137.27
  52.91   85.50
  53.00  217.27
  53.17   88.18
  53.96  196.67
  54.01  107.43
  54.02  204.19
  54.10  116.83
  54.90  132.70
  55.01  129.70
  55.17  209.88
  55.17  111.24
  55.67  224.87
  56.19   56.07
  56.70   79.60
  56.72   61.82
  56.73   42.42
  57.47  206.62
  57.57   44.08
  57.93   91.53
  58.01  138.82
  58.56   27.48
  59.73   78.56
  61.09   63.81
  61.26  204.33
  61.81   30.73
  61.92   30.84
  62.17  200.42
  62.52   24.50
  65.27  225.07
  66.12  194.75
  66.75  185.02
  67.06   52.90
  67.11   23.87
  67.32   56.55
  68.54  236.73
  69.40  180.79
  69.73  167.31
  70.71  239.65
  71.57   28.22
  72.09   55.07
  72.10   41.39
  72.32  176.53
  72.42  206.36
  73.01   65.88
  73.12   52.10
  73.43   33.01
  76.41  238.83
  76.95  205.67
  77.17  221.35
  77.58   91.32
  78.41  167.70
  78.47  202.20
  78.52  201.00
  78.61  200.93
  79.42  165.29
  79.81   95.26
  79.96  238.26
  80.41  156.15
  80.83  164.14
  82.31  213.29
  82.81  117.29
  83.93   68.09
  84.79  234.97
  85.05   71.68
  87.60  123.10
  87.64   88.87
  88.07  137.11
  89.17  233.53
  89.27  132.05
  89.67  233.26
  89.84  206.75
  92.80  216.14
  93.91  189.94
  94.43  235.95
  95.09  136.06
  95.83  126.12
  95.93  130.78
  95.98  122.58
  96.31  219.77
  97.29  223.34
  97.71  135.86
  98.72  208.99
  98.81  174.95
  99.12  126.99
 100.78  172.02
 101.17  219.79
 101.31  155.38
 102.30  204.77
 102.75  186.39
 103.88  196.75
 105.02  177.78
 105.15  191.53
 106.28  183.15
 106.93  179.93
 110.14  217.52
 111.28  200.59
 111.28  184.70
 113.25  167.36
 115.65  164.95
 116.27  200.72
 117.38  158.10
 118.42  127.92
 118.46  167.13
 119.07  205.26
 119.53  160.34
 119.54  193.39
 120.00  155.04
 121.98  130.83
 122.17  199.77
 122.51  184.57
 124.00  184.47
 124.55  127.93
 125.02  124.46
 126.57  173.71
 127.77  206.10
 127.85  130.29
 129.64  160.01
 129.78  223.38
 130.24  223.29
 130.65  214.59
 131.63  205.09
 131.84  127.77
 133.04  166.74
 134.41  215.02
 134.94  224.02
 135.51  185.88
 135.87  179.48
 137.14  171.89
 137.58  135.11
 139.42  177.02
 139.44  211.12
 141.08  159.33
 141.91   94.23
 142.02  189.71
 142.43  164.33
 142.78  194.94
 142.81  107.38
 142.97  184.21
 144.37  225.78
 146.12  136.04
 146.17  193.27
 146.50   81.98
 146.54  122.09
 146.67  196.88
 148.01  189.83
 148.50  175.64
 149.28  203.48
 149.69   84.67
 149.95   91.20
 150.06   86.74
 150.18   88.36
 150.35   86.78
 150.41  109.54
 150.42  193.01
 150.54  166.64
 150.84  121.27
 150.94  156.32
 152.72  219.20
 153.03  174.03
 153.35  181.19
 153.96  200.61
 154.00  155.16
 154.44   91.36
 154.88  132.44
 155.08  199.48
 155.09  130.39
 155.35  189.01
 157.37  221.90
 157.98  158.73
 158.16  182.35
 158.42  109.24
 158.85   87.81
 158.99  120.81
 159.03  117.69
 160.36  136.29
 161.19  135.66
 161.29  154.83
 161.88  190.43
 162.60   90.14
 163.05  108.06
 163.18  104.18
 163.28  116.52
 163.31  116.92
 163.44   82.50
 163.75  181.83
 164.24  129.31
 164.56   63.34
 165.41  179.40
 165.66  158.17
 166.51   83.64
 166.85  138.29
 167.54  187.10
 168.19  136.19
 168.25  130.96
 169.57  154.47
 170.06   83.09
 170.22  158.37
 170.47  197.98
 170.54  171.88
 171.24  226.75
 171.24  234.39
 172.01  208.59
 172.14  187.35
 172.25  132.26
 172.42  231.28
 172.57  116.22
 172.65  201.34
 172.72   83.36
 172.98  140.10
 173.43  227.61
 173.58  128.50
 173.92  132.29
 173.95  195.50
 174.28   45.01
 174.31  124.07
 174.42  227.91
 175.35  118.86
 175.62  130.54
 176.80  207.64
 176.87  236.86
 177.65  126.91
 177.67   85.90
 177.90  226.12
 178.73  140.05
 179.46  164.39
 179.75  181.27
 179.97  191.28
 180.57   68.35
 180.57   35.15
 180.93   41.41
 182.05   61.89
 182.13   59.22
 182.66  123.83
 183.17  137.51
 183.19   74.69
 183.23  206.91
 183.24  182.74
 183.28  155.64
 183.38  219.88
 183.62  153.07
 183.64  197.01
 183.87   79.44
 183.89  158.74
 184.01   66.08
 184.42  191.38
 184.77   45.28
 184.87   70.70
 185.21   59.92
 185.58  201.02
 186.82  214.56
 187.31  222.95
 188.52  196.55
 188.77  162.12
 189.08   87.18
 189.11  205.53
 189.59  135.53
 189.98  185.94
 190.65   27.69
 191.81  140.59
 192.06  203.01
 192.36   49.80
 192.51   92.62
 193.21  108.46
 193.43   36.89
 194.20   84.43
 194.56  244.12
 194.80  133.92
 195.35  128.95
 195.51   77.47
 196.87  182.02
 197.30  156.76
 197.73   64.49
 198.33   30.81
 198.68  217.53
 198.92  129.70
 198.93  205.29
 199.13  115.01
 199.72  192.75
 200.55  228.18
 200.64  169.77
 201.42   24.73
 201.46   71.98
 201.74   16.69
 201.83  139.28
 201.97  114.70
 202.06  222.32
 202.34   99.58
 202.41  189.67
 202.52   65.06
 202.81  213.00
 203.24  125.90
 203.56   72.26
 203.68   58.50
 203.77  154.45
 203.91  231.93
 204.18  179.12
 204.49  165.44
 204.77  154.79
 204.88   82.26
 204.88   95.68
 204.96   92.60
 205.48   77.06
 205.54  160.04
 205.54  209.54
 206.35  121.68
 206.45  195.97
 206.57  129.12
 206.65  132.71
 206.81  138.01
 206.86  143.36
 206.87  223.51
 208.42  227.79
 209.10  216.06
 209.30  106.91
 210.41  183.48
 210.49  116.55
 211.13  202.74
 211.66  209.41
 212.56  229.26
 212.60  222.78
 212.61   23.93
 212.75  216.38
 213.21  212.52
 214.86  208.24
 215.26  200.56
 215.31  208.52
 215.48  135.57
 215.48   55.81
 215.56   66.89
 215.85  222.78
 216.19   72.53
 216.77  157.00
 216.86  212.08
 216.89  233.46
 217.80  107.50
 218.00  198.03
 218.96   72.43
 219.19   24.02
 219.43  152.73
 219.48   65.27
 219.60  223.01
 219.89  211.96
 220.01  159.75
 220.32  147.51
 220.37  147.30
 220.42  135.05
 220.42  218.58
 221.16   55.44
 221.82   68.01
 222.71  204.09
 223.23  150.23
 223.45   60.44
 223.61  203.86
 224.02  189.12
 224.19   26.34
 224.25   38.96
 224.57  163.39
 224.68  159.49
 226.26  229.82
 226.45  232.41
 226.72  223.05
 226.96  220.27
 227.04  235.47
 227.40   91.37
 227.45  199.08
 228.00   30.87
 228.54  107.72
 228.69   35.15
 228.79   37.89
 230.14    6.84
 230.36   99.65
 230.58  206.28
 230.58  155.87
 230.71  141.97
 231.50   85.39
 231.94   59.87
 232.50  232.02
 232.79  236.02
 233.03  211.56
 233.17   74.57
 233.41  218.70
 233.51  222.94
 235.11   89.80
 235.57  201.77
 236.61  208.91
 239.81   15.34
 239.93   11.03
 239.97   83.68
 240.21   21.96
 240.35   26.22
 240.55  194.23
 240.94  141.76
 240.98   95.52
 240.98  107.74
 241.05   27.27
 241.19   95.50
 241.23  236.71
 241.98   48.99
 243.22   68.40
 243.95   81.71
 244.18   10.30
 245.03  232.67
 246.86  100.50
 247.96  230.26
 248.12  194.56
