   7.54  107.58
  11.74  149.66
  13.68   88.64
  13.74   99.11
  14.14  102.01
  14.89  133.01
  15.39  127.96
  17.04  137.35
  17.09  158.29
  17.31  145.57
  18.53  154.49
  19.76  201.91
  21.21  151.11
  21.82  145.33
  23.20  129.24
  25.40  105.41
  25.47  111.24
  25.75  117.81
  30.05  111.17
  30.22  102.09
  30.47  135.79
  30.65  150.94
  31.23  140.06
  31.40  193.64
  32.23  120.91
  32.39  191.00
  34.35  142.51
  35.58  104.46
  35.82  110.73
  36.71  181.28
  37.24  139.22
  37.90  111.57
  37.92  156.35
  37.93  162.00
  38.28  185.63
  39.79  170.09
  40.24  154.62
  40.39  151.66
  41.73  192.40
  42.40  142.08
  42.93  159.38
  43.28  112.16
  43.68  183.38
  43.94  167.58
  44.01  107.57
  46.07  143.54
  46.27  128.07
  46.73  142.16
  46.79  135.78
  46.93  122.80
  47.49  170.80
  47.70  170.56
  48.65  107.04
  49.04  153.59
  50.54  132.01
  53.73  140.70
  55.35  123.28
  56.81  123.74
  57.44  144.11
  58.16  130.60
  59.02  222.94
  59.89   73.18
  59.98  115.48
  60.00   78.88
  60.17   90.47
  60.60  102.71
  60.66   96.63
  60.74  227.46
  60.77  108.75
  61.01   82.04
  61.47  133.53
  61.76   58.83
  61.83  141.41
  62.54  146.27
  62.76  111.84
  63.45   70.18
  64.44   65.81
  64.76   81.99
  65.92   93.53
  66.20  111.85
  66.20  123.28
  66.32   76.00
  66.41   79.00
  66.89  100.02
  66.91  149.90
  67.10   90.71
  67.59  108.78
  68.50  146.08
  68.69   75.99
  69.98   71.57
  70.08   63.80
  70.36  112.55
  71.09  133.33
  72.89  129.40
  73.55   66.61
  73.99  111.77
  75.64  147.73
  76.07  119.71
  77.48  145.47
  77.55   98.81
  77.72  102.21
  77.89  114.53
  80.04   94.83
  82.15   75.79
  82.93  160.53
  83.40  136.12
  83.61   85.78
  83.65  148.55
  84.64  120.83
  85.47   69.94
  85.82  125.69
  86.79  120.98
  87.49   80.55
  87.95  149.14
  89.66  128.59
  90.45   69.34
  90.86   87.01
  92.15  114.40
  92.70  132.23
  93.02  153.19
  93.43  139.72
  93.49  120.34
  93.54  130.11
  93.55  145.57
  93.62  150.34
  93.92   67.86
  94.43  134.50
  95.27   63.90
  96.95   58.68
  99.13  116.47
  99.17  110.17
  99.41  119.17
  99.74  113.24
 101.94  138.41
 103.11  133.15
 103.60  109.05
 104.02  108.97
 105.82  122.17
 106.63  104.89
 107.72  118.35
 107.82  142.46
 109.15  149.29
 109.99  153.37
 111.17  138.04
 111.51  112.46
 114.96  143.79
 116.08  130.57
 116.42  123.74
 116.95   96.71
 117.47  154.22
 117.67  154.29
 119.04  131.43
 120.05  127.64
 121.65   99.69
 121.72  142.70
 123.27  108.71
 123.65  130.73
 124.18  146.13
 124.60  118.36
 124.63  139.24
 124.77  123.69
 125.50  157.04
 126.61  155.13
 127.20  100.53
 127.50   88.71
 130.40  129.33
 131.23   57.86
 132.40  157.90
 132.66  109.71
 132.70  112.49
 132.71  154.78
 133.24  139.99
 133.42   62.20
 133.53   73.60
 134.14  137.59
 135.22   49.73
 135.75   51.47
 136.39  146.13
 136.98   51.79
 139.58  119.47
 140.09  173.42
 140.88  176.31
 140.95  147.74
 141.04   70.44
 141.06  140.32
 142.66  116.55
 143.94   60.83
 144.05  174.33
 144.10  109.65
 144.39  144.75
 144.44   58.96
 144.52  127.20
 144.56  114.02
 145.01   70.44
 145.02  131.13
 145.08  153.30
 146.54   56.18
 146.73   56.71
 147.11   87.93
 147.24  105.60
 149.66  115.74
 150.51  153.04
 151.05  109.74
 151.69   66.00
 151.87   53.50
 152.27  130.52
 152.79  130.99
 153.24   59.67
 153.38  125.23
 154.00   40.89
 157.11   30.51
 157.60  179.56
 157.76  114.26
 158.28  109.70
 158.45   61.40
 158.45   31.85
 158.47  182.64
 158.48   49.13
 158.49   86.19
 158.64  118.42
 158.77  144.82
 160.33  128.39
 161.72  101.04
 162.50   41.64
 162.64   53.27
 162.76   46.86
 162.91   34.99
 164.42  147.98
 164.81  108.25
 165.26  123.05
 165.67   91.55
 166.08  151.02
 166.86   39.90
 167.83  185.89
 167.95   92.25
 168.59   26.21
 169.65  129.97
 171.73  184.37
 172.19  109.34
 173.07   39.88
 174.80   74.85
 175.27   91.62
 175.40  104.59
 178.48  121.48
 178.81   96.36
 179.11  100.08
 180.23  117.78
 182.70   95.74
 183.82  109.59
 183.93   26.15
 184.35  105.23
 184.93  100.31
 184.93  107.28
 184.93  130.06
 185.31  126.04
 185.58   35.49
 185.77   40.14
 186.02  113.56
 186.57  123.23
 186.89   55.67
 187.24  114.80
 187.96  125.89
 188.39  117.48
 188.50   29.04
 188.70  127.02
 189.74   21.26
 189.98   64.63
 191.01   78.97
 191.17   84.99
 191.23   88.90
 192.00   33.32
 192.48   73.14
 192.82   58.98
 193.25  121.72
 193.27   46.11
 194.75   17.83
 195.20   38.38
 196.47   76.74
 196.78  121.20
 197.10   96.95
 197.12   28.80
 197.79   11.24
 197.88   51.28
 198.33   41.11
 198.42   37.22
 199.15   70.09
 202.23   69.84
 202.24  115.94
 202.25  115.90
 202.42   85.94
 202.98   63.44
 204.28   32.42
 204.84   25.88
 205.10   75.77
 205.23   92.54
 206.78   50.99
 207.16   56.31
 207.86   72.37
 207.98   56.57
 208.11  133.06
 208.23  115.51
 208.40  140.51
 209.63   67.53
 210.04  104.42
 210.77   31.24
 210.86   48.12
 210.88  170.92
 211.64   90.53
 212.32  140.28
 213.10  150.26
 213.98   41.91
 214.44   58.67
 214.80  154.14
 214.89   47.96
 215.04   69.14
 215.47  105.07
 217.51   26.54
 218.75   50.37
 219.24  148.30
 219.42  151.05
 220.38   29.16
 220.49   38.11
 220.68   44.12
 220.92   21.57
 221.40   66.96
 221.91   88.90
 223.67   47.06
 224.13  154.91
 224.16  123.00
 226.29   93.28
 228.13  148.93
 228.46   21.74
 228.52   16.52
 228.69  112.05
 228.71   40.36
 229.27   69.77
 229.30   64.22
 229.94   86.82
 230.18  119.77
 230.95   62.54
 231.10   12.33
 232.99  116.10
 234.60   12.35
 235.17   38.23
 235.68   60.67
 237.19   35.43
 237.49   61.26
 238.10   84.51
 238.84   39.93
 239.14   65.44
 239.99   39.08
 240.92   88.06
 243.99   56.96
 245.19  115.31
 246.98  109.47
