   7.75   44.73
   8.21  111.22
   8.35  144.55
  12.06  148.79
  12.66   67.34
  12.67   40.58
  13.53   87.20
  13.77  158.78
  14.13    7.59
  14.58  102.18
  16.56   79.76
  16.58   79.76
  17.38   51.51
  18.03   11.41
  18.17   35.88
  18.74   29.38
  18.96  217.79
  18.98   90.26
  19.13  217.72
  19.24  160.58
  19.54  153.33
  19.67   66.07
  20.42  133.90
  22.35   72.09
  22.96   66.98
  24.05  223.17
  24.38  140.65
  24.95   37.85
  25.54  150.22
  25.80  155.56
  26.05    7.80
  26.08   49.29
  26.18  106.43
  26.72  144.01
  27.13   32.97
  27.80   83.37
  29.40   52.00
  29.66   25.72
  29.69   64.30
  29.83  180.15
  29.88  183.82
  30.02  151.33
  30.43  176.67
  30.48  163.23
  31.08   84.49
  31.44  118.77
  32.30   31.72
  33.05  153.80
  33.26   64.00
  33.86    8.16
  34.26  159.27
  34.45   30.02
  34.52  147.08
  34.88   14.77
  35.03  162.19
  35.16   19.91
  37.16   84.95
  37.51  110.10
  38.20   71.22
  39.54   66.46
  40.52  143.04
  40.56  124.06
  41.16   16.09
  42.38  150.95
  43.24  128.65
  44.30   31.31
  44.76   21.51
  45.68  149.91
  46.11  100.75
  46.67  105.13
  46.98  162.84
  47.79   19.30
  49.04    9.54
  49.10   33.81
  51.10  116.23
  51.52  103.99
  52.35  102.80
  52.50   35.48
  52.95   10.47
  53.46  125.67
  54.36   38.01
  55.24  108.44
  55.77   12.69
  56.40  113.07
  56.98  147.14
  58.29   19.37
  60.17  105.97
  61.86  107.25
  62.54  112.07
  63.22  146.70
  63.44  116.07
  66.89  116.36
  67.86  114.13
  69.97  162.82
  70.77   84.53
  71.49  158.04
  71.72  159.94
  72.82  110.19
  74.09  172.00
  74.35  122.50
  74.92  140.02
  75.13   96.20
  75.47  156.27
  77.90  157.34
  78.28   70.59
  78.90   88.17
  79.79  158.01
  80.07  111.18
  81.46  120.06
  84.57  107.48
  85.17  107.18
  85.87  116.01
  88.25  102.41
  88.26  133.32
  88.62  143.43
  89.35  121.10
  89.86  107.33
  90.31   72.16
  90.36   68.10
  91.65   81.35
  91.66  104.57
  92.13  109.10
  94.09  144.96
  95.14  111.22
  95.66  111.18
  96.24   89.11
  96.37   80.14
  96.54   66.15
  97.03  117.69
  98.62   66.13
  99.09   79.45
 100.96  125.08
 101.15  147.13
 101.30   78.59
 102.41   76.39
 103.48   71.06
 103.84  127.46
 104.34  144.21
 105.08   60.87
 105.59  115.60
 105.83  150.29
 105.97  167.60
 106.06  120.69
 107.14  184.44
 107.66   77.38
 107.81  158.27
 108.31  110.54
 108.88   67.87
 109.16  165.15
 109.20  168.72
 109.22  165.29
 109.38  166.12
 110.26  180.97
 110.94  104.02
 111.21  123.07
 112.22  142.30
 113.38  110.84
 113.93  114.85
 115.28  131.25
 115.34  181.62
 115.43  117.43
 117.27   56.58
 117.52   73.66
 118.09   63.12
 118.39   63.11
 118.45  129.90
 118.95  139.83
 119.08   85.63
 119.58  111.46
 119.60  172.80
 120.57  178.59
 121.79  188.54
 121.94  195.55
 122.38  146.88
 122.64   52.62
 122.78  169.53
 123.04  140.13
 123.17  204.40
 123.62  129.26
 125.31  190.47
 125.36  175.27
 125.50  179.21
 125.83  132.69
 126.00  175.03
 126.01  120.60
 126.05   96.91
 126.08  137.54
 126.31   57.98
 126.35  191.43
 126.40   67.73
 126.45  181.80
 126.81  170.71
 126.87   57.62
 127.47   51.45
 128.54  123.32
 128.80  100.04
 129.45  162.22
 131.03  115.26
 131.43  133.14
 131.43   51.59
 131.73  147.48
 131.94   57.75
 132.24  142.15
 132.93   96.90
 133.27   75.09
 133.62  104.04
 135.34   53.60
 135.74  171.01
 135.76   68.86
 136.27   57.35
 136.99  147.93
 137.59   72.25
 137.69  110.59
 138.01  119.47
 139.84  196.15
 140.13  169.26
 140.15  147.75
 140.57  113.69
 140.68   69.94
 141.62  101.02
 142.91   53.56
 143.03   73.92
 144.37  103.93
 144.71  120.91
 145.08  131.20
 145.16   74.78
 145.84  108.57
 146.80  161.78
 147.74   72.94
 147.78  137.83
 148.02   93.47
 148.23  199.99
 149.46  102.56
 150.04  123.21
 150.43   59.46
 150.50   56.94
 150.54  123.36
 151.36   57.13
 151.50  112.04
 151.55  167.81
 152.13  158.06
 152.19   63.23
 152.26  134.18
 152.34   88.32
 153.72  105.10
 154.98   77.63
 155.29   98.21
 155.62  107.30
 156.33  116.43
 156.39  151.40
 156.44  161.93
 156.57  154.24
 156.87   72.06
 157.06   85.87
 158.34  107.45
 158.89  174.33
 159.07  103.98
 159.33  125.89
 159.34  133.84
 159.46  142.79
 159.47  165.57
 159.62  100.81
 160.60   86.34
 161.86  111.42
 162.15  169.50
 162.64  162.03
 163.96  166.06
 164.42  145.62
 164.76   74.05
 165.03   61.98
 165.50   70.57
 165.87  188.35
 167.33  147.92
 167.66  151.53
 168.19  157.46
 168.93  175.36
 168.98   86.91
 169.58  165.99
 169.64   78.39
 169.90  138.88
 170.10  172.78
 170.19  111.60
 170.62  144.28
 171.33   83.26
 173.39  173.26
 173.80   81.07
 173.80   81.24
 174.70  162.81
 175.27  127.78
 175.95   63.28
 176.29   96.07
 176.79  208.66
 177.32  108.53
 178.13   59.20
 178.72   52.40
 178.78  167.45
 178.93  153.90
 179.12  176.13
 179.73  151.85
 181.42  106.47
 181.88  155.19
 182.46  102.08
 182.79  135.44
 184.06  113.96
 185.04  212.93
 185.29  180.79
 185.42  117.48
 187.38   53.48
 187.46  176.89
 188.56  152.28
 189.77  183.27
 190.07  173.50
 190.08   98.42
 190.17   78.21
 192.94   89.03
 195.62  130.75
 195.63  167.42
 198.96   27.12
 199.07   27.19
 199.23   39.93
 200.13  104.61
 200.16   46.95
 200.34  183.19
 200.57   73.59
 201.53   82.25
 202.12  194.64
 202.18   53.20
 203.98   73.05
 204.82  148.20
 204.97   33.27
 205.34  100.86
 205.36   81.48
 206.18  136.99
 206.73   44.05
 207.72   50.62
 208.52  103.03
 208.58   20.54
 209.06  123.04
 209.09   48.47
 209.92  192.56
 210.38  132.94
 210.45  183.46
 210.49  167.84
 211.59  180.47
 211.74  124.82
 211.84  101.50
 211.90   98.79
 212.76   72.80
 213.66   16.47
 213.79  177.14
 213.86   89.74
 215.37   84.15
 215.64  197.58
 215.96  167.50
 216.44  126.31
 216.73  101.83
 216.87  139.39
 216.97   30.60
 217.10   66.20
 217.19   34.45
 217.21  121.79
 217.29   10.36
 217.39   26.59
 218.66  198.29
 219.22   93.15
 219.49  150.60
 219.52  122.82
 219.83   33.10
 220.14  147.23
 220.15   85.45
 220.32   44.75
 220.60  227.79
 220.96  100.37
 221.10  128.30
 221.14  154.09
 221.49  119.42
 221.56  120.01
 221.57   65.75
 221.90  103.81
 221.91  120.88
 222.07   28.01
 222.71   71.25
 223.04  125.01
 223.57   24.02
 224.15   63.14
 224.19   30.02
 224.68   19.86
 225.24   41.90
 225.50   37.73
 225.61   63.62
 225.99  150.54
 226.54   71.32
 226.91  103.27
 227.47  100.21
 227.67  155.20
 227.71   22.59
 227.81   10.65
 227.91  125.20
 228.15   74.09
 228.20   83.68
 228.43  230.73
 228.65   83.70
 229.33  148.78
 230.91   16.28
 230.96   98.51
 231.52   66.56
 231.60   30.09
 231.66  138.05
 232.07  124.86
 232.38   83.68
 233.82  132.81
 233.92  132.70
 234.14   71.63
 234.17   33.84
 234.21  167.47
 234.40  115.31
 234.81   89.72
 236.07  100.69
 236.23  173.10
 238.01   86.82
 239.49  149.54
 240.11  137.59
 241.43   24.46
 241.66  119.37
 242.34  203.17
 242.71  115.78
 244.64   94.77
 246.49   96.70
 247.07  119.33
