  12.54  175.40
  15.62  170.16
  15.67  173.13
  22.90   70.44
  24.67   93.14
  25.44   56.11
  28.54  122.48
  32.52   42.20
  33.38  103.28
  35.99  171.24
  37.18  122.87
  37.39  116.96
  37.63  106.29
  38.42  172.58
  38.70  175.90
  41.71  140.30
  41.94  123.07
  42.21  136.08
  42.48  114.12
  46.56   97.07
  50.18  164.26
  50.45   46.54
  50.45  135.88
  50.73  149.49
  50.92  123.17
  51.13   95.71
  51.79   53.16
  53.40  133.90
  53.86  160.83
  54.17  167.80
  54.46  185.37
  54.84  164.77
  55.68  123.64
  55.79  129.86
  56.02   98.55
  56.02  144.65
  56.31  156.06
  56.47  161.59
  58.39  158.99
  58.95  171.29
  59.42  189.84
  59.72  163.60
  60.27  113.76
  62.23   96.54
  65.44  120.62
  65.66  150.16
  67.52  158.45
  67.93   49.26
  67.99   79.17
  69.73  148.12
  70.30  153.17
  71.38  163.64
  74.78  155.51
  75.74  170.56
  77.14  162.09
  78.77  156.35
  79.28  175.83
  79.50   69.09
  81.22  169.29
  81.63  172.89
  81.77  159.82
  84.13   68.76
  86.03  173.61
  86.29  167.20
  89.68  136.73
  91.73   69.14
  92.03  132.32
  93.46  147.78
  94.04   79.03
  95.11  149.47
  95.68   90.56
  96.61   71.88
  96.72   77.44
  98.10   65.10
  98.28   82.16
  98.40  132.77
  98.97  142.12
  99.54   79.65
 101.17   80.81
 106.88  154.43
 106.95  168.86
 107.42   84.87
 109.29  167.59
 110.23   71.75
 110.71  174.95
 112.09   63.58
 112.12   70.17
 112.32  160.52
 113.81  173.16
 114.06  169.11
 117.87  159.40
 120.06   71.06
 126.49   66.05
 128.92   61.39
 131.88  146.73
 133.70   91.05
 142.72   60.75
 143.86  167.96
 148.23  163.80
 148.75   60.11
 156.91  110.02
 159.79  189.51
 163.45  164.19
 163.95  113.52
 165.33  171.20
 169.52   57.88
 169.83  126.79
 170.15  171.00
 170.29  113.15
 174.20  171.05
 180.46   54.65
 181.71   57.46
 182.48  158.52
 182.87  190.17
 186.64   59.72
 188.78   56.35
 190.97  132.03
 191.55   65.10
 192.05   69.52
 192.25   60.67
 192.39   74.98
 193.48  141.36
 194.90   63.99
 195.26  185.72
 197.09  127.86
 197.48  120.01
 199.83  178.29
 200.92   56.92
 202.09  161.17
 202.33  187.24
 202.92  189.63
 202.95  109.51
 203.22  120.61
 205.22  112.48
 205.24   97.91
 205.93  160.41
 206.74  126.62
 206.81  147.16
 207.12  122.46
 208.38  126.89
 209.30  153.94
 211.00   98.71
 211.40   92.68
 211.63  167.06
 213.29  106.91
 213.31  128.02
 214.52  113.41
 215.47   98.23
 217.08  115.58
 217.68  165.50
 218.44  119.13
 218.85  108.69
 220.44   90.53
 223.26   88.85
 228.31  171.96
 228.56   92.63
 229.71   88.97
 231.96  178.22
 233.93  168.15
 234.59  171.58
 235.03  182.18
 238.08  185.91
 239.67  171.99
 240.52  167.99
 241.50  174.43
 244.19   99.66
 246.57  149.25
