   9.14   93.46
   9.40   30.11
  10.34   67.16
  10.47  122.47
  11.34   93.65
  12.20   71.10
  12.62   53.86
  12.67  148.76
  12.91  162.40
  13.79   97.93
  16.41  170.43
  16.53  126.03
  16.55   73.65
  17.05   65.38
  17.15   30.47
  17.34  122.76
  19.22   42.86
  19.61   60.55
  19.86   79.90
  20.21   96.44
  20.51  135.89
  21.72   67.82
  22.09   92.60
  22.48    9.17
  22.78   35.06
  22.92  130.88
  22.95   44.14
  22.97   14.34
  23.74  100.11
  24.02    6.88
  24.07  123.01
  24.63  107.45
  24.72   91.00
  25.25   46.68
  25.42  129.12
  25.56   97.21
  25.74   62.92
  26.11   72.94
  26.23   41.72
  26.72   18.19
  28.99  156.71
  29.01  152.23
  29.03  161.03
  29.10  165.93
  29.47  129.77
  29.61  111.41
  30.20   89.14
  31.53   78.59
  31.59  117.41
  31.92  125.34
  32.69  169.90
  33.28  118.85
  33.38  106.11
  35.03  129.68
  35.90   22.02
  36.73   57.13
  37.72   82.08
  38.84   25.70
  39.23   22.13
  39.79  106.93
  44.01   86.70
  44.11  121.64
  44.23  121.69
  44.71  112.45
  44.99   17.19
  46.68   28.18
  46.69   57.98
  47.45  132.01
  48.17  125.86
  49.25   96.05
  49.32  117.35
  49.34  111.74
  49.61   27.86
  49.77   32.19
  53.11  121.85
  53.81  110.69
  55.50    9.56
  57.15  168.57
  57.56  131.98
  58.11  111.07
  58.24   78.93
  58.45   12.86
  59.79   17.53
  64.33   64.39
  64.68  159.95
  66.08   92.80
  66.50  168.68
  71.35  154.77
  76.61  129.50
  77.06   53.68
  77.30   73.64
  77.60   63.90
  78.21   84.30
  78.28   92.06
  78.59   72.19
  79.56   54.99
  83.56  167.00
  85.61   92.99
  86.18   84.09
  86.49  110.08
  88.55   60.82
  92.79   68.50
  97.19  156.87
  98.03   55.04
  98.21   64.57
  98.53   53.92
  99.65   77.19
 103.79  147.70
 103.94  150.38
 105.70   86.48
 106.94  149.12
 107.36   92.08
 107.75  109.58
 107.91  146.58
 108.06  166.01
 108.80   84.14
 110.07   80.90
 114.74   80.70
 115.28  168.79
 117.00   78.62
 120.12   83.68
 120.71  169.45
 122.33  165.33
 122.93  175.69
 123.22  173.30
 123.75   85.55
 123.89  154.55
 124.40  176.95
 124.97  179.30
 124.97   86.50
 125.98  164.37
 127.73  172.20
 129.09  172.53
 130.09   92.19
 132.19  142.63
 132.56  176.31
 133.10   31.35
 133.17  150.50
 133.50   30.41
 134.07  147.79
 136.55  169.98
 137.30   95.58
 139.95  165.59
 139.99   29.81
 140.29   91.92
 140.89   98.48
 142.24  101.18
 142.39  106.41
 142.59  120.03
 143.41  144.13
 143.49  172.23
 143.78  170.51
 144.35  176.05
 144.54  182.72
 144.88  137.50
 146.20   28.42
 146.79  104.42
 147.22  173.62
 147.32  182.04
 148.25  150.39
 148.71  185.81
 148.82  153.48
 149.40   96.37
 149.87  147.17
 150.37  155.39
 150.40  143.98
 150.42  183.50
 151.49  101.51
 151.62   98.72
 152.53  150.68
 152.56  185.12
 154.07  104.10
 154.25   98.73
 154.60  182.95
 155.95  178.90
 156.13  109.93
 156.91  174.40
 157.33   26.59
 157.69  178.86
 158.01  178.99
 158.25  150.43
 158.28  158.69
 158.88  183.22
 160.02  104.18
 160.08  172.05
 160.97   98.05
 161.47   92.47
 162.15  179.29
 163.22  154.89
 164.22  159.29
 165.82  100.78
 166.72   94.77
 166.96  146.52
 167.69  162.41
 167.88  179.65
 167.91  175.86
 168.50  147.49
 168.83  102.28
 170.30  186.91
 170.72  120.58
 170.86  128.75
 171.63   16.86
 172.16  141.27
 172.38   20.48
 173.56  179.52
 176.86  155.85
 177.37  115.49
 177.43   92.45
 177.95   12.23
 178.10   16.27
 178.73  136.41
 178.99   96.54
 179.32   19.01
 179.62   88.18
 180.03  111.80
 180.23  160.29
 180.62  125.87
 181.05   16.09
 182.91  178.63
 182.93  179.46
 183.20  158.68
 183.54  175.80
 184.76  156.82
 184.81  141.33
 186.99  181.20
 189.24  162.74
 195.89  157.74
 195.90  153.47
 195.90  153.10
 195.93  183.56
 198.16  160.46
 203.15  133.60
 206.63   25.01
 207.43  143.30
 207.66  153.13
 207.83   45.15
 208.66  138.63
 208.87   37.66
 211.28  147.44
 211.43  136.93
 214.54  104.98
 215.32  103.65
 215.39  108.37
 218.78  122.15
 220.33  113.42
 220.80   27.49
 223.14   16.56
 223.26   45.81
 223.45  142.70
 224.78  109.67
 224.93   59.42
 225.56   70.80
 225.95  121.63
 226.07   37.25
 226.22   76.93
 226.41   36.35
 227.05  112.44
 227.45   61.05
 227.67  154.90
 227.77  161.18
 228.42   49.96
 228.56  114.39
 228.66  107.94
 228.84   30.10
 229.13   74.28
 229.56   84.11
 230.55  131.43
 230.59  126.52
 230.70   55.08
 231.02  147.58
 231.12  112.26
 231.24  103.34
 231.36   34.26
 231.37   67.06
 231.73  162.25
 232.51  181.76
 232.97   79.58
 233.13  129.17
 233.70  114.60
 234.71   71.54
 234.79   17.30
 237.04  165.07
 237.59   57.38
 238.55   65.21
 238.56   18.85
 238.59   47.31
 239.73   16.06
 241.30  156.71
 247.78   38.07
