   7.24  234.27
   8.37   53.03
   9.08   47.02
   9.90  111.03
  10.98   49.87
  11.96   60.74
  12.70   64.05
  13.96  134.28
  14.00  137.65
  14.61  154.32
  14.80   65.66
  18.62  137.29
  18.68   70.78
  19.23  131.86
  20.51  134.83
  20.68  127.12
  21.56  121.10
  22.71  137.27
  23.17  132.44
  23.42   97.95
  23.68   80.76
  23.87  108.73
  27.25  126.79
  27.43  135.07
  27.56  101.08
  27.91  114.71
  30.57   86.76
  31.15  137.22
  31.59  131.97
  32.06  121.03
  32.90  109.18
  35.85  137.32
  39.14   83.32
  40.44   56.62
  41.65  134.80
  43.11   43.65
  49.24   60.40
  50.52  224.70
  51.40  131.88
  51.81  137.19
  54.79  135.30
  55.40  220.85
  56.34   47.72
  56.44   92.31
  56.57   83.54
  57.09   65.76
  57.65   60.93
  58.56  137.14
  60.73   47.10
  61.34  223.77
  61.59   74.27
  61.63   65.28
  61.71   92.31
  61.75   83.25
  61.99   98.06
  62.52   60.59
  66.41  106.33
  66.41   53.40
  67.17  134.88
  67.27   87.74
  67.40   64.98
  67.58   78.57
  68.03  124.56
  68.71  109.67
  68.72  222.67
  69.19  121.13
  70.05  137.67
  70.06  219.11
  72.15  134.05
  72.71   83.55
  73.19  115.46
  76.21   82.90
  76.26   74.09
  76.40   92.83
  76.51   87.95
  76.62   97.74
  76.63   69.29
  76.68  109.87
  76.72   59.17
  76.92  121.48
  77.27  121.55
  79.80  132.53
  79.98  137.07
  82.23   82.32
  82.24   91.84
  83.37   53.40
  83.95  142.02
  84.69   97.31
  84.96   57.05
  85.62   87.19
  86.99  134.91
  87.42  113.90
  88.72   91.21
  89.07  105.34
  89.13   81.42
  89.22   71.96
  89.86  135.48
  90.57   54.98
  97.12   79.31
  97.17   92.98
  97.26   69.69
  98.10  129.03
  99.31  128.69
  99.98   65.80
 100.00   81.76
 100.23   96.06
 104.97   60.31
 104.99   52.74
 105.09   55.24
 105.86  117.60
 107.19  134.00
 107.58   53.35
 108.05  144.80
 108.65   75.51
 108.83   91.85
 109.98   99.81
 109.99  134.45
 110.07   54.36
 110.31   57.99
 111.03   88.13
 111.10   71.51
 111.46  115.58
 111.87   77.63
 113.24  145.96
 115.07   81.38
 115.54  133.30
 115.94   56.20
 116.22  137.03
 116.32   51.16
 117.41   79.53
 118.72  138.36
 119.55   84.56
 119.70  102.01
 119.73   47.24
 119.86  132.93
 119.98   77.55
 121.51  113.05
 122.46  116.77
 123.62  147.85
 126.53   57.21
 126.80   52.85
 127.78   71.56
 128.38   87.93
 128.66  134.57
 129.02  126.40
 130.94  114.08
 130.97  109.08
 132.65  104.22
 132.72  139.70
 133.35   75.03
 133.88  107.04
 134.08   94.87
 134.72  115.31
 135.36   81.60
 137.95   89.66
 138.21   83.25
 138.86   79.72
 140.56  133.19
 141.97  140.02
 142.52   86.57
 142.59   64.86
 143.14   59.54
 143.16  131.61
 143.41  100.40
 144.52  123.49
 145.17   77.26
 145.45  132.47
 147.53  110.08
 150.35  143.02
 151.46   86.83
 151.49   62.43
 154.27  105.92
 154.66  108.35
 156.46   81.18
 157.96   71.59
 158.23  114.03
 159.21   67.23
 162.16   37.03
 162.82   49.80
 164.03   75.52
 164.05  127.77
 164.12  108.55
 164.48  146.09
 164.51  138.32
 165.93  138.62
 167.66   42.15
 169.13  128.01
 169.23  112.47
 169.35  136.48
 169.36  150.13
 169.47  155.91
 170.46  141.71
 172.57   76.48
 173.20  116.49
 173.31  145.75
 173.59  138.72
 174.06  131.74
 175.12   91.17
 176.66  151.42
 176.90  111.11
 177.88  143.00
 178.46   78.89
 179.49  153.10
 181.26  127.38
 182.39  117.09
 184.15   16.48
 184.22  147.28
 185.45  121.43
 186.30   65.78
 186.44   35.40
 186.56   59.44
 186.78  114.15
 187.33  132.62
 187.46   95.92
 187.71   52.67
 188.66   83.08
 189.53   57.70
 190.32  126.65
 191.16  145.25
 191.47  112.63
 191.82   48.43
 191.99  134.69
 192.36  103.62
 192.39   85.91
 192.57  123.64
 192.87  154.93
 193.04   92.45
 197.82  149.72
 198.57   81.50
 198.69   69.09
 199.56  156.37
 200.10  145.01
 200.21  141.32
 201.00  111.69
 201.03   92.60
 201.84  131.40
 207.16   92.54
 207.56  140.44
 209.14   29.23
 209.73  117.36
 210.38   35.70
 210.41   40.64
 211.06   63.06
 211.90  140.76
 213.22   32.69
 214.57  154.45
 217.15  145.58
 218.23  114.86
 219.92   33.58
 225.95   27.89
 226.30   42.92
 226.56  150.85
 227.06   31.87
 228.72   50.58
 231.22   52.58
 232.17   47.06
 232.25   37.49
 234.37   33.44
 235.25   53.78
 235.54   58.49
 235.90  151.97
 237.36  127.43
 237.67   34.31
 239.30   68.92
 239.33   92.50
 239.52  151.52
 239.57  113.52
 239.79  161.15
 239.84  130.12
 239.86  116.37
 241.98   45.15
 242.01   61.04
 242.32  118.50
 242.44   84.74
 242.98  152.54
 245.38   20.27
 246.25  123.65
 246.67   22.86
 247.28  112.40
 247.83  149.94
 248.19  155.91
 248.64   18.38
