   7.06   98.06
   8.66  111.13
   8.78  199.03
   9.84  108.07
  10.44   87.21
  10.51  103.20
  10.74   68.63
  10.82   76.71
  10.85   82.69
  10.90  213.46
  10.99   72.61
  11.41   64.79
  11.57   51.21
  11.87   38.44
  11.88  121.97
  12.22  134.51
  13.38  107.55
  13.81   32.41
  13.85  128.64
  14.51   58.39
  14.58   36.70
  14.74   39.75
  15.84   84.05
  16.43   29.69
  16.50  120.99
  16.92  107.74
  17.24   54.02
  17.87  210.97
  18.45  112.17
  18.89  147.36
  19.11   16.28
  19.96  204.14
  21.08  194.34
  21.44  130.48
  21.80   16.95
  22.59  198.09
  23.34  121.76
  23.74  115.73
  26.09   12.94
  26.84  130.99
  28.71  124.55
  30.12  121.27
  30.60  164.01
  31.21  193.61
  31.24  127.22
  31.57  130.19
  32.46  177.87
  32.74  186.98
  33.51  167.54
  34.05   49.27
  35.08  129.71
  35.43  166.79
  36.36  127.21
  37.38  194.76
  37.56  118.38
  38.81  185.00
  38.91   11.56
  41.54  108.64
  41.81  139.49
  41.87  129.44
  42.94   92.74
  44.04   66.81
  44.29   83.56
  44.38   75.09
  44.66   47.60
  45.08  129.08
  46.60  125.94
  48.36  106.60
  48.75  131.99
  49.81   95.70
  50.97   17.72
  51.89  101.21
  55.91  127.66
  59.54  127.22
  60.57   50.64
  60.84   60.26
  60.86   39.26
  61.53  124.53
  62.76  117.01
  63.55  127.61
  66.59   87.64
  66.68  104.10
  67.37  124.21
  70.76  132.14
  72.35   70.37
  73.49  115.57
  74.22  126.41
  75.06   83.86
  76.11   96.24
  77.47   86.78
  78.13   77.06
  79.81  155.94
  79.92  138.06
  80.52  124.94
  83.61   60.53
  83.81  127.99
  84.62   62.65
  89.46  130.98
  90.06  103.40
  91.07   95.54
  92.61  137.06
  93.64   26.94
  93.91   92.94
  96.51  133.33
  96.66   78.34
  99.55  123.58
 100.75   96.79
 103.35  144.62
 103.70  134.04
 103.87   84.40
 107.04  114.83
 107.06  133.03
 107.25  126.48
 108.14   74.02
 109.06   99.42
 109.56   71.87
 112.68   87.85
 113.59  123.15
 113.61   98.60
 115.25  131.94
 117.65  136.22
 118.52   62.48
 118.86  124.97
 118.94  138.07
 119.22   65.75
 121.98  126.56
 124.48   92.02
 125.98  136.04
 129.04  138.56
 129.46  129.20
 129.93   62.58
 132.77  136.04
 134.00   11.18
 134.10   43.28
 134.11    8.57
 135.18   66.56
 140.63   82.01
 141.00  126.54
 141.09   56.88
 141.82  149.13
 144.13  143.84
 145.04  144.89
 146.37   35.81
 146.38  116.49
 146.51  119.49
 147.88   47.83
 148.89  142.73
 151.17  111.20
 151.49   43.56
 151.76   12.36
 151.87   48.28
 152.10   19.95
 152.17   24.91
 152.20   24.76
 153.27   32.00
 153.28  108.30
 153.38  135.39
 153.68   29.44
 156.97   47.28
 157.76   37.77
 158.00  141.38
 158.17   27.44
 159.16   39.92
 159.38   28.80
 159.39   24.01
 160.79   42.83
 164.69  128.85
 165.79  108.82
 167.86   44.22
 168.99  123.55
 169.18  132.19
 170.64  142.48
 172.89  122.60
 173.04  122.70
 176.21  139.56
 178.79  150.40
 179.72  145.67
 179.83   51.57
 180.07  138.73
 180.18  126.00
 180.42   14.35
 180.58   10.34
 181.29   25.18
 181.52  142.16
 181.98   15.44
 182.39  147.48
 182.66   57.54
 185.89   24.21
 186.05   17.41
 186.51   27.46
 187.39   14.06
 187.81   27.11
 189.06  141.54
 189.93   20.72
 190.55  137.92
 190.86   11.88
 193.06   27.60
 193.48   16.30
 196.87   19.24
 198.77  147.03
 199.23   28.33
 200.43   16.56
 203.94   13.59
 206.75  160.00
 206.86   86.53
 207.32   17.80
 208.08   25.39
 208.99  135.37
 209.83  122.09
 209.94  122.58
 210.56   27.87
 210.62   21.41
 214.94  148.37
 218.40  133.87
 218.44  159.82
 220.76   82.15
 221.44  163.04
 228.98   81.21
 230.44   68.46
 236.02   63.64
 241.00   68.97
 241.07  167.37
 241.95   67.23
 242.82  143.98
 246.01  121.84
