   9.11  162.60
  15.83   34.37
  19.15   34.46
  20.65   98.98
  21.98   40.03
  28.58  163.20
  29.50  120.62
  29.76  101.28
  34.30   86.38
  39.17  175.17
  39.88   81.93
  40.25   81.68
  40.39   36.85
  40.42  204.77
  40.50   73.07
  40.50   91.38
  45.83   50.16
  49.24   58.86
  49.41  118.35
  49.50   82.36
  49.53  114.52
  50.10  142.16
  50.23   48.84
  50.44  156.85
  51.85  197.24
  53.73   79.19
  54.17  192.66
  58.36   99.56
  60.47  136.04
  61.30   46.24
  61.34   61.22
  61.67   57.89
  61.83   18.50
  62.67   41.45
  62.70   35.04
  62.72  180.01
  62.98  114.69
  63.05  163.03
  63.15  135.45
  63.58   10.58
  63.64  162.43
  64.33  103.07
  66.05  111.10
  66.15  160.26
  66.24  170.59
  66.59   30.14
  66.89   32.91
  67.07  164.95
  67.13   54.73
  67.82   23.91
  68.38   58.52
  68.49  108.19
  68.56  121.65
  68.57  118.20
  68.59  127.86
  68.61   28.36
  69.51  175.86
  69.61  172.34
  69.93  189.12
  73.14  112.14
  74.15   98.72
  74.50  174.47
  74.52  166.04
  75.60  117.61
  75.69  187.98
  75.96  100.07
  76.58   92.85
  77.39   63.73
  77.88   36.47
  77.94   26.35
  78.98   82.14
  79.44   91.70
  79.53  192.36
  79.68  163.57
  79.89  174.27
  80.92   20.10
  81.04   60.08
  81.62   37.37
  82.30   50.80
  82.77   23.62
  83.03   77.53
  83.20   63.30
  83.94   81.48
  84.81  139.82
  86.01   90.22
  87.83   17.08
  87.93   87.77
  88.01  182.23
  89.05   82.11
  89.70   96.43
  90.44  170.85
  90.87  156.26
  91.02   85.87
  91.61   41.52
  92.38   44.54
  93.44   95.04
  93.64  113.94
  93.65   20.83
  93.68  121.22
  94.38  107.98
  94.48  160.05
  94.60  135.96
  95.17   36.85
  95.42   92.36
  95.47  172.28
  95.59   98.53
  97.07   61.73
  97.41   69.30
  97.63   77.44
  98.39  151.46
  98.46  168.47
  98.71  132.31
 102.05   93.76
 102.10   46.53
 102.20  154.15
 102.81   96.03
 104.05   81.04
 104.11  155.92
 104.28  180.51
 104.88  175.18
 104.93  174.86
 105.98  170.89
 106.01  161.50
 106.30   69.38
 107.62  158.40
 107.96  180.21
 109.05   76.78
 116.14   95.04
 118.15  164.99
 118.53  101.80
 119.26   53.01
 120.03   62.93
 120.78   98.74
 121.48   67.61
 121.48   30.80
 123.76   34.52
 124.08  164.10
 124.28   25.03
 124.49   41.90
 124.59  148.44
 124.68  129.37
 124.68  121.24
 124.83   56.95
 124.84   49.77
 124.96   63.91
 125.23   71.53
 125.93   79.44
 125.99  103.41
 126.11   45.41
 126.42   86.70
 127.14  161.86
 128.27  121.44
 130.05  101.88
 130.05  128.69
 130.42  105.43
 131.47  162.98
 135.96  161.30
 136.61   97.91
 137.75  154.03
 138.65  124.66
 139.47  162.39
 143.39  128.50
 144.17  164.05
 144.82  136.32
 146.94  159.39
 148.18  110.47
 148.93  165.46
 148.98  155.14
 151.12  158.83
 152.40  161.61
 154.28  153.44
 154.38  160.30
 156.09  166.43
 162.12  172.74
 162.26  111.33
 163.22   99.38
 163.58  158.14
 165.36  160.25
 165.74  108.31
 168.45  111.94
 169.63  166.34
 169.71  105.12
 172.14  177.92
 172.24  137.91
 172.84  167.78
 172.93  160.05
 174.89  162.49
 175.18  117.30
 175.51  131.60
 176.37  159.65
 176.93  106.37
 177.83  167.53
 177.99  116.57
 178.43  111.55
 178.78  150.13
 179.24  139.48
 179.42  147.01
 182.25  145.81
 182.58  139.95
 184.60  106.61
 184.80  171.50
 186.75  157.43
 187.14  176.31
 187.55  107.02
 189.73  179.66
 190.85  164.06
 192.05  162.44
 192.88  166.73
 194.26  179.29
 194.64  175.02
 199.95   98.24
 200.56  179.12
 201.06  169.15
 201.42  161.45
 201.92  129.27
 202.03  172.09
 202.97  126.39
 204.79  163.11
 205.06  155.76
 205.32  184.23
 206.36  179.63
 207.10  188.91
 208.55  184.52
 209.47  195.29
 212.57  189.42
 212.65  194.80
 212.98  161.85
 213.16  161.79
 218.52  102.96
 220.13  105.19
 221.30  186.74
 221.43  180.44
 227.92  118.54
 228.14  114.94
 230.51  181.67
 230.94  184.49
 234.22  111.84
 235.06  153.65
 235.43  182.87
 235.81  170.83
 236.12  192.00
 237.92  165.90
 238.14  204.44
 238.42  160.08
 239.67  111.97
 240.38  183.00
 240.83  119.01
 241.10   56.55
 242.07   82.20
 244.54  224.69
 246.97   39.77
 247.25  120.57
