   8.19  122.33
   9.72  149.50
  14.11  135.65
  14.20   91.23
  15.83   99.38
  16.21   87.68
  16.67  159.82
  18.56  134.50
  18.63  122.79
  18.94  148.10
  19.09  145.34
  22.35  133.74
  22.63  155.81
  23.20  151.12
  23.31  159.68
  23.48   87.16
  23.58  137.25
  24.47  127.09
  24.83  140.08
  25.60  129.68
  26.31   78.94
  27.26  162.41
  28.48   49.80
  28.68  159.70
  29.00   49.65
  29.49   71.97
  29.49   28.82
  31.45   83.85
  32.23   19.60
  32.37  141.86
  32.65   38.17
  33.58  163.80
  34.54   62.63
  35.15  146.19
  35.43  159.72
  35.60   40.45
  36.07   96.89
  36.29  115.48
  36.44  115.64
  36.68   82.58
  37.12   99.11
  37.98  136.20
  38.42  166.04
  40.46  134.63
  40.95  136.90
  41.73  101.56
  42.31  139.94
  43.37  164.63
  44.71  144.16
  46.05  139.22
  46.15  109.19
  46.43  168.92
  46.99  116.19
  47.44  102.02
  47.69  143.94
  48.07   88.02
  49.35  142.51
  50.13  157.31
  50.36  133.48
  51.02   91.60
  52.11   89.05
  52.36  171.98
  52.36   83.16
  55.93  155.77
  56.04   92.33
  57.68   45.62
  59.74  153.65
  59.76   89.16
  60.36  141.00
  61.03  151.07
  61.37   45.22
  61.65    9.99
  61.81  174.78
  61.93  174.61
  62.65  160.31
  63.13  146.73
  63.66  155.34
  63.91   46.35
  64.09    8.72
  64.40  163.67
  67.07  183.18
  67.76  135.39
  68.98  181.91
  69.29  187.27
  70.46  142.22
  70.47  143.97
  70.49  173.92
  71.05  142.26
  71.12  133.93
  71.17  137.95
  71.20  138.01
  71.39  156.60
  71.53   80.55
  71.77  121.01
  72.07   79.65
  74.20  103.79
  75.07  164.37
  75.12   30.26
  75.34  135.34
  75.90  184.30
  76.10  175.65
  76.15  116.76
  78.26   42.26
  78.80  172.52
  79.19  156.56
  80.04  160.40
  81.95   72.87
  82.77  193.00
  82.92  180.50
  83.28  192.78
  84.34   18.78
  85.73  178.24
  85.75   68.17
  86.01   78.62
  86.09  155.21
  86.22   75.33
  88.90  182.33
  88.96  171.84
  89.19   65.00
  89.92  190.37
  91.21  117.51
  91.24  202.66
  91.34  168.65
  91.68   65.36
  92.02  161.87
  94.91  158.24
  95.49  143.55
  96.04  172.52
  96.32   91.39
  98.05  142.73
  99.32  163.57
  99.92  199.34
 100.71  179.53
 101.84   57.37
 102.59  190.45
 102.83  208.65
 102.95  196.00
 103.21  151.23
 104.44   74.45
 104.74   52.65
 106.08  158.00
 106.85  210.01
 107.75  167.78
 107.88  152.49
 108.02    7.62
 109.34  206.63
 110.65  149.75
 110.66  152.30
 111.52   50.19
 113.13  162.02
 113.28  151.56
 114.43  104.22
 114.59   47.00
 115.11  170.74
 115.23  161.14
 115.34  139.50
 115.47  149.23
 115.51  168.37
 116.36   65.32
 116.77   43.89
 119.35  139.48
 119.47  158.12
 119.72  174.12
 119.87  155.12
 120.66  161.33
 122.57  171.14
 122.99   40.92
 124.02   75.98
 124.07   63.91
 126.33  156.55
 129.04   44.22
 129.66   74.89
 129.90   82.43
 132.23   27.46
 133.94  115.58
 135.17   32.95
 136.93  112.11
 137.78  161.99
 138.52  124.64
 138.96   73.90
 139.25  223.98
 140.52  149.06
 141.89  161.16
 142.37  164.95
 142.67  185.14
 144.46  151.60
 145.76  161.42
 146.09  206.96
 146.53  185.90
 147.36  150.77
 147.46  183.23
 147.51  157.32
 148.90   19.16
 148.98   14.49
 149.81   17.28
 150.34  243.56
 150.61  247.03
 152.56  227.09
 152.66  127.82
 153.22   19.65
 153.76   13.43
 154.34   90.69
 154.42  180.96
 155.28  249.46
 156.19  107.94
 157.34  218.14
 158.55   89.27
 158.71  220.01
 160.72   41.89
 163.51  191.02
 166.92  192.67
 171.58  129.09
 172.85   32.51
 173.06  112.22
 173.12  114.86
 174.73  127.14
 175.11  129.86
 175.50  103.11
 176.66  183.57
 177.02  149.27
 177.42  190.36
 177.89  124.99
 178.60   59.05
 179.12   84.64
 180.43  122.09
 180.57  130.20
 182.52   83.14
 182.56  156.14
 183.04   96.09
 184.98  211.59
 185.51   57.87
 185.64   71.29
 186.85   65.43
 188.81  146.70
 189.19  159.54
 190.13  171.58
 190.22   58.33
 190.23   79.85
 190.32   72.60
 191.51  103.54
 193.03   75.45
 193.50  152.24
 194.77  192.16
 194.99  216.10
 197.00  171.14
 197.05  160.92
 197.79  122.15
 197.96  167.84
 198.23   46.78
 198.72  155.21
 199.98  162.78
 201.28  216.02
 201.34  178.86
 202.64  190.60
 203.23   75.41
 203.94   86.51
 206.22  158.39
 206.35  193.25
 207.77  215.62
 208.56  227.73
 209.01  145.85
 209.24  191.03
 209.78   68.87
 210.48   12.22
 212.22  185.44
 214.43   83.71
 216.37  178.22
 217.24   89.45
 218.54  181.36
 218.60   67.68
 218.65   71.77
 218.75  174.01
 220.68   65.39
 221.23  215.15
 221.59   35.84
 223.73  205.11
 227.63  202.24
 228.66   23.07
 229.64  142.12
 230.43   25.85
 231.76   78.48
 234.19   60.06
 234.63   71.86
 237.05  225.96
 237.25  204.08
 238.08  200.41
 239.14  189.44
 242.30  209.90
 242.71   83.46
 243.20  206.65
 243.21  204.55
 243.76   59.51
 245.39  200.73
 245.99  195.60
 247.58   75.18
 248.61  210.48
 249.06  225.17
