   7.28  120.73
   7.43  165.19
   9.44  138.40
  13.48   60.89
  13.57  142.08
  15.14   64.34
  16.94  150.70
  18.77  137.82
  21.74  107.31
  23.69   99.88
  24.45  123.23
  24.88  136.22
  25.87  155.79
  25.90  139.99
  26.03  163.18
  28.40  122.26
  30.40  152.74
  31.49  118.54
  31.99  133.73
  32.11  156.83
  32.72  137.57
  33.33   26.25
  34.00  151.67
  34.72   61.01
  36.03   39.08
  38.13  154.48
  38.32  139.23
  38.33  145.39
  38.88  166.81
  39.24   41.06
  39.62   61.53
  41.57   41.61
  42.41  159.38
  42.47  132.21
  42.80  151.20
  43.26  147.92
  43.27   60.90
  43.71   61.28
  44.82  145.37
  45.40  140.45
  46.46   65.30
  48.25   39.02
  48.57   58.40
  48.99   65.41
  49.44  148.98
  49.98   50.04
  53.88   65.24
  53.90  153.86
  54.60  154.94
  55.16  136.63
  56.00   99.95
  57.20   41.26
  59.30  148.84
  59.45  112.01
  61.26  108.66
  63.34   39.02
  63.76  141.61
  65.19  130.39
  66.46  128.36
  66.61   41.10
  66.63   50.92
  71.41  147.67
  71.72   41.66
  72.30  135.77
  72.38  158.63
  73.86  137.52
  77.29  138.65
  77.51  132.00
  79.47  130.56
  80.73   54.60
  80.88  135.98
  81.75  138.38
  91.12   56.86
  91.95  140.39
  92.51   54.13
  92.90   89.05
  93.36   68.53
  94.05  138.23
  94.84  159.28
  95.45  143.23
  99.04  135.63
 100.51   58.44
 102.24  143.68
 103.41  121.81
 105.97  135.37
 106.43  138.16
 106.95  144.74
 110.41   57.43
 115.11   61.97
 117.96   70.82
 122.02  138.98
 122.87   84.99
 122.91  121.61
 123.14  145.07
 124.55   92.90
 125.03  110.59
 125.94  138.63
 126.47  135.92
 126.65  142.12
 131.33   93.46
 132.65  136.34
 133.07   32.53
 135.03   24.92
 135.21   74.73
 136.03   22.58
 137.03   79.88
 140.49   23.09
 141.73   85.89
 145.97   92.63
 146.68  172.57
 147.72   78.06
 147.78   77.66
 148.28  131.91
 150.99  137.20
 153.01   94.53
 155.39   97.46
 155.88  112.11
 155.93  126.09
 155.98  116.72
 156.49  132.27
 156.65  101.45
 156.74   25.10
 158.13  108.51
 158.32   94.07
 163.04  133.67
 165.98  142.33
 166.85  109.78
 167.19  135.51
 168.69  127.75
 169.11  121.62
 169.27  114.26
 172.42  131.90
 173.24  138.78
 177.67  130.93
 180.93   51.23
 181.01  124.76
 185.97  174.07
 186.49  135.61
 189.30  124.36
 194.71  145.65
 196.77  122.50
 197.31  139.05
 197.31  142.70
 198.51  119.06
 199.17  138.53
 199.36  145.74
 199.61  126.73
 201.60  135.78
 202.19  141.98
 202.98  113.34
 203.02  120.58
 203.20  133.10
 204.02  108.58
 206.78  134.58
 206.91  123.65
 208.82  118.43
 209.72  128.84
 210.11  104.70
 215.41  117.79
 215.57   72.52
 216.13  159.78
 216.71  132.88
 216.95  155.98
 217.24  129.04
 217.46  121.14
 217.46  114.87
 218.76  128.38
 219.38   83.13
 219.97   76.50
 219.99  141.41
 220.51  159.60
 221.43   26.77
 221.91   92.47
 222.02   85.43
 222.93   74.43
 223.04  169.11
 224.49   24.68
 226.04   26.35
 226.66   78.32
 232.74  162.29
 236.47  148.86
 236.82  147.11
 240.28  156.64
 240.35  149.57
 242.06  117.65
 248.42  155.50
 248.69  102.82
 249.52   82.72
