  10.01   34.91
  10.55   31.32
  10.66  114.93
  12.12  171.50
  12.43   87.62
  13.29  122.03
  13.94  130.11
  14.05  141.88
  15.67   35.32
  16.23  132.26
  16.27   41.31
  17.54  128.06
  18.03   30.90
  18.26   33.79
  20.42   47.52
  20.43  145.20
  20.69  148.19
  21.29   40.54
  22.01  198.46
  22.63   71.60
  23.57  168.90
  23.79  127.62
  24.66   72.10
  24.68   77.99
  24.76   74.29
  25.23  118.23
  25.44  151.74
  26.15  146.48
  27.06  168.72
  27.81  158.29
  27.88  194.64
  28.57  112.52
  28.83   51.44
  28.87  155.16
  29.22  141.62
  29.23  171.64
  29.67   44.62
  30.17  141.49
  30.57  135.25
  30.59   86.00
  31.15   74.35
  31.27  146.56
  31.89  126.57
  31.93  132.21
  32.43   92.82
  32.52   33.52
  33.67   64.36
  33.90  140.89
  34.57   78.22
  34.64   95.47
  34.66  120.23
  34.76  115.63
  35.65  111.05
  35.96   30.92
  36.50  133.62
  37.38   41.12
  37.72  165.84
  37.90   97.94
  38.79  107.64
  40.42  118.22
  40.91  205.70
  41.05  197.11
  41.33   88.40
  41.87  169.73
  41.99  149.92
  42.35  157.11
  42.37  149.57
  42.60  143.84
  42.63  193.65
  42.89  163.17
  43.01  200.45
  43.16  114.79
  43.56  193.29
  43.69  209.27
  44.25   87.23
  44.26  128.73
  44.40  139.54
  44.59  109.88
  44.62  181.80
  45.59   30.72
  45.80   80.57
  45.91   75.59
  46.62  129.64
  47.64  146.29
  47.78  197.05
  47.85   75.60
  48.42  208.97
  48.88  204.68
  49.20  129.39
  49.31  174.15
  49.69  117.08
  50.07  126.38
  50.32  108.11
  50.37  188.00
  50.38  141.48
  51.02  136.18
  51.71  192.84
  51.76   42.82
  52.00  199.92
  52.53  133.20
  53.48  152.38
  53.94  176.23
  57.03  106.87
  57.12   54.23
  57.13  164.22
  57.98  118.89
  59.33   17.98
  60.15  126.25
  61.32   26.39
  62.00   39.97
  62.54   92.43
  63.21  169.48
  63.57  248.13
  64.03  123.06
  64.84  129.41
  66.16   46.13
  66.40  107.56
  66.89  114.72
  67.46  115.25
  68.08  140.54
  68.49   63.46
  68.65  247.13
  68.99  163.28
  69.10  119.42
  69.62  119.62
  70.35   57.25
  70.63  151.53
  71.78  156.20
  72.25  106.33
  72.62   92.19
  73.65  134.01
  74.74   82.45
  74.81  125.60
  74.88   45.46
  76.18  164.90
  76.41   74.85
  77.52  168.76
  77.62  129.98
  78.56  109.54
  78.66  122.25
  78.77  166.20
  78.90   87.37
  79.74  163.54
  80.02  141.46
  80.16   61.38
  80.55  127.35
  81.31   46.43
  81.46  130.94
  82.37  103.97
  83.41  165.47
  84.52  110.43
  85.86  109.66
  86.05  100.48
  86.49  113.61
  87.08  147.56
  87.38  140.85
  87.38   93.31
  87.63   98.00
  88.11  127.30
  89.73  143.86
  89.94  168.42
  89.98  110.82
  94.06   69.11
  95.74  109.59
  96.80  144.31
  96.82   90.57
  97.42  108.83
  97.90  112.80
  98.78   63.76
  99.66  147.35
 100.02  134.58
 100.71   83.33
 100.86   87.38
 100.96   77.09
 100.99   74.73
 101.12   94.40
 101.82   70.81
 102.30  150.28
 102.77  190.91
 102.84  112.13
 103.95  112.66
 104.60   62.33
 108.74  151.16
 109.64   52.24
 110.25  147.78
 112.05   56.88
 115.36   52.91
 115.37   32.96
 117.26  150.87
 119.77   57.29
 121.59  106.50
 123.73   46.02
 124.14  140.67
 124.16  148.52
 125.59   41.04
 125.87   47.02
 127.01   51.55
 127.55   31.11
 128.53  167.88
 129.38   40.28
 129.77  146.03
 130.23  100.74
 131.47   46.41
 132.17  118.55
 132.44  148.30
 133.17  131.57
 135.18   35.69
 135.38   38.96
 136.31  131.80
 136.71  147.47
 136.84  118.17
 137.81   74.22
 137.91   66.59
 138.02   69.98
 139.13   32.40
 139.18  129.36
 139.58  120.16
 140.05   98.55
 140.10   92.59
 142.87  117.58
 144.04   92.01
 146.81   30.38
 148.53  116.58
 148.97   66.95
 149.03  102.70
 149.16   90.26
 149.94   51.72
 150.17   46.39
 151.01   22.36
 151.46  115.00
 152.61   94.58
 155.11   18.87
 157.27   87.54
 157.85   26.27
 159.52   98.72
 159.59   14.50
 162.43  142.29
 163.57   85.59
 163.72   56.56
 163.94   42.88
 164.18   36.35
 165.19   10.61
 165.50  136.21
 165.97   20.66
 166.15  101.18
 166.64   89.88
 167.83   90.34
 168.59   17.58
 169.26   12.53
 173.59   82.33
 175.72  160.97
 176.17  102.30
 176.21  146.76
 176.49   94.87
 176.51   99.11
 177.00   82.63
 179.43   99.47
 180.72   52.32
 180.83   47.53
 181.48   80.04
 182.80  147.05
 184.31   96.04
 184.84  137.04
 185.05   11.05
 187.34   93.09
 187.69  161.24
 191.98  149.17
 194.17   76.04
 194.26   75.94
 194.71   91.69
 194.97   15.63
 198.06   94.84
 198.13   90.00
 198.73   76.59
 198.87   32.09
 199.18   15.58
 202.72   40.75
 204.33   72.78
 204.70   94.19
 206.60   40.36
 206.94   30.97
 206.94   36.81
 207.13   27.55
 207.22   21.75
 207.30   21.38
 208.24   72.42
 215.57  150.21
 221.17   67.45
 221.95   90.77
 226.33   28.65
 227.79   70.38
 227.81  147.98
 230.62   29.18
 230.88  146.84
 231.95   26.96
 232.82   61.88
 232.86  163.17
 232.90   31.60
 234.92   62.84
 235.96   87.89
 238.09   60.25
 244.95  137.84
 247.27  143.82
