   7.50  131.81
   7.63  208.31
   9.17   98.08
   9.25   91.11
  10.57  179.87
  10.61  189.59
  11.28  177.02
  12.05  207.97
  12.18   87.33
  14.52  209.11
  15.16  205.06
  15.89  160.08
  16.07  170.87
  16.16  200.40
  16.16  174.63
  16.36  117.01
  16.45  155.74
  16.62   97.49
  18.08   80.72
  18.40  208.20
  20.19  195.47
  20.22  187.27
  22.06   44.64
  22.52  191.73
  26.10   64.51
  26.50  212.58
  34.06   39.51
  35.81  193.48
  39.83  207.25
  39.92  199.07
  39.99  192.21
  40.19  196.51
  42.07  211.08
  42.88  217.69
  43.45  214.60
  44.32   39.99
  45.36  193.31
  46.60  136.28
  47.07  134.22
  47.42  167.59
  47.87  191.89
  48.00  186.19
  48.09  187.50
  48.21  184.92
  49.44  206.35
  49.50  135.99
  49.90  176.23
  50.57   83.32
  51.62  135.50
  51.90   56.56
  51.97  122.10
  52.14  188.81
  52.66  170.56
  53.06  165.85
  53.07   92.37
  53.89  116.15
  54.13  197.20
  55.15  208.24
  55.24  168.17
  55.91  101.40
  57.83  119.66
  58.15  188.58
  60.66  209.32
  61.80  205.11
  63.04   57.47
  63.81  131.20
  65.29  195.87
  66.09  195.38
  67.66   75.52
  67.84  216.19
  69.53   95.09
  69.99  158.01
  70.28  172.74
  70.43  132.43
  71.40  155.99
  71.80  201.47
  72.77  140.30
  73.02  107.60
  73.12  169.38
  73.31  191.47
  73.66   93.05
  74.03  194.92
  74.70  199.94
  74.93   59.08
  75.00   66.16
  75.25  156.38
  75.52  113.82
  76.10  138.62
  76.10  166.16
  76.22  101.89
  76.30  106.32
  76.50   90.63
  76.57  122.96
  76.60  173.05
  76.82   95.98
  76.97  130.83
  77.03  162.60
  77.36  119.99
  77.47  195.04
  77.77   88.55
  78.38  158.49
  80.64  170.08
  82.28  142.10
  82.41  110.61
  82.55  167.78
  82.63  172.42
  82.67  163.86
  84.92  170.23
  85.43  109.78
  85.45  142.08
  85.87  202.12
  86.68  118.16
  87.13  100.21
  88.17  168.89
  88.63  206.90
  88.85  165.00
  89.55  184.59
  89.67  174.01
  89.71  190.46
  91.78  174.11
  92.96  144.26
  93.04  113.97
  93.16  129.08
  93.21  158.45
  93.25  170.67
  93.40  100.27
  93.74  105.66
  94.02  170.70
  95.51  108.55
  95.62  138.93
  95.65  142.58
  95.83   98.61
  95.86  127.94
  95.89  204.21
  96.02  133.65
  96.30  125.40
  96.41  103.50
  96.49  164.53
  96.49   66.15
  96.53  134.04
  96.91  115.53
  99.50   69.70
  99.50   69.66
  99.99   80.53
 100.77  116.61
 101.59  197.02
 103.23  203.88
 103.46  112.10
 103.55  102.95
 104.03  121.51
 104.42  191.28
 104.85  107.27
 105.96  170.56
 106.42  198.56
 107.47  108.92
 107.68  175.49
 107.72  184.23
 107.90  175.92
 107.92  183.80
 108.92  162.37
 109.17   71.18
 109.44  189.28
 109.88  144.25
 109.90  119.61
 109.99  107.28
 110.52  221.20
 110.60   84.54
 112.42  117.55
 112.56  138.72
 112.58  181.24
 112.83  145.61
 113.28  165.50
 116.02   77.67
 116.84  199.75
 118.39  202.17
 118.44  190.09
 118.68  126.72
 118.81  133.66
 119.11  148.52
 119.71  112.26
 121.35  171.07
 122.66   78.94
 122.77  194.45
 123.81  201.45
 124.37  172.49
 126.23  116.21
 126.80  141.28
 127.13  149.58
 128.35   93.94
 128.78  115.14
 130.04  195.58
 130.24  201.81
 131.56  100.01
 131.59   84.97
 132.32  130.77
 132.54  116.67
 133.26  149.34
 133.46   79.79
 135.29  175.42
 135.70  184.23
 135.82  181.12
 136.99  144.28
 137.00  191.89
 137.86  102.78
 138.19  155.94
 138.52  119.74
 138.74  143.91
 139.21  151.23
 139.46  193.23
 139.87   66.01
 140.44   79.10
 140.75   93.27
 141.68  112.66
 141.89   85.95
 141.95   66.37
 142.79  176.84
 144.59  111.19
 144.63   54.82
 145.64  224.66
 146.31   59.32
 148.23   89.75
 149.36  102.43
 149.69   63.39
 150.12  144.74
 150.13  132.53
 150.21  197.04
 150.42  154.98
 150.49   49.74
 151.09   72.74
 151.53   96.50
 151.98   44.73
 152.54   61.51
 152.84  189.59
 152.87   45.43
 155.95  197.32
 156.62   86.22
 157.55  134.37
 159.94   40.08
 160.65   60.24
 161.04   83.39
 161.50   88.07
 161.55   71.06
 161.95  196.95
 162.10  122.01
 162.79   80.37
 162.96  144.26
 163.06  128.91
 163.82   68.82
 164.07  194.15
 164.24  131.67
 165.43  121.52
 168.36   93.95
 168.60  199.48
 169.17   91.45
 169.34  128.30
 169.68   96.73
 169.79   70.05
 170.18  185.15
 170.71  121.21
 171.35  188.15
 171.47  130.99
 171.62  221.47
 172.06  191.15
 172.38  105.78
 173.45  190.19
 174.71  130.81
 174.78  110.50
 175.32  107.91
 175.82  150.93
 176.11  117.62
 176.42   95.78
 177.24  130.59
 177.29  187.32
 177.88   95.65
 178.41  112.35
 178.81  151.99
 180.72  110.19
 181.63   54.16
 182.03  116.98
 182.69   44.80
 182.86  129.95
 183.04  153.34
 184.14  102.03
 184.64  121.99
 184.71  154.45
 185.02   75.37
 185.32   82.20
 185.36  104.65
 186.67   72.27
 186.70  134.60
 187.67  121.91
 187.74  116.57
 188.48   86.24
 188.55   67.31
 188.77  190.78
 189.69  121.54
 189.92  187.40
 190.16  211.69
 190.26  233.09
 190.80   96.37
 191.02  164.38
 191.24  194.71
 191.29   47.96
 192.50  196.79
 192.72  228.15
 192.85  118.48
 192.87  124.14
 193.24   43.03
 193.66  150.35
 194.21  156.28
 194.54  113.50
 194.55   47.42
 194.86  123.91
 195.65  201.48
 196.34  146.14
 197.17   57.27
 197.80  171.27
 197.85   53.87
 198.07  150.29
 198.23  113.24
 199.22   98.16
 199.69  104.98
 200.32  113.10
 200.45   67.82
 200.95  209.05
 201.37   92.81
 201.40  138.81
 202.15  224.36
 202.40  197.21
 202.59  118.14
 203.65   41.41
 204.57   89.38
 204.84  195.28
 204.91   61.90
 204.93  149.90
 205.31  202.23
 205.40  199.19
 205.65  170.83
 207.17  209.88
 208.31  225.12
 208.49  204.03
 208.72   57.63
 209.00   61.42
 209.09  231.56
 209.23  156.57
 209.79   29.58
 209.79  109.25
 210.28   64.03
 210.56  228.66
 210.66  174.68
 211.51  114.39
 211.58  235.32
 211.62   56.93
 211.81  180.72
 211.85   60.82
 212.15  220.76
 213.19  117.11
 213.42   68.39
 213.42  111.42
 213.51  167.38
 213.73  189.98
 214.02  103.63
 214.41   35.53
 214.42  209.30
 215.30   39.49
 215.75  140.05
 216.42   28.83
 217.23  231.78
 217.35   60.34
 217.61  222.97
 217.93   67.92
 218.03  190.64
 218.15  105.97
 218.99  137.66
 220.27   31.11
 221.00   67.45
 221.04  153.29
 221.15  197.37
 222.23   47.62
 223.07   37.07
 223.72  240.22
 224.26  133.81
 224.28  147.92
 224.65  102.52
 225.08  107.99
 225.16   52.44
 225.27   85.01
 225.39   90.10
 225.44  116.14
 225.87  187.92
 226.34  163.06
 227.42  153.37
 227.87  121.12
 228.18  207.31
 228.37  107.68
 228.58  170.03
 228.63  239.14
 229.18  216.15
 229.77  163.03
 230.16  177.72
 232.54  162.85
 232.78  189.03
 233.55  142.08
 235.85  170.17
 236.42  150.41
 236.58   49.57
 236.93  191.39
 237.12  107.28
 237.50  198.99
 238.17  113.78
 238.69  154.71
 238.80  155.47
 238.81   74.28
 239.96  215.21
 241.75  160.15
 242.71  216.12
 245.21  225.92
 245.34  221.73
 245.53  166.51
 246.21  126.22
 247.85  215.08
