   8.41  123.66
   8.89  129.54
   9.78  167.55
  10.92   84.02
  11.39   68.11
  13.41  166.89
  14.22  112.92
  14.52   55.82
  15.99   71.09
  16.01  169.87
  18.70  146.16
  21.16   72.23
  21.22   88.57
  22.34    9.24
  22.58   56.99
  22.91   43.29
  23.53   56.57
  23.56  155.50
  23.99   79.42
  25.37  164.54
  25.86  146.95
  26.18   57.85
  26.29   48.25
  26.59  169.69
  28.76   34.56
  30.18  149.24
  31.17  139.59
  31.87   91.64
  32.01   27.53
  34.59   64.42
  35.04  171.88
  35.17  101.24
  37.09   35.77
  37.56  103.42
  38.00  138.25
  38.02   50.17
  38.06  169.00
  38.45  143.91
  38.47   64.27
  38.53  130.44
  38.70  115.87
  39.31  101.64
  40.06  180.98
  40.77  121.79
  40.95   17.53
  41.43   23.79
  41.61  122.40
  41.70   64.19
  41.82   88.66
  41.85   66.61
  41.89  183.38
  41.90  147.16
  44.46  185.37
  45.07   23.20
  45.51  156.92
  45.57   66.88
  45.66   53.41
  45.85   53.62
  45.92  129.92
  46.09  119.23
  46.11   85.73
  48.29   58.37
  54.27   98.00
  54.41  113.50
  54.95  137.80
  55.83   41.24
  59.79   50.55
  60.46   33.95
  61.14   61.34
  62.95   50.57
  63.64   53.69
  63.76  144.73
  64.45  106.56
  66.34   42.20
  66.49   52.45
  66.55   97.54
  67.01   55.38
  67.03   64.00
  67.04  128.99
  67.21  117.62
  68.07   92.69
  68.07  180.59
  70.01   56.87
  70.22   60.89
  70.65  143.29
  71.75   99.30
  72.33   94.04
  72.56   66.15
  74.20  178.96
  75.83  179.78
  77.09   71.51
  77.73  140.06
  77.75  102.61
  78.10  129.89
  79.46  102.37
  80.31  178.70
  81.75  171.06
  82.15  170.27
  82.56  111.95
  82.58   10.60
  82.83   29.39
  82.92  132.63
  83.41   52.61
  83.58   55.41
  83.97  111.19
  84.32  125.18
  85.06   67.90
  85.45   73.43
  85.85  157.36
  85.86   72.47
  86.21  100.62
  86.22   98.07
  86.32  133.44
  86.37  131.50
  87.39   58.46
  87.51   50.97
  87.92   69.32
  88.31   25.39
  88.66  148.25
  88.82  122.06
  89.01  161.80
  90.29  168.34
  90.45   74.48
  90.59  124.52
  90.70  132.36
  90.77   99.18
  92.30   70.91
  93.82  159.08
  94.03  144.71
  94.24   84.96
  94.34   77.57
  94.41  152.85
  95.50  167.85
  95.67  163.56
  95.99  151.54
  97.62   17.46
  97.83   24.90
 100.46   75.26
 101.02   80.61
 101.14  135.54
 101.61  104.41
 101.88  122.53
 101.94  127.13
 104.75  126.15
 104.80  163.00
 104.81   81.05
 107.60   84.52
 107.69   90.76
 107.95  133.90
 108.16  130.58
 108.92  139.68
 109.24   76.84
 109.54  109.54
 110.93  167.13
 112.06   10.23
 112.13  106.10
 112.21   80.42
 112.23  151.89
 112.30  151.07
 112.72  161.30
 112.97  115.04
 113.15   47.61
 113.36  137.16
 114.07  108.25
 115.46  126.66
 115.78  166.38
 117.77  159.23
 118.95   95.22
 119.79  129.05
 119.88  114.35
 121.52  139.22
 121.73  152.19
 123.87   90.77
 123.99  128.91
 124.98  110.49
 127.88  151.62
 128.55   92.43
 128.69   98.41
 130.34  116.02
 130.50  137.49
 131.68  133.48
 131.89   93.33
 132.34  127.80
 133.26  112.61
 133.90  158.56
 134.00  147.65
 136.69   97.45
 136.87    8.17
 137.09  102.64
 137.64  117.02
 137.77  135.18
 139.26  127.22
 139.44  163.87
 139.78  150.69
 140.10   97.63
 140.20  179.81
 140.43  166.71
 140.84  114.83
 141.03  135.48
 141.09  142.50
 141.54  160.22
 142.53  130.92
 143.21  153.70
 144.22  149.12
 144.91  100.27
 145.26  181.44
 145.28  172.27
 145.99  135.07
 149.19  116.16
 149.90  136.26
 150.02  146.11
 150.46  169.65
 150.84   35.74
 151.48   31.95
 152.40  167.17
 152.90  102.42
 154.06   32.63
 154.15   13.00
 155.30   36.64
 155.68   55.14
 156.17   61.97
 156.55   72.58
 157.42   76.42
 157.99  109.34
 158.10  118.76
 158.29  118.70
 158.30   32.08
 161.51   40.72
 161.61  156.27
 161.69  126.07
 161.94  166.83
 162.03  161.22
 162.14  156.91
 162.17  117.91
 162.26   71.56
 162.88   76.43
 162.89  140.98
 162.90  132.60
 163.76   80.92
 164.19   36.04
 164.38   98.85
 164.48  149.89
 165.24  140.80
 165.36  166.38
 166.19  108.07
 166.53   82.49
 169.00  140.93
 169.64  109.81
 170.59   39.47
 171.05  154.67
 171.52  155.64
 172.18  117.86
 173.11  162.39
 175.09  148.34
 176.07  159.89
 176.82   49.64
 178.23  165.74
 178.93   68.23
 181.15   99.88
 181.69  107.99
 182.52  133.16
 184.10  105.94
 184.25   91.64
 184.95  124.12
 185.20   75.36
 186.10   75.06
 186.44  101.89
 186.73   93.97
 187.12  104.02
 191.81  137.12
 194.53  106.99
 195.18  117.75
 195.36  129.57
 202.72  127.80
 202.92  143.06
 205.04  135.55
 206.79  163.33
 207.36  133.49
 207.59  160.44
 208.31  122.24
 209.79  157.97
 210.74  142.69
 212.42  126.82
 213.58  116.70
 214.44  120.40
 219.03  116.38
 219.15  124.09
 220.08  114.17
 220.83  137.68
 220.96  163.33
 222.10  126.33
 224.56  137.05
 226.34  174.79
 226.51  130.15
 227.72  109.15
 228.40  104.49
 230.04   66.75
 230.08   43.96
 230.43  168.40
 230.86   80.43
 231.49  157.67
 232.04   63.49
 233.18  164.12
 233.73  129.89
 233.80  110.94
 234.50   57.40
 234.54  127.15
 235.15   70.77
 235.32   77.04
 236.02   90.13
 238.27  109.26
 239.01  142.70
 239.07  117.53
 241.12  127.13
 242.00  142.62
 244.25  104.55
 244.42   53.66
 244.53   50.93
 244.66  152.99
 247.13   91.37
 248.21   50.88
