   7.08  116.37
   7.18  172.22
   9.03  142.03
   9.56   86.94
  11.25  115.41
  11.65  123.34
  11.91  129.05
  12.28   92.88
  12.76  142.23
  12.89  161.14
  13.48   44.52
  13.56   74.99
  13.71   93.56
  15.51  129.90
  16.09  111.08
  17.11   20.78
  17.15   42.90
  17.52   48.39
  17.95   27.91
  17.96   14.40
  18.12  136.77
  18.95  151.00
  21.07   92.32
  21.34   38.55
  23.05  145.84
  23.61  123.83
  23.84  106.10
  23.91  129.53
  24.59  178.90
  25.12  159.90
  26.67   97.96
  28.30  177.75
  31.03  113.38
  32.11  148.31
  32.89  106.91
  32.96  151.28
  33.20   79.51
  33.48  129.53
  33.54   41.65
  33.61   24.21
  34.34  161.99
  35.15  142.55
  35.18  156.94
  36.83   79.01
  37.63  143.78
  37.80  140.64
  37.82   72.75
  39.59  116.20
  40.60  143.76
  40.78  162.41
  42.20  139.46
  43.00  168.96
  43.06  138.65
  43.28  127.78
  43.38  115.84
  44.63   90.61
  45.65   97.57
  45.82  142.91
  46.43  121.39
  46.71  140.83
  46.86  146.64
  48.28  127.61
  48.32  146.83
  48.55  160.74
  48.88  138.16
  48.97  155.03
  49.34  134.74
  51.43   90.23
  51.48   55.94
  52.26  151.17
  52.89  108.49
  53.25  118.40
  53.25  163.59
  53.39   80.75
  53.53   27.19
  53.57   41.73
  53.89  157.01
  55.08  125.58
  55.38   81.50
  57.65  148.34
  57.98   90.35
  58.11  157.49
  58.22  130.68
  59.17  155.25
  60.39  113.37
  60.65   55.74
  60.82   43.11
  60.98   48.70
  61.24   30.23
  61.25   65.12
  62.20  157.15
  63.29  124.93
  63.66  111.13
  64.89  162.44
  65.72  126.71
  66.12  138.68
  67.46  124.50
  67.64  153.52
  67.86   90.80
  68.02   99.74
  69.18  117.17
  70.54  155.71
  71.48  130.00
  72.14   46.70
  72.90   23.51
  73.55   37.51
  73.68  153.56
  75.02   49.11
  78.04  140.79
  78.76   65.28
  79.55  149.71
  81.56  131.26
  82.24  147.71
  82.57  113.59
  85.58   75.11
  86.84  141.60
  87.62   95.79
  88.27  149.26
  91.94  105.03
  92.29  108.33
  92.33  141.43
  93.27  110.29
  93.55  113.80
  94.85  143.76
  96.88  116.04
  97.09  109.96
  97.96  141.68
  98.80  149.77
  99.20  152.73
  99.83   96.17
 102.45  133.50
 103.08   85.44
 103.61  132.10
 105.91  152.04
 106.53   87.51
 108.06   77.84
 108.86   79.21
 108.94  144.87
 110.19  135.49
 111.85  136.38
 112.49  121.05
 113.77  150.39
 114.42   72.57
 117.36  150.18
 117.97  120.33
 119.08  145.61
 120.32  136.78
 121.30   65.97
 121.52  148.59
 121.64   85.99
 125.42   88.03
 125.60  119.46
 126.47  147.72
 128.79  129.07
 129.48  152.49
 131.34  132.24
 131.39   57.66
 131.42  120.61
 131.62  115.72
 131.66  127.74
 133.28   91.70
 136.96   73.83
 137.75  126.45
 137.91   64.72
 139.49   82.26
 142.14   58.22
 142.32  142.51
 143.92   64.49
 145.03  112.55
 145.39  147.80
 145.46  138.02
 146.93  129.35
 147.00  129.48
 147.09  100.12
 148.04   61.30
 149.67  146.85
 150.84   58.12
 153.23   59.74
 155.45  125.91
 157.21  140.48
 160.56  141.55
 161.12  118.95
 162.45  114.23
 162.68  134.31
 162.73  126.94
 163.34   56.63
 164.04  121.27
 165.01   96.32
 165.11  110.07
 165.71  131.70
 165.72  128.35
 165.83  134.98
 167.16   70.75
 167.47   79.96
 168.21   50.01
 171.75  116.70
 174.39  117.92
 175.10   95.31
 176.72  141.97
 176.97  147.95
 177.27  120.99
 178.84  154.61
 179.55  114.79
 180.83  116.71
 181.05   53.03
 181.38  113.86
 182.16  126.24
 182.90  140.39
 184.04  119.92
 184.50  153.31
 185.70   53.78
 186.92  162.00
 187.29  129.50
 191.18  145.46
 191.32  138.51
 192.19  147.89
 194.77  170.41
 195.06  156.93
 195.37   97.89
 198.13  123.73
 198.31   58.35
 198.95   69.14
 202.42  161.20
 202.53   58.93
 202.83  141.11
 203.38  129.11
 204.91   64.44
 205.08  172.28
 206.42  130.98
 206.70   66.23
 207.01  161.22
 207.52  141.49
 208.74  127.61
 210.13  174.79
 210.38  113.45
 210.97  162.61
 211.43  120.95
 212.40   99.84
 212.44   92.25
 212.98   66.56
 214.87  170.46
 216.59   84.12
 217.33  126.62
 217.44   76.37
 217.56  115.25
 218.82   66.81
 218.93   66.72
 220.98  138.51
 221.15  108.13
 221.92  130.54
 222.06  173.93
 222.19  137.64
 223.08  109.95
 223.56   88.94
 223.73   95.21
 223.73  121.25
 225.55  129.97
 227.62  175.89
 228.13   66.93
 229.29  108.24
 229.30   66.07
 229.72  137.31
 231.09   70.24
 231.48  130.07
 231.94   89.42
 235.01  169.66
 235.28  126.64
 237.76  182.29
 237.99  123.20
 240.75  144.99
 241.40  127.75
 242.96  107.88
 244.40   76.50
 244.67  105.24
 245.04   91.78
 245.37  145.09
 246.77   98.86
 247.93   94.27
