   7.21   84.00
   7.36  168.39
  10.72  215.73
  10.79   91.84
  10.95   66.38
  11.29   50.95
  11.57   83.26
  14.05  104.24
  14.72  197.56
  15.06   56.43
  17.06   98.97
  17.95   39.05
  20.05   55.16
  20.26  200.72
  21.12  208.53
  21.21  150.30
  21.27  208.60
  23.35  171.32
  23.66  183.82
  25.93  187.26
  27.73   93.16
  28.41  203.76
  28.47   57.36
  28.48  188.22
  29.56  171.79
  32.33   56.29
  32.99  121.46
  34.21   75.87
  35.26  210.74
  35.46  200.89
  35.81  163.31
  36.07  206.30
  36.09  117.80
  36.63  232.30
  38.22  222.37
  38.54  159.93
  38.95   67.17
  39.20  172.41
  40.28  215.61
  41.86  226.59
  43.97  200.24
  44.35   92.37
  46.09  204.80
  46.21  160.48
  48.70  153.32
  48.71   61.89
  49.99  152.58
  50.33  111.08
  50.67   66.16
  52.23  143.54
  53.33  216.00
  55.04  163.27
  55.08   78.81
  55.80  221.38
  56.12  107.55
  56.93  100.06
  57.63  225.16
  58.45   78.53
  60.75  166.42
  61.00  161.06
  61.89  162.52
  62.71  110.87
  62.97  152.04
  64.25  131.81
  65.68  162.95
  68.79  120.52
  69.92  156.51
  70.13   95.26
  70.35  163.16
  70.55  154.47
  71.78  116.11
  74.17  114.10
  75.52   93.75
  79.74  112.06
  79.90  131.14
  79.93  127.64
  80.86  181.50
  81.39  116.40
  83.72  170.87
  84.33  108.63
  84.35  173.58
  86.40  130.98
  91.17  108.23
  91.94  114.04
  92.76  174.85
  96.06  128.88
  96.51  123.06
  96.71  130.80
  97.53  166.73
  97.64  175.21
  97.79  120.04
  98.22  171.82
  98.35  162.33
  98.35  166.71
  98.42  159.34
  98.74  108.53
 100.32   81.54
 102.39   81.06
 102.88  118.65
 102.94   89.89
 103.35  165.44
 103.82  159.90
 104.77  175.75
 107.35  174.63
 107.65  164.00
 111.44  157.22
 113.12  121.40
 113.41  147.34
 113.95   78.92
 114.44  137.12
 115.44  128.44
 116.79  145.38
 117.46  172.55
 117.53  137.17
 118.81  138.45
 119.14  130.80
 120.72  157.08
 120.82   71.77
 121.05  153.07
 122.84  146.30
 123.43  179.16
 123.48  168.56
 124.27  150.88
 126.28  165.37
 126.30   71.82
 126.42  124.04
 127.43  175.48
 127.94  215.52
 129.70  134.15
 129.78   61.36
 130.12  164.94
 130.44   97.88
 130.68  161.80
 130.93   64.86
 130.95  169.67
 131.62   88.30
 131.76   75.48
 133.86  143.26
 134.00   98.02
 134.80   87.58
 135.12  154.19
 135.26   76.77
 135.75  117.72
 135.91  165.95
 136.81   91.23
 136.90   97.18
 137.35  176.58
 138.31   67.95
 139.47   88.05
 140.57  229.75
 140.73   82.53
 141.85   91.42
 143.75   69.99
 144.68   62.51
 148.59  164.03
 148.73  168.18
 149.19  137.50
 150.29  177.05
 150.80  128.40
 151.41  101.22
 151.72  177.58
 152.76   73.99
 152.82   84.11
 152.92   80.10
 155.12   68.59
 155.67   73.60
 155.93   64.14
 156.14  142.17
 156.67  173.13
 156.87  128.73
 157.82  150.92
 158.12   46.97
 158.37   96.84
 159.37   87.03
 160.55   70.59
 160.61  159.49
 160.91  143.96
 161.57  116.25
 162.11  116.78
 162.39  171.84
 162.75  142.32
 163.28   94.22
 163.53   42.52
 164.00  137.04
 164.50   82.69
 164.55   63.85
 165.60   54.47
 165.67  103.44
 165.81  213.24
 166.43  138.89
 166.98  138.25
 167.05  122.11
 167.61  112.94
 167.95  125.14
 168.02  115.49
 168.02  173.37
 168.24   98.09
 168.56  180.94
 169.09   94.21
 169.47  101.89
 169.83  157.07
 169.99  141.89
 170.38  109.34
 170.41  177.72
 170.90   61.11
 171.09  164.33
 171.13  135.36
 171.18  159.40
 171.91  174.73
 172.34   85.41
 172.53  104.13
 172.56   73.90
 172.57  128.04
 173.48  141.92
 173.87  170.65
 173.88   44.98
 174.29  118.87
 174.68  163.89
 175.01  157.65
 175.41   60.61
 175.92   52.77
 176.10  132.83
 176.28  127.15
 177.27  178.24
 177.90  172.67
 178.06  142.95
 178.08   71.90
 179.11   67.95
 179.38   61.14
 180.74   38.58
 186.28   35.54
 188.29  139.77
 188.83  146.97
 188.94  125.07
 190.90   58.65
 191.34   95.46
 192.80  152.87
 193.00  136.45
 194.36   30.45
 194.41  145.33
 195.99  150.49
 197.35   28.74
 200.41  129.44
 200.71   26.76
 200.73  124.25
 200.79  129.45
 201.80  120.49
 204.03   24.90
 205.15  183.50
 206.80  122.14
 208.01  176.91
 208.78  151.86
 210.61  121.61
 213.79   81.71
 215.07   41.24
 215.23   72.73
 215.35  182.04
 215.38   18.47
 215.42   44.95
 219.58   16.01
 223.84  138.14
 224.01  171.84
 224.19  163.89
 224.36  158.23
 224.63  148.76
 224.98  118.32
 225.56   75.08
 225.72   48.43
 226.33  109.36
 227.09   65.09
 227.46   81.52
 229.59  150.47
 229.80  191.21
 234.25  151.04
 234.78  160.06
 235.13  163.34
 237.79  121.09
 238.84  138.19
 238.99  187.70
 240.76  117.59
 240.85  120.63
 240.88  112.09
 242.04  169.72
 244.40   38.82
 245.01    9.95
 246.48   36.61
 247.08  185.97
 248.07  130.29
 248.10  127.07
