   7.66   47.39
   8.93  123.55
  10.47   55.06
  15.23  124.83
  16.61  122.22
  17.45   66.94
  19.77  148.86
  20.79   64.39
  22.03  120.03
  22.60  115.22
  22.80   57.19
  22.91   47.54
  23.01  107.90
  23.26  149.47
  23.85   78.03
  25.01  125.71
  25.39  131.18
  25.61   70.34
  26.35   62.84
  26.51   16.45
  27.34   82.96
  27.53  126.09
  28.31   31.67
  30.85  103.21
  31.02   53.09
  31.41   56.41
  32.44   98.80
  32.61   82.54
  35.37   98.39
  35.73   69.15
  36.82   68.24
  37.03  142.65
  39.42   31.01
  39.77   86.82
  41.55   82.13
  42.21   78.42
  42.43   24.66
  44.20   65.81
  44.84   71.13
  46.46   36.88
  46.75   69.02
  46.87  134.84
  47.12   29.30
  47.59   52.38
  49.10   72.42
  49.76   27.57
  50.61  105.05
  51.19   96.86
  51.27   39.19
  52.08  127.84
  52.10   30.84
  52.13  126.85
  52.53   86.28
  54.17   27.45
  55.25   33.13
  55.71   78.13
  58.49   28.08
  58.93   17.24
  60.01  140.75
  60.42   85.50
  60.60   67.21
  61.58  121.96
  62.03  142.06
  62.89  127.98
  63.07  144.35
  64.96   53.72
  67.14  140.57
  67.99   55.03
  68.44   75.44
  69.00  119.00
  69.08   19.14
  69.14  118.96
  69.28  122.83
  70.41  119.91
  70.67   91.21
  70.90   37.40
  71.27   49.56
  71.70   78.64
  71.79   77.19
  72.15   17.83
  72.51  122.29
  73.27  102.73
  73.55  121.19
  73.73  108.33
  73.89   45.59
  74.26   66.07
  74.29   25.31
  75.89   86.99
  77.05   96.70
  77.12   81.69
  77.68  135.30
  78.52   90.09
  78.53   69.04
  78.96   85.37
  80.23   72.81
  80.27   13.03
  80.78  123.04
  81.34  111.80
  81.67  138.27
  81.97   15.95
  82.68  121.14
  82.93   63.93
  83.37   93.86
  83.60  113.47
  83.84  129.51
  83.93   11.33
  84.06   79.47
  85.34   11.38
  87.03   92.42
  87.04   59.56
  88.81   32.57
  89.75   22.09
  90.17   63.97
  93.13  106.92
  93.23   61.11
  94.23  124.53
  94.90   84.40
  95.10   64.17
  97.42   11.26
  98.57  122.53
  98.94   59.00
  99.71   50.22
 101.40   59.18
 101.76  119.25
 101.95   27.92
 102.07   86.79
 102.27  122.28
 103.13  109.48
 103.59   62.84
 103.89   45.25
 104.65   73.55
 104.80   54.59
 104.94  122.82
 106.83  132.03
 107.11   90.19
 107.64   44.45
 107.88   57.53
 108.66   64.01
 110.17   83.62
 110.68   59.97
 110.99  110.72
 111.15  110.76
 112.30   33.64
 112.60  117.48
 113.14   81.53
 113.17   54.00
 113.50   29.97
 115.07  119.91
 115.41   76.90
 115.82   84.59
 116.48  129.43
 116.69   88.71
 116.92   19.69
 117.36   29.49
 117.45   50.54
 117.74   63.97
 118.40  120.10
 119.67   75.10
 120.37  121.36
 120.48   19.98
 120.76  117.65
 120.97   16.68
 121.45   22.79
 121.47   37.44
 121.53   48.20
 122.45   30.29
 122.51   86.25
 122.77   70.32
 122.79   53.52
 123.43   83.56
 123.55    8.78
 123.78   59.07
 124.34   63.36
 124.62   63.82
 125.03  127.95
 126.14   35.01
 127.43  117.76
 127.82  120.73
 128.03   78.20
 128.60   21.07
 130.28   58.92
 130.58  115.37
 130.65   65.57
 131.24   72.31
 131.83   22.18
 131.96   68.73
 132.03   77.72
 132.97   86.04
 134.08   52.65
 134.17   18.29
 134.46   75.95
 134.99   26.84
 135.41   54.24
 135.54   79.57
 136.03   23.28
 136.13   49.41
 136.24   44.11
 136.42   92.28
 137.69   41.14
 138.25   84.20
 139.00   80.44
 139.06   30.92
 139.08   18.21
 140.11   25.14
 140.61   89.99
 142.04  107.22
 142.35  112.89
 143.85   93.38
 145.00   46.34
 145.36   37.75
 147.37   34.98
 151.03  113.87
 151.78   88.96
 152.95  121.48
 154.68   90.03
 155.30  112.62
 156.00  114.56
 158.74   82.55
 160.33  118.80
 162.58   80.07
 164.70   87.96
 165.23  113.98
 165.56  107.25
 167.10   78.56
 167.76   89.96
 170.56  106.37
 172.78   95.58
 173.90   74.92
 176.56  149.56
 176.99   83.82
 177.40  112.34
 177.75   71.48
 178.06  135.53
 178.40   81.23
 181.12   82.38
 181.47   87.16
 182.26  130.61
 182.44   69.93
 182.48  112.14
 185.08  147.94
 187.33   66.77
 188.74  137.56
 188.84   95.75
 190.15  110.22
 190.41  114.87
 190.55  117.25
 191.18   78.30
 191.77  137.67
 191.79  144.00
 193.16   98.84
 194.28   98.20
 194.56  116.80
 196.14   76.33
 197.29  138.24
 197.43  104.66
 197.62  111.50
 197.89  125.20
 199.41  105.58
 199.74  116.52
 200.98   94.52
 201.25   94.34
 203.24  140.45
 204.59   97.39
 204.73   99.49
 210.04  113.02
 211.42   95.46
 213.91  117.68
 214.12  131.84
 214.53  131.66
 215.43  147.75
 216.28  127.90
 217.05  124.63
 217.36  121.44
 217.45  137.09
 222.03  120.06
 222.32  103.47
 226.06   91.30
 226.14  104.21
 226.21  129.00
 226.37  170.67
 227.88  153.79
 228.50  144.67
 229.00  158.66
 229.01  138.98
 229.53  185.20
 230.63  104.49
 231.00   97.50
 231.79  122.98
 232.83  161.66
 232.92   69.98
 233.44   91.07
 235.43  116.13
 235.62   85.79
 235.81  129.53
 236.23   79.63
 238.34  109.18
 238.62   70.32
 239.11  131.71
 239.27   70.65
 239.74  138.80
 240.01  101.37
 242.10   27.84
 242.32  111.78
 242.53  219.25
 242.57  220.22
 242.75   98.21
 244.19   86.38
 246.02  106.47
 247.51   75.51
 247.81  109.62
 247.96  184.99
 247.98   23.22
 247.99   27.64
 248.05   85.36
 248.16  175.40
 248.80   14.64
 248.86   28.09
 248.91  138.81
 249.42  217.77
