   7.80  160.59
  10.54  156.72
  10.66  218.65
  10.79  230.89
  12.80  176.13
  12.95  213.46
  13.45  217.34
  13.93  163.29
  14.65  166.98
  15.89  191.35
  16.10  210.69
  17.01  218.98
  17.36  197.67
  17.61  177.50
  19.84   59.49
  19.85  168.88
  21.55  179.00
  21.77  218.56
  22.53  199.00
  22.80  247.12
  22.92  189.55
  23.08  243.73
  25.70  179.44
  26.39  212.09
  26.48  159.73
  28.82  162.21
  29.03  195.09
  29.23  179.58
  30.42  191.76
  32.07  217.30
  32.21  201.44
  32.70  181.65
  33.54  191.63
  34.56  164.05
  34.71  160.17
  36.55  197.49
  36.91  168.20
  37.69  179.66
  37.74  186.62
  37.80  186.09
  40.00  199.86
  40.02  193.58
  41.87  207.20
  41.87  185.72
  42.05  174.67
  42.64  178.92
  42.73  193.54
  43.02  199.83
  43.61  241.07
  43.79  197.84
  44.01  197.46
  44.85  216.68
  45.78  182.13
  46.98  208.11
  47.31  174.74
  47.94  203.90
  47.98  194.39
  48.15  203.92
  48.64  199.30
  49.02  170.03
  50.17  173.24
  51.42  242.95
  51.86  239.56
  52.76  172.51
  63.86  198.91
  66.97  200.91
  90.27  186.22
 105.99   98.37
 106.47  116.43
 106.54  105.06
 107.12  191.54
 108.45  182.98
 109.43  194.03
 110.27  196.93
 116.84  181.55
 116.86  159.29
 116.95  193.04
 117.13   41.00
 118.59  119.44
 118.85  108.52
 119.21  171.94
 119.69  182.10
 120.67   23.86
 120.93   41.83
 121.62  193.59
 121.63  196.82
 122.73  180.24
 123.48  191.15
 124.07  185.41
 124.33  167.81
 125.50  193.37
 126.69   25.09
 126.92   31.23
 127.78  162.93
 127.87  190.28
 129.29   24.08
 129.34  171.56
 129.97  173.83
 129.97  186.53
 130.86   47.00
 131.44   11.23
 131.79   40.16
 131.94  163.09
 132.25    8.11
 132.31  168.09
 132.47   27.35
 132.60  184.00
 133.00   20.50
 134.08   24.20
 134.35  186.63
 134.45   39.54
 134.45  197.48
 134.89  176.75
 136.01  169.00
 136.85   88.52
 137.50  190.76
 137.96  167.67
 138.31  198.58
 139.23  160.57
 139.98  183.50
 140.13   23.58
 140.33  124.41
 140.55  169.65
 140.60  117.62
 140.65  163.21
 141.89   41.40
 142.00  189.40
 143.37    9.35
 143.41  176.83
 143.45  195.19
 143.80   89.73
 143.82   89.81
 143.96   17.27
 144.10   80.50
 144.31  169.00
 144.65  203.22
 144.71   65.94
 146.25  200.10
 146.43   23.99
 146.69   87.06
 146.98   94.34
 147.33   91.83
 147.37  120.02
 147.40  128.11
 147.48   29.11
 148.03   27.93
 148.22  205.23
 148.84   63.54
 148.92   48.86
 149.33   23.84
 150.02  202.17
 150.24  191.49
 151.96  205.49
 152.02  230.16
 154.28   36.18
 154.89  230.59
 156.23  123.31
 156.51   75.66
 156.76   70.60
 156.91   56.25
 158.87  125.71
 159.13   77.49
 159.30  177.07
 159.56   41.69
 160.45   49.69
 161.10  132.78
 161.32   47.42
 161.47   39.32
 162.79   60.54
 163.53  102.83
 163.71   91.00
 164.79   42.40
 166.74   45.85
 166.80   58.97
 167.04   71.09
 168.07  167.21
 169.75  106.50
 170.53  187.17
 172.28   57.69
 172.49  127.12
 172.88   85.52
 173.27  163.19
 173.35   71.52
 174.87  165.94
 175.51   60.45
 177.47   62.46
 177.59  111.70
 177.62   75.20
 177.65  171.55
 177.72   89.56
 179.88   68.61
 180.88  177.92
 181.66   62.99
 181.66  167.26
 182.52   94.47
 183.03  159.13
 183.79  173.43
 183.94  170.05
 184.36  206.92
 184.91  173.74
 186.52   75.49
 186.76   83.89
 187.07  208.06
 187.26  169.27
 187.36  163.19
 188.37   64.98
 188.49  177.00
 189.39   75.18
 189.61   81.98
 189.67   88.23
 189.86   91.38
 189.88  188.37
 190.44  164.84
 190.46  173.03
 190.98  161.91
 191.59  177.20
 192.01   77.12
 193.47   81.51
 194.15   90.79
 194.33  103.16
 194.86  162.43
 195.12  184.89
 195.40  180.16
 195.46   74.70
 195.54  180.07
 196.23  173.66
 197.17  189.84
 197.58  194.90
 197.92  214.18
 198.40   82.01
 198.61  173.12
 198.76  210.47
 199.03  192.64
 199.03   86.34
 199.22  164.41
 200.51  201.54
 200.56   79.62
 201.23  181.27
 201.33  184.31
 201.62  205.00
 202.14  175.76
 202.71   82.33
 204.18  163.13
 204.35  205.01
 204.66  198.12
 205.06  179.60
 205.45  186.56
 205.77  165.44
 205.92   89.84
 205.98   85.00
 206.13  175.54
 206.60  160.44
 207.15  212.50
 207.86  195.57
 208.13   95.83
 208.22  163.02
 208.32  167.00
 209.08  187.17
 209.66  201.69
 209.69  182.45
 209.80  178.19
 210.27   88.50
 210.51  207.01
 210.83  188.44
 211.39   95.52
 211.91  211.70
 211.91  204.05
 212.33  176.39
 212.81   99.87
 213.34  208.31
 213.39  214.44
 213.95  180.85
 214.87  102.23
 214.87  176.29
 215.43  203.44
 215.49  190.28
 215.56   99.14
 216.56  181.78
 217.26  165.13
 217.31  107.55
 217.44  177.10
 218.53  164.12
 218.79  185.27
 218.93  195.23
 219.30  213.45
 220.28  203.09
 221.52  166.36
 221.81  147.03
 222.06  180.52
 222.39  108.21
 222.44  190.33
 222.47  190.36
 223.64  195.72
 223.75  214.02
 223.75  211.29
 223.82  208.14
 223.96  181.80
 225.22  165.92
 225.66  205.06
 226.13  107.56
 226.20  187.59
 226.30  159.71
 226.40  110.76
 226.59  192.56
 227.78  179.92
 228.78  203.71
 230.11  209.30
 230.85  201.39
 232.37  161.15
 232.54  108.54
 233.11  169.74
 234.77  175.15
 235.57  123.88
 235.82  142.05
 236.09  145.12
 236.41  171.27
 236.50  119.86
 236.53  166.55
 236.54  148.88
 238.01  126.32
 238.52  138.94
 238.69  131.00
 239.94  170.86
 240.06  117.32
 241.02  165.60
 241.96  167.30
 244.12  161.18
 245.75  120.08
