   9.97  240.24
  11.18  102.81
  12.70   36.27
  13.00   95.10
  13.25  159.87
  14.14  159.31
  14.62   27.15
  15.20  177.97
  15.53  232.74
  15.63   83.87
  15.75  164.09
  16.46   22.52
  16.62   80.49
  16.81   73.35
  17.63  147.84
  17.64  178.23
  17.78  104.65
  17.89  151.38
  19.10   28.08
  19.69   75.91
  21.10   48.38
  21.11  136.69
  21.33   32.22
  21.38  124.54
  21.51  147.92
  21.57  177.07
  22.00   82.77
  22.18  233.44
  22.38  222.55
  23.27  105.85
  23.66  210.19
  23.83   47.28
  24.10  183.40
  24.29  150.76
  24.70  134.14
  24.82  106.59
  25.02  226.81
  25.29  114.12
  26.26   91.44
  26.97  193.40
  27.21   34.38
  27.38   42.05
  27.58   13.13
  27.73   11.21
  27.79  171.87
  28.05  207.47
  28.15  182.66
  28.80   88.81
  29.07   44.96
  29.17  149.65
  29.32   81.19
  29.44   85.80
  29.71   56.84
  30.51   93.84
  30.60   15.09
  30.69   48.64
  31.05   10.66
  31.47  124.00
  31.80  151.88
  32.15  119.71
  32.51  111.64
  32.60  114.87
  32.92   75.89
  33.04   85.90
  33.12   15.16
  33.32   71.77
  33.70  102.98
  33.83   58.08
  34.48  126.19
  34.50   44.41
  34.59  121.88
  34.71   16.56
  34.87   19.79
  35.75  132.92
  35.92   78.65
  36.09   74.07
  36.26   69.80
  36.33   66.07
  36.53   62.19
  36.64  137.61
  36.84  167.95
  36.91  124.06
  37.13  115.59
  37.35   22.53
  37.46  188.72
  37.53   18.09
  37.56  112.12
  37.82  156.88
  37.98   13.94
  38.02    8.79
  38.54  180.64
  39.26  109.73
  39.50   28.06
  39.63   59.98
  39.64   89.55
  40.16  200.78
  40.50  189.09
  40.53   43.55
  41.83  121.21
  42.04   37.05
  42.24   45.81
  42.46  102.66
  42.58  152.10
  42.76   98.28
  43.81   71.75
  44.04   64.07
  44.30   88.17
  44.33  189.31
  44.54  163.03
  44.79  196.38
  44.81   75.27
  44.85   44.31
  45.17   47.67
  45.24  196.30
  45.62   12.83
  45.62  108.94
  46.23   82.95
  46.33   94.13
  46.72  175.87
  47.33  126.99
  47.66   80.92
  47.68   58.73
  47.73   64.26
  48.42  179.05
  48.94  160.22
  49.46  219.41
  49.67   97.55
  49.83  167.05
  49.88  224.02
  50.46  140.55
  50.85  180.28
  51.73  185.81
  51.77  189.45
  52.09  168.79
  52.10  235.56
  52.31  129.63
  52.45  163.34
  52.49  218.40
  52.54  198.69
  52.58   53.33
  52.63   91.82
  53.13  203.19
  53.36  134.13
  53.42  126.83
  53.48  223.38
  53.75   21.49
  53.81   84.10
  54.58  195.53
  54.81  194.54
  55.12   48.58
  55.23   40.37
  55.45   31.24
  55.60   80.21
  55.89  189.51
  55.95   87.51
  56.10  155.34
  56.36  131.71
  57.33   50.36
  57.45  196.52
  58.01  108.50
  58.17   84.70
  58.27  214.94
  58.43  163.90
  58.51  207.17
  58.52   24.32
  58.56   19.09
  58.62  106.68
  58.72   37.87
  58.86  235.73
  58.92   94.58
  58.99   64.93
  58.99   88.66
  59.03   41.89
  59.28   40.32
  59.54   53.93
  60.21  209.40
  60.23   21.62
  61.69  160.87
  61.83   18.28
  63.68   58.14
  63.83   58.06
  64.00   13.40
  64.17   52.40
  64.18  163.86
  64.92  214.48
  65.01  157.49
  65.59  210.23
  66.54  191.09
  66.64  184.31
  68.32  120.76
  68.48  189.98
  68.91  164.11
  69.07   66.42
  70.17  215.65
  72.73  152.16
  73.96  189.98
  74.19  198.36
  74.82  214.08
  74.94  134.64
  75.04  228.33
  75.22  114.81
  76.70   86.19
  76.73  129.18
  76.77  208.32
  77.41  203.88
  77.63  219.08
  77.94   25.27
  77.97   38.62
  78.32  210.92
  78.43  114.49
  78.97  143.97
  79.24  174.32
  79.42  214.49
  80.00  130.87
  80.20  228.87
  80.28  136.21
  80.30  225.19
  80.78  118.36
  81.59  170.08
  82.34  171.25
  83.54  188.80
  83.76  108.32
  85.09  214.11
  85.45   48.45
  85.48  137.10
  86.17  130.05
  86.96  181.96
  87.45   40.28
  87.49  125.18
  87.64  207.43
  87.75  229.07
  88.32  193.29
  88.52   80.17
  88.55   80.40
  89.37  138.26
  90.17   42.61
  90.56  128.28
  90.80  119.63
  90.93  115.68
  91.57  224.04
  92.18  178.57
  92.77  133.67
  93.04   32.80
  93.16  232.07
  93.74  198.21
  93.98  124.92
  94.00   83.41
  94.67   65.68
  95.19  183.93
  95.62   42.38
  95.76   46.71
  96.12  135.12
  96.20   47.11
  96.27   75.72
  96.62  244.11
  96.77  120.41
  96.89   36.75
  97.14   31.03
  97.45  239.74
  97.46   25.74
  97.69  167.43
  97.71   25.74
  97.74   96.05
  98.18  111.50
  98.22   84.76
  99.15  134.28
  99.21  139.25
  99.34  108.85
  99.87  142.78
 100.23  158.28
 100.25   80.24
 100.42  122.50
 101.32  207.78
 101.33  209.05
 101.50  148.57
 101.54   86.52
 101.78  171.52
 102.52   38.79
 102.74   90.86
 102.86  205.22
 102.95  216.70
 103.33  112.54
 103.61  247.09
 104.13   74.10
 105.56  135.11
 105.98  204.70
 106.12  113.88
 106.53  185.33
 106.58  158.23
 106.62   75.43
 106.69  179.64
 106.76  162.39
 107.46  154.06
 107.76   38.75
 107.83   85.59
 108.22  226.25
 108.25  130.13
 108.30  210.06
 108.99   59.02
 109.03   50.84
 109.34  185.72
 109.98  149.36
 110.00  145.75
 110.33  134.87
 110.44  199.56
 110.51   91.62
 110.88  121.54
 110.95  170.77
 111.81  225.88
 112.21  102.24
 112.26  214.14
 112.50  165.98
 112.75   60.27
 113.07   39.30
 113.18  224.09
 113.46   92.75
 113.47  111.07
 114.24   77.75
 114.90   53.32
 115.57  173.92
 116.05  179.44
 116.73  200.97
 117.36   52.05
 117.90  190.52
 118.87  244.16
 119.13   68.35
 119.79  200.38
 119.80  179.74
 120.57  101.01
 121.23  195.81
 123.21  192.77
 123.34   81.04
 123.57  199.16
 123.75  208.55
 124.18   71.33
 124.50  235.55
 125.14  196.24
 125.76  214.19
 126.01   66.01
 126.80   59.94
 127.06   78.31
 127.49  218.98
 128.10  179.48
 128.22   32.36
 128.25  212.77
 128.54  176.45
 129.63  213.77
 129.75   84.75
 130.02  202.95
 130.21  190.72
 130.62  238.82
 130.64  235.52
 130.72   58.00
 131.73   73.00
 131.83   87.02
 132.70   32.69
 133.15   77.80
 133.22  214.14
 134.23   52.83
 134.90   35.52
 135.00   88.76
 135.86  228.63
 135.87  137.13
 137.12  220.74
 138.32   96.27
 139.03   36.81
 139.09   83.49
 139.32   85.86
 140.14  124.13
 140.92  113.25
 141.49   62.25
 141.63  206.42
 142.00   84.59
 142.12  186.73
 142.21  218.57
 142.40   76.15
 142.53  105.45
 144.28  206.17
 144.76  112.68
 144.86  189.08
 145.93   58.20
 148.16  214.68
 148.55  183.29
 149.08  205.96
 149.45   61.44
 152.30  195.83
 152.98  177.80
 153.11  206.09
 153.18   88.15
 154.04  210.30
 155.79  103.18
 155.92   93.02
 156.88   68.56
 156.98   98.45
 157.08  213.33
 157.55   82.60
 157.57  179.75
 158.26   66.72
 158.91   56.51
 161.07  213.07
 162.90   81.05
 164.77  199.61
 165.64   64.87
 165.92  175.15
 166.29  100.09
 166.45  188.64
 167.25  100.21
 168.64  196.60
 168.85  203.24
 170.30   93.95
 170.46  175.51
 171.07  180.14
 171.50  116.34
 171.68  101.14
 171.88  191.82
 172.10   89.76
 172.73   78.92
 175.09   55.59
 175.97  103.75
 176.87  170.05
 177.20  121.22
 179.03  136.32
 179.78  106.85
 180.79   85.21
 181.04   79.78
 181.23  112.65
 181.88   71.35
 181.99  134.40
 182.48   70.65
 182.50  182.13
 183.56   80.91
 183.74  121.11
 184.53  114.71
 185.45  187.61
 186.12  161.08
 186.29  113.01
 188.12   94.59
 188.22   88.33
 188.49   99.52
 188.82  171.46
 189.78  124.29
 190.17  188.04
 190.58  179.37
 190.87  131.60
 191.02   86.20
 191.38  107.56
 191.40  101.26
 191.53   94.90
 191.94   74.82
 193.30  184.75
 194.26  107.77
 194.49   96.73
 194.63  100.33
 194.83   91.61
 195.37   77.28
 195.51   71.07
 196.06  157.45
 196.85   95.41
 197.93  163.02
 198.05  183.15
 198.50  179.47
 201.54   83.94
 202.55  135.18
 202.58   75.40
 203.21  180.52
 203.57  128.93
 204.19  176.98
 204.78   66.30
 207.17  198.32
 207.34  175.95
 207.71   88.66
 208.17  198.35
 208.20  109.72
 208.37   99.18
 208.42  104.79
 208.73   91.61
 208.90  168.08
 208.95   80.06
 209.44  119.95
 210.55   69.02
 210.99  188.00
 211.25   96.95
 211.32  100.76
 213.22  191.00
 213.32  199.82
 213.38  122.34
 213.50   63.96
 213.63   95.05
 214.62   88.27
 214.95  183.03
 215.94  181.94
 216.28   56.33
 216.85  122.17
 217.35  102.49
 217.75  105.54
 217.97  193.88
 218.54  199.34
 219.35   88.19
 219.56   52.45
 219.80   48.49
 219.92   73.52
 219.94   59.50
 220.68  110.04
 221.14   66.22
 221.16  126.43
 221.55  101.62
 222.00  186.08
 222.42   56.72
 222.64  117.56
 223.36   50.54
 223.67  192.18
 223.69  192.50
 225.49  200.02
 225.67  181.31
 227.89  205.88
 227.95  114.91
 228.39  205.70
 228.60  178.65
 229.02  102.73
 231.10   50.79
 231.30  113.15
 232.32   66.53
 232.96  207.72
 234.22   71.44
 234.36   59.80
 234.51  186.67
 235.42   72.82
 237.63  199.71
 237.87  183.84
 238.01   56.47
 238.22   61.44
 238.68   85.97
 238.92   66.61
 239.28  212.37
 239.33  113.28
 239.88  207.04
 239.89  117.98
 239.96   95.34
 239.98  102.60
 240.97  184.73
 240.97   79.47
 241.42   81.01
 242.78   93.45
 244.02  178.86
 244.55  203.34
 245.86   65.13
 247.96  203.30
 247.97   97.41
 249.66  100.55
