  11.92  153.24
  12.15  135.26
  12.32  138.84
  13.47    6.84
  14.37   63.15
  14.56  141.33
  14.90  160.42
  14.97   42.66
  15.12   43.25
  15.15   67.70
  15.22    9.54
  15.23   77.16
  15.37   86.85
  15.40   72.55
  15.41  111.20
  15.44   82.04
  15.50   91.44
  15.50  116.15
  15.66  121.08
  15.69  125.93
  15.69  131.12
  15.72  136.43
  15.98   50.04
  16.45  146.84
  16.80   23.45
  17.20  162.14
  17.85   14.53
  19.04   27.16
  20.34   19.01
  21.70   31.59
  25.04   36.96
  25.56   28.26
  27.23   35.31
  27.40   46.52
  29.43   49.70
  29.51   35.40
  29.56   44.74
  31.43   70.80
  31.93   92.09
  33.37   80.25
  33.49  159.16
  34.86   65.46
  35.68  156.53
  36.18  200.76
  36.30  188.82
  36.41  195.55
  38.07    7.35
  38.20   28.97
  38.24   32.32
  38.51   86.13
  38.62   82.28
  38.70   79.36
  38.78   99.49
  38.89  110.17
  39.14  123.60
  39.17  127.48
  39.33  116.70
  39.33  130.82
  39.42  134.47
  39.50  138.04
  39.51  141.53
  39.98  148.89
  40.45   69.73
  40.59   12.62
  40.65   58.81
  40.78   18.09
  40.83   27.64
  40.83   22.95
  41.13  156.19
  41.33   74.41
  41.89  180.67
  42.49  124.03
  42.68  140.98
  42.71  144.82
  43.05  152.92
  43.48  158.63
  43.83  175.29
  43.84  175.36
  43.96  185.21
  44.16   24.48
  44.46  204.91
  44.49  199.89
  44.63   74.19
  44.91   97.68
  45.30  138.31
  48.20  187.20
  48.73   97.82
  48.74  177.57
  48.95   86.49
  49.78   17.72
  50.12   31.12
  50.65   92.07
  53.22   32.28
  53.70   19.45
  56.37   94.41
  56.65   78.58
  57.25   98.11
  57.83  102.59
  59.13  160.25
  59.96  100.16
  60.98  113.31
  61.05  117.08
  61.24   20.47
  61.36   31.70
  62.01   12.79
  62.10   99.23
  62.29   72.67
  62.41   44.99
  62.49  157.20
  62.55   59.25
  62.72  167.49
  62.94  174.10
  63.06  106.06
  64.53   56.54
  66.57   13.27
  67.04  168.00
  67.27   59.92
  67.59   60.92
  67.67  107.71
  68.00   26.58
  69.07   71.49
  69.08   78.60
  70.27   75.22
  70.35  105.33
  70.51   26.35
  71.14   42.13
  71.37  165.96
  71.40   69.74
  71.61   48.95
  71.63   64.63
  71.64   40.92
  73.30   62.86
  74.35   67.52
  74.92   77.38
  75.41  159.87
  75.52   34.08
  76.67  168.19
  80.28  172.77
  83.13   70.41
  85.97   39.51
  86.12   76.91
  87.05   68.11
  88.91   72.98
  91.90  134.43
  92.30   69.47
  95.24   66.66
  95.95  164.63
  98.37   73.98
 102.82   68.57
 108.15   63.31
 108.65   73.56
 109.36  173.92
 114.29   67.05
 115.31  191.50
 116.84   62.77
 119.81   72.27
 120.58  168.89
 121.61   58.94
 123.61   78.65
 124.68   57.72
 127.00   73.13
 128.31   60.17
 133.91   58.11
 135.59  170.70
 136.48  168.03
 141.23  170.18
 142.39  180.07
 146.44   52.22
 146.51  157.03
 146.60  161.85
 147.38  146.62
 148.75   57.84
 153.57   61.15
 156.49  188.84
 157.26  162.82
 161.06   67.78
 161.69  162.14
 161.86  190.24
 165.39  190.80
 165.63  161.62
 167.16   62.33
 168.08   79.68
 169.08   79.22
 170.38   78.83
 171.00   94.86
 171.27  105.90
 171.84   81.89
 173.11  104.06
 173.50   98.63
 173.99  156.37
 175.78  188.36
 176.44  106.91
 176.56   87.86
 177.28  109.64
 177.71  144.04
 180.23  148.33
 183.14  109.55
 183.47  122.24
 185.36  117.88
 186.55  225.08
 186.63  102.66
 187.63  135.92
 188.00  203.00
 191.61  102.43
 193.12  137.33
 193.26  106.81
 195.09  102.23
 195.68  209.81
 197.22  105.55
 197.49   98.47
 203.02  106.95
 203.97  131.73
 205.13  115.48
 205.59  104.20
 210.54  107.19
 211.89  104.18
 213.74  115.79
 217.26  175.76
 217.70  125.26
 219.84  186.20
 220.73  124.55
 221.01  180.95
 221.78  112.41
 224.27  125.46
 224.84  105.73
 229.51  193.57
 230.11  131.09
 231.83  197.47
 234.22  104.11
 234.56  119.76
 237.94  117.02
 238.57  121.44
 240.50  103.56
 242.12  123.07
 242.15  119.81
 243.06   25.02
 243.94   24.21
 244.90   32.84
 245.90   44.37
 246.63  115.44
 247.55    8.79
 247.99   47.67
 248.06   68.71
 249.16   57.70
