  16.20  134.01
  16.33  147.56
  17.60  134.82
  18.75  160.35
  19.31  135.38
  20.65  148.16
  21.05  148.74
  21.48  180.26
  22.29  160.31
  22.84  164.02
  24.83  173.11
  27.77  162.22
  29.06   23.26
  29.49   33.53
  32.69   58.03
  33.65  163.01
  40.17  178.95
  41.68  182.59
  42.35  174.79
  44.85  178.30
  45.75  163.39
  46.97  174.61
  48.67  170.59
  49.59  198.79
  51.03   34.76
  51.08  182.47
  51.35  163.06
  52.92  172.02
  53.66  153.22
  54.56   27.62
  54.83  156.75
  55.59  170.07
  57.08   24.02
  57.18   15.31
  58.26  107.53
  58.45   30.90
  58.64  175.42
  58.78  169.80
  59.38  164.48
  60.53  182.35
  62.97  170.37
  63.14  184.33
  63.27  177.51
  64.19  181.01
  64.44  113.24
  65.31  173.97
  65.82  167.37
  66.35  200.65
  66.71  200.36
  67.85  173.61
  68.76  191.00
  68.76  165.53
  69.64  156.88
  70.09  205.57
  70.35  129.75
  70.63  162.17
  70.76  152.91
  70.93  177.22
  71.98  204.08
  72.74  143.26
  73.46  169.24
  74.80  114.99
  75.92  216.96
  76.17  169.24
  76.27  119.02
  76.52  112.94
  76.67  134.80
  76.69   84.11
  76.90  172.22
  78.45  137.40
  78.93   44.82
  79.08  169.99
  79.25  216.08
  79.45  206.85
  80.39  122.23
  80.68   89.84
  80.70  164.60
  80.96  161.85
  81.21  183.49
  81.53  183.25
  81.68  142.63
  83.64  211.74
  84.20  124.89
  84.64  145.22
  84.76  207.15
  84.86   79.04
  84.98   86.36
  85.93   69.80
  86.96  125.29
  87.14   32.68
  87.38   72.19
  90.08  127.12
  91.54   20.70
  91.60  142.49
  91.72   91.47
  91.93  120.37
  92.20   87.44
  94.37  150.25
  94.59   25.01
  95.74  187.08
  95.75  137.65
  97.68  128.60
  98.07  122.51
  98.73  183.51
  99.10   93.51
  99.24  142.59
 102.06  217.17
 103.39  120.73
 103.55  100.08
 103.66   89.31
 104.05   81.72
 104.42   52.79
 104.87  179.39
 105.50  140.92
 105.75  146.83
 106.11  190.17
 106.37  128.46
 106.96  212.48
 107.18  151.23
 107.18  154.29
 107.74  139.04
 108.37  189.30
 108.71  103.80
 108.72  181.60
 109.11   86.38
 109.37  192.36
 109.59  208.33
 109.74  199.49
 110.44  187.72
 111.71  205.95
 112.84  103.57
 113.16  106.92
 113.16  138.43
 113.43  113.03
 113.77   80.75
 113.80   93.72
 116.97   52.00
 118.52  164.38
 118.55  168.50
 119.67  193.89
 122.38  180.76
 125.41  167.69
 125.64  171.33
 126.17  194.03
 126.86  181.33
 127.17  125.23
 127.56   97.84
 130.78  172.26
 132.01  169.35
 136.86  164.26
 139.29  172.16
 140.70  183.07
 141.42  177.83
 142.47  172.66
 143.48  158.63
 144.01  200.26
 148.41  169.15
 148.92   98.82
 149.90  171.72
 151.09  122.23
 153.23  194.16
 153.92  195.80
 154.24  199.16
 156.94  176.25
 157.64   98.97
 158.97  190.15
 159.31  171.24
 160.59  186.04
 160.67  179.75
 161.25  155.73
 162.11  112.12
 163.06  136.25
 163.71  181.94
 164.91  146.16
 165.05  117.76
 166.45  185.26
 167.41  152.39
 168.82  149.95
 168.82  105.07
 170.02  171.00
 170.06  172.39
 171.53  123.01
 172.14  119.09
 172.24  183.36
 173.04  159.67
 179.33  174.89
 181.72  128.29
 184.66  171.17
 186.38  138.38
 188.80  176.61
 189.04  154.85
 193.67  130.03
 194.79  157.79
 196.72  139.53
 198.16  132.90
 198.41  154.66
 199.94  116.54
 201.72  155.01
 202.19  160.37
 204.68  107.10
 204.72  137.12
 204.78  119.20
 209.20  145.56
 209.24  154.77
 210.56  149.29
 215.44  174.53
 216.23  156.22
 221.14  149.83
 223.67  179.27
 223.87  179.26
 228.46  162.58
 229.78  151.88
 230.26   90.03
 232.02  169.96
 233.08  109.33
 233.25  119.03
 233.43  108.95
 233.64   69.49
 233.70   84.47
 233.88  108.17
 233.89   62.70
 234.97  158.02
 236.23  103.68
 236.24   72.26
 236.68   67.96
 238.87  170.73
 240.65  155.22
 242.11   27.40
 244.32   79.83
 245.55  170.08
 245.69   42.72
 245.73  140.45
 246.05  179.56
 246.86   81.58
 247.78  177.06
 248.03  166.35
 249.46  106.40
 249.46  174.09
 249.76  180.54
