  12.27  119.13
  13.36   93.06
  15.27  111.76
  16.71  152.94
  17.38  183.60
  19.01  150.54
  25.61  157.34
  33.35   70.83
  41.71  143.27
  42.13  120.54
  42.56  125.11
  42.61  128.84
  42.74  112.24
  42.78   96.93
  43.06   88.20
  43.13  164.74
  43.92  158.70
  44.17  185.00
  44.87  113.76
  46.20   68.89
  46.35  132.93
  46.48  239.92
  47.26   81.98
  49.45   93.77
  49.53  171.68
  49.93  159.96
  50.22  148.20
  52.21  135.38
  52.35  102.28
  52.36  163.04
  54.52  186.25
  54.57  150.42
  54.58  159.16
  54.64  171.73
  54.87  137.54
  54.93  105.72
  55.61   90.67
  55.67  109.03
  55.75  178.21
  55.77  102.00
  55.79  235.63
  55.90  161.12
  56.28  111.88
  56.39   96.68
  56.57  116.75
  56.78  164.56
  58.43  167.49
  59.21  136.12
  59.30  174.70
  60.22  233.51
  61.07  159.31
  61.26  152.49
  61.39  164.75
  62.10  138.57
  62.81   96.95
  63.04  146.60
  63.84  132.49
  63.89  126.42
  64.34  172.62
  64.43  165.59
  66.42   99.81
  66.74  185.23
  66.85  176.44
  67.09  119.13
  67.20   95.70
  68.11  138.40
  68.12  182.29
  68.74  125.30
  68.86  108.74
  68.95   93.26
  69.37  133.88
  69.59  149.74
  69.85  153.94
  70.44  229.02
  70.67   96.36
  71.67  164.68
  71.88  116.37
  71.90  177.12
  74.10  124.53
  74.56  118.85
  75.04  150.52
  75.40  142.95
  76.55  225.96
  76.70  157.79
  77.04  177.00
  77.18  188.13
  78.61   46.75
  81.46   49.41
  81.58  174.08
  81.69   49.97
  81.90  223.48
  82.22  165.51
  82.51  150.01
  85.17  221.81
  85.49  249.32
  86.30  156.90
  88.37  130.45
  90.37  175.79
  91.84  172.77
  92.17  109.58
  92.47  215.46
  93.01  165.43
  95.30  174.14
  97.99  212.72
 100.88  213.82
 104.37  164.12
 111.69  232.86
 114.03  161.57
 115.05  179.82
 116.53  167.13
 118.56  169.68
 123.12   47.30
 125.01  165.19
 126.42  178.45
 126.61   43.79
 128.91   68.83
 131.38   78.87
 131.47   44.94
 133.10   49.44
 133.42   70.36
 133.58  168.50
 136.98  175.68
 138.49  221.73
 139.96  201.11
 140.46   56.84
 145.95   87.49
 147.39  202.63
 152.39   72.80
 152.78   69.16
 161.25   97.59
 169.90  115.12
 177.44  125.04
 182.71  221.86
 185.28  133.05
 186.52  170.32
 187.03  222.97
 187.24  220.12
 188.84  133.89
 189.34  177.67
 189.79  165.77
 189.80  139.23
 191.95  147.39
 193.62  224.94
 194.21  132.43
 194.58  231.13
 194.96  175.77
 195.33  233.35
 195.84  218.95
 198.78  174.14
 201.90  154.51
 202.35  228.15
 203.17  175.20
 203.27  185.49
 205.93  155.23
 206.11  169.68
 210.55  168.70
 214.01  163.82
 214.98  167.36
 215.07  160.52
 217.44  160.79
 218.69  167.82
 220.51  175.13
 222.88  172.71
 223.09  177.76
 223.67  168.33
 232.76  124.40
 234.87  170.21
 235.00  187.23
 236.30  158.42
 237.00  183.92
 238.43  173.21
 240.77  167.03
 240.98  167.03
 241.56  102.43
 243.13  167.90
 244.66  164.96
 244.80  100.46
