   7.53  156.81
  11.06  170.84
  12.87  180.64
  17.25  168.37
  17.46  152.94
  18.74  177.33
  25.18  144.70
  26.41  173.33
  27.69  125.77
  27.71  121.30
  29.81  126.76
  30.00  120.46
  30.21  181.10
  33.77  132.10
  46.56  155.44
  48.61  152.80
  50.39  154.32
  58.44  165.95
  58.72  170.68
  64.44  168.99
  67.37  175.84
  71.52  175.75
  81.59  161.82
  82.31  181.03
  84.93  154.58
  89.66  166.04
  89.67  143.92
  90.10  149.41
  92.22  177.45
  94.58  169.42
  95.20  162.80
  95.59  156.54
  96.12  144.94
  97.02  176.18
  97.19  150.55
  97.84  173.38
  99.46  153.04
 100.97  168.96
 105.83  146.41
 107.27  175.05
 108.33  179.12
 109.38  147.85
 109.88  162.01
 113.04  143.46
 113.47  149.86
 113.53  164.02
 115.15  142.05
 115.60  181.33
 117.05  152.82
 117.75  181.19
 117.91  141.84
 118.20  180.31
 118.42  145.55
 121.85  142.26
 122.24  152.42
 123.55  169.45
 124.05  172.89
 124.61  157.91
 125.34  176.43
 126.30  141.91
 129.19  146.46
 130.11  183.06
 130.17   84.22
 130.46   92.96
 130.96   89.24
 131.20  127.95
 131.24  102.04
 131.46  110.98
 131.70   97.83
 131.97  107.13
 132.21  120.15
 132.40  176.59
 132.50  129.44
 132.69  115.98
 132.80  155.45
 134.01  134.12
 134.08  165.41
 134.45   74.29
 134.58   83.69
 136.30   81.44
 136.71  162.43
 136.85  106.82
 137.10   74.79
 137.25  116.79
 137.27   90.39
 137.54  100.90
 138.01   78.42
 138.28  110.76
 138.34  105.01
 138.46  126.15
 139.00   71.74
 139.09  147.11
 139.10  141.20
 139.19  136.23
 139.38  130.93
 139.49   82.12
 139.78  158.41
 139.98   92.59
 140.07  179.82
 140.12  119.82
 140.27   85.79
 140.87  161.47
 140.96  113.46
 141.37   79.54
 141.67   90.30
 142.08  101.06
 143.08  133.83
 143.11   65.57
 143.56   76.23
 143.78  105.35
 144.03   87.23
 144.91   98.05
 145.15  115.59
 145.17  160.59
 145.76   73.58
 146.15   84.75
 147.03   65.34
 147.07   95.83
 147.39   76.88
 147.44  107.06
 147.59   58.58
 148.30   69.77
 149.22  159.62
 149.34  196.77
 149.37  141.82
 149.38   93.17
 150.13   54.21
 150.64   66.05
 151.02   85.31
 151.29   78.15
 151.66   97.42
 152.41   90.03
 152.73  102.15
 152.76   50.35
 152.92   38.15
 153.23  114.72
 153.45  133.57
 153.46   62.23
 154.20  158.46
 154.38   74.83
 155.48   45.80
 155.94   99.47
 156.72  156.96
 156.73   57.78
 157.50   70.70
 157.82   84.18
 157.94   91.17
 158.40   97.07
 158.63   40.98
 158.70  110.82
 159.04   27.62
 159.04   45.32
 159.70   53.50
 159.71  157.28
 160.07   67.28
 160.73   37.87
 161.04  177.34
 161.21  116.07
 161.34   80.38
 161.41   51.51
 161.57   87.37
 162.16   93.62
 162.46   34.93
 162.93   48.84
 163.05   63.25
 163.62  106.87
 163.66  106.84
 165.06   81.38
 165.13   22.59
 165.46   16.38
 165.78   29.81
 166.31  155.72
 166.48  137.14
 166.76  180.04
 166.89   43.52
 167.08   75.40
 167.48   52.43
 167.58   12.63
 167.61  177.16
 167.91   57.72
 168.42   67.04
 168.58   72.60
 168.78   40.63
 168.90   77.25
 168.96   24.42
 169.08   16.41
 169.22  120.22
 169.94   54.54
 170.15   28.21
 170.22   96.17
 170.34   38.24
 170.35   32.33
 170.37  135.67
 170.97   69.94
 171.10  110.33
 171.38   47.50
 172.06  124.50
 172.39   19.24
 172.48   62.26
 172.64  170.57
 172.87  138.98
 172.93  170.47
 173.23   34.30
 173.25    9.93
 173.60   82.94
 173.63  180.19
 173.65   77.29
 173.94  154.14
 174.18   16.29
 174.21   23.03
 174.46   98.60
 174.63   92.46
 174.94  114.35
 175.10   32.00
 175.20  103.06
 175.24   37.24
 175.51  129.79
 175.61  107.29
 175.72  141.09
 176.12  161.32
 176.18  145.42
 176.46   53.24
 176.55  122.14
 176.62   47.11
 177.35  137.05
 177.67  180.17
 177.72   68.50
 177.95   47.56
 178.24  177.55
 178.48   73.62
 178.67   84.39
 179.32   77.05
 180.02  101.15
 180.46  170.47
 181.48   40.71
 182.07  134.13
 182.67   41.03
 182.96   21.08
 183.17  152.09
 183.41  175.75
 183.52  180.29
 183.83   73.48
 184.36   84.66
 184.62   72.91
 184.79  159.94
 185.16  166.64
 185.25   24.51
 185.36  100.78
 185.36  153.96
 185.69   53.34
 185.75  146.38
 185.80  186.34
 186.56  117.07
 186.99   46.20
 187.55  133.10
 188.85   62.63
 189.26  180.41
 189.58   80.23
 189.70  190.73
 190.32   29.59
 190.55  187.86
 190.76  141.08
 191.05   96.68
 191.24   17.68
 191.42   22.41
 192.41   36.50
 193.01  152.24
 193.19  166.53
 193.29  149.51
 193.34  130.43
 193.43   63.77
 195.18  163.84
 195.67  180.28
 195.95   74.82
 196.30  100.84
 196.56  143.05
 196.81   78.51
 197.20  185.22
 197.49   92.78
 197.62   73.36
 197.66   20.13
 198.82  169.55
 198.84   53.54
 198.89  110.50
 199.98   37.73
 200.09  128.17
 200.33   28.89
 200.83   46.35
 201.42   28.91
 202.09   82.95
 202.25   55.72
 202.52   64.87
 203.42  144.52
 203.46  141.39
 203.49   77.82
 203.72  146.69
 204.09   84.25
 204.24  137.14
 204.76  169.24
 205.50  149.93
 205.75  104.26
 207.29  124.13
 207.31  124.10
 207.43  104.87
 207.92  143.48
 208.08   50.67
 208.50  175.62
 208.69  204.51
 208.87   92.72
 208.92  124.71
 209.19  178.54
 209.99   27.63
 210.08   45.43
 210.09   85.04
 210.27   62.94
 210.78   45.10
 211.57  186.42
 211.88   82.97
 212.02  104.56
 212.90   23.76
 213.04   26.36
 213.51  142.71
 213.57  102.40
 213.69  142.67
 214.08  176.25
 214.82  113.42
 214.82   44.32
 215.24  122.11
 216.40   83.61
 216.54   58.82
 217.10   65.20
 217.12    9.47
 217.24   33.89
 217.49  121.52
 217.76  172.86
 217.93  180.17
 218.09  129.64
 218.26  104.09
 218.46  140.47
 218.62   17.10
 219.05   55.25
 220.60  124.90
 220.80   59.47
 220.98   18.31
 220.99   75.73
 221.74   85.22
 222.04   15.93
 222.83   96.67
 224.08   35.75
 224.16  170.53
 224.53  118.23
 225.78   58.15
 226.25  133.48
 227.47   22.04
 228.59   35.40
 229.05   28.17
 229.33   12.76
 230.03   22.31
 230.58  179.94
 230.81   51.18
 231.38   36.18
 232.81   61.44
 233.58   59.81
 235.45  113.47
 236.68   91.72
 237.76  118.21
 238.88   90.61
 245.52   27.37
 248.32  198.83
