   9.20  214.48
   9.43  223.79
   9.73  219.36
  10.95  177.07
  10.99  199.52
  11.14  188.83
  11.61  216.72
  11.81  221.48
  12.54  173.82
  13.33  186.10
  14.97  138.98
  14.98  166.09
  15.92  142.69
  16.48  129.84
  19.29  173.89
  19.36  170.21
  19.43  139.13
  19.46  166.26
  19.78  218.96
  19.82  149.47
  19.89  146.91
  20.12  143.21
  21.93  174.24
  23.47  177.49
  25.63   69.96
  26.19  180.33
  26.26  178.82
  26.82  148.20
  27.60  124.46
  27.62  124.23
  27.79   70.01
  29.12  241.06
  30.04  198.93
  30.87  198.18
  31.17  164.03
  33.99  162.57
  34.12  139.60
  34.15  143.50
  34.99  169.39
  35.40  195.31
  36.12  146.88
  37.64  167.20
  42.57  128.02
  44.34  131.73
  44.43  154.37
  45.11  194.81
  45.50   69.42
  46.19   66.80
  48.16   71.90
  48.34  145.12
  48.68  154.28
  49.09  102.61
  49.24  178.71
  51.38   93.56
  52.68  203.68
  53.06  186.00
  53.34  179.45
  53.51  131.70
  54.29  150.51
  56.11  128.45
  57.27  167.57
  57.30  140.84
  57.33  201.84
  58.61   68.30
  59.75   85.81
  59.91  146.79
  60.12  131.21
  61.76  141.00
  65.95  128.60
  67.45   73.52
  67.84  179.30
  68.05  189.01
  68.19  155.73
  69.02  181.26
  71.05  182.47
  71.99   84.79
  72.98  147.49
  73.71  103.54
  74.55   73.82
  75.51  231.09
  76.38  156.91
  77.10  225.84
  78.64  134.15
  78.81  228.63
  79.10  232.75
  79.51  125.97
  79.67  175.38
  80.27  130.34
  81.29  230.73
  83.16  120.96
  83.20  209.86
  83.25   78.86
  84.36  147.02
  85.26  134.11
  88.06   83.88
  90.88  214.22
  92.05  136.00
  92.46   88.07
  93.19  189.23
  93.52  181.45
  95.76  177.71
  97.18   91.11
  97.38  213.25
  99.72  214.88
 101.51  124.89
 101.55  187.99
 101.86  183.68
 102.02  118.02
 104.53  167.03
 105.15  243.07
 105.50  215.32
 105.70  162.82
 106.34  169.61
 106.39  122.40
 106.87  198.86
 107.57  107.63
 107.71  165.55
 108.08  158.29
 108.48  117.06
 109.48  192.84
 109.76  146.60
 109.92  189.85
 110.26  177.21
 110.77  198.73
 111.37  123.66
 113.56  185.38
 113.85  175.62
 114.51  220.46
 115.25  224.37
 115.54  118.94
 115.80  151.10
 118.87  121.27
 119.72  196.62
 119.81  221.38
 121.00  186.07
 121.12  147.81
 121.40  152.54
 122.09  172.59
 122.23  194.01
 122.96  145.37
 125.37  185.01
 126.55  121.76
 126.55  147.50
 126.91  195.83
 127.76  170.91
 127.79  218.64
 127.86  192.43
 128.43  144.95
 129.97  148.01
 130.03  199.85
 131.10  164.99
 131.19  195.78
 131.40  187.99
 132.63  208.73
 135.05  151.50
 135.78  124.96
 137.96  153.27
 138.51  211.29
 139.89  124.52
 144.10  243.50
 144.21  125.10
 145.72  212.38
 146.36  137.83
 146.51  145.85
 148.18  141.93
 148.66  194.84
 148.66  144.65
 148.95  158.64
 150.36  135.28
 151.36  214.56
 152.30  221.89
 152.74  143.37
 153.04  206.32
 153.20  126.41
 154.75  157.58
 155.12  136.11
 155.27  215.58
 155.66  203.62
 156.37  128.82
 157.27  149.68
 157.57  188.32
 157.76  195.92
 158.63  219.00
 159.57  223.11
 160.12  160.52
 160.25  226.50
 160.45  203.87
 160.87  155.24
 161.60  212.60
 161.63  127.45
 161.90  127.99
 162.26  162.94
 162.38  217.87
 162.53  224.41
 163.48  172.60
 163.62  187.02
 163.76  150.84
 163.93  137.41
 164.12  160.08
 166.95  135.71
 168.54  211.67
 169.51  213.28
 170.47  151.46
 171.23  220.51
 173.39  204.31
 173.59  125.89
 173.82  122.58
 175.71  147.45
 176.73  243.52
 177.51  124.03
 178.30  115.93
 178.75  221.67
 180.10  212.24
 180.87  241.25
 183.06  218.96
 183.64  243.38
 184.14  196.17
 187.16  198.59
 187.68  169.86
 188.54  111.14
 188.82  241.31
 188.86  137.34
 189.38  171.94
 190.18  196.94
 190.55  243.73
 191.68  126.09
 192.16  132.38
 192.29  164.39
 193.66  208.06
 194.50  134.35
 194.86  179.97
 194.88  129.01
 195.12  165.26
 196.00  198.65
 197.01  147.34
 197.38   99.81
 197.42  130.17
 197.49  127.11
 198.07  156.11
 198.40  214.81
 199.15  211.29
 199.18  110.26
 199.46  121.50
 200.26  213.86
 201.04  222.74
 206.06  204.48
 207.63  138.27
 210.05  101.30
 215.72   90.36
 215.89   97.50
 216.28  107.84
 216.66  181.77
 216.74  168.12
 218.08  234.97
 218.21   92.13
 218.97  134.35
 220.38  183.69
 220.70  154.94
 220.90  111.33
 220.91  140.64
 221.12  177.50
 221.22  122.48
 222.93  117.79
 223.65  109.83
 225.37  235.02
 225.39  175.99
 225.49  120.50
 225.49  155.62
 225.59  178.75
 226.02   95.94
 226.08  185.63
 226.56  218.74
 226.98   91.62
 227.74  107.81
 229.55  151.31
 230.02  242.58
 231.34  114.21
 231.66  238.48
 232.65  198.50
 233.29  105.11
 233.37  184.68
 233.75  116.48
 233.95  118.81
 234.17  150.29
 234.27  113.40
 234.33  134.63
 235.05  128.14
 235.81   86.03
 236.25  242.48
 236.54  117.11
 238.05  126.91
 238.17  103.08
 238.75  168.75
 239.23  145.43
 240.52  217.20
 240.64   78.85
 241.72  211.99
 241.95  102.71
 243.41  191.53
 245.60  215.92
 245.71  105.48
 245.77   80.94
 246.51  207.31
 246.76  199.71
 247.29  203.52
 248.81  105.08
 249.55  206.36
