   9.03   56.60
   9.58   51.58
  10.13  132.97
  12.35  164.88
  14.83  176.73
  15.28   49.71
  18.48  162.96
  19.54  163.97
  19.71  169.82
  20.65  159.23
  21.00  147.66
  23.02  136.78
  26.85  171.70
  29.15  137.40
  30.21  130.91
  30.38  122.08
  32.09   72.05
  32.33   98.73
  34.92   98.95
  35.03   94.42
  35.18   90.26
  35.30   85.08
  36.60   53.18
  37.57   67.50
  37.71   67.70
  38.42   71.82
  38.80   34.75
  39.27   36.64
  39.35  158.96
  39.47  161.04
  42.46  111.59
  43.14  136.17
  43.76  101.14
  44.14  168.20
  45.56   34.83
  46.32  157.08
  48.07  161.27
  48.22  155.43
  49.39  102.49
  50.37  154.40
  51.16   74.04
  52.71  187.37
  52.75  150.28
  52.91   98.31
  53.10  161.42
  53.41  187.56
  53.80  187.58
  54.90  179.22
  55.47  132.77
  56.76   16.93
  57.16   48.39
  57.64   74.62
  57.94  142.28
  58.12  134.11
  59.25  145.85
  59.68   13.24
  60.19  182.14
  61.44   24.23
  61.47   36.59
  61.49   18.79
  61.91   67.01
  62.81   68.84
  63.15   27.63
  63.41   10.79
  64.11  141.26
  65.42   63.03
  65.66   69.15
  65.70  144.88
  66.23  131.51
  67.29   66.30
  67.65   76.80
  68.03   81.05
  68.54   93.01
  68.58  173.85
  69.72  125.38
  70.27  133.30
  70.54   93.31
  70.84   25.55
  72.17   43.46
  73.02  119.54
  74.34   28.90
  75.28   12.93
  75.63  149.13
  76.09  178.38
  76.59   32.05
  76.63   72.62
  77.36   17.79
  77.38   65.00
  78.32  145.50
  79.68  157.18
  79.96  177.48
  80.14   78.89
  80.53  171.00
  81.09  135.02
  81.19   97.70
  81.55   97.96
  81.88  127.54
  82.06   36.64
  82.11   11.11
  82.70   14.00
  83.17  145.99
  83.21  172.45
  83.78   43.26
  84.75  107.27
  85.03   28.99
  85.08   41.88
  85.36   93.48
  85.76    9.05
  87.03   76.80
  87.08  151.73
  87.25  163.91
  87.52   60.09
  87.55   39.40
  87.86   79.64
  88.08   69.72
  88.41  128.07
  89.14  109.28
  89.21  171.69
  89.23   47.38
  89.32   47.35
  89.38  121.27
  89.56   33.38
  89.60   19.05
  89.63  103.37
  90.11   89.11
  90.83   14.91
  91.48   31.76
  92.52  153.39
  93.04   78.54
  93.18  168.31
  93.45   86.08
  93.49   15.50
  93.92   92.79
  94.98   89.71
  95.85  165.09
  97.18   83.11
  97.88   26.91
  97.92  150.86
  98.04  162.54
  98.17   94.36
  98.24   54.92
  98.33  108.23
  99.12  137.56
  99.15  166.36
  99.63   41.90
  99.98  134.33
 100.14   81.51
 100.17  100.64
 100.27   53.32
 100.53  105.63
 101.30   60.32
 102.14   48.59
 102.49  125.73
 104.48   63.16
 104.60   98.26
 105.47  137.18
 105.48  149.61
 106.06  108.00
 106.54   51.56
 107.52   53.83
 107.75   99.91
 108.08   56.17
 108.62   93.91
 109.05   88.25
 109.38   36.10
 109.84   60.42
 110.22   17.01
 110.54   75.03
 111.30  153.26
 111.55  103.51
 111.91  132.44
 112.39   26.28
 112.95  100.13
 113.13   30.01
 114.42  101.08
 114.73   72.23
 114.89   83.33
 114.90   77.34
 115.00   91.33
 115.00   94.82
 115.01   60.40
 115.12  112.65
 115.88   27.28
 116.28   15.02
 116.39  139.98
 116.55  106.54
 118.02   92.20
 118.15   74.54
 118.36   95.65
 119.90   33.91
 120.12   23.94
 120.93  108.70
 122.73   93.03
 122.82   12.91
 123.65   68.87
 123.83   61.10
 123.94   31.50
 124.38   73.28
 125.39  117.35
 125.66  110.77
 125.80  110.66
 126.86  109.28
 126.96  145.70
 127.29   51.44
 127.47  106.72
 128.50  100.31
 129.31  150.57
 129.35   26.68
 129.51   29.71
 129.91   11.21
 129.96   74.42
 130.35   80.92
 130.46   68.35
 130.70  151.68
 130.84  144.49
 133.28   60.82
 133.66  100.55
 135.39   48.17
 135.92  150.99
 136.34  146.63
 136.41   99.23
 137.92   37.70
 138.05   66.04
 138.81  120.35
 139.65  113.84
 139.66   96.54
 140.53   67.74
 140.86  128.74
 141.17   97.24
 143.54   91.01
 144.31  144.81
 145.35  126.35
 145.38   90.96
 145.54   76.41
 146.02  110.76
 147.22  103.31
 147.41   69.52
 148.53  143.96
 151.25   78.43
 151.31  139.91
 152.62   93.65
 152.77   91.92
 153.42   76.53
 153.47  119.77
 155.16  130.63
 156.46  138.25
 159.15  113.98
 161.08  127.41
 163.28  119.22
 163.38  130.67
 163.74  114.28
 174.57  130.39
 176.05  125.30
 180.03   97.58
 180.66  139.99
 181.97   93.52
 183.51  123.61
 183.99  132.25
 184.02   96.13
 184.06  103.17
 184.53  114.07
 185.19  122.92
 186.19  129.01
 186.78   93.91
 188.41  141.51
 188.94  122.43
 189.09   80.06
 189.35   97.12
 189.36  134.59
 189.94  106.87
 192.41  125.05
 192.58   79.80
 192.80  104.03
 192.89   94.43
 192.96  110.14
 193.01   74.44
 193.08   74.71
 193.21   87.43
 193.40  150.06
 193.84   60.22
 195.92   97.52
 195.95   62.79
 196.29   40.62
 196.60   93.04
 196.63  126.71
 197.13  127.94
 197.37   56.01
 197.68  164.55
 197.80  116.26
 198.13   43.03
 199.34   49.61
 200.11  158.79
 200.59  161.77
 200.92  130.60
 201.31   52.53
 201.33  165.49
 202.02   67.99
 202.37  118.81
 202.46   32.77
 202.55  169.84
 202.56  113.74
 203.12  124.15
 203.51  147.90
 203.74   60.94
 203.78   29.17
 204.33  102.30
 205.03  166.92
 205.18   33.05
 206.56   64.04
 207.24  176.89
 207.70   38.18
 208.04   14.45
 208.36  101.71
 209.42   32.13
 209.44  105.30
 209.53   25.78
 209.65    9.47
 209.83   32.00
 209.89  108.06
 210.50   95.94
 210.76  116.99
 210.87  113.59
 211.15   15.38
 211.62   54.61
 211.74  158.29
 212.35   43.97
 212.50  126.36
 213.22  141.27
 214.12   76.29
 214.17   48.73
 214.22  165.24
 214.41   21.20
 215.09  139.73
 215.99   60.72
 216.82  170.99
 217.50   60.58
 220.08  105.69
 220.57   89.42
 220.79  114.53
 221.05  104.36
 221.09  124.34
 222.79   21.21
 222.99   17.20
 223.27   11.78
 223.44   88.53
 223.91  142.00
 224.75   59.22
 225.40  167.81
 226.50  138.76
 226.68   25.84
 226.73   89.90
 226.86   18.08
 227.40  114.76
 228.21   13.50
 228.66  143.86
 228.98  166.94
 229.57   15.45
 230.02   10.80
 232.97  167.38
 233.03   29.17
 234.64   15.49
 236.10  138.17
 236.64   19.75
 236.67   75.69
 236.78  167.74
 237.28   78.71
 240.17  113.77
 240.21   21.68
 240.77  104.98
 242.04  180.30
 243.44  117.83
 243.91  194.28
 244.01   71.52
 244.17  135.13
 244.21   98.87
 244.56   68.39
 246.50   51.44
 249.21   51.41
