   6.81  180.29
   8.37  141.67
   9.18   86.40
  12.14  155.90
  12.67  198.77
  13.19  201.65
  14.08  204.38
  15.83  175.08
  16.55   84.39
  17.33  153.58
  17.55  191.89
  18.17  168.76
  18.23  178.84
  18.87  157.79
  19.95  162.24
  20.58  121.06
  20.79  101.61
  22.35  174.39
  22.66  179.56
  22.84  166.54
  23.09  187.70
  23.36   91.62
  23.43  161.45
  23.74  105.26
  23.79  142.26
  24.34  242.25
  25.40   98.45
  25.43  123.80
  26.53  143.99
  26.54   60.60
  26.97  110.82
  27.25   95.08
  27.77   32.00
  29.02   33.54
  29.89   50.24
  29.98   39.51
  30.54  130.29
  32.02  203.51
  32.12  102.03
  32.76  133.35
  33.39  175.84
  34.41  124.49
  34.43   43.29
  34.53  122.71
  34.94   99.12
  35.15  112.26
  36.26  115.93
  36.61   44.94
  36.96  125.17
  38.84  170.08
  39.96  139.39
  40.64  132.09
  40.69  201.56
  40.71  103.04
  41.04  163.95
  41.15  114.85
  44.18   93.14
  44.34  147.76
  44.54  163.04
  48.09   50.03
  48.87   45.96
  49.30  135.29
  49.43  167.13
  49.52  117.71
  51.46  122.10
  52.91  190.45
  54.28  119.70
  54.55  164.17
  54.85  182.31
  57.06  156.94
  57.37   57.11
  57.40  178.08
  57.48  183.46
  58.55  137.48
  59.14  122.18
  60.28  188.34
  61.14  167.66
  63.86   26.30
  64.19   18.48
  64.55  124.45
  66.55  128.01
  67.26   65.57
  67.47   65.77
  67.72  155.02
  68.21   80.74
  68.27  204.51
  68.36   77.54
  68.49   70.86
  69.40  126.17
  69.85  175.14
  70.18  164.68
  70.23   64.21
  70.53  174.70
  70.80   81.60
  71.17  129.90
  71.70  146.90
  72.56  136.08
  72.95   35.71
  73.65  127.92
  74.49  160.29
  75.50  154.88
  75.85  192.58
  76.10  140.65
  76.41  175.92
  76.49  113.64
  76.61  113.60
  76.84   39.68
  78.61   75.31
  78.87  186.72
  79.46  164.27
  80.39   67.97
  80.41   81.08
  80.57  148.22
  81.71  188.24
  81.94   23.36
  82.46   74.49
  82.98  133.42
  83.63   79.23
  84.51  130.49
  84.55   47.58
  85.20  144.40
  85.90  136.09
  86.02  162.55
  86.25  132.94
  87.31  185.73
  87.67  165.02
  88.02   24.37
  88.79   48.21
  89.42   72.00
  90.42  166.27
  90.82  142.01
  91.11   85.90
  91.14  138.34
  92.21  155.81
  92.33  150.34
  93.76  153.14
  94.18  117.11
  94.26  161.11
  94.62   77.85
  94.70  142.04
  94.71  121.67
  94.89  124.74
  95.23  200.78
  96.11   28.18
  96.67   60.35
  96.91   71.89
  97.20  160.04
  98.02  123.89
  98.39  136.12
  99.43   95.55
  99.70  126.15
 100.85   42.05
 100.95  150.40
 101.64  154.04
 102.28  147.96
 103.42   74.93
 104.43  198.22
 104.50   71.58
 105.29   20.67
 105.81  131.40
 110.20  133.39
 111.15  106.70
 111.28  120.05
 111.47   85.36
 111.97  145.37
 112.22   61.17
 113.29   12.35
 113.71   88.51
 114.09  110.56
 114.86  150.54
 114.87   85.66
 115.40  124.43
 115.67  142.95
 116.29  161.40
 116.48   90.44
 116.82  120.64
 119.05  150.30
 119.15  114.41
 119.51   96.53
 119.54  141.06
 120.58   41.86
 120.70   30.32
 121.50  151.62
 122.62  124.56
 122.73  133.37
 122.83   96.17
 123.23  149.02
 123.50   62.87
 123.71  154.65
 123.75   29.00
 123.82  174.30
 123.93   45.44
 124.18   57.28
 126.01   38.66
 126.18   25.46
 126.25  144.74
 126.52   75.06
 127.53   29.75
 128.18  142.68
 128.34  129.45
 128.35  123.21
 128.55  158.61
 128.83  101.29
 128.84  105.09
 129.28   45.56
 130.68  141.23
 131.16  117.53
 131.22  186.07
 131.49  178.06
 131.55  104.24
 131.90   40.32
 132.49   54.22
 132.56   82.42
 133.35  180.62
 134.56  118.17
 135.75  158.17
 136.24  186.02
 136.81  178.11
 138.90   42.25
 138.95  175.38
 140.22  128.91
 141.80   59.76
 142.55  140.82
 142.84  148.58
 144.02   73.49
 144.23  141.46
 144.40  164.17
 144.68   74.96
 145.94  161.63
 146.95   79.98
 147.29   62.58
 147.50   84.54
 148.60  113.36
 149.58  161.03
 149.92   81.45
 150.06   99.97
 150.07  160.82
 150.07  147.68
 150.16   93.84
 151.11  114.04
 151.98  175.55
 155.90  145.67
 155.93  177.48
 156.11  102.87
 158.74  186.10
 159.38  172.08
 159.61  164.02
 159.78  180.83
 159.80  172.25
 160.04  102.06
 160.59  175.41
 160.95  117.03
 161.08  141.62
 161.58  128.10
 162.41  168.89
 163.14  137.77
 163.46  144.04
 163.92  184.98
 164.54  177.44
 165.05  166.07
 165.17  126.40
 166.01  168.91
 166.06  150.49
 167.14  154.04
 167.31  116.13
 168.27  183.76
 169.98  119.97
 170.75  165.67
 172.18  186.12
 173.43  181.66
 174.64  111.86
 174.92  141.39
 175.31  178.46
 175.52  186.02
 176.69   93.09
 176.74  128.46
 180.56  112.13
 182.27  184.62
 183.05  174.15
 183.55  143.41
 183.57  123.84
 183.65  139.28
 183.73  153.23
 183.93  148.10
 184.42  179.04
 185.08  183.04
 186.05  116.86
 186.77  150.35
 187.50  164.85
 187.86  155.24
 188.33  128.73
 189.92  119.69
 190.39  118.86
 191.52  110.48
 192.70  180.21
 192.78  151.51
 193.01  175.67
 193.29  128.07
 194.83  143.15
 195.59   70.60
 196.03  153.80
 196.82  180.34
 197.00  166.26
 197.94  107.98
 198.02   86.21
 198.99  162.20
 199.41   61.26
 199.84  155.47
 199.93  169.58
 199.99  100.88
 200.35   83.23
 201.12  158.67
 201.98   49.80
 202.02   63.79
 202.07   92.38
 202.26  146.78
 202.58  135.68
 202.67  101.02
 202.84   50.97
 203.09   73.44
 203.24  153.68
 203.32   61.10
 203.61  110.65
 204.58  139.35
 204.86  164.54
 205.14   90.08
 206.00  108.62
 206.06   73.19
 206.27  104.16
 206.89   62.06
 207.47   82.22
 207.80   76.19
 207.84   87.51
 208.27  182.25
 208.36  105.76
 208.52  100.94
 208.56  154.31
 208.77  187.28
 208.78  117.78
 208.80  131.60
 208.89   68.69
 209.69  141.11
 209.76  142.76
 209.85  165.49
 210.32  181.04
 210.79  147.82
 210.85   59.42
 211.01   78.91
 211.11  124.37
 211.11   73.76
 212.19  103.43
 212.65  153.23
 213.96  159.92
 214.15   63.10
 214.48   69.03
 214.62   77.32
 214.68  114.59
 214.69   72.37
 214.82  158.63
 214.99   87.12
 215.01   83.56
 215.93   55.04
 217.53   13.59
 218.34  101.05
 218.51   42.95
 218.51   39.82
 218.74   51.89
 218.99   58.40
 219.08  153.20
 219.50   62.96
 219.74   96.54
 220.78  157.09
 221.56   29.73
 221.57   65.33
 222.09   98.85
 224.11    9.96
 224.21   91.64
 225.30   12.84
 226.93  142.13
 227.31  142.47
 227.41  142.58
 229.00   35.36
 230.99   56.87
 231.79  107.02
 232.62   18.20
 233.27   68.96
 233.59   80.00
 233.97  134.43
 234.16  134.21
 234.42  142.37
 235.49  128.52
 238.44  149.47
 238.99   55.60
 239.51  187.37
 239.65   62.73
 239.97  122.80
 240.13  135.01
 240.89  151.81
 241.11  158.30
 241.65   25.49
 241.81  175.03
 242.00   37.02
 242.00  180.24
 242.24  209.58
 242.43  187.81
 242.52   22.57
 242.93  131.52
 243.01   51.26
 243.41   87.89
 243.50   91.60
 244.52  161.97
 244.64  171.77
 244.94  145.47
 245.08  176.90
 245.11  190.26
 245.43   21.85
 246.01   38.55
 246.10   23.93
 247.43  170.20
 247.80  173.97
 248.10   63.07
 248.92   36.34
 249.10   32.69
