   7.03  175.36
   8.04   87.61
  10.26   28.61
  13.59  172.45
  14.44  100.58
  15.32  148.48
  15.54  146.60
  16.68  130.25
  18.16  163.22
  18.25  163.03
  18.80  146.31
  19.13  168.76
  19.17   77.93
  20.20  157.48
  20.32  107.16
  21.27  113.92
  21.51  202.32
  21.52  120.37
  22.21  168.04
  22.46  145.77
  22.91  165.94
  24.31  122.46
  24.49  174.16
  24.90  178.29
  25.12  140.36
  25.41  186.98
  25.74  145.88
  25.81  147.84
  25.89  143.76
  26.83  117.88
  26.99  170.29
  27.29  112.17
  27.50  164.55
  28.46  171.09
  29.38  158.62
  29.51  145.72
  31.03  164.58
  31.42  156.28
  31.96  151.56
  32.12  241.88
  32.50  191.86
  33.12  226.27
  34.00  161.98
  35.30  221.77
  35.53  130.96
  36.13  138.73
  36.51  157.82
  36.72  150.68
  36.81  143.53
  37.14  203.43
  37.40  161.78
  38.91  164.45
  38.99  158.02
  40.23  160.97
  40.40  133.64
  40.51  116.83
  41.79  189.96
  41.89  122.03
  43.07  158.38
  43.91  142.98
  45.12  115.02
  45.65  196.13
  45.87  105.64
  47.77  199.51
  48.27  143.78
  48.51  115.78
  48.68  127.17
  49.40  158.06
  49.54  160.67
  49.79  163.89
  49.93  149.12
  50.85  111.66
  51.09  204.25
  53.87  127.62
  55.81  160.96
  56.13  132.58
  56.31  101.25
  56.54  156.75
  56.96  167.36
  58.57  124.74
  60.52   97.27
  60.99  218.32
  61.02   89.77
  62.79  224.53
  63.24   85.14
  64.09  163.37
  64.90  121.76
  64.91  226.01
  64.97  110.35
  65.78  162.89
  66.64   81.27
  68.25  109.78
  72.09   95.65
  73.36  164.05
  74.24  231.75
  74.40   70.06
  75.03  158.11
  78.75   55.00
  79.50  102.68
  80.41  158.55
  83.12   83.05
  83.99  125.69
  87.27  171.27
  87.59  166.70
  88.74  161.73
  88.94  123.97
  89.15   98.47
  89.49   93.01
  92.00  102.98
  95.16  162.41
  95.47  119.22
  95.63  123.31
  95.67   97.60
  95.94   86.96
  97.07  102.14
  98.82   96.44
  99.33   58.89
  99.39  117.55
  99.51   92.99
 100.21  169.64
 101.98  164.60
 102.76   34.33
 103.10  116.09
 103.35   92.99
 103.41   80.74
 105.55   97.41
 106.36   81.28
 106.54   92.50
 106.66   86.08
 107.80  113.98
 107.93  114.59
 108.58   94.93
 109.01   32.99
 109.08   81.57
 109.09   91.52
 111.99  111.87
 113.33   72.43
 113.49   28.76
 113.67   78.20
 113.83   80.98
 115.22  171.25
 117.04   91.83
 117.68  108.47
 117.71   18.91
 119.55   30.58
 120.89  119.56
 121.11  129.76
 121.61   50.43
 121.68  154.93
 122.37    9.94
 122.48   36.34
 123.05  107.53
 123.51  134.70
 124.41   63.63
 124.67   29.85
 124.87   24.39
 125.08   78.25
 126.35  156.83
 127.54   86.59
 127.57   26.53
 128.06   21.00
 128.08   78.49
 128.12   70.75
 128.20  160.28
 129.09    8.18
 129.90   59.68
 130.14   81.94
 130.22   87.43
 130.43  105.46
 130.48  106.58
 130.50   80.49
 130.84   33.18
 131.59  168.67
 131.70   16.10
 132.00   39.95
 132.73  164.13
 133.83   42.62
 133.95  150.85
 134.23  140.05
 134.48  126.58
 134.49  104.03
 134.51   97.71
 134.59  156.84
 136.98  124.12
 137.09  129.22
 137.13  132.21
 137.24  135.80
 137.75  115.99
 137.78  116.30
 139.06   48.75
 139.87   79.88
 140.17   96.36
 140.21   67.79
 140.56  111.09
 140.57   24.77
 141.02   31.08
 141.40   91.61
 142.22   88.08
 142.51   15.13
 143.05   69.58
 143.32   61.33
 144.89    7.76
 144.93   47.19
 145.12  169.42
 145.17   72.09
 145.76   78.28
 145.94  177.32
 146.53   98.82
 147.93   40.51
 147.96   88.00
 148.23   48.13
 149.63  149.83
 149.96  143.22
 150.54  135.59
 150.88   83.61
 151.69  160.55
 152.25  152.87
 152.67  147.31
 152.70  170.09
 153.49  112.95
 153.81   85.30
 153.97   48.50
 154.53  162.98
 155.05   81.38
 155.97  128.45
 156.54   87.08
 156.58  114.93
 157.31   36.76
 157.80   48.06
 157.89   55.69
 158.43   68.58
 161.92   10.48
 161.97   33.61
 162.29   65.86
 162.50   47.35
 162.50   80.57
 162.50   56.22
 162.76   52.43
 163.40   71.56
 163.77  166.77
 163.78  188.23
 164.29   59.37
 165.06   30.61
 165.37   67.48
 165.42   47.55
 166.45   65.79
 166.76   79.18
 167.63   90.36
 168.27   34.65
 168.90  149.72
 169.04   22.19
 169.87  166.34
 170.58   70.58
 170.82   88.00
 170.94  124.10
 173.64   72.27
 174.68  144.57
 175.93  172.22
 176.22  133.93
 176.95   73.99
 177.01  164.53
 178.16  111.80
 178.59   63.56
 179.72  213.93
 179.75  216.51
 180.06  108.94
 180.10  108.91
 181.00   71.96
 181.19  166.42
 181.97  108.17
 182.00   61.52
 182.56   54.96
 182.62   16.60
 183.20   63.58
 183.46  215.51
 183.56   39.30
 184.11   52.83
 187.32   65.04
 187.45  144.78
 187.56  219.58
 187.58   68.90
 187.67  161.10
 189.12   49.35
 189.32   38.52
 189.33   38.40
 190.04   56.00
 190.52  220.74
 191.60   42.45
 192.33   19.60
 194.02  149.70
 194.22   48.75
 194.32   15.55
 194.58   38.82
 194.61   21.36
 194.70   24.92
 194.91   30.36
 194.94   34.09
 195.70   60.74
 196.51   17.73
 197.80  131.34
 197.84   48.93
 198.37  165.95
 199.26   58.30
 199.41  221.63
 202.41  142.09
 202.62   19.98
 205.10  171.13
 205.28   59.87
 205.59  141.73
 205.80  151.89
 205.86  229.46
 206.43  125.62
 206.59  153.98
 206.60  148.78
 207.58   54.17
 207.95  227.44
 208.62   46.17
 209.26   49.17
 209.58  135.09
 209.96  158.38
 210.09  163.24
 212.58   44.01
 213.96  167.49
 214.84   50.40
 215.56   42.29
 216.16  163.23
 219.08   52.60
 219.95   29.65
 224.44   45.27
 225.07   37.30
 226.46   19.18
 227.04   30.55
 227.63   47.70
 228.09   38.55
 228.25   34.06
 229.01   16.96
 230.14   37.20
 230.56   30.06
 230.57   33.86
 230.61  181.55
 230.99   41.16
 231.24   10.78
 232.76   32.05
 233.13   35.51
 234.34  125.89
 234.75   44.63
 235.42  160.68
 235.72  182.50
 235.86   40.26
 235.99  132.99
 236.12  139.24
 236.16  147.79
 237.38  182.15
 238.02   25.71
 238.77   42.22
 239.31   36.98
 239.45  154.29
 240.01  177.55
