   7.98  232.64
   8.30  199.36
   9.57  219.51
   9.89  214.87
  10.13  125.50
  10.45  244.05
  11.47  132.28
  11.82  248.65
  11.94  241.14
  12.31  213.40
  12.60  232.54
  13.28  245.18
  14.48  138.85
  14.87  213.23
  15.48  227.37
  15.52  240.45
  15.82  234.48
  16.54  218.89
  17.44  214.00
  17.63  147.78
  18.57  201.08
  18.76  222.17
  18.90  154.61
  18.91  232.21
  20.20  239.99
  21.91  183.82
  21.93  144.74
  22.42  227.37
  23.67  232.65
  23.89  245.13
  24.03  218.76
  25.15  202.92
  25.40  241.38
  25.89  144.47
  26.28  224.63
  26.32  196.80
  26.35  147.83
  26.68  229.46
  28.85  240.79
  31.01  238.48
  32.37  198.34
  34.73  212.00
  35.57  161.03
  36.01  166.06
  36.04  181.63
  36.33  208.15
  36.42  156.71
  36.46  169.86
  36.51  203.51
  36.61  185.82
  36.65  198.88
  37.78  163.43
  38.17  212.37
  38.54  168.15
  38.98  181.58
  39.86  207.75
  40.55  245.17
  41.87  204.48
  42.42  192.70
  44.14  198.15
  44.14  163.88
  45.74  156.96
  47.99  152.05
  50.94  195.81
  51.15  157.27
  52.74  154.39
  54.16  160.50
  54.41  210.47
  54.96  157.11
  55.37  154.05
  56.10  203.22
  56.16  207.13
  60.51  154.04
  61.85  203.84
  61.89  211.60
  61.92  207.08
  63.46  200.84
  64.73  197.64
  65.23  151.00
  65.35  213.30
  66.40  161.18
  66.52  156.72
  66.53  177.47
  66.71  156.61
  67.13  199.74
  67.20  173.76
  68.95  205.15
  69.15  148.50
  69.28  174.93
  69.61  226.73
  69.87  178.37
  70.20  195.47
  70.37  160.30
  71.58  153.21
  71.84  117.92
  72.36  207.58
  72.52   98.00
  72.66  174.27
  73.47  184.76
  73.58  178.91
  73.70  194.66
  73.75  160.48
  73.85  150.29
  74.00  129.58
  74.06  217.00
  74.40  204.13
  74.55  165.03
  74.62   95.92
  75.55  197.28
  75.63  233.80
  75.74  171.46
  75.79  151.09
  76.08  169.28
  76.15  180.65
  76.37   81.57
  76.75  216.67
  76.98  185.40
  77.84  148.43
  77.97   92.24
  78.18   97.22
  78.31  133.46
  78.39  165.81
  78.48  117.20
  78.60  202.14
  78.61  109.71
  78.68  181.25
  78.68  152.68
  78.92  159.51
  78.94  212.82
  79.39  198.07
  79.55   80.94
  80.44  207.33
  80.66  120.89
  80.70  150.82
  80.99  175.34
  81.10  129.48
  82.07  141.98
  83.08  132.04
  83.56   97.63
  83.59  197.92
  83.83  170.77
  83.85   91.44
  84.67  166.38
  85.29  184.74
  85.62  201.02
  85.74   85.72
  86.24  130.48
  86.34   89.94
  86.65  216.20
  86.73  112.54
  86.74  216.47
  86.86  192.68
  87.35  120.23
  88.23  102.93
  89.08  245.36
  89.66  163.38
  90.79  180.94
  90.80  220.86
  91.17  205.97
  91.33  196.80
  91.35  165.77
  91.63  185.98
  91.72  138.10
  92.87  199.69
  93.97  165.48
  94.32  194.31
  94.64  210.01
  97.53  126.05
  98.17  153.54
  99.01  183.55
  99.26  177.95
  99.37  237.00
  99.48  196.40
  99.64  122.94
 100.80  180.50
 101.21  145.82
 101.47  174.95
 101.71  239.88
 102.04  231.40
 102.10  234.80
 102.94  125.34
 103.13  155.49
 103.39  209.36
 103.54  177.47
 103.69  146.35
 103.97  194.92
 103.99  164.23
 104.74  214.28
 104.95  185.45
 105.85  113.98
 106.58   97.18
 106.98  208.71
 108.06  178.93
 108.08  145.15
 108.15  167.59
 108.38  162.69
 108.57  214.03
 108.58  134.31
 108.68  157.25
 109.87   97.62
 110.13  107.71
 110.58  193.85
 110.74  160.04
 110.85  120.74
 110.92  176.69
 111.00  203.94
 111.19  113.78
 111.25  210.64
 112.47  190.18
 113.40  214.96
 113.66  109.16
 113.81  101.39
 113.94  178.00
 114.06  170.45
 114.14  114.04
 114.15  106.16
 115.12  199.52
 115.65   97.79
 115.99  181.07
 116.24  190.62
 116.73  208.60
 116.92  149.43
 117.80  143.50
 118.52  152.22
 118.64   95.68
 119.93  197.36
 119.99  168.64
 120.06  130.78
 120.33  150.12
 120.33  213.95
 120.51  175.58
 120.61  187.49
 120.78  118.61
 120.85  139.07
 122.56  217.15
 122.63  221.55
 123.00  114.13
 123.13  170.47
 123.16  178.61
 123.17  207.83
 123.26  200.81
 123.33  210.92
 123.83  185.61
 124.05  240.52
 124.22   97.89
 124.47  107.86
 125.65  231.63
 126.45  205.70
 127.22  196.29
 127.22  245.93
 127.64  118.83
 127.89  167.77
 128.06  136.17
 128.62  214.86
 128.94  239.44
 130.21  175.71
 130.32  230.61
 130.74  171.49
 131.12  135.98
 131.68  198.79
 131.86  223.19
 131.97  243.57
 132.01  184.72
 132.40  201.50
 132.41  208.11
 132.42  237.67
 132.74  128.37
 132.97  181.38
 133.22  172.75
 133.72  164.45
 134.09  216.74
 134.39   84.55
 134.43  197.40
 134.84  161.21
 135.43  186.10
 135.52  185.28
 135.75  114.83
 135.76  201.03
 135.85  180.73
 135.91  214.32
 136.08  166.72
 136.10  120.65
 136.13  192.44
 136.13  137.97
 136.14  247.30
 136.51  126.29
 136.68  153.96
 136.84  147.52
 136.97   99.09
 137.25  133.37
 137.32  108.15
 137.42  217.04
 137.48  205.01
 138.45  222.00
 138.60  186.92
 138.67   90.36
 138.92  182.41
 139.08  233.57
 139.16  210.31
 139.17  114.48
 139.21  169.71
 139.32  161.58
 139.58  242.53
 139.59  246.52
 139.91  128.04
 139.95  136.08
 140.09  170.08
 140.25  107.44
 140.72  124.72
 140.91  222.72
 141.59  208.42
 142.43   92.60
 142.48  104.57
 142.68  135.10
 143.39  239.33
 143.42  186.02
 143.43  226.83
 143.46  164.26
 143.51  164.21
 144.15  107.38
 144.17  118.99
 144.33  123.68
 144.57  197.15
 144.78  158.97
 144.80  132.35
 145.43  102.37
 146.85  213.09
 147.52  229.46
 147.57   86.54
 147.63  121.83
 147.80  153.50
 147.81  219.84
 148.25  174.57
 148.31  108.06
 148.32  166.91
 149.48  119.16
 149.74  156.62
 149.98  129.42
 150.00  124.82
 150.29   85.57
 150.64   96.76
 152.49  202.70
 152.66  169.27
 152.85  199.54
 152.92  117.24
 152.94  126.83
 152.99   80.28
 153.11  150.80
 153.51  242.74
 154.07  229.28
 154.23  219.75
 154.46  158.85
 155.20  163.29
 155.59  114.34
 155.90  147.64
 156.40   89.89
 156.47  152.91
 156.86  223.93
 157.16  195.25
 157.33  238.71
 157.50  152.02
 157.63  190.84
 157.70  177.36
 157.90  164.34
 158.36  234.11
 158.39  145.03
 158.41  231.19
 158.54  141.61
 158.57  138.61
 158.63  134.22
 158.64   73.36
 158.67  148.02
 159.26   62.45
 159.39  227.25
 159.65   95.22
 160.15  150.72
 160.31   98.77
 160.52   58.86
 160.66  220.72
 160.73  195.63
 161.56  199.41
 161.74  171.85
 162.26  229.41
 162.40  168.75
 162.85  232.06
 163.14  179.30
 163.38  136.13
 163.41  182.06
 163.42  193.45
 163.43   60.54
 163.74  193.41
 164.00  164.00
 164.23  157.29
 164.32  157.29
 164.50   84.45
 164.51  201.31
 164.57  221.30
 164.64  184.95
 164.84   87.42
 165.15  167.05
 165.40  224.18
 165.53  119.80
 165.61   63.03
 165.70  212.98
 166.10  240.14
 166.54  103.40
 167.49   43.77
 167.55  193.43
 167.85  183.46
 168.27   60.41
 168.30  102.95
 168.34  157.31
 168.95  198.96
 169.02  233.95
 169.09   80.04
 169.60  239.73
 169.73  143.40
 170.38  186.65
 170.54  191.63
 170.58   52.54
 170.71  160.01
 170.98   49.08
 171.02  231.53
 171.05   49.29
 171.05  183.19
 171.09  106.90
 171.39   96.91
 171.41  169.54
 171.78  103.25
 171.84   72.47
 171.86  114.27
 171.99  132.51
 172.02  116.79
 172.06  100.12
 172.06  139.19
 172.07  119.71
 172.09  127.83
 172.20  142.47
 172.24  242.24
 172.45  123.81
 172.46  216.56
 172.77  219.75
 173.10  237.98
 173.29   79.65
 173.66   75.46
 174.38  188.52
 174.43  198.34
 174.55  162.85
 174.60  200.53
 174.74  100.18
 175.34   64.20
 175.35  145.75
 175.77   54.86
 176.03   70.45
 176.33  241.40
 176.99   73.99
 177.09  198.97
 177.15   34.40
 177.98   65.81
 178.40   73.74
 178.57  103.12
 178.86  199.04
 179.35  223.06
 179.36   64.39
 179.44   53.88
 179.60  138.24
 179.63   99.60
 179.91   96.23
 179.99   69.78
 180.05  146.62
 181.00  150.65
 181.45  234.64
 181.53  226.27
 182.23  216.24
 182.28   44.12
 182.80  230.78
 182.81  243.98
 183.35  199.17
 183.95   92.52
 184.05   61.78
 184.15  104.50
 184.25   47.56
 184.43   54.30
 184.59  141.13
 185.41  238.43
 185.74  197.71
 186.79  154.28
 187.06   62.94
 187.07   38.63
 187.67   81.48
 187.68   49.98
 187.73   55.51
 187.89   81.18
 188.32   95.16
 188.56  150.30
 188.69  230.45
 188.74  120.02
 189.01  133.27
 189.04   79.17
 189.16   87.72
 189.47  146.97
 189.61  141.79
 189.91  242.09
 190.41   11.05
 190.80   45.02
 190.87   56.14
 191.02  245.95
 191.50  228.48
 191.67  233.49
 191.97  239.74
 192.72   35.45
 192.84   12.05
 193.61  141.77
 193.64  197.01
 194.16   95.98
 194.19  241.02
 194.61   83.79
 194.75  229.88
 195.23  134.51
 195.90   26.55
 196.04  169.71
 196.47  232.97
 197.91  227.86
 198.26   38.99
 198.37   26.56
 198.83   69.19
 198.87  151.98
 198.88   91.66
 198.97  128.64
 199.33   86.42
 199.44   41.54
 199.61  230.82
 200.02  126.36
 200.40  241.71
 200.50   27.06
 200.97   77.92
 200.97   81.83
 201.08  141.21
 201.75   73.56
 202.98  238.33
 203.04   21.38
 203.11  224.87
 203.30   28.87
 203.53  188.07
 204.70  128.42
 204.77  218.53
 205.01   78.77
 205.68   52.43
 205.89   11.88
 205.96  236.02
 206.22  204.32
 206.27  210.06
 206.28  232.94
 206.32  210.33
 206.95  214.22
 207.22  147.63
 207.48   72.91
 207.56  227.79
 207.86  128.14
 207.97  232.01
 208.38  238.97
 208.44   12.52
 208.59   11.89
 209.32   75.80
 210.25  145.90
 210.50  138.45
 210.56   33.98
 210.61    7.15
 210.73  245.78
 210.79  227.77
 210.93  189.30
 211.09   12.46
 211.10  238.84
 211.40  196.89
 211.71   29.45
 211.82   69.62
 212.09   96.86
 212.22  120.80
 212.33   37.03
 212.87  231.08
 213.11  177.71
 213.21   48.27
 213.23  191.96
 213.28  191.63
 213.39  209.63
 213.47  186.51
 214.09  243.09
 214.64  145.53
 215.32   80.54
 215.64   49.40
 216.05  191.04
 216.07  201.74
 216.29  197.26
 216.31  184.52
 216.34  233.91
 216.38  212.07
 216.89   41.83
 216.94  135.02
 217.07  235.90
 218.78  178.26
 219.30  238.48
 219.46  210.47
 220.78  194.54
 220.79  207.49
 221.13  201.02
 221.23  201.00
 221.27   30.52
 221.30   25.77
 221.49   45.50
 221.49   51.33
 221.55   58.67
 221.60   91.39
 221.60   79.20
 221.62   75.25
 221.63   96.97
 221.69  243.06
 221.70  102.96
 221.73  111.68
 221.73  118.32
 221.82  135.34
 221.83  201.64
 221.85  139.29
 221.89  132.29
 221.92  235.06
 221.95  173.65
 223.12   54.72
 223.54   27.87
 223.69   10.82
 223.75   19.37
 223.79   15.83
 223.95   59.53
 224.11   94.16
 224.12  210.80
 224.22   89.62
 224.35  176.59
 224.95  194.85
 225.06  191.67
 225.75  240.82
 225.91  235.00
 226.17   17.92
 226.22   68.56
 226.40   45.27
 226.42   31.04
 226.47   51.39
 226.49   73.74
 226.50   87.29
 226.57   60.63
 226.85  107.32
 226.88   24.44
 227.00   92.05
 227.02  129.76
 227.31  117.88
 227.38   40.15
 228.04  215.14
 228.11  209.72
 228.15  139.71
 228.32  188.52
 228.44   44.76
 228.68   23.75
 228.76   27.92
 229.21  194.79
 229.56   70.70
 230.12  204.73
 230.52   45.29
 230.68   98.22
 230.88   24.90
 231.25   11.83
 231.37  133.20
 231.45  138.59
 231.53  129.00
 231.67   30.06
 231.94  177.00
 231.98   50.60
 232.91   80.50
 233.21   92.05
 233.22  245.03
 233.23   55.56
 233.34  204.11
 233.36  234.06
 233.42   43.78
 233.55   64.40
 233.80  132.64
 233.83   47.76
 233.96  173.78
 233.99  163.65
 234.36  181.65
 234.91  201.01
 235.22  195.93
 235.48  226.07
 235.70   36.07
 235.80  139.78
 235.91   31.45
 236.13   17.71
 236.21   46.00
 236.37  248.02
 236.85  173.56
 236.90   50.93
 237.61  177.62
 237.75  130.75
 237.80  194.70
 238.32   97.93
 238.46  124.23
 239.20  238.60
 239.86  111.56
 239.94   43.48
 240.26  240.24
 240.68   47.86
 240.81  234.43
 241.13  106.30
 242.13   41.90
 242.24   94.54
 242.32   81.04
 242.67   37.99
 242.98  100.38
 243.20   70.37
 243.34   65.46
 243.35   38.05
 243.84   31.88
 243.86   75.25
 244.09    9.14
 244.26  240.81
 245.51   79.34
 245.79   43.49
 245.81  103.37
 246.00  123.28
 246.15  235.06
 246.39   47.11
 247.00  247.24
 247.87  238.93
 249.06  241.67
