   7.18   34.68
   8.25   42.54
   8.31   91.81
   9.06  124.80
   9.62  159.60
  10.19  111.98
  11.41   44.89
  12.00   94.53
  12.91   51.65
  13.54   84.20
  14.16  153.91
  14.88   80.53
  15.26  108.34
  16.93  106.65
  18.17   40.61
  18.66   47.58
  18.83   59.23
  19.14   79.79
  20.01   94.47
  20.51   89.76
  20.98  111.70
  21.41   62.61
  22.33   92.42
  22.44   82.31
  23.56  111.64
  23.80  115.63
  24.65   68.41
  24.81  143.11
  25.08  146.16
  25.21   76.47
  27.57   45.97
  28.33  131.02
  28.43   54.77
  28.60  142.81
  28.74  142.80
  29.90  114.56
  30.01   61.37
  30.17  138.47
  30.22  110.90
  31.14  118.04
  32.79  125.86
  33.48   69.44
  34.30  109.58
  35.30  122.89
  35.56   48.16
  35.60   80.78
  37.46  142.21
  37.57  125.83
  37.88    8.49
  38.40  112.53
  40.58   63.36
  41.02  142.63
  42.47   71.08
  42.54   73.76
  42.95  126.68
  43.06  122.82
  44.24   62.88
  45.10   70.61
  46.16  130.55
  48.20  150.79
  48.36  150.61
  48.49   95.51
  48.83  145.06
  49.93   67.96
  50.48   16.08
  51.97   15.76
  53.37  111.69
  54.13  142.01
  54.79   20.40
  55.90   97.88
  58.78  114.75
  60.78  152.12
  61.14  153.83
  61.48   15.37
  61.93  154.00
  62.80  111.76
  64.44  118.25
  64.60   22.41
  68.19  125.07
  69.96  131.64
  70.17  144.06
  70.35  124.41
  73.32  134.68
  73.53  144.08
  76.11  136.84
  77.52  146.47
  78.12   50.43
  78.56  130.09
  79.74  143.81
  79.88   53.59
  79.99  149.06
  80.13   60.29
  80.20  154.89
  80.78   50.47
  82.62   48.01
  83.09  136.60
  83.23   56.50
  83.57   31.76
  84.52  144.53
  84.74   71.50
  85.13   47.25
  85.75   35.96
  86.95   63.28
  87.28   43.37
  87.66   64.45
  89.18  140.47
  89.28  129.47
  90.11   61.94
  90.88  135.75
  95.11   79.30
  95.39  142.82
  95.61   88.94
  98.07  142.97
  98.39  126.25
  98.43   85.89
  99.64  142.94
 100.65  135.63
 101.16  112.91
 101.36  103.33
 101.50  112.87
 103.00  121.93
 103.42   94.13
 103.91  127.30
 106.20  124.50
 106.41  142.62
 106.66  138.65
 106.93  105.64
 107.08  141.45
 109.87  199.53
 110.84  105.75
 112.53  118.16
 113.50  197.78
 115.39  114.96
 118.41  131.04
 123.01  119.93
 123.57  137.91
 128.29  140.94
 130.51  129.64
 132.92  127.50
 135.81  142.96
 138.59  131.24
 142.09  122.25
 143.18  109.03
 144.24  126.95
 149.07  121.96
 149.10  106.13
 149.92  144.49
 152.58  106.43
 152.67  133.43
 153.24   86.04
 153.69   93.04
 153.86  148.21
 155.22  102.89
 156.04  111.61
 156.08  120.16
 156.63  106.34
 159.12  132.82
 160.02  120.14
 160.35  140.77
 161.06   63.72
 162.62  126.88
 163.08  113.11
 163.92  132.22
 166.57  144.21
 168.49   53.19
 169.08  150.80
 169.65  135.68
 169.66  128.29
 169.83  146.95
 170.06  132.25
 170.84   75.30
 171.10  123.57
 172.00  119.50
 174.84  108.18
 174.97   76.60
 175.26   64.65
 175.35   60.54
 175.36   96.23
 175.43  156.53
 175.73  103.17
 175.77   81.03
 175.85  125.66
 176.54   90.64
 179.39  138.31
 179.84  100.21
 180.19  115.41
 180.48  109.52
 182.83   68.34
 183.00  132.87
 184.97   47.33
 185.82  140.85
 186.37   44.76
 187.27  125.10
 188.20   61.99
 188.51   41.79
 188.93   56.09
 188.93   56.77
 191.89   36.93
 192.83   55.02
 193.19  111.47
 193.45   62.05
 193.48  146.94
 194.88   37.97
 195.84  105.41
 196.24  123.61
 197.28  143.94
 198.03  126.46
 199.33   47.55
 199.74   95.68
 199.97  106.02
 200.34   23.95
 201.17   30.06
 202.24   44.95
 203.28   95.92
 203.87  109.54
 204.09  123.59
 204.12  123.47
 205.93  136.33
 206.16   47.62
 207.05   43.94
 207.22   52.66
 207.26   14.75
 207.54   38.79
 207.96    9.32
 208.23   91.00
 208.38   71.80
 208.43   71.74
 209.00  107.44
 210.20  164.22
 210.87    9.86
 211.54   80.14
 211.72  117.58
 212.22   34.12
 212.76   91.41
 214.76    9.61
 216.08   82.09
 216.36   46.09
 216.43  117.34
 218.05   84.90
 218.27   27.28
 219.40  104.10
 219.47   93.67
 219.63  109.08
 220.84  144.73
 221.74  124.55
 221.80   34.94
 222.14   93.63
 222.23   21.99
 223.24   87.70
 223.90  119.20
 224.09  169.73
 224.09   77.62
 224.67   26.50
 224.82  107.83
 226.92   40.49
 227.03   14.34
 227.74  175.48
 228.12   51.81
 228.27   77.49
 228.55   94.53
 229.26  138.60
 230.12   87.61
 231.24   75.17
 231.35  155.45
 232.21  117.18
 233.10  122.13
 233.31  136.62
 233.32   26.16
 233.47   17.58
 234.53   33.06
 234.62  151.35
 234.74  145.53
 234.85  145.45
 237.06   51.03
 237.14  157.87
 238.01  120.15
 238.23  115.89
 239.07  139.40
 239.17   20.16
 239.17   34.56
 239.44   84.82
 239.88  119.04
 240.45   87.12
 240.57   87.56
 241.49   95.79
 242.70   10.38
 242.77  155.33
 243.17  120.39
 245.21   79.04
 245.86   92.76
 246.17   83.76
 246.71  122.87
 248.03  155.94
