   8.40   11.92
   9.73  196.78
  12.71  189.11
  12.76   37.06
  13.44  152.65
  13.95  213.90
  17.70  149.08
  18.30   44.58
  18.94  124.32
  19.27   42.03
  19.59  157.82
  19.76  195.60
  19.80  192.14
  19.85   53.20
  19.87  108.18
  19.94  118.04
  20.02   79.13
  20.18  129.17
  20.37   70.03
  20.37  102.69
  20.83  148.44
  21.43   99.47
  21.52  124.68
  21.67  242.95
  24.67  155.85
  25.25  124.27
  25.78  213.68
  25.82  161.88
  25.96  131.42
  26.24   52.50
  27.51  237.47
  28.96  234.85
  29.74  110.09
  30.00   92.92
  30.01   84.83
  30.14  131.55
  30.45  128.22
  30.57  144.95
  31.50  106.48
  31.51  166.27
  32.38   51.49
  33.95   36.57
  34.02  134.83
  34.73  168.45
  36.94   54.79
  39.75  225.30
  41.21  234.30
  46.77  228.56
  48.18   63.81
  48.87  145.75
  49.34   95.51
  49.49   94.87
  49.50  225.92
  50.41   35.43
  50.43   52.85
  51.32   63.17
  52.31   73.74
  52.81   73.95
  54.55   90.12
  54.75   98.01
  55.44   68.81
  55.80   69.42
  55.89   73.98
  56.02   79.83
  57.23   94.16
  57.69  138.92
  57.78  139.26
  58.64  146.78
  60.45  206.01
  61.03   61.57
  61.12  148.38
  61.98   51.35
  62.23   45.63
  62.31   99.53
  63.49  207.95
  64.37   35.05
  64.80   89.18
  66.69   75.71
  67.13   79.29
  67.18   19.47
  67.94   24.22
  68.75  179.61
  69.35  198.21
  70.23   30.74
  70.64   82.08
  70.74   21.23
  70.89  164.21
  71.00   31.71
  72.20  199.89
  73.52   89.41
  74.15  193.84
  74.74   85.24
  75.03   31.59
  76.37   99.00
  77.10  109.57
  77.97   53.08
  79.94  117.55
  80.17   92.43
  80.54   55.43
  80.87   96.97
  81.29  133.90
  81.92  146.43
  82.45  188.40
  83.37   55.20
  83.45   98.60
  83.75  117.45
  83.91   85.75
  84.01  119.90
  84.31  183.10
  84.42  117.11
  84.51   32.88
  84.70   66.93
  85.19  101.61
  86.58  188.46
  87.69   99.90
  88.02  117.23
  89.47  137.27
  89.49  122.97
  89.52   29.06
  89.59  103.69
  90.86  108.94
  90.92   35.26
  90.98   48.62
  91.12   16.38
  92.08  139.24
  92.87   54.26
  93.25  100.63
  93.77   29.44
  93.90   16.29
  94.49  116.12
  94.68  116.81
  95.23   41.02
  95.23   65.31
  95.44   33.83
  95.66  110.01
  95.73   83.25
  95.86   78.14
  96.03   27.49
  96.88   17.53
  97.07   43.31
  97.13   65.54
  99.20   31.41
  99.21   38.30
 100.51   81.46
 100.55  110.20
 101.06  106.99
 102.00  123.38
 102.14   67.40
 105.34   34.90
 106.10  122.57
 106.71   66.76
 107.46  141.06
 107.60  126.63
 108.10  115.04
 108.49   79.41
 108.52   71.05
 108.96   97.06
 108.96   90.80
 110.71  129.76
 110.93   94.17
 112.26   68.12
 113.97   83.67
 114.38  104.88
 115.06  120.79
 115.13  136.68
 115.17  104.46
 115.19  128.02
 115.46   87.40
 116.05   94.94
 117.27   82.99
 117.40  158.08
 118.39  135.46
 119.25  146.16
 119.76  116.37
 121.29  110.11
 121.40  103.92
 123.55  138.20
 125.07  143.64
 127.41  153.96
 127.72  140.33
 131.67  143.52
 131.92  116.11
 133.64  140.23
 135.37  122.67
 135.62  134.87
 137.78  145.58
 138.58  113.91
 141.46  142.86
 141.59  105.75
 144.92  125.52
 145.09  129.13
 146.96  142.31
 148.22  138.03
 148.30  147.52
 148.38  123.62
 148.70  114.12
 150.79  129.22
 152.23  145.82
 152.53   95.12
 153.23  101.41
 153.80  137.45
 154.12  122.06
 154.78   97.43
 155.07   93.08
 155.31  130.94
 155.37   95.30
 158.32  154.14
 160.28  144.34
 161.08   81.28
 161.46  158.13
 161.60   84.14
 161.77   88.83
 161.94  144.26
 165.04  111.66
 165.38  157.59
 167.34  142.47
 167.87  156.01
 168.62   71.28
 168.70   86.40
 169.41   78.19
 169.81   96.38
 171.16  148.11
 171.28   98.46
 171.52  127.76
 171.62  104.05
 173.05  148.45
 173.09   75.77
 173.40  168.37
 174.20   84.99
 175.65  106.16
 175.71   89.26
 176.82  166.64
 176.95  148.76
 177.14  124.12
 177.76   62.58
 177.85  144.90
 177.94  172.31
 178.67  131.66
 179.10  110.45
 179.30  100.81
 179.52   83.95
 179.57   96.23
 180.25  126.70
 180.86  101.16
 181.12  113.14
 181.66  149.73
 182.02  170.60
 182.32  161.79
 182.46  114.53
 182.75  107.55
 183.08   47.91
 183.18  177.14
 185.13   43.88
 186.57  173.62
 188.49   93.67
 190.08  134.28
 191.47  108.99
 191.49  184.24
 191.51  118.44
 192.01   32.09
 192.47  126.83
 192.60   85.55
 192.72  163.35
 193.13   99.67
 193.60   89.97
 193.98   50.31
 193.99   67.19
 194.00   93.88
 194.42   40.65
 194.67  122.65
 194.83  173.77
 195.10   83.05
 195.36  181.39
 197.21  140.64
 197.86  156.65
 198.23   19.70
 199.29  117.96
 199.77  191.45
 199.93  187.95
 200.58  184.78
 200.73  114.55
 201.18   96.85
 201.52  114.10
 201.62   63.15
 202.07   83.58
 202.16   56.94
 202.45  193.95
 203.93  170.45
 203.94  189.10
 205.02   53.02
 205.45  141.61
 205.98   31.76
 206.00  118.85
 206.01  112.68
 207.51  162.93
 207.57  171.22
 208.61  192.56
 209.39  146.16
 209.43  146.26
 210.05  159.89
 210.07   53.92
 211.86  197.11
 211.87  126.15
 213.33   89.10
 213.68  191.21
 214.69   65.36
 215.14   23.89
 215.43  206.11
 215.48  201.57
 215.51  206.10
 216.24  153.07
 216.69  209.96
 216.87  200.60
 217.80   28.67
 218.09  116.72
 218.49  204.45
 218.52  207.34
 219.19   91.60
 219.22  114.07
 219.32   68.33
 220.23   93.68
 220.37   68.03
 221.30  158.93
 221.36  107.70
 222.61   50.10
 223.34   70.68
 223.81   82.34
 223.81   40.72
 225.13   54.87
 226.39  113.95
 226.67   97.72
 226.93   93.49
 227.11   29.46
 227.40  159.21
 227.52  109.63
 228.31   58.92
 228.63  218.76
 229.93  166.89
 230.12   33.49
 230.15   81.94
 230.24   22.73
 230.69  164.47
 231.76  108.67
 233.29   95.28
 233.72   39.66
 233.80  113.28
 235.16   24.38
 235.31   75.44
 236.07  169.43
 236.35  150.33
 237.30   26.72
 237.62  107.05
 239.14   53.87
 239.39  114.28
 239.53  116.89
 239.95  226.62
 239.99  172.55
 241.11   33.33
 243.03  104.68
 243.44  130.46
 243.53   46.42
 244.29  169.30
 244.73   18.03
 245.45   12.01
 245.72  150.51
 246.77  165.92
 248.88   77.87
 249.41   25.61
