   7.00  167.76
   7.12  132.21
   7.73  123.03
   8.54   86.11
   9.07  125.64
  10.96   46.34
  12.50  122.96
  13.17  126.13
  13.99   40.89
  15.77   68.91
  16.03   21.71
  16.13   47.03
  16.58   73.23
  17.05  102.88
  17.83  123.49
  18.20   67.34
  18.95  126.68
  19.36   26.17
  20.32   93.87
  20.32   93.89
  21.58   15.58
  21.78   41.09
  22.53   27.74
  22.71  128.22
  24.34   23.00
  24.97   35.65
  26.55   61.30
  29.44   74.94
  29.60   32.71
  29.63   59.67
  29.79   66.41
  29.83   70.68
  31.90  104.81
  32.00   79.13
  32.00  113.87
  32.71   54.26
  32.88   31.19
  33.49   14.84
  36.14  138.08
  36.54  133.37
  36.85   57.67
  37.27   19.45
  38.31   91.79
  38.43  140.46
  39.57  103.51
  40.08  122.44
  41.01   88.69
  41.30  108.79
  41.30   37.59
  41.42   81.19
  41.52   59.88
  41.55   49.88
  41.63  112.19
  41.87   93.70
  42.00   69.50
  42.08  102.46
  48.94  110.01
  49.01   89.82
  49.28   71.59
  49.57   67.78
  49.61   39.48
  49.72   76.92
  49.78   41.85
  50.29   29.33
  50.32  191.07
  50.60   97.50
  51.03   80.15
  51.06  100.07
  53.97   67.59
  54.08   90.22
  54.21   72.94
  54.29   54.38
  54.49  108.97
  54.74   35.36
  55.19   93.45
  55.96   17.76
  56.74  173.11
  58.16   63.10
  59.30  107.45
  60.77  138.28
  61.55   73.21
  61.98  102.77
  62.05   57.08
  62.33   47.20
  62.34  127.44
  62.95   84.61
  62.96  131.02
  63.11   41.94
  64.22   94.15
  65.35   49.31
  66.21  110.95
  66.88   76.06
  67.30  135.05
  67.41   92.69
  67.82   87.81
  67.96   46.71
  69.18   94.56
  69.28   94.44
  71.31  103.83
  71.52  148.79
  74.41   42.98
  75.93   39.71
  75.95  132.16
  76.20   66.18
  77.75  141.82
  78.57  136.16
  79.03  148.02
  79.54   92.07
  80.99   46.70
  82.18  138.33
  82.27   43.76
  83.02   80.06
  83.53   96.47
  84.94   88.89
  86.15  146.99
  86.36  121.73
  87.29   65.07
  87.37   68.06
  87.50   95.43
  87.53   80.99
  87.86   98.00
  88.26  110.69
  92.40  103.54
  92.65  133.74
  92.72   63.01
  92.72   80.83
  92.72   67.14
  92.77   74.76
  93.04   97.14
  93.29   92.32
  93.96  115.30
  95.53  128.58
  96.77   65.33
  96.78   70.82
  96.92   99.90
  97.01   80.18
  97.83  116.83
  97.88   95.35
  98.30  110.20
  99.84   65.61
 100.74   79.83
 101.41  116.16
 101.96   93.99
 103.35   91.37
 105.16   74.23
 105.96  114.39
 111.01  117.02
 111.08  130.90
 111.30  136.07
 115.94   98.56
 116.15  105.65
 116.59  115.26
 116.64  142.10
 117.02  121.85
 119.39  124.26
 120.98  136.98
 121.77  110.62
 121.81  114.44
 121.84  119.74
 121.92  105.56
 122.13  123.26
 122.24  140.98
 122.84  132.97
 124.89  116.55
 126.78   79.95
 127.97   96.07
 128.61  102.00
 129.00  114.50
 129.43   93.30
 130.79   81.62
 132.35  134.73
 132.92   97.15
 133.43  113.07
 133.78   79.93
 133.94  122.81
 136.24   86.27
 136.80   96.23
 136.86   93.94
 137.12  101.69
 137.34  114.42
 137.39  110.60
 139.38  141.40
 141.51  105.01
 142.57  138.67
 143.79  143.04
 143.88   86.96
 143.95   84.85
 145.75  133.34
 146.16  129.82
 149.15  155.64
 149.93  127.99
 150.56  100.29
 150.93   92.10
 152.20  143.08
 154.02  151.90
 154.93  111.31
 156.08  149.85
 156.76  146.27
 158.81   65.74
 159.78  135.92
 160.16   61.59
 162.31  115.25
 163.39  118.43
 163.95   37.06
 164.58   57.21
 164.70  151.76
 165.52   69.08
 166.87  143.23
 167.15  126.26
 168.05   89.17
 169.41   46.53
 171.31  156.36
 171.49   32.78
 172.61  118.14
 172.76  132.07
 173.43   30.94
 173.90  140.76
 174.48   62.10
 175.74   22.93
 175.75  126.73
 175.90   23.38
 177.90   51.80
 179.76   81.38
 180.26  143.57
 180.38  132.90
 180.70  158.68
 181.26  120.43
 181.28  137.82
 181.30  162.05
 182.68   28.61
 182.84   57.71
 183.29   14.47
 183.49   18.98
 183.87  145.97
 184.35   52.63
 184.64  140.21
 185.23   38.68
 185.49   10.43
 186.22  168.19
 186.54  144.24
 187.00  133.39
 188.32  117.05
 192.46   17.11
 193.15   42.65
 194.06  116.20
 194.14    9.59
 194.63  146.51
 194.99  170.19
 195.05   35.32
 196.22  110.21
 196.48  175.41
 198.02  125.92
 198.07  119.81
 198.70   47.12
 198.79  136.51
 199.33   59.86
 199.39   59.96
 200.10  169.97
 200.34   37.31
 200.91   20.44
 201.21  161.76
 201.37  161.96
 201.43  100.38
 202.08  133.38
 202.17  158.48
 202.35   49.15
 202.51   47.05
 202.65   63.55
 203.89  115.79
 204.10   80.49
 204.17  124.06
 204.82   23.39
 204.89   23.04
 205.54   72.93
 206.11  148.53
 206.19   36.64
 206.81   32.90
 206.81   68.78
 207.08  116.81
 207.10   97.95
 207.11   41.89
 207.27   79.57
 207.43  178.35
 207.96   57.87
 208.33  147.71
 208.48  163.01
 208.61  151.10
 209.57  132.30
 210.01   96.19
 210.14  172.44
 210.56  127.79
 210.81   62.24
 211.72   37.47
 211.79  105.16
 213.32  168.75
 213.53   72.96
 213.87   56.14
 214.91  173.12
 214.92   92.38
 216.46   24.03
 217.36   14.09
 217.42  169.29
 217.79   92.83
 219.84   96.03
 220.61  133.84
 222.41   96.46
 222.49   56.96
 222.69   90.64
 223.68   49.75
 223.97  169.91
 225.50   62.43
 225.79  100.54
 226.47  164.20
 226.47   40.84
 226.96   35.49
 227.42  181.63
 227.56  130.19
 227.65   62.37
 228.00   53.69
 228.35  134.19
 230.04   35.93
 230.24   88.24
 231.17  111.41
 231.95   55.67
 232.60  173.34
 233.38  123.06
 234.00  107.15
 235.08   54.78
 235.48   81.13
 239.31   85.32
 239.33   51.07
 239.49   85.26
 240.41  149.17
 240.64  116.27
 241.72   80.04
 244.63   47.51
 245.18  161.66
 245.62  116.83
 248.81   97.00
