   7.27   85.00
   9.34  106.57
   9.98  196.61
  10.05   54.92
  10.96   86.31
  13.62   56.65
  14.44  112.97
  15.60  111.66
  16.83   43.92
  17.05   51.37
  17.39   15.14
  19.97  102.18
  20.01   27.07
  20.19   29.23
  20.80   29.38
  21.05   87.22
  21.15   24.18
  22.39  131.31
  22.42  123.27
  22.58  118.40
  22.60  151.39
  23.11  113.38
  24.11   16.60
  24.30   35.25
  25.24   24.15
  26.71  117.18
  28.22  113.96
  30.20   90.17
  30.60   80.54
  30.71   32.40
  31.39   95.51
  32.18   25.05
  32.20  118.13
  33.34  114.93
  33.77   76.28
  35.13   54.74
  36.07  101.16
  36.43   50.86
  36.47   18.21
  36.88  112.53
  37.16  106.16
  38.26  109.81
  38.37   23.55
  39.11   90.53
  39.79   40.68
  39.94   35.45
  40.18  106.50
  40.39   31.70
  40.63   97.08
  41.25   84.06
  43.57   22.54
  43.58   69.59
  44.16   59.04
  44.64  104.29
  45.18   93.52
  45.77   74.83
  45.81   80.66
  46.42   54.91
  46.53   38.10
  47.22   10.26
  47.96  121.62
  47.99   48.67
  48.01  154.98
  48.21   48.90
  48.82  151.17
  48.94  150.88
  49.46  100.72
  49.64  100.84
  49.67   49.20
  49.74   43.29
  49.74   94.85
  50.90   20.01
  51.40   57.00
  52.33  105.70
  52.64  101.39
  53.51   32.47
  53.96   20.63
  54.11   65.50
  54.13   40.53
  55.32  110.09
  55.33   97.32
  56.30   63.46
  56.71   18.41
  56.72  102.63
  57.33   68.81
  57.60   92.27
  57.72  106.85
  58.59   53.96
  59.13   95.12
  60.21   51.79
  60.59   60.81
  60.77   17.70
  60.91   69.01
  61.56  127.13
  61.80   99.26
  61.97   57.28
  64.81  118.69
  64.90   65.79
  65.17   64.98
  65.29  106.08
  66.77   41.07
  67.38  145.28
  67.82   35.77
  67.88   69.07
  68.53   48.21
  68.78  215.68
  68.80   55.49
  68.89   94.19
  69.84  102.15
  71.69   86.90
  71.70   86.81
  72.44   66.35
  72.49   58.57
  72.79   54.03
  73.30   70.51
  73.68   79.59
  74.15  142.40
  74.85   96.58
  75.08  215.13
  76.11   93.14
  76.50  121.94
  76.58   72.66
  77.54  147.91
  79.27  138.06
  80.70  143.23
  82.41   90.56
  84.00   67.43
  84.42  137.42
  84.71   92.41
  85.07   61.22
  85.43  104.41
  86.51  137.76
  87.88   97.54
  89.15  141.91
  90.14  131.29
  90.27  130.06
  90.60  138.62
  90.64   87.00
  91.16   58.04
  91.38  120.66
  92.99  109.48
  93.73  141.53
  94.14  127.67
  94.31  130.96
  95.98  107.51
  96.43  106.54
  96.69  106.11
  98.57  146.59
 100.84  129.93
 101.92  119.92
 106.51  149.13
 107.02  126.73
 111.78  134.37
 111.92  134.05
 112.13  128.55
 112.39  124.50
 114.99  118.91
 115.38  124.94
 115.82  148.54
 119.74   76.68
 121.04  130.96
 122.12  119.72
 123.03  136.50
 124.62  148.24
 124.80  133.21
 128.02  127.29
 128.33  106.84
 128.91  115.00
 131.98  126.09
 132.50  110.03
 133.34  114.31
 133.40  104.14
 134.86  133.78
 135.33  147.67
 137.98  109.59
 138.16  118.40
 139.90  124.90
 141.67  106.00
 141.72  120.24
 145.97  115.12
 146.12  147.70
 148.14  109.44
 148.28  126.17
 150.87  136.11
 154.83  140.92
 155.60   92.38
 156.02  147.55
 156.84  115.62
 156.87   69.23
 157.98   82.48
 158.21  132.33
 160.68   72.28
 161.18   94.95
 161.24   58.19
 161.79   98.12
 162.04  111.25
 162.43   83.26
 163.99  119.69
 164.28  102.96
 164.53  108.00
 164.71   55.16
 165.05   79.77
 165.39   64.13
 165.91  132.99
 166.99  136.96
 167.97   72.31
 171.30  154.56
 171.56  120.08
 171.59   75.66
 171.83   59.10
 172.15   94.53
 172.23  115.05
 172.23   98.63
 172.79   65.14
 174.05  151.43
 174.39   88.22
 174.61   88.70
 175.23   97.44
 176.10   75.79
 176.94   90.88
 177.16  101.51
 177.42  133.21
 177.72  156.64
 177.84  124.64
 178.03   78.96
 178.11  110.85
 180.22  119.11
 180.45  127.05
 180.83   95.52
 181.39  160.25
 181.74  108.85
 182.02  115.29
 182.47  119.53
 183.22   61.92
 184.44   85.24
 185.53  139.15
 185.70  123.18
 187.47  167.22
 188.26   85.90
 189.05   94.81
 190.45   76.10
 190.63  123.62
 190.84  112.66
 191.54   86.80
 192.40  103.33
 192.54  113.83
 195.11  109.94
 195.61  116.16
 197.44  139.00
 198.99  139.49
 199.75   57.75
 200.06  109.40
 200.15  131.69
 200.24  102.27
 200.81   93.72
 202.60  116.06
 204.04   72.00
 204.11   88.82
 205.63  102.18
 205.94   96.67
 207.04  122.78
 207.26   79.39
 207.95  146.76
 209.25  134.14
 210.20  105.60
 212.47   67.21
 214.58  134.93
 217.97  107.48
 218.32   97.26
 219.87  157.18
 221.19  119.07
 222.02   64.28
 222.55  161.52
 223.10   90.44
 223.91  113.41
 225.20   15.52
 225.79   11.06
 225.97   65.34
 228.20   38.23
 228.55   73.02
 229.67  159.84
 235.94   39.52
 236.95  107.23
 237.32   54.40
 237.37  160.26
 237.54   20.99
 237.57   63.68
 237.65   68.82
 238.15   28.55
 239.78   96.37
 240.94   59.31
 241.14   59.39
 242.39   71.08
 242.64   54.81
 243.30  112.32
 248.08   41.45
