   9.39   18.22
  10.78   43.41
  13.04   49.81
  13.96   25.93
  15.81   86.62
  15.84   87.00
  17.19   25.49
  21.41   38.55
  22.65   26.08
  23.03   93.27
  24.24   55.66
  26.67   26.83
  28.00   84.46
  30.45   90.03
  31.72   68.88
  34.48   73.64
  36.04   38.28
  36.46  108.01
  36.47   79.22
  36.86   82.81
  39.16  116.40
  42.02  112.03
  45.71   12.35
  46.10   28.30
  46.27  106.12
  47.03  111.61
  47.11   84.69
  47.91  157.07
  49.73   60.92
  50.22   12.05
  50.29   54.72
  51.04   67.35
  51.23  155.34
  51.48   56.74
  53.34   29.41
  54.00   12.72
  54.49   53.03
  54.60   47.90
  54.82   30.58
  56.91   63.22
  57.38   32.62
  57.92    8.42
  59.20  151.82
  59.77   28.83
  61.46  102.86
  61.75   89.01
  62.43   17.83
  62.84   43.42
  63.57  112.02
  65.78   57.42
  65.84   58.11
  66.04  104.90
  69.44  146.47
  69.66   90.74
  69.79   91.06
  69.87   75.07
  69.94   29.03
  70.27   75.38
  71.61   85.23
  73.50   52.12
  74.14   83.75
  74.46   59.88
  75.76   62.52
  76.86   83.62
  78.50  141.94
  79.05   36.80
  80.38  117.83
  81.20  126.30
  81.27   30.73
  81.32   30.77
  83.38   90.08
  83.41   37.59
  84.09   25.45
  84.76  104.46
  84.78   53.42
  84.94   65.10
  85.19  142.50
  86.36   74.42
  87.14   42.23
  89.54   43.40
  89.85   73.28
  89.97  102.38
  90.23   87.15
  90.75   44.78
  90.96   44.36
  91.75   66.34
  92.16  128.91
  92.86   74.02
  93.09   54.65
  93.24  109.78
  93.60  110.86
  96.08   64.41
  96.19   64.52
  99.60  131.47
  99.76  127.66
  99.88  110.87
 100.03  123.28
 102.91  102.41
 103.08  127.10
 104.52  127.94
 105.62  112.95
 106.60  130.72
 106.62  111.99
 106.96  111.56
 110.20  115.38
 111.56  127.43
 113.35  111.31
 118.30   92.15
 118.86  115.56
 119.39  130.17
 120.60  126.72
 126.88  127.04
 129.09  131.23
 134.04   67.07
 134.82   92.78
 135.62  127.35
 136.00   82.87
 136.22   71.08
 136.70   93.77
 138.36   76.65
 138.68  140.54
 138.86  116.90
 139.38   96.17
 139.68  124.61
 141.74  141.08
 143.40   61.61
 143.56  133.84
 143.82  102.74
 143.97   85.72
 144.49  139.50
 145.09  114.43
 146.30   61.20
 147.07   49.40
 147.93   70.30
 148.29   58.43
 148.57  120.25
 148.64   82.60
 152.61  104.37
 153.34  141.60
 154.36   63.18
 154.36   81.20
 155.42   82.56
 155.72  143.68
 156.88  112.46
 157.69   96.80
 158.29   19.71
 158.44   87.57
 158.72  106.01
 159.53   90.51
 160.10  100.58
 160.62  123.16
 162.03   14.19
 164.60   36.37
 164.91   17.98
 165.46   45.17
 166.92   62.79
 167.10   24.09
 167.50   85.22
 167.84   84.26
 168.21   94.85
 170.55  136.50
 171.55   22.81
 172.26  117.40
 173.59   99.37
 173.73   16.19
 173.98  142.50
 174.74    7.09
 174.94  123.76
 175.69  117.72
 175.74   60.05
 176.45   83.67
 178.63  118.59
 179.46  129.47
 181.16  110.56
 181.17  140.30
 184.77   64.11
 184.96  146.98
 185.24  106.59
 186.10  111.00
 189.06  105.59
 191.36  146.61
 192.93   60.16
 195.36   34.33
 195.53   55.02
 204.96   74.86
 205.34  103.02
 207.20   71.07
 214.07   62.51
 214.25   71.85
 215.86   40.79
 216.22   16.64
 221.03   28.37
 222.00  102.13
 223.51   13.41
 231.33   27.17
 236.65   25.52
 245.60   17.64
 246.96   52.54
 247.53   69.13
 247.55   64.62
