   7.51   83.64
   7.77  164.81
  10.66   10.50
  10.96   77.58
  12.01  153.03
  12.26   64.76
  15.07   52.51
  15.65   43.32
  15.68  108.61
  15.78   75.75
  15.85   58.47
  16.23  113.57
  16.43  138.02
  16.68   27.69
  17.08  152.36
  17.59   46.53
  17.66  135.14
  18.63   42.45
  19.92   91.55
  20.59   67.93
  20.70   28.44
  20.72   75.25
  20.83   19.17
  22.28  132.40
  22.35  135.88
  23.09  141.09
  24.66   68.26
  24.92   91.62
  26.71   39.89
  28.11   88.94
  31.41  100.53
  32.24   51.51
  35.06   72.86
  36.42   53.46
  36.51  103.41
  36.71  150.31
  37.50  128.50
  37.69  110.15
  37.70  138.89
  37.94   58.48
  38.74  115.16
  38.92   95.46
  39.12  115.22
  39.41  106.39
  40.95  107.45
  41.35  147.77
  41.83  103.41
  42.32   81.17
  42.92  125.64
  43.17   61.05
  43.42  141.88
  44.37  110.33
  44.84  118.38
  45.66  110.57
  47.89  101.78
  49.59  114.30
  50.35  143.66
  50.78   79.73
  52.87  110.81
  53.65  116.62
  53.93  122.74
  56.34   79.36
  56.54  104.09
  56.75   88.18
  58.30  115.98
  58.90   16.39
  60.01   65.41
  61.01   19.03
  61.17  113.94
  61.35  107.96
  61.49   24.52
  62.27  125.22
  62.29  121.29
  62.36  144.12
  62.82   98.03
  64.16   47.77
  64.16   54.24
  64.17   43.91
  64.85  107.93
  65.04   94.10
  65.16  111.19
  65.84  114.08
  66.96  108.77
  67.13  124.98
  67.26   88.31
  67.52  121.27
  67.70   54.97
  68.06   61.61
  68.53  136.12
  69.92   72.24
  70.26  165.88
  71.10   75.57
  71.18   67.69
  72.78  114.12
  72.98  123.32
  73.76  130.97
  74.40  142.73
  74.67   79.67
  74.68  119.54
  74.88   84.33
  78.20   80.66
  79.35  108.06
  79.59  146.57
  80.44   19.19
  81.04   50.75
  81.05  138.03
  81.38  143.67
  81.70   52.72
  83.20   57.66
  84.19  140.60
  85.44  143.62
  85.84   66.23
  86.02  118.47
  89.12   57.38
  92.86   65.25
  92.97   76.87
  93.25  121.41
  93.53  109.94
  95.08   87.78
  95.18   93.48
  95.46   93.43
  95.51  140.51
  95.70   85.25
  99.54   67.01
  99.56   97.59
  99.70  104.31
 100.09  117.40
 100.13  100.74
 100.85   74.12
 101.39  140.61
 102.71  147.65
 104.29  115.68
 104.30  115.51
 105.01  130.94
 106.35   97.35
 106.49  147.98
 106.54   99.84
 106.97  118.28
 110.90  130.72
 110.92   91.71
 111.07  146.78
 113.95  113.34
 116.00  104.89
 118.15  130.91
 121.20  141.31
 124.08  234.96
 124.81  114.26
 126.04  146.86
 126.39  141.36
 130.75  141.80
 131.14  131.54
 134.22  117.27
 136.10  136.38
 136.26  146.36
 142.87  130.55
 143.07  122.26
 143.54  117.04
 143.73  124.96
 147.91  126.85
 148.02  129.41
 148.78   91.33
 149.59   95.04
 150.77  143.39
 150.99  138.82
 151.63  116.13
 152.66   85.92
 153.34   95.12
 155.22   79.03
 156.31  105.59
 157.23  120.83
 157.98  148.08
 158.96   73.08
 159.88   86.87
 160.27   87.75
 160.37   35.87
 163.18   75.58
 165.88   48.33
 166.09   60.71
 166.54  130.92
 168.62  123.56
 169.23  152.99
 169.59  128.44
 169.99   52.40
 170.11  135.22
 171.61   30.46
 171.84  100.57
 173.47   14.44
 175.97    8.90
 176.72   48.75
 176.86   23.26
 177.78   98.85
 178.68   58.86
 179.50   62.66
 179.88    7.30
 180.15  151.73
 180.85   85.81
 180.93   46.82
 181.90  143.93
 184.86   45.07
 185.51  129.72
 186.67   94.35
 187.11   91.26
 187.55   52.22
 187.57   98.76
 188.39   64.76
 188.59  149.57
 188.83   81.14
 189.41  131.24
 189.63  159.16
 193.01  158.97
 193.32  129.04
 193.49  155.22
 194.66   69.41
 195.60  111.44
 196.57   28.86
 196.85   99.37
 197.01   99.24
 197.33   62.05
 198.35  103.11
 198.39  158.54
 198.55   71.31
 199.18   94.03
 199.53   60.20
 199.64   97.23
 199.85   88.42
 201.31  155.41
 201.98   49.00
 202.10   13.24
 202.22   17.48
 202.78   40.75
 203.91   45.58
 204.84   55.63
 205.24  149.48
 205.34  141.33
 205.97  118.48
 207.09   32.68
 207.29   52.59
 207.62   13.12
 208.76  163.00
 209.51  114.62
 210.56   54.35
 211.23  150.75
 211.70   76.38
 211.90   72.40
 212.18   68.38
 212.49  110.06
 212.60   64.14
 213.18  114.34
 213.51   45.35
 213.53   98.74
 213.99   30.75
 214.72   59.01
 215.14  148.46
 215.50  165.30
 217.06  134.32
 217.41   75.48
 217.72  147.93
 219.13   22.88
 219.98   96.21
 220.23   16.54
 221.41  167.74
 222.24  123.10
 224.43   21.20
 225.52   16.75
 226.16   61.78
 227.11   72.13
 227.25  169.35
 227.93   58.74
 228.19   42.95
 229.54   36.72
 230.58   27.32
 230.59   66.19
 233.81   31.69
 234.51   26.62
 234.85   45.93
 235.00   89.57
 236.27   78.01
 239.33   82.26
 239.70  136.23
 239.75  142.46
 240.42   41.44
 240.62   25.03
 240.75   45.90
 241.09   51.46
 242.64   74.18
 244.53   24.04
 244.55   68.86
 244.99   35.94
 247.19   17.77
