   6.90   35.86
   9.66   33.50
   9.91   52.18
  10.01   62.10
  10.13   22.09
  11.14   39.37
  11.56  137.16
  11.94  141.51
  11.97  146.58
  13.18   20.79
  13.57   55.91
  13.76   50.86
  13.95   36.59
  16.09   42.30
  17.23   69.16
  18.14   39.31
  18.35   43.46
  20.99   31.86
  22.74   42.36
  23.17   46.70
  23.25   71.17
  25.40   36.96
  26.48   73.36
  27.75   31.77
  28.56   78.79
  33.93   54.90
  34.49   41.88
  35.21   93.92
  36.93   41.34
  36.95   45.66
  38.35   54.84
  38.58  103.00
  39.35   39.38
  40.22  137.02
  40.57   25.65
  40.84   57.29
  41.83   65.95
  42.05   88.45
  42.32   60.67
  43.12   45.80
  43.68  138.84
  44.39  139.14
  47.54  107.01
  47.62  111.39
  48.07  116.95
  48.74   54.83
  49.10   48.89
  51.39   67.94
  51.45   94.56
  54.53   67.07
  54.56   26.59
  54.71   10.83
  55.47   56.50
  55.93  136.02
  56.46   41.14
  58.95  155.83
  59.39    7.72
  60.80   97.21
  60.86  100.71
  61.04  104.98
  61.20   90.58
  61.24   39.55
  61.26  113.26
  61.85  130.81
  61.94   27.14
  61.99   44.02
  62.20   65.68
  63.36   61.30
  64.18  111.99
  64.68   10.83
  64.78  124.23
  64.79   99.53
  64.94  134.84
  65.00   99.78
  65.43   14.24
  65.77   95.84
  65.85   27.72
  67.41   14.32
  67.68   67.71
  76.02  114.79
  80.43  128.25
  82.76   97.07
  83.50  113.87
  83.58  106.19
  83.75  144.16
  86.50   13.17
  86.78   85.46
  89.35   35.94
  89.86   87.35
  90.04   35.35
  90.76   24.74
  90.83   49.97
  90.87   11.28
  91.12  140.61
  93.05   15.52
  93.11   87.22
  93.34  133.00
  93.44  123.56
  93.89  136.56
  94.33   20.08
  95.09   50.99
  95.50   38.85
  95.51  101.99
  95.67   83.31
  96.39   26.53
  96.50   47.22
  98.38   50.60
 101.00   30.57
 102.28   66.66
 103.91  117.54
 105.45  129.37
 106.38  114.72
 106.76  121.06
 110.07  110.40
 110.49  136.15
 120.49  127.75
 124.87  114.44
 125.90  127.22
 127.44  127.24
 133.54  108.33
 135.40  126.75
 137.24  112.54
 139.28  101.32
 139.35  123.24
 140.32   89.76
 143.19   91.92
 146.70   92.66
 149.19   88.80
 150.91   76.92
 151.07   94.33
 154.43  119.98
 154.79   77.07
 154.96   69.85
 155.49  106.11
 156.14   97.04
 157.89   87.36
 158.62   80.67
 161.46   74.25
 162.02  135.39
 162.04   43.57
 164.78   35.49
 166.33  129.46
 168.98  113.49
 169.07   21.91
 170.52   27.95
 172.28  146.22
 172.83   19.73
 172.85  133.42
 173.04  129.63
 173.46  125.05
 174.93  120.30
 175.85  151.01
 177.52   76.58
 177.61   76.22
 178.42   94.69
 178.95   35.85
 180.23  127.16
 180.82  156.80
 181.19  145.58
 181.69   34.38
 181.98   29.82
 183.79   34.71
 184.38  135.56
 184.41  160.69
 184.53   22.15
 184.88  123.54
 185.39   47.13
 186.30   19.33
 186.90  127.03
 188.73  156.05
 189.19  164.22
 189.52  131.12
 189.52   13.34
 189.69   12.45
 192.42  138.49
 192.95  129.46
 193.09   12.32
 193.27  167.52
 194.39  136.17
 194.90   82.59
 195.12  116.43
 195.36   72.17
 195.65  118.10
 196.15  133.28
 196.38  128.20
 196.70  119.19
 198.07  139.50
 199.23  132.21
 199.73   90.25
 199.81  107.90
 200.07  127.05
 200.65   54.22
 200.84  165.78
 201.03   97.25
 201.14   80.84
 201.25   76.27
 201.30  100.98
 202.22  145.35
 203.97  136.13
 204.06   32.99
 204.60   65.19
 205.46   99.96
 206.03   87.19
 206.10   48.66
 206.70   95.61
 207.19  126.99
 207.37  119.94
 207.94   91.03
 208.45  160.57
 210.44  149.55
 210.85  101.11
 211.72   83.18
 212.09   42.92
 212.22  107.34
 212.27   70.30
 212.28  101.73
 213.67  134.86
 214.24  127.51
 214.27  120.64
 214.91   40.23
 214.92  101.13
 215.91   56.03
 215.98   76.97
 218.20   95.79
 218.84  137.52
 219.90  119.33
 220.00   34.73
 220.08   62.96
 221.01  108.34
 221.42  131.32
 221.55   69.45
 221.71   36.98
 221.86  127.30
 222.04  140.92
 224.49   72.45
 224.50  124.99
 228.21   14.25
 229.66   17.32
 229.71  100.98
 229.83  137.68
 230.70  113.24
 230.72  117.72
 231.10  143.36
 232.44   63.29
 233.50   11.63
 234.51  120.17
 236.14   77.24
 237.10   81.16
 237.97   54.21
 240.89   28.09
 241.74   63.92
 242.64   17.56
 244.26   75.11
 246.42   51.66
 249.65  127.40
