   8.30   90.66
  13.27   70.98
  13.48   74.59
  15.02  154.72
  16.05   20.59
  16.68   67.97
  16.99   61.33
  17.02   26.98
  17.12  147.03
  17.25  131.16
  19.83   42.10
  20.11  163.43
  20.41   24.75
  21.11  150.70
  21.30   81.26
  21.62  130.07
  22.58   54.22
  22.63   68.27
  24.00   33.77
  24.49   43.48
  24.97   82.87
  25.10   28.70
  26.71  142.91
  26.80  106.10
  27.67  143.86
  27.96   42.90
  28.21   37.45
  30.38  192.94
  30.78   85.17
  31.65  137.06
  31.93  153.95
  32.03  113.36
  32.70  104.49
  34.17  137.82
  34.28   46.78
  34.48   72.00
  34.62   77.22
  35.52  177.09
  35.66   28.29
  35.67  176.63
  35.74  179.49
  35.76  179.61
  35.78   38.63
  36.02   12.38
  37.35  142.00
  37.96  103.00
  39.34  102.94
  39.39   42.11
  40.02   55.07
  41.34   77.85
  44.30   52.06
  44.81   81.33
  46.20   91.41
  47.17   25.60
  47.53   79.91
  47.71   49.68
  49.80  139.73
  51.16   25.15
  51.82  135.64
  53.21  117.39
  53.21   53.44
  53.70   97.58
  53.90  105.30
  54.43  142.60
  54.57   28.63
  55.70   86.97
  57.23  100.07
  57.40   32.92
  58.03   25.20
  60.77   62.66
  61.21   29.27
  61.22   29.77
  62.76   16.58
  62.78   42.55
  63.58   93.04
  63.79   89.53
  66.02   42.32
  66.54   28.62
  66.90   30.33
  67.36   92.79
  70.65   76.32
  71.09  122.10
  71.92   50.18
  72.45   13.76
  72.58   80.93
  72.60  137.95
  72.71  138.03
  73.55   28.61
  74.16   55.49
  75.99   10.99
  76.83  110.80
  79.00  113.28
  80.29   79.35
  80.79   29.02
  81.21   36.24
  83.11   83.00
  84.00   64.42
  84.86  102.51
  86.00  115.41
  86.99   49.22
  89.05   92.78
  90.07   74.08
  90.68  120.90
  90.76   68.49
  91.15   55.30
  91.49   27.06
  92.29   34.88
  93.84   99.98
  93.97  135.83
  95.03   63.50
  96.48   40.61
  97.44   70.18
  97.74  127.61
  97.75   99.77
  98.94   66.47
  99.05  111.25
  99.96   36.82
 101.39  121.63
 101.44   79.30
 101.91  125.17
 102.26   37.88
 102.29  140.07
 102.80  130.09
 103.82   83.32
 103.97   50.51
 105.04   63.65
 105.59   80.11
 106.10   60.96
 106.26   47.85
 108.57  136.16
 109.92  115.31
 110.24  122.91
 110.40   82.07
 110.86   97.66
 113.70   75.96
 113.92  140.24
 114.79   98.09
 115.06   90.41
 121.41  135.37
 125.74  121.07
 125.85  121.12
 133.78  122.12
 134.12  114.87
 137.23  113.85
 139.77  113.05
 144.75  104.92
 145.07  100.31
 145.89  133.86
 148.12   94.40
 148.23  140.91
 148.70  102.38
 149.56  138.53
 154.36   85.91
 154.50  137.68
 154.64   90.99
 154.69  126.45
 157.32  140.14
 158.14   72.16
 158.86  120.08
 159.32   92.45
 160.08   89.35
 160.12  144.08
 160.20  116.11
 162.04  136.85
 162.58   97.70
 162.96   44.99
 163.76   83.01
 165.14  101.78
 165.31   38.30
 165.34  145.14
 166.12  148.44
 167.45   45.55
 167.95   74.97
 168.46  112.82
 168.68   76.35
 168.83   46.14
 168.98   99.41
 169.60   71.86
 170.45   31.75
 170.71  152.35
 171.60  135.41
 171.78  127.38
 172.82   68.45
 173.03   75.28
 173.08   42.18
 173.51   97.45
 173.67   86.52
 174.50  125.68
 175.64  134.45
 175.80   27.80
 175.92   22.90
 176.28   98.52
 177.16   32.74
 178.78   77.92
 179.67   98.35
 180.35  131.19
 181.94  153.28
 182.41   32.68
 183.50   15.95
 183.53  134.64
 184.03   20.88
 184.64  158.69
 185.64  139.04
 185.96   79.09
 186.43  142.73
 187.16  101.58
 187.54   22.10
 188.62   15.87
 191.01   77.84
 191.07   17.89
 191.10   21.13
 191.51  124.16
 191.72  171.55
 191.77   16.05
 192.04   38.45
 194.63   26.94
 194.96  142.22
 195.24  115.05
 195.56   40.40
 196.86   96.98
 197.43   16.78
 197.43   16.96
 198.43   35.05
 198.64   21.53
 198.67   26.66
 200.91   71.14
 201.46   81.18
 202.47   24.99
 202.74   97.12
 203.86   93.08
 204.91   78.91
 205.35   65.99
 205.81   24.29
 206.71   13.58
 206.98   21.23
 208.77   24.35
 210.47   61.85
 214.71   13.12
 214.96   31.89
 216.94   71.13
 218.14  135.16
 221.97    8.70
 222.59   76.38
 224.40  154.79
 225.67   73.91
 235.03  166.34
 237.38  205.59
 238.93  101.90
 248.90  127.35
 249.48  177.86
