   6.93  109.02
  12.09  141.24
  12.68  136.02
  13.34  102.01
  13.66    6.72
  14.30  122.52
  14.89  113.74
  15.94   99.87
  19.32   10.60
  19.67  144.50
  20.94   56.52
  21.46   60.73
  21.67  103.52
  22.07   21.10
  22.32   94.76
  22.40   15.57
  24.25   76.12
  24.56  127.99
  25.46  139.49
  25.53  144.37
  26.51  172.97
  27.66  137.08
  28.38  127.86
  29.39  151.60
  31.30  148.67
  32.58  144.45
  34.69  150.98
  34.71  119.58
  34.87  174.62
  41.04  137.99
  43.51  210.34
  43.95  143.54
  46.09  202.70
  47.70  182.95
  50.36  124.38
  51.02   93.70
  51.09  122.13
  51.14  109.79
  52.15  184.57
  52.27  184.84
  55.35  103.42
  55.50  108.67
  55.69   97.68
  56.50  196.55
  56.84   87.61
  60.03  124.63
  61.12  154.89
  64.20  117.89
  64.29  136.30
  64.56  117.51
  64.71  235.67
  64.97  103.69
  65.40  159.70
  66.05  129.53
  66.28  178.78
  70.65  185.89
  70.77  149.93
  71.86  118.76
  72.42  156.43
  73.89  142.04
  75.06  159.57
  76.63  106.71
  76.65  120.97
  76.96  166.84
  77.25  148.21
  77.28  158.49
  77.44  126.65
  77.49   49.99
  77.99  151.09
  78.39  153.55
  79.96  148.58
  80.22  172.42
  80.92  165.93
  82.07  161.55
  83.71  158.45
  85.55  148.40
  87.35  133.49
  87.81  166.84
  88.87  165.66
  89.28   44.87
  90.63  141.54
  91.49  109.18
  91.87  129.33
  94.33   52.76
  96.75   47.10
  97.81  211.43
  98.18   66.28
  99.98  119.29
 101.67  143.57
 101.67  119.18
 103.05   55.54
 103.10  107.46
 103.17   48.83
 105.77  113.51
 106.71   52.51
 106.80  117.90
 106.85  123.99
 106.87  138.56
 107.11  126.51
 107.39  127.17
 110.36   37.04
 110.64  129.94
 110.89   62.48
 110.92  113.03
 111.21   50.33
 111.23  102.36
 111.23   34.95
 111.82  105.99
 111.90  119.39
 111.90  125.06
 112.13  110.32
 116.32  157.24
 117.98  152.64
 125.70  131.79
 128.42   18.51
 129.29  159.01
 131.67  248.71
 131.83   22.36
 133.22   74.84
 135.15   70.03
 135.71   75.35
 137.21  110.17
 140.03   64.46
 145.57  162.17
 159.37  157.83
 162.62   65.67
 166.93  152.32
 167.17   66.49
 169.64  170.03
 171.17   65.57
 171.86  149.27
 176.15  148.59
 177.15   85.90
 179.56   99.89
 181.10   61.52
 182.55   38.09
 182.76   90.18
 182.79   84.97
 184.66  173.02
 185.49   80.54
 185.79  106.19
 186.24  176.20
 187.81    8.24
 187.82   16.01
 188.07  155.27
 189.51  171.47
 190.94   80.44
 191.72   49.00
 191.73   35.79
 191.76   86.43
 192.20   27.50
 192.29  107.04
 192.41  179.17
 193.24  156.40
 193.74   53.92
 194.21   72.60
 194.99   47.12
 195.43   50.12
 196.84   44.99
 198.22  217.66
 198.35  144.86
 200.21   34.31
 200.21  150.02
 200.53  163.65
 201.35   59.43
 201.54   54.82
 202.25  145.08
 202.38  153.12
 202.53   43.63
 202.72  174.06
 203.12  183.65
 203.25  158.80
 203.35  167.39
 203.46   33.19
 203.91   37.66
 204.20   87.19
 204.77   51.64
 204.94   63.24
 204.96  101.75
 205.02   59.80
 205.16   71.60
 205.72   44.83
 206.91  145.60
 206.92  158.90
 207.92  149.14
 208.25   57.08
 209.14  198.62
 210.85  146.80
 211.09  151.43
 212.03  154.75
 212.46   22.97
 212.70   50.97
 213.75   56.18
 214.94   28.04
 215.55   43.57
 215.83   24.62
 216.28  163.76
 216.67  151.23
 217.75   22.88
 218.20   51.28
 219.30  165.66
 221.49   51.65
 225.95   35.90
 226.03   47.60
 226.47  219.10
 233.41   20.95
 233.54   41.34
 234.12  175.76
 234.28  162.72
 235.81   38.17
 236.31   19.61
 237.79  161.94
 238.33   31.50
 239.25   26.67
 239.77  164.47
 241.12  162.35
 243.51  146.68
 244.52  157.77
 249.58   26.90
