  10.17  121.20
  11.32  173.18
  11.34   37.05
  12.87  194.89
  15.45  194.43
  19.56  202.60
  20.52   69.24
  20.95   86.15
  26.64   80.13
  26.90   71.26
  30.35  166.75
  33.33  195.25
  33.57   95.05
  34.11   83.50
  35.96  171.02
  38.78  191.71
  42.78   89.49
  42.89   11.17
  45.01   68.19
  48.74   97.28
  49.13   33.03
  49.81   93.29
  50.98   12.53
  51.03  102.57
  51.10  102.53
  54.72   94.30
  55.38  105.81
  57.21   99.70
  62.55  106.37
  62.80   29.76
  62.82   50.73
  63.36   46.41
  63.45   41.45
  64.00   35.56
  66.33   59.51
  66.35   43.50
  67.44  100.56
  68.74  120.79
  72.82   63.42
  75.12  106.36
  75.17  103.60
  75.22   36.28
  75.92   63.37
  77.79  108.75
  77.94   54.76
  78.48  140.45
  78.85  149.81
  79.36  106.43
  79.74  123.16
  80.72  124.13
  81.18  142.83
  83.92  140.59
  84.12   39.78
  84.48   94.35
  84.83  124.40
  85.02  124.47
  85.03   47.96
  86.62  141.37
  87.89   47.25
  88.36   72.57
  88.72   98.99
  89.54  121.62
  89.55  150.98
  89.57  155.32
  91.43   52.83
  91.70   95.07
  91.82   45.49
  93.46   50.42
  94.01  153.36
  94.44  147.40
  94.44   80.63
  94.56  141.38
  94.63  133.85
  94.64  133.44
  95.13   62.11
  95.67   76.37
  97.51  100.03
  97.91   92.54
  97.96  112.25
 101.38   86.59
 104.25  124.31
 106.37  132.82
 109.62   99.63
 110.23  141.02
 110.23  122.36
 110.42  119.80
 110.63  104.15
 110.99  126.98
 112.03  150.62
 112.80   98.67
 113.58  125.25
 114.90  126.52
 115.08  143.43
 115.19   95.92
 115.40  111.94
 116.96  120.07
 120.01  103.38
 122.96  116.29
 133.85  112.09
 139.64  138.43
 141.56  146.58
 144.97  148.72
 145.37  116.33
 147.24  117.28
 148.32  142.34
 148.43  125.23
 150.13  124.96
 151.14  150.91
 152.37  137.49
 152.95  115.52
 153.42  150.58
 155.28  124.04
 155.33  118.74
 158.82  152.71
 159.14  156.84
 159.80  114.10
 162.67  161.05
 164.43  147.89
 164.67  156.91
 165.45  104.44
 165.76  167.58
 166.92  143.55
 167.23  107.40
 167.51  165.04
 169.59   60.86
 170.23  142.31
 170.79   79.33
 170.92   98.83
 170.93  164.91
 171.46  152.03
 172.01   85.21
 172.98  113.89
 173.74  148.39
 173.85  117.73
 175.53  120.76
 176.35  159.01
 176.49   96.50
 176.67   57.29
 177.27   68.72
 177.52  132.06
 178.42   50.82
 178.57  109.13
 178.75  148.89
 178.81  112.90
 179.22   73.72
 179.31  134.74
 180.18   97.78
 181.07   34.33
 181.52  127.13
 181.62  159.76
 181.72  153.89
 182.52   61.14
 182.54  120.55
 182.56  167.20
 182.73  148.54
 182.80  175.55
 183.41  142.71
 183.55   41.32
 183.56   68.27
 183.78   98.56
 183.85   86.91
 183.95   93.78
 184.04   56.75
 184.99   74.16
 185.50   25.26
 185.81   63.56
 186.09   42.54
 186.49   98.24
 187.09   21.34
 187.36   67.32
 187.41  148.46
 187.47  148.44
 187.66   54.10
 187.86  128.46
 188.34  124.08
 188.41   76.34
 188.82   36.73
 189.03   95.01
 189.16   42.55
 189.22   81.82
 189.24  108.61
 189.65  156.25
 190.47   88.95
 190.74   30.03
 190.78   57.59
 190.90   66.25
 190.95  160.45
 191.24  164.88
 191.58   50.51
 191.59   76.84
 192.32   21.75
 192.80  106.40
 193.00   33.76
 193.25  136.30
 193.33   54.07
 194.09   45.24
 194.59   59.28
 195.87   24.47
 195.88   77.08
 195.97   90.25
 196.71  105.53
 196.83   52.06
 197.19   36.75
 197.68  166.13
 197.73   83.49
 198.15   71.10
 198.69   69.75
 199.02   15.54
 199.50   89.66
 199.87  187.79
 199.93   98.99
 200.05  105.02
 200.18  145.91
 200.90   72.76
 201.13   22.64
 201.33  184.86
 201.49  149.16
 202.06   50.29
 202.41   64.81
 202.42   58.16
 202.66   34.05
 203.64   85.07
 203.66   85.04
 203.82  183.22
 204.10   68.78
 204.42   26.97
 204.45  101.03
 206.02   62.89
 206.81  184.04
 208.29   15.79
 208.56   26.59
 209.14   99.22
 209.35  185.06
 209.43   48.75
 210.28   58.88
 210.43   76.64
 210.91  143.27
 211.28   66.92
 211.66   94.93
 211.69   50.77
 211.74   94.53
 213.00   15.88
 213.64  108.82
 213.96  137.05
 214.44   13.23
 215.40   20.90
 215.91   59.91
 216.88   42.01
 216.97  117.72
 217.08   15.10
 217.51  160.34
 217.99  133.70
 218.53   66.58
 219.21   45.46
 219.74   88.44
 220.78  137.37
 220.94  161.53
 221.12   82.75
 221.80  144.21
 221.89  135.95
 222.04  158.17
 223.56   33.48
 224.54  137.45
 225.34   90.43
 225.73  103.51
 225.88   39.17
 227.04  162.50
 229.25   38.74
 229.93  133.44
 230.26   97.85
 230.41  149.11
 233.54   93.74
 234.07   29.77
 234.25  164.06
 234.43   87.88
 234.44  182.13
 234.67  178.65
 234.72   98.08
 234.77   36.12
 235.19  213.66
 235.61  155.82
 235.92  137.27
 236.79   40.43
 237.36   46.75
 237.46  183.02
 238.58  139.48
 240.15   47.21
 240.21   67.78
 240.45  166.18
 241.32  162.82
 241.41  142.02
 243.15  218.88
 243.59  139.76
 245.63   12.44
 247.28   24.28
 247.57   15.69
 249.33   83.85
