   7.48   59.10
   8.29  167.50
   8.94  156.70
  11.06  159.99
  11.82  167.31
  12.09  140.36
  12.98  100.52
  15.19  138.56
  16.72   79.41
  17.14  176.22
  17.32  163.52
  17.45   95.07
  19.93  166.43
  19.98   90.49
  20.88   73.33
  23.80  126.13
  24.21  116.03
  24.49  167.63
  24.86   90.90
  26.04   50.35
  26.13   38.21
  26.52  165.02
  27.65  149.44
  28.51   58.36
  28.63   72.96
  28.71   72.68
  29.19  156.52
  29.53   43.76
  30.79  148.34
  31.95   80.58
  32.82   80.68
  35.10   76.21
  35.24  149.60
  35.29  166.87
  35.33  159.71
  36.52   95.05
  38.19   67.48
  39.51   90.69
  40.84   44.68
  41.10   45.74
  41.55   36.18
  41.86   61.28
  41.96  142.57
  42.63  102.88
  42.93   26.86
  43.11   27.43
  43.19  156.13
  43.75   98.59
  44.24  148.10
  44.57  158.40
  45.00   41.27
  46.53   88.52
  46.72   60.96
  46.95   73.04
  47.15  161.34
  47.33   35.26
  47.76   23.11
  47.76   55.32
  49.52  104.00
  49.56   55.84
  50.81   92.29
  50.88  101.68
  51.08   82.45
  51.60  106.34
  53.16   97.01
  53.43   55.13
  54.17  154.89
  54.19  134.03
  54.27  139.88
  54.28   46.70
  54.34  110.66
  54.46    7.08
  54.49  128.77
  54.55  119.45
  54.92  128.62
  55.59   41.14
  55.82   93.18
  56.56   82.75
  56.70   61.28
  56.79  184.14
  57.00   28.54
  57.57   53.41
  58.48  138.80
  59.71   97.17
  60.00  159.74
  60.15  155.53
  60.27   71.88
  60.28   82.16
  60.40   49.98
  60.63   39.56
  61.27  119.41
  61.69   68.73
  62.60  151.71
  63.32  164.70
  64.55  113.97
  64.71  103.62
  65.19   80.97
  67.12   58.12
  67.82   72.51
  68.25   42.65
  68.58  134.69
  68.88  102.02
  69.41  114.71
  69.50   51.02
  69.51   80.63
  69.70   63.14
  70.06  101.28
  70.76   32.66
  71.46  149.20
  71.89  117.55
  71.91  153.71
  72.76  108.07
  73.11   92.62
  73.24   62.47
  73.27  147.73
  73.61   66.30
  74.02   30.07
  75.76   80.06
  75.85   95.39
  76.31   86.93
  76.46   72.38
  76.56   55.49
  78.28   30.27
  78.48  120.19
  80.76   35.20
  81.88   50.00
  82.29   96.60
  82.70   79.65
  83.27  152.29
  83.88   64.85
  86.95  133.50
  87.06   47.08
  87.20   34.31
  87.28   98.28
  87.90   79.70
  88.08  121.10
  88.22  108.67
  88.41   86.85
  89.02   45.93
  89.22   56.62
  89.23  102.84
  89.37   73.40
  89.85   77.54
  90.57   65.27
  91.63   42.25
  93.18  130.34
  93.45   65.68
  93.91   64.45
  93.95  135.17
  94.02   97.27
  94.33  115.19
  96.36  159.07
  96.60   97.56
  96.90  155.10
  97.19  149.73
  97.89   43.32
  97.96  116.01
  99.11   44.46
  99.56   77.04
  99.57  153.81
  99.58   73.82
  99.59   91.93
  99.68  146.95
  99.73   54.67
  99.82  131.09
 100.14  106.25
 100.19   49.41
 100.64  145.05
 101.97  155.34
 102.25   73.61
 102.66   69.28
 103.11  122.10
 106.13   98.85
 106.50   78.03
 106.89  123.52
 109.62   86.64
 110.40  149.82
 111.29  121.25
 111.47  101.81
 114.08   91.15
 115.75  126.62
 116.48  143.80
 116.92  134.65
 117.64  108.41
 119.75  104.07
 119.92  139.00
 125.60  122.37
 126.02  144.00
 126.41  127.48
 130.44  101.01
 133.47  161.44
 135.12  147.72
 135.50  113.54
 135.58  123.10
 136.59  129.50
 136.92  137.15
 142.05  134.35
 142.19  107.62
 142.40  139.08
 142.99  105.03
 143.63   94.98
 143.99  143.29
 145.32   95.61
 146.35  121.49
 148.44  139.01
 149.75  113.34
 150.00  155.08
 151.42   82.10
 151.74  135.30
 152.05  153.00
 152.28  146.70
 152.55   97.46
 155.44   96.40
 155.98  144.31
 156.26  132.26
 156.40  137.13
 156.53  136.52
 157.00  125.49
 157.73   88.44
 158.55  108.82
 158.62  102.27
 159.10  146.94
 159.66  132.86
 159.73   63.29
 160.86  103.83
 160.98   64.60
 162.66  102.26
 162.84  123.87
 163.52  133.04
 163.80  142.79
 163.90   82.65
 164.81  102.15
 166.16   77.39
 166.61  122.17
 166.83  151.87
 166.88   84.62
 168.09  141.12
 169.36   80.51
 170.13  152.41
 170.52  136.52
 170.57  128.95
 171.03  107.91
 171.95  101.94
 173.06   65.35
 174.27  136.80
 174.35   83.27
 174.45  156.82
 174.94  104.08
 175.19   87.51
 175.73  107.43
 176.74   57.62
 177.33   83.17
 177.95  105.74
 178.39   78.48
 178.44   78.41
 178.44  110.88
 179.55  100.91
 179.56  150.25
 180.31  104.00
 180.92   65.39
 181.30   57.50
 181.48   65.91
 181.48   56.25
 181.94  157.60
 182.76   80.43
 183.39   97.45
 183.41   71.22
 183.65   43.26
 184.51  129.46
 184.53  140.43
 185.42   68.13
 185.96   54.64
 186.41   71.63
 186.62   94.57
 187.18   97.68
 187.60   41.58
 188.15   45.63
 188.30  120.60
 188.48  123.50
 188.90   70.40
 189.17   67.33
 190.16   97.65
 190.50   32.69
 190.64  137.04
 191.35  166.04
 191.51  121.78
 192.33  132.81
 192.94   60.01
 193.59   92.64
 194.52   88.17
 194.55   73.50
 194.65  163.77
 194.75   53.99
 194.77  163.84
 195.70  136.56
 196.40   84.47
 196.55  118.97
 197.19   31.80
 197.69   41.92
 198.07   36.87
 199.31   49.06
 200.94   63.29
 201.17   82.65
 201.42  168.15
 202.91   80.59
 203.01  117.15
 203.77  142.58
 204.71   77.51
 204.99   44.08
 205.79   47.32
 206.21   17.33
 207.07   45.13
 207.09   53.84
 207.20   78.51
 207.28  170.52
 208.65   92.74
 208.68   19.11
 208.83   91.91
 210.81  129.27
 211.61   39.11
 213.84   88.84
 214.06   76.98
 215.64  116.98
 216.22  128.73
 216.68   29.11
 217.91  176.09
 219.03   14.95
 219.44  108.90
 221.49   63.97
 221.98   74.50
 222.37  110.63
 223.63  180.14
 224.23   24.37
 224.83  106.88
 226.76   64.73
 230.35  179.28
 231.41  141.95
