   7.29   49.95
   8.89   36.26
   9.41  131.78
  10.11   29.20
  10.57   83.89
  11.23   16.88
  11.56   47.79
  12.77  124.86
  13.53    8.92
  13.60  110.07
  13.79   86.94
  13.92   45.60
  14.16   67.13
  15.06   95.05
  16.52   30.81
  17.55  113.99
  17.57  138.43
  17.99  133.46
  18.53  110.52
  18.60  125.38
  18.90   68.41
  19.26   46.85
  19.30   17.27
  19.32  220.59
  22.36   20.74
  23.55   54.50
  23.66  134.95
  24.83  105.36
  24.84   33.13
  24.96   21.03
  25.12  127.66
  25.96   48.51
  26.26   63.79
  27.70   60.18
  27.75   22.19
  28.22   51.87
  29.13   99.55
  31.35  112.46
  31.70  122.83
  32.25   73.56
  32.67  241.84
  32.80   53.84
  33.43   90.58
  34.11   12.92
  34.30  137.87
  34.84  116.63
  35.34  100.07
  35.61   37.89
  35.80   46.63
  35.88  108.31
  36.63   57.72
  36.75   68.80
  36.84  123.43
  36.91   74.85
  39.53   49.54
  40.16   74.19
  40.51   79.12
  40.91   21.89
  40.99  222.71
  42.96  125.07
  43.26  134.40
  43.38   78.88
  43.41  111.45
  43.48  114.79
  43.97   74.08
  43.99   54.87
  44.06   60.87
  44.11  221.24
  44.24   64.99
  44.42   47.84
  46.12  139.18
  47.05  219.96
  47.58   55.15
  47.76  134.28
  47.80  216.24
  47.81  216.33
  48.04  219.51
  48.66   88.40
  48.80   33.12
  48.98   44.84
  49.46  218.88
  49.52  111.73
  49.73   36.79
  49.88   39.43
  49.91   99.03
  50.08   78.30
  50.70   69.35
  50.79   50.67
  50.90  141.17
  52.99   94.26
  54.09   36.74
  54.65  114.57
  54.69  141.17
  57.78  248.15
  58.45  101.97
  60.79  117.53
  60.83   97.19
  60.90   52.23
  62.67   77.24
  62.86   89.16
  62.89   92.79
  63.21  106.09
  63.82   46.58
  63.98  126.85
  64.42   50.81
  65.10  118.60
  67.30   80.50
  67.35   92.39
  67.58   75.80
  67.60  122.92
  68.85  129.25
  70.79  139.70
  70.95  231.26
  71.77   89.86
  73.34  128.16
  73.38   81.67
  75.50  105.93
  76.53  216.37
  78.44   62.24
  79.70  128.96
  79.84  139.64
  80.67  215.04
  82.43   93.93
  82.46  127.37
  83.63  248.60
  84.87  240.38
  88.68   68.01
  88.83   76.24
  90.93  122.71
  91.13  128.36
  91.95  133.93
  96.01   88.54
  97.04   86.57
  99.85  232.26
 101.20  236.98
 101.25  213.74
 102.20  216.46
 103.51  215.28
 104.13   93.40
 104.51  220.34
 104.56   86.27
 104.57  227.54
 104.84   86.58
 105.26  129.01
 105.56  224.03
 107.14  135.09
 107.17  212.75
 108.23  105.19
 110.17  109.45
 111.37  133.89
 115.75  118.39
 116.20  125.75
 121.61  127.09
 127.54  127.58
 129.92  104.93
 130.42  140.15
 130.73  130.20
 134.83  209.72
 135.69  120.41
 135.69  217.43
 136.00  231.07
 141.82  126.25
 146.11  208.87
 146.15  116.34
 146.82  109.15
 149.81  102.25
 151.56  229.52
 152.32  137.07
 152.53  108.26
 152.96   99.69
 155.87  124.74
 156.21  208.07
 157.95   89.27
 159.07  221.58
 159.10  215.27
 159.30  229.04
 159.31  236.51
 159.85  137.11
 160.47   85.01
 161.10  211.79
 163.08  216.59
 164.46  116.00
 164.54  102.73
 164.79  108.59
 165.02  127.65
 165.34  232.18
 165.44  232.23
 167.07  235.18
 168.02  240.41
 169.30  119.33
 169.55  127.40
 171.05  247.84
 172.77   73.50
 175.45   75.83
 178.76   93.44
 181.18  203.99
 181.48  209.35
 182.43  136.13
 182.77   63.72
 183.31   88.12
 183.67  205.38
 183.77  127.28
 184.82  200.89
 185.95   63.15
 187.43  126.94
 188.21  214.66
 189.50  220.45
 189.57  121.68
 191.55  135.31
 193.53   78.25
 194.77   65.19
 195.11   91.08
 195.97   58.74
 197.42  117.29
 197.60   59.99
 198.92  128.03
 199.65  203.04
 199.98  133.95
 200.37   98.09
 200.41   40.67
 200.91  202.58
 201.13  236.83
 201.21  130.70
 201.28   72.94
 202.79   76.49
 203.22  119.02
 203.41  241.32
 203.86  201.40
 203.91   36.31
 204.71  237.85
 205.12  133.42
 205.41  107.23
 205.92   72.15
 206.75  241.47
 206.84  204.55
 208.72  209.83
 208.92   57.03
 210.19  126.65
 211.18   63.69
 211.59  116.33
 212.29   37.21
 212.91  214.40
 215.59   37.25
 215.82  213.43
 216.05   80.34
 216.72  121.93
 217.68   71.60
 219.32  130.49
 219.57  128.61
 221.07   13.86
 221.07  222.58
 224.16  221.36
 224.46   18.03
 225.54  199.24
 226.38  103.76
 226.94   45.03
 227.29  123.60
 227.41  134.27
 227.72  135.86
 228.35  206.95
 228.89  112.18
 229.15  196.97
 232.45   72.12
 232.45   57.27
 232.96  229.42
 233.52   62.06
 233.88   75.64
 234.41  211.60
 234.44   54.42
 234.82  237.99
 235.45  232.40
 236.83  111.88
 237.01   82.33
 237.59  130.08
 237.75  196.74
 238.10   78.56
 238.60  109.18
 239.27  134.96
 242.06  124.09
 242.63  213.61
 244.14   84.32
 244.22  245.20
 244.60  200.49
 244.61  218.53
 245.12  242.05
 245.39   19.39
 246.81  248.09
 248.15  134.20
