  11.07   90.06
  12.69  100.68
  15.95   23.34
  16.13  166.56
  16.57  102.20
  19.84  226.33
  20.02  126.35
  21.23   51.30
  21.52   48.37
  21.56   11.13
  22.81  101.14
  23.36   15.00
  23.53   53.29
  25.30  139.28
  25.32   11.86
  26.10  169.27
  26.38  124.79
  27.71  164.92
  29.32  223.41
  30.45  172.46
  31.32  108.74
  33.97  162.80
  35.01  110.05
  35.72   75.79
  37.96  107.91
  38.05  111.05
  38.17  223.64
  40.00   38.03
  40.47  152.76
  40.73  120.39
  40.83  147.41
  41.28   33.79
  42.05  112.88
  42.61  159.22
  42.75   80.27
  42.78   57.16
  43.04   53.47
  43.46  179.18
  43.52  186.47
  43.55   48.19
  43.99  123.43
  44.06  103.77
  44.11  151.60
  45.49   53.71
  46.25   18.86
  47.14   53.88
  47.86   22.35
  47.95   62.75
  49.69  132.52
  49.89  137.46
  51.33  146.80
  51.78   37.77
  52.14  123.79
  52.85  116.17
  54.49   11.92
  54.70   83.85
  55.43  103.94
  55.48  119.19
  55.92   37.92
  56.72   95.27
  57.88   90.80
  59.30   49.72
  59.97  177.82
  60.33  155.17
  61.65   35.49
  63.41   96.50
  63.55  154.34
  64.37  118.12
  65.22   69.39
  65.39  114.07
  65.63   90.74
  65.89   63.71
  66.20   75.92
  66.30   92.83
  66.91   43.50
  67.90   23.04
  68.01   37.40
  68.52   11.04
  68.87  104.23
  69.36   83.72
  69.48   60.01
  69.89   42.06
  70.56   25.54
  70.72   46.99
  70.81   54.54
  71.29   72.30
  71.92   50.69
  71.98   38.73
  72.22   34.55
  72.27   19.50
  72.58   80.12
  74.39  124.56
  76.27  154.36
  78.98  139.29
  80.03  150.27
  80.30  154.64
  80.61  136.48
  80.95  143.01
  82.86  139.07
  84.71   87.33
  88.00    8.63
  89.16   76.20
  89.28   91.38
  89.74   73.65
  89.96   62.13
  91.03   70.00
  92.17   38.62
  93.08   96.46
  94.88   35.43
  96.93   32.68
  98.71  127.99
  99.29   47.47
  99.74   39.63
  99.78  124.28
  99.85   48.00
  99.96   39.33
 100.05  118.49
 101.67   44.38
 102.08   94.28
 102.39   46.22
 102.62  117.58
 103.63   54.75
 104.17   90.89
 104.48   78.04
 108.57   68.08
 108.83   65.82
 112.16   52.51
 112.24   68.00
 112.59  113.03
 112.73   79.54
 116.08   98.24
 116.27  142.79
 117.86  127.86
 118.17  108.87
 118.29   73.25
 118.50   87.78
 136.39  132.19
 139.56  124.44
 141.46  122.86
 142.07  134.56
 146.67  126.85
 148.11  146.62
 148.20   98.53
 148.73  152.41
 148.98  148.41
 151.06  101.89
 152.98  112.34
 153.12   75.02
 156.73   72.75
 157.38   59.52
 157.57  234.99
 157.76   71.14
 158.43   79.52
 160.04  161.44
 160.67  118.76
 160.77  103.30
 161.17  123.27
 161.60  102.32
 162.99  158.66
 163.82  120.66
 164.00  189.27
 164.01  142.81
 164.45  137.00
 164.56  137.25
 165.24  112.13
 166.07  162.40
 167.31  122.92
 167.59   42.75
 168.18   67.52
 169.76  122.76
 170.07  108.72
 170.32  132.53
 170.46   64.35
 173.45   93.14
 173.69   63.32
 173.93   84.29
 174.53  171.74
 176.18   66.99
 176.35   86.74
 176.61  104.12
 177.74   77.08
 177.82   34.94
 177.82  161.62
 178.13  156.79
 180.03  134.12
 180.59   70.09
 181.06  148.98
 182.41  101.31
 182.55   82.05
 182.84   77.57
 183.23   64.16
 183.40  107.11
 183.77  152.02
 183.84   97.18
 184.06   31.03
 184.11   84.45
 184.12  146.67
 184.30   94.31
 184.53  151.89
 185.68   17.48
 187.15  155.12
 187.43   32.29
 187.60   41.17
 188.16   98.96
 188.63   45.41
 188.69   49.23
 188.71  132.35
 189.70   77.20
 190.92   43.21
 191.06  108.76
 191.50   63.05
 192.38   83.65
 193.54   51.81
 193.85  151.91
 194.90  136.35
 195.73  163.53
 196.00  107.66
 196.26  121.07
 197.11  161.14
 198.13  158.40
 200.71  133.20
 201.69  150.97
 202.21   23.95
 202.52  112.71
 203.96  148.24
 204.00   79.74
 205.16  190.44
 205.16  190.21
 205.87   74.20
 206.34  178.12
 206.38  118.73
 206.40   84.63
 207.49   25.38
 207.65   42.94
 207.72   29.93
 208.64   52.23
 209.23  119.26
 214.16   69.46
 215.46  143.90
 216.01    8.97
 216.81   41.57
 218.42  159.09
 220.62  177.34
 221.08   38.07
 224.89  183.39
 225.28   39.69
 226.13   67.14
 226.69   46.42
 227.20  158.00
 227.33  112.00
 227.51   84.85
 228.36   42.10
 229.46   67.30
 231.57   63.55
 233.92   34.12
 234.33   34.11
 238.60  113.29
 238.74   34.00
 238.81  145.71
 242.69   51.41
 242.97  191.89
 243.96  142.11
 244.08   73.32
 244.25   23.91
 246.35    7.51
