  10.20  128.46
  12.13   71.49
  12.16   76.79
  12.26  137.35
  15.46   12.21
  16.82  127.98
  17.03   72.76
  17.33  150.62
  18.05   46.32
  18.09  153.57
  18.65  108.67
  18.75   79.58
  19.29   44.07
  19.56   59.11
  19.94   27.93
  19.95   15.36
  20.11   12.47
  21.54    9.48
  25.05   80.66
  26.42  152.37
  27.64   40.73
  27.65  106.26
  28.09  148.64
  29.60  101.29
  30.54  171.75
  33.08   79.85
  33.69   88.79
  34.27  151.49
  34.53  117.22
  36.60  100.29
  37.35  107.06
  37.85  103.83
  38.73  109.73
  41.34   76.06
  41.62  151.43
  42.80  165.93
  43.78  195.03
  45.23  161.38
  45.87  150.70
  46.03  110.06
  46.17   84.16
  48.49  133.31
  49.21   51.82
  50.18   27.50
  50.25  116.46
  50.88  120.36
  51.01  114.40
  51.49  140.47
  51.50  114.03
  52.63   74.91
  53.38  108.79
  53.91  138.03
  55.59  185.65
  56.13   99.95
  56.72  147.08
  56.94  151.61
  57.15   69.34
  57.88  105.21
  58.12  127.87
  58.21  178.49
  58.40   93.74
  58.99   79.06
  59.79  107.78
  61.66  141.15
  62.11  132.05
  62.47  154.20
  64.40  115.89
  64.40  137.42
  64.57   72.57
  64.71  125.85
  66.42  143.16
  67.64  136.79
  68.17   80.49
  68.73  152.05
  72.22  161.42
  74.18   99.69
  74.87   82.59
  75.02   82.09
  76.07   70.78
  76.49   70.63
  76.66  134.97
  80.60   79.62
  81.08   91.05
  82.14  100.82
  82.84   95.14
  83.25  145.90
  85.22  118.98
  86.51  136.09
  88.96  135.10
  90.68   30.66
  93.00  145.77
  94.90  135.98
  94.97  149.49
  96.98   75.10
  98.95   87.74
 100.08  105.58
 100.09  116.35
 100.40  116.61
 101.63   75.65
 104.40  132.29
 106.18  151.97
 107.71  132.27
 110.20  154.58
 111.01   93.08
 111.17  131.87
 111.23  104.98
 111.72  157.34
 112.04  116.65
 113.19  124.32
 113.31   76.91
 113.40   82.11
 115.32  132.55
 116.64  103.67
 116.78  146.87
 117.13  116.97
 117.60   73.94
 117.67   92.81
 118.60  140.50
 119.63  116.03
 122.65   99.01
 122.92   89.84
 123.26  104.73
 123.56  117.32
 125.30  140.67
 125.52  120.05
 128.09  144.31
 129.05  102.75
 129.08  139.90
 129.73   74.06
 129.93   81.21
 134.43   93.20
 134.90  105.48
 135.08  122.54
 137.37   78.86
 137.71   90.03
 137.99   95.38
 138.06  101.92
 139.67  141.05
 139.87   78.88
 142.17   93.36
 142.42  116.45
 142.54   81.71
 143.20   98.97
 146.32  139.66
 147.27  144.87
 147.35  128.76
 147.75  111.95
 147.78   96.42
 149.87  124.35
 152.44  144.89
 153.20   93.17
 153.38   87.07
 153.47  104.52
 153.51   81.69
 153.72  117.13
 153.99  127.66
 159.15  144.17
 162.02  139.30
 164.95   18.58
 165.06   42.89
 165.48   70.84
 165.94   65.17
 166.02  140.04
 168.00   52.48
 168.93   76.21
 170.07   34.99
 170.08   61.47
 170.31  143.32
 170.61  147.99
 171.01  117.56
 171.61   40.37
 171.74   58.21
 172.25   49.75
 173.43  138.86
 174.53   53.15
 174.78   23.59
 175.54  146.47
 176.62   26.85
 176.88    7.91
 177.00   17.87
 177.05   40.08
 177.31  146.28
 178.39   70.24
 178.40  120.40
 179.49   26.68
 180.23   86.70
 180.44   32.71
 181.27   16.81
 182.11   49.19
 182.21   65.03
 182.75   83.18
 183.34   71.41
 183.46   81.52
 185.37   42.44
 186.52   58.95
 186.69   27.48
 187.44  117.27
 187.63   77.01
 187.65   17.46
 188.05  134.28
 188.34   70.26
 190.40  156.61
 193.87  116.88
 196.42    9.54
 196.55  114.08
 197.33   47.35
 198.87   42.12
 200.79  112.04
 201.85  107.39
 201.92   63.79
 203.05   46.54
 203.23  157.55
 203.70   31.42
 203.83   27.79
 203.92   26.17
 204.31   77.04
 204.32   72.93
 204.71   95.24
 205.77   58.30
 207.28  109.66
 208.20   93.31
 209.07   38.85
 209.68  174.52
 210.09  109.06
 210.59   38.73
 213.79   89.62
 215.65  110.52
 219.99   89.27
 220.39  105.33
 220.47   86.15
 223.38  103.39
 224.34   83.87
 226.60   62.91
 227.06  167.71
 228.42   84.67
 228.67  177.96
 228.94  103.59
 229.61   80.98
 229.63   43.06
 230.46  129.16
 230.48  107.25
 231.27  189.90
 231.58  186.85
 232.11  193.21
 232.42  100.69
 233.20  132.50
 233.82  163.44
 237.60   76.83
 241.41   18.48
 242.82   77.01
 247.16   12.02
 248.10   74.44
