   9.95   38.26
  11.39  168.03
  13.11   50.11
  14.13  176.29
  16.34  167.92
  16.49  136.66
  16.75  103.01
  18.29  119.59
  18.33   77.81
  18.49  172.29
  19.99   52.75
  20.58  176.30
  20.58  106.20
  20.81   79.02
  21.77   87.37
  22.64   61.55
  22.66  154.16
  22.94  197.03
  23.34   91.87
  23.73   80.71
  23.79  197.15
  23.90  116.33
  24.03  169.38
  25.09   79.98
  25.40  160.80
  26.09  168.85
  27.09  140.46
  28.83  192.35
  28.87  195.34
  29.54  177.43
  29.85   67.99
  31.51  113.53
  31.74   90.91
  32.98   65.46
  34.14  121.57
  34.58  193.51
  35.44  168.24
  35.51   89.66
  35.93   13.19
  35.95  183.48
  36.49  191.85
  36.71   99.27
  37.13   81.60
  37.34  143.00
  37.59   97.38
  38.44  154.11
  38.93  190.47
  39.47  125.58
  39.54  110.91
  40.12   66.81
  40.39  180.13
  41.49  173.56
  41.62   88.62
  41.81  131.28
  42.84  149.13
  42.96  137.49
  42.97  103.71
  43.03   95.66
  43.04   69.90
  43.58  183.69
  43.77  132.05
  44.42  161.12
  44.91  120.21
  45.10   95.87
  46.12   81.23
  46.61  109.13
  47.21  173.51
  47.75   45.66
  48.49  175.80
  48.67   88.70
  50.11   23.57
  50.59   13.90
  51.04  121.15
  51.48   82.59
  51.72   98.76
  51.83  161.29
  52.00  147.30
  52.22  188.88
  52.44  126.40
  52.59  180.07
  52.88  108.98
  53.36   13.61
  53.98  105.94
  54.46   93.73
  54.79   94.09
  55.44   20.99
  55.88  166.64
  59.46   26.05
  60.01  184.85
  60.05  158.33
  60.18  118.01
  60.87  140.42
  60.92  166.02
  61.02  162.14
  61.58  101.50
  62.19   81.39
  62.65  155.94
  62.90   24.27
  63.50  179.78
  66.31  145.49
  67.21  172.73
  68.03  141.56
  70.04  154.37
  70.73   30.97
  70.80   47.36
  75.35  167.28
  75.47  147.49
  75.51   42.93
  76.78   31.11
  77.19  179.86
  77.25   58.99
  78.61   55.78
  79.01  182.00
  79.02  178.83
  82.21  150.25
  82.52   47.29
  82.59  128.05
  84.22  187.27
  85.17   61.64
  86.11  167.73
  86.44   72.46
  86.48  165.16
  86.99  162.67
  88.33   50.50
  89.18  186.03
  89.39  147.58
  89.72  173.80
  90.51  144.63
  91.05  173.45
  91.27  173.48
  93.47  168.93
  95.29  166.08
  99.36  151.85
 100.52   73.36
 100.76  174.75
 101.28  186.40
 102.84  165.62
 106.03  175.36
 106.12  175.05
 112.20  101.53
 115.15  151.24
 119.54  135.22
 121.52  142.92
 121.91  155.47
 127.66  155.78
 130.19  223.29
 131.77  207.72
 132.36  201.39
 133.05  194.31
 133.21  131.03
 135.08  158.62
 137.78  165.05
 138.00  174.59
 139.43  152.03
 141.13  155.22
 141.16  147.65
 145.54  143.37
 145.63  163.56
 147.82  125.55
 148.46  154.45
 151.09  121.62
 154.35  127.11
 155.48  173.41
 156.36  141.77
 156.51  115.22
 157.63  167.88
 159.40  103.62
 164.43  103.67
 165.25  162.90
 166.65  107.68
 167.43  157.54
 167.59  153.57
 169.05  166.89
 171.29  125.72
 172.25  145.71
 172.39  174.67
 173.62  163.46
 173.74  149.18
 175.24  168.55
 178.04  154.46
 178.31  148.60
 180.06  182.27
 182.15   98.74
 182.44  158.58
 182.48   99.24
 184.51  171.54
 184.89  176.04
 189.48  184.75
 189.64  130.41
 189.76   86.54
 191.49  172.67
 191.91   79.92
 194.48  155.83
 195.71  181.00
 195.94  113.20
 196.84  107.29
 197.50  105.16
 197.96  158.92
 198.01   84.18
 198.15  117.72
 198.18  128.95
 198.76  179.09
 202.48  111.05
 202.67  117.03
 203.53  123.29
 204.64  157.69
 204.65  188.73
 204.88  170.19
 205.35  181.36
 205.99   95.46
 206.26   91.61
 209.51  151.95
 210.48  177.20
 211.63  142.44
 212.19  151.17
 212.25  157.55
 212.44  119.40
 212.87   86.61
 212.94  134.54
 213.59  166.71
 214.61  162.20
 214.63  148.63
 215.26  151.35
 217.09  140.85
 217.97  127.36
 220.62  121.89
 221.49  156.06
 222.77  193.16
 224.42   96.98
 226.03  115.59
 226.59  135.98
 226.73   82.92
 227.20  187.83
 227.34  148.30
 229.98  150.23
 230.03   89.50
 230.32  123.61
 230.69  126.51
 230.78  194.65
 230.90  148.69
 231.43  161.92
 231.45  121.95
 231.67  165.56
 232.23  190.26
 232.42   94.46
 233.00   61.48
 233.09   82.39
 233.47   58.55
 233.63  154.61
 234.60  124.79
 235.01  203.32
 235.59  114.47
 236.53   94.41
 238.63   74.85
 238.75   83.03
 239.34  122.31
 239.49  148.66
 240.63  105.09
 240.79   99.76
 240.82  158.59
 241.48   95.74
 241.53   47.46
 241.91  109.09
 243.03  211.48
 243.05  121.52
 245.75   70.98
 248.31   56.63
 248.34  108.19
