   7.23  142.54
   8.43  134.92
   8.78  121.25
   9.73   16.44
  10.94  143.27
  11.14   23.42
  13.30  130.87
  13.77  143.52
  13.86  135.50
  13.97   21.65
  14.02  127.54
  17.51   69.93
  17.61   13.29
  18.70  154.51
  18.79  130.48
  19.11  152.91
  19.58   56.12
  20.86  128.16
  20.94  146.12
  21.87   35.20
  22.14   35.46
  22.16   71.22
  23.07  151.97
  23.53   14.35
  23.65   29.16
  23.94   45.49
  24.40  136.24
  25.01  154.30
  25.09   94.04
  25.21  171.83
  25.97  124.22
  26.10  148.55
  26.29  156.99
  26.34   70.26
  26.38   55.12
  26.97   64.71
  27.08   60.18
  27.83   40.35
  27.86   47.32
  28.33   99.51
  28.72  123.72
  29.09  174.58
  29.14   93.88
  30.45  114.48
  30.45   19.53
  30.52  118.56
  30.80  155.69
  30.95  111.45
  31.00  122.13
  31.09  151.65
  31.11  155.88
  33.43   94.67
  33.84   82.11
  33.89   55.53
  34.17  153.28
  34.19  117.87
  34.76   81.49
  35.27  131.10
  36.25  151.06
  36.32   98.51
  36.56   94.88
  36.74   19.89
  37.41   40.99
  39.98   93.90
  40.96  102.53
  41.18  171.08
  41.88  149.69
  41.99   30.24
  42.00  139.39
  42.41   59.27
  42.43   86.48
  42.50   49.06
  42.51   76.49
  43.02  130.47
  43.28  127.47
  43.86  163.13
  44.31   83.91
  45.14   42.78
  46.79  130.58
  46.85   77.53
  47.07  124.88
  47.78  112.20
  47.90  105.45
  47.91   34.16
  48.09  134.53
  48.86   93.70
  49.10   67.69
  49.83  120.24
  50.23  116.62
  50.36  152.37
  50.91  133.98
  51.11  124.18
  51.52   82.43
  51.52   54.32
  53.92   63.13
  54.42  160.03
  54.75  134.84
  55.48   26.60
  56.84  148.60
  57.52  152.37
  57.58   85.20
  58.08  161.85
  58.22  123.06
  59.92   34.28
  60.14  103.74
  60.72  110.17
  61.53   86.75
  61.72   62.17
  61.86  149.25
  63.45  103.82
  64.74  146.74
  64.89  112.26
  65.63   85.48
  66.93   81.85
  67.13   47.29
  67.55  111.47
  68.45  138.93
  69.47   71.21
  69.96  111.56
  70.00   46.86
  70.00  112.57
  70.02   47.01
  71.45  152.02
  71.60  126.08
  72.01  117.58
  72.15   41.65
  76.51  127.27
  77.31   56.83
  77.65  141.98
  79.96   50.28
  81.27   54.18
  81.28   45.50
  82.64  155.53
  82.70  128.72
  82.97  135.53
  83.94  141.80
  84.85   79.42
  87.18  122.28
  87.40   50.59
  88.77  152.80
  89.14  127.67
  89.68  144.00
  89.70  155.41
  89.80  146.93
  91.70   74.45
  92.33   84.92
  94.70   81.27
  94.85  147.27
  95.14   78.04
  95.84   77.04
  96.70   86.83
  99.37  131.88
 100.02   99.76
 102.76  149.97
 108.43  102.32
 108.60  144.25
 111.69  125.84
 113.93  144.53
 114.13  114.40
 119.59  140.40
 124.90  138.28
 127.91  127.07
 129.52  155.34
 130.88  140.22
 131.38  166.54
 131.75  134.13
 131.79  134.28
 132.44  174.69
 134.82  189.67
 138.36  189.43
 138.54  210.14
 138.81  139.55
 139.06  111.97
 139.40  129.37
 141.55  137.72
 143.33  101.29
 146.04  236.58
 151.06  148.73
 153.24   96.11
 155.16  149.11
 156.01  109.62
 157.75  135.75
 157.98  127.48
 162.02  132.16
 164.99  145.95
 167.05  144.68
 169.73   77.00
 170.44   68.12
 171.64   60.18
 172.22  146.19
 175.58  126.87
 176.22   70.76
 179.05  137.69
 181.95   57.41
 182.51  133.93
 182.74   51.70
 183.32  155.20
 183.39   66.87
 183.68   60.71
 184.33   90.13
 185.86  115.50
 186.95  103.38
 187.93  136.98
 188.38   66.25
 189.47   85.43
 189.57  112.36
 191.97  147.41
 192.63  155.68
 192.79  159.50
 192.97   66.68
 193.29  169.83
 193.88   98.12
 193.93   69.09
 194.86   13.09
 195.19  109.63
 195.88   94.79
 196.25   57.03
 197.28   74.94
 197.29   74.86
 198.04  105.71
 198.15  147.83
 198.35   19.30
 198.57  143.65
 198.72   98.25
 199.96  134.00
 200.54   27.83
 201.04   70.56
 201.20  151.20
 201.47  155.66
 202.28  102.50
 203.21  110.00
 204.32   27.86
 205.70  116.19
 206.94   98.94
 207.14  149.16
 207.43  177.08
 209.10  138.13
 209.35  138.12
 209.82  101.86
 210.16  146.64
 211.71  116.86
 211.87  116.73
 212.67  163.85
 213.52  140.72
 214.89  127.34
 215.44  138.15
 217.12   59.39
 217.93   91.28
 217.97  130.05
 218.21  168.07
 218.53   92.86
 218.74   65.34
 219.88   95.87
 220.08  145.46
 220.49  113.06
 220.84  137.30
 220.95  154.47
 221.47  133.83
 223.18  163.27
 223.35  159.52
 224.01  117.08
 224.49  128.59
 225.66  154.49
 225.78  145.43
 227.29  155.93
 228.72  123.38
 229.94  146.88
 230.39    9.92
 231.81  136.58
 232.77  152.30
 233.68  145.86
 233.87  118.88
 234.57  150.21
 234.59  176.73
 236.61   77.43
 238.03  125.09
 238.68  147.35
 240.30  136.17
 240.83  154.55
 241.11  140.82
 242.43   34.91
 244.19  127.10
 245.09  146.69
 245.83   30.20
 247.24  119.40
 247.38  163.66
 249.70  161.69
