   6.96   74.28
   7.32  113.46
  10.89  212.71
  15.15  109.20
  15.35  109.38
  17.19   94.55
  18.19   63.20
  22.66   85.01
  23.49  165.77
  23.83  212.83
  24.41  108.41
  26.14   84.18
  27.70  162.60
  28.48  191.01
  28.59  172.17
  30.00  117.68
  31.15   19.21
  31.33   20.09
  32.37  110.23
  33.72  155.64
  33.81   84.96
  33.99   92.82
  34.44  212.51
  35.04  115.66
  38.48  143.53
  40.41  110.42
  40.98  149.44
  41.26   93.34
  42.74   35.83
  43.03  167.67
  43.09   95.22
  44.43  117.92
  45.69   92.04
  47.46  149.21
  49.05  119.66
  49.89  109.51
  50.19   87.28
  50.30  139.40
  50.42  145.60
  50.46  103.19
  51.69  128.48
  51.93  119.79
  52.57  111.72
  53.37  169.95
  55.04  213.02
  57.91  109.80
  58.08  212.01
  58.39  167.81
  58.68  149.91
  60.23  143.51
  61.40  165.66
  62.76  100.25
  63.38  125.69
  65.74   93.30
  66.23  113.05
  66.39   94.49
  68.74  148.29
  69.34  102.17
  69.60   29.76
  69.81  184.49
  69.82  194.56
  70.22   93.51
  70.30  121.62
  70.68  127.70
  70.90  143.80
  71.55  124.47
  72.01  159.90
  72.32  207.62
  74.04  100.57
  74.69  144.66
  76.15  212.83
  76.84  124.53
  77.52  135.75
  77.57   98.89
  77.92   46.53
  78.71  148.78
  80.36  101.39
  81.02  138.26
  81.30  159.96
  82.12  152.80
  82.70   51.36
  83.27  141.12
  83.29  146.78
  86.18   57.88
  86.53  154.68
  86.59  112.52
  88.10  156.20
  88.10   54.92
  88.18   70.93
  88.92  146.76
  89.35   94.35
  89.91  132.50
  90.32   58.14
  91.16  138.76
  92.30   93.30
  93.36  147.33
  93.75   93.43
  93.76   79.10
  95.35   96.72
  95.89  186.14
  96.11  119.18
  97.21  152.02
  98.07   90.47
 100.37  127.92
 101.83  197.64
 102.78  182.98
 103.90  145.98
 104.79  181.86
 105.19  151.44
 106.03  210.89
 107.48   94.60
 108.62  137.79
 109.48  137.79
 109.94  134.05
 110.57  127.51
 111.24  113.75
 111.33   95.73
 112.18  149.49
 114.82  131.70
 114.98  206.16
 115.37  116.12
 119.01  138.51
 119.68  142.87
 120.15  113.45
 121.20  119.45
 121.90  147.19
 122.15  213.06
 124.07  187.28
 126.73  126.94
 127.20  148.89
 128.39  143.93
 129.95  183.51
 130.68  122.72
 130.73  125.43
 131.08  183.80
 131.13  136.32
 132.56  148.93
 137.34  138.47
 143.04  127.88
 145.70  159.04
 146.74  139.26
 147.53  178.33
 148.62  227.90
 148.64  207.07
 148.68  157.41
 148.95  181.80
 151.46  179.52
 151.73  174.40
 155.12  177.42
 155.33  159.37
 156.50  125.53
 157.38  119.78
 157.97  125.82
 160.00   63.09
 160.94  150.61
 161.11  170.32
 161.28  144.26
 161.36   94.03
 161.41   83.05
 163.89  178.12
 165.05  143.37
 166.60   20.31
 167.01  120.37
 167.16   47.83
 167.61  147.34
 167.87  114.47
 168.03  179.37
 168.19  205.64
 168.45   27.39
 169.01   45.60
 169.18  202.93
 172.55  180.45
 172.56   34.24
 172.57  174.89
 175.07   30.53
 175.70   40.41
 176.43  145.84
 177.63   34.11
 178.27  206.30
 178.57  149.95
 179.21  177.51
 179.34  155.35
 179.67   90.11
 180.71   46.51
 182.20  104.89
 182.97  207.51
 183.08   36.06
 183.11   20.93
 183.23  105.24
 183.77   82.35
 184.16   14.43
 184.60   28.42
 184.91   87.95
 185.48   18.40
 186.17  118.50
 187.82  199.32
 187.91   82.06
 188.28  130.78
 189.32   85.92
 191.15   62.20
 191.56   67.15
 193.30  184.45
 195.71  209.04
 196.95  156.02
 198.49   69.50
 202.91  156.57
 203.34   57.99
 205.12   48.03
 207.61  156.27
 208.26  141.43
 208.56  141.59
 211.74  181.61
 212.21  161.38
 212.34  155.37
 212.45   70.91
 214.98  137.80
 215.58   41.15
 216.35  146.42
 216.47  183.22
 216.78  121.01
 218.88  143.47
 219.13   43.07
 220.60  207.90
 221.15  137.32
 221.35  139.95
 222.20  148.09
 222.88   24.43
 222.92   19.92
 223.13  163.40
 223.39   22.92
 224.96   27.65
 225.58   41.09
 227.64   97.52
 228.51  150.44
 228.81  154.28
 229.09  199.64
 229.91  130.24
 230.79   29.76
 230.91  190.75
 231.08   37.71
 232.99  150.34
 233.54   24.37
 235.16   67.51
 235.39   87.58
 235.64   74.24
 235.77  212.54
 236.42   92.99
 237.23  133.65
 237.41   32.61
 240.07   59.32
 240.92  146.96
 241.27  148.89
 241.43   57.56
 242.21  135.47
 242.24   25.55
 242.64   12.69
 245.39   58.58
 245.46   25.44
 245.88   81.54
 246.61   50.85
 247.79   20.34
 248.78   99.59
