  10.34  140.76
  12.44  104.19
  13.71   54.51
  14.01  125.17
  14.98  114.77
  18.26  106.39
  18.31   42.81
  18.74   90.79
  19.94  138.89
  20.20  129.79
  22.19   32.30
  22.23  104.48
  22.25   60.01
  22.49   16.99
  22.94   45.16
  23.06   45.38
  23.55  110.21
  24.51  148.55
  25.10  140.54
  26.16  132.28
  26.59  118.46
  27.70  102.63
  27.88   69.26
  28.57   52.13
  29.30  113.71
  29.98   34.59
  30.95   54.63
  31.80   58.29
  31.90  105.03
  32.20   50.33
  32.22  164.33
  32.23  154.88
  32.63  100.90
  35.12   24.95
  35.28   53.98
  35.49   33.24
  37.26   39.68
  38.26   26.91
  38.83   19.30
  39.12  103.71
  39.40   78.39
  40.88   62.71
  41.83  124.46
  41.90  131.29
  41.91  124.49
  41.98   48.94
  42.59   25.41
  43.15  108.61
  43.16   31.49
  43.29  155.42
  43.89  105.48
  44.03   15.97
  45.91   64.09
  46.34   58.31
  46.79   46.65
  48.26  118.26
  48.27   51.00
  48.71   85.05
  49.20   29.17
  50.58   57.49
  50.86   37.57
  52.10   42.80
  54.81   14.60
  54.82   87.23
  54.85   87.65
  54.95  115.85
  56.02   79.19
  56.79  102.64
  56.86   53.11
  57.80   38.97
  57.88   72.25
  58.10  113.49
  58.29  122.04
  58.40   60.05
  58.55   15.11
  58.66   18.35
  58.76    8.52
  62.04   58.67
  62.94   78.49
  63.48   17.62
  64.44   54.79
  64.75   46.02
  66.39   61.57
  67.20  192.29
  67.23  123.61
  67.76   52.41
  67.85   94.59
  69.63   70.40
  69.92  136.58
  70.25   60.51
  71.18  108.04
  72.50   84.48
  73.36   70.40
  74.17   60.98
  75.00  138.36
  75.26  137.36
  79.28   63.46
  80.76  120.32
  81.04   27.72
  83.83   70.86
  84.00   77.41
  84.41  142.18
  84.49  119.51
  84.62  134.40
  86.05  162.52
  86.23  137.05
  87.88  142.08
  88.45   61.20
  89.57  138.53
  90.00  146.31
  91.44   78.28
  93.92   96.05
  94.23  164.21
  94.68   74.34
  95.78   99.82
  98.78  121.46
  98.89   82.32
  99.17   75.59
  99.93  121.29
 100.08  144.19
 100.37  149.39
 100.59   87.21
 103.25  143.06
 103.96   96.94
 104.10   83.98
 104.15   89.87
 104.67   74.91
 108.16   97.09
 108.50  130.07
 108.94   99.63
 110.55  129.95
 111.84   94.20
 112.64   99.56
 112.85   99.65
 113.12  116.20
 114.52  125.09
 114.73  133.51
 115.55  119.41
 116.16  163.65
 119.28  149.04
 119.59  119.99
 121.89  153.17
 125.42  144.02
 127.19  121.71
 127.62  124.75
 130.43  135.54
 130.84  104.12
 135.54  124.57
 138.08  141.16
 140.78  122.91
 140.84  122.76
 148.41  135.91
 150.13  109.79
 155.23   89.51
 155.30   89.67
 159.18   46.71
 159.97  120.58
 161.36  124.42
 163.39   48.61
 164.75   59.75
 166.46   69.24
 167.39  117.42
 167.49   49.66
 168.39  108.42
 168.60  106.51
 169.06   40.91
 169.43   72.83
 170.41  121.08
 170.42   46.05
 170.87  115.57
 171.04  124.96
 172.11   35.67
 172.50   62.45
 172.77   58.32
 175.87   76.42
 176.14   75.99
 176.20   69.08
 176.26   28.47
 177.75   48.38
 177.78   92.98
 178.20  104.97
 179.11  146.66
 179.40  118.23
 180.54  124.60
 180.62   60.37
 181.67  127.23
 182.16  135.96
 182.60   15.28
 183.49  118.97
 183.85   92.82
 184.24   34.36
 184.28   64.82
 184.79   16.13
 185.08   87.03
 185.09   96.66
 185.60   35.18
 186.71   77.25
 188.11   35.53
 189.05   88.08
 189.38   89.35
 191.43   94.62
 191.52   70.82
 191.57   38.64
 191.65   66.25
 191.88   84.31
 192.06   17.95
 192.54  142.08
 192.90   56.67
 193.68  105.06
 193.92   43.95
 194.29   47.75
 194.80   32.78
 195.23   40.03
 195.70   94.44
 196.61   43.62
 196.88   26.08
 198.34   41.23
 198.42  122.88
 199.12   87.90
 199.86   94.00
 200.01   26.68
 200.31   77.90
 200.66   99.84
 201.40  108.24
 201.45   19.49
 202.75   88.92
 202.77   34.21
 203.45  103.04
 205.19  122.79
 206.79   73.88
 207.28  105.19
 208.53   49.63
 208.63   34.97
 208.86  119.14
 209.03   55.31
 209.33   84.22
 210.09  114.72
 210.95  110.65
 212.25   75.24
 212.37   75.28
 212.54  106.18
 212.68   64.92
 214.85  116.48
 215.35  145.45
 216.01  113.06
 216.41   71.82
 216.43   52.35
 216.62   77.84
 216.80   67.48
 217.10  135.58
 218.17   32.10
 218.24  127.43
 218.62  144.95
 219.28   68.36
 219.55   70.64
 219.87  111.75
 220.02   27.44
 221.38   52.98
 222.57   66.83
 222.93   17.57
 223.50   47.30
 224.69  102.79
 224.86   55.15
 225.03    8.04
 225.60   36.17
 226.48   75.94
 230.96   43.38
 232.19   55.13
 232.74   17.56
 234.28   43.21
 234.39   50.21
 234.90   70.34
 236.03   64.64
 236.96  123.37
 237.46   67.17
 237.47   33.79
 237.70   42.61
 237.78   42.55
 239.11   70.30
 240.77   51.51
 241.02  102.76
 241.13    6.83
 241.40   32.61
 241.73   21.25
 243.12   29.10
 246.75   15.09
