   9.62   87.26
  10.84   88.61
  13.17   99.36
  14.25  152.15
  14.91   86.99
  15.54  158.56
  15.65  173.40
  16.79  162.53
  18.18   84.91
  21.48   84.96
  23.47  162.46
  24.88   91.10
  24.95  150.79
  25.26  157.90
  27.16  144.25
  28.54   94.98
  29.23   76.03
  29.33   84.69
  30.22  167.64
  31.47  171.42
  33.82  175.08
  33.92   85.68
  36.81   95.85
  36.95  159.74
  37.84  118.02
  38.77  167.24
  39.02  176.34
  39.84  138.66
  40.75   82.47
  40.77   82.56
  42.26  137.44
  43.54  155.75
  44.76   88.08
  44.81  161.58
  45.11  136.28
  48.09   85.31
  49.07  165.98
  50.21  119.54
  52.05   80.47
  52.23  103.47
  52.83  145.38
  54.06  150.67
  55.20  172.55
  55.79   96.52
  57.17  158.62
  58.21   92.26
  59.56   95.74
  62.10  145.94
  62.21  159.47
  64.89  126.55
  65.14  172.96
  65.76  149.23
  66.63   98.82
  67.25  159.26
  67.27   96.32
  68.31  142.38
  70.33   94.97
  70.94   99.58
  72.33  161.90
  72.57  169.42
  74.20  165.28
  74.59  145.40
  75.57   58.60
  77.66  150.20
  78.84  142.72
  79.78  110.31
  81.07  138.76
  81.28   59.55
  81.40  160.51
  84.99  100.01
  85.23  148.95
  85.29  112.27
  85.30  151.47
  85.61  128.69
  88.79  111.90
  89.27  157.77
  89.95  115.26
  91.33  152.28
  93.62  156.42
  94.63  111.62
  96.09  120.64
  97.85  102.34
  98.53  118.08
 100.17  162.56
 100.92  163.15
 101.38  159.93
 102.62  164.57
 103.07  164.71
 103.08  157.84
 104.78  113.90
 106.13  155.17
 109.37  153.55
 112.14  163.90
 112.61  145.97
 114.44  133.10
 117.52  132.21
 126.88  137.74
 130.84  148.88
 131.01  131.29
 138.48  144.20
 138.64  138.34
 144.17  141.40
 145.32  162.69
 146.57   99.05
 149.11  163.33
 149.15  104.91
 150.53  134.00
 150.70  139.86
 152.00  114.11
 153.04  170.55
 153.46   98.25
 153.88  176.79
 155.91  120.83
 156.99  130.99
 157.34  101.94
 158.77  153.54
 159.61  164.08
 159.75   87.58
 159.99   95.91
 160.37  175.07
 162.53  117.85
 163.07  150.00
 163.43   95.77
 165.20   83.26
 166.08  138.80
 166.33  183.91
 166.53  132.00
 167.37   97.01
 169.80  161.30
 170.04  189.07
 170.37  173.17
 171.45  171.92
 172.65  153.35
 173.43  175.71
 173.60  157.87
 173.82  198.41
 175.13  171.32
 175.66  191.21
 176.65  149.24
 177.63  152.81
 178.42   85.56
 178.51  128.79
 180.00  127.66
 180.04  141.23
 180.34  174.66
 180.43  185.66
 182.98   90.10
 183.96  148.86
 184.24  179.89
 184.72  175.48
 185.22  187.56
 185.24  128.29
 186.12  136.24
 186.96  156.94
 187.30  113.98
 187.95  118.98
 188.20  115.56
 188.32  122.31
 189.13  156.26
 189.26  188.13
 189.34   89.06
 189.44  156.53
 189.51  134.73
 190.94  113.25
 191.33  175.37
 191.66  149.49
 194.09   98.35
 195.23   46.56
 196.17   59.48
 197.17   70.55
 197.55  127.11
 198.44   47.43
 199.20  145.84
 200.78   97.52
 201.46  192.41
 201.77   64.40
 202.16   33.10
 202.32  175.22
 202.41  107.70
 202.90  140.99
 202.96   84.78
 203.10   72.49
 203.39  192.14
 203.44   77.50
 203.67   20.19
 203.92  124.29
 205.04   99.70
 205.79   84.60
 205.99   93.96
 206.84  128.68
 206.90  169.52
 206.99   18.98
 207.98   99.49
 208.16   89.62
 208.26   89.75
 208.49  173.88
 208.82  101.81
 209.72  117.12
 210.58  175.16
 211.10  124.86
 212.37  133.41
 212.49   80.80
 213.10   74.53
 214.43   29.80
 214.43   24.62
 214.88  127.08
 215.32   74.24
 216.33   45.31
 216.40   76.83
 217.38  158.96
 219.10  131.18
 220.89  158.97
 221.15  151.95
 221.48  169.33
 221.98   98.86
 222.30  103.33
 222.54  114.31
 222.72  155.19
 222.82   75.38
 223.38   69.67
 225.63  138.34
 227.03  151.91
 227.06  148.39
 227.13  104.96
 227.90  111.67
 228.33   77.40
 229.06   94.44
 229.07   98.73
 231.13  151.71
 231.30  141.07
 232.13  104.61
 232.61   49.37
 232.82   98.09
 237.02  129.05
 237.93   91.65
 238.14  136.82
 239.51  112.51
 239.96  118.14
 241.77  122.90
 243.42  126.60
 243.73  174.08
 244.22  214.18
 244.54  142.37
 249.38   74.71
