   8.33  137.85
   9.33  161.36
   9.35  174.88
  10.49   32.16
  11.60  141.44
  11.96   74.43
  14.74   30.40
  15.28  160.44
  15.89  160.07
  16.04   96.41
  16.09  114.26
  16.13  138.68
  16.33  112.37
  18.52   33.62
  20.04  170.58
  20.58  113.19
  20.94   39.85
  22.30  163.67
  23.32  173.44
  23.85   63.76
  23.91   34.55
  24.86   66.06
  25.47  174.73
  26.12   14.76
  26.96   55.54
  27.03  142.81
  27.72   86.05
  28.88   72.53
  29.03   87.32
  29.22  161.01
  30.92   40.35
  31.08   24.99
  31.12   54.70
  31.46   49.36
  31.93   26.14
  32.48  157.58
  33.03   27.82
  33.88  114.87
  34.95   74.35
  35.11   74.85
  35.12   48.32
  36.16   29.56
  36.32   56.82
  36.39   44.89
  37.11  154.34
  37.23   33.42
  37.97   46.24
  38.35   48.25
  38.88   94.36
  39.20   81.45
  39.62  112.94
  40.68   65.02
  40.92   85.55
  41.19  176.80
  41.22   20.86
  41.42   55.42
  41.76  157.00
  41.76   40.23
  43.09  118.52
  44.37   80.78
  44.44   85.00
  44.57   71.20
  45.04   66.76
  45.10   66.91
  45.49  135.16
  46.33   45.03
  47.71  100.22
  47.81   36.82
  48.03   30.69
  48.27  167.40
  48.87   72.39
  48.90   85.83
  48.93   62.50
  50.32   50.47
  51.84  121.49
  52.06  102.14
  52.81   91.57
  53.09   80.64
  53.11   75.08
  53.40   29.73
  53.55  152.55
  53.75   60.38
  54.09  159.54
  54.20  127.62
  54.44  155.76
  55.43  121.11
  55.55   79.35
  56.08   69.85
  57.01  144.92
  58.63  154.39
  58.86   53.39
  59.03  167.50
  60.35  129.55
  60.99  119.58
  61.83   96.48
  62.36   87.50
  62.44  126.80
  63.35   57.62
  64.66   60.34
  65.16   44.67
  65.62  148.72
  66.38   92.59
  67.14  135.28
  77.04   69.13
  77.77  121.88
  78.11   76.08
  78.32  149.73
  78.65  161.15
  78.88   54.40
  79.18  116.85
  79.70   81.93
  80.23   91.52
  80.60  101.55
  81.35   62.15
  81.44   87.62
  82.19   73.93
  84.27  105.62
  86.37   93.64
  87.23  108.76
  87.46   59.47
  89.92   71.38
  90.01  110.62
  91.63   89.40
  92.61  106.10
  93.38   99.94
  93.82  106.48
  94.17   79.66
  94.21   79.97
  95.35  121.99
  95.97   85.31
  97.87  114.32
  98.26  108.36
  99.16   91.91
 108.30  128.04
 111.24  134.60
 114.58  147.94
 115.10  126.59
 120.36  153.42
 122.90  133.54
 122.91  148.36
 123.07  151.13
 126.53  137.49
 127.60  151.12
 128.41  134.00
 130.43  155.13
 130.48  154.25
 132.95  148.40
 133.97  134.38
 138.98  122.27
 143.14  115.39
 144.41  108.49
 145.40  101.87
 146.80  122.26
 147.07  145.44
 147.46  139.38
 150.84  119.88
 151.01  117.95
 151.37  115.14
 155.45  111.39
 156.68   66.45
 157.20  134.48
 157.27  155.14
 159.63   77.39
 161.01  134.87
 163.35   68.05
 165.68   58.17
 166.12  129.94
 166.74  124.96
 167.96  132.73
 169.00   91.59
 169.47   56.71
 172.48  103.94
 172.53   28.59
 173.56   34.26
 174.52   44.62
 175.43   75.70
 176.21   32.01
 176.59   87.41
 178.10   66.93
 178.36  160.31
 178.76   19.34
 178.95   75.01
 179.15  166.47
 179.74   33.03
 179.84  166.83
 180.02  157.74
 180.56   13.32
 181.61   63.43
 181.93   33.27
 183.79  129.95
 183.96   55.60
 184.16  157.25
 184.63   49.39
 185.64   64.52
 185.98  152.12
 187.05  156.08
 188.12   96.66
 188.34   47.33
 188.66   57.18
 188.94  153.55
 189.30   62.52
 189.71  110.89
 189.73  115.55
 190.33   14.48
 190.86   70.28
 191.91   84.12
 193.35  111.44
 193.73  125.50
 194.06   50.68
 194.89  117.47
 195.02  116.51
 195.15   10.44
 196.84   82.50
 197.62   93.27
 197.73   67.05
 197.96   46.17
 198.17   97.78
 199.19  110.18
 199.63  146.62
 200.17  101.77
 201.14  125.81
 201.48   59.29
 201.97  160.83
 202.15   35.17
 203.21   44.37
 203.48  150.71
 203.70   37.93
 204.03   73.46
 204.76  108.88
 204.84   46.54
 204.94   61.05
 206.22  158.74
 206.34   16.40
 207.63  158.55
 209.12  136.29
 209.64  103.92
 209.81  141.63
 210.01   72.98
 210.77  163.93
 211.33   33.13
 212.12   45.01
 212.70  126.88
 214.73   95.96
 214.95  119.55
 215.29   25.62
 215.32   67.92
 215.76   20.87
 216.25   32.13
 216.56  138.30
 216.82   26.42
 217.04  124.35
 217.11   76.98
 217.93   47.88
 218.47   38.21
 218.77  120.54
 219.02   18.12
 219.09  147.57
 219.35   97.91
 220.53   58.11
 220.88   31.29
 221.81   38.94
 221.90  151.98
 221.96  123.30
 222.09  100.42
 222.41  128.08
 223.24   99.44
 223.95  145.48
 224.56  154.63
 224.94   71.84
 226.08  135.40
 226.22   55.79
 226.88   93.16
 227.43  128.27
 227.52  101.64
 227.64  140.63
 227.82  146.17
 230.10  148.27
 230.28   17.61
 230.54  132.45
 231.04  102.71
 231.45  164.11
 231.79   30.53
 232.97   98.75
 233.11   57.16
 233.22   73.99
 234.89  116.92
 235.07   47.46
 236.59   54.50
 236.72  136.88
 236.78  144.07
 236.85  113.60
 237.67   19.79
 237.84   19.43
 238.49  157.64
 238.51   58.88
 238.55   41.96
 239.10   55.67
 239.15  115.50
 239.24   37.16
 239.59   67.91
 239.80  120.27
 239.86  149.20
 240.05   34.17
 240.83   77.65
 244.02  157.43
 245.50  113.95
 245.68   87.79
 245.81   16.01
 247.07  175.30
 247.18  121.36
 247.52  121.24
