   9.58  116.24
  10.13   67.91
  10.45  167.94
  10.77  115.99
  11.27   60.44
  11.58  131.76
  12.20  120.19
  13.98   80.56
  14.06   97.13
  14.81  126.26
  15.10   64.27
  15.17   93.13
  15.29   42.93
  15.50  104.44
  15.53   53.70
  15.60   88.49
  15.80   97.85
  16.00   47.54
  16.14  162.14
  17.84  127.18
  18.01  119.12
  18.06  155.12
  18.13  114.96
  18.16  109.09
  18.79  149.82
  19.77   98.33
  20.07   91.33
  20.79  127.24
  21.03  121.38
  21.10  116.00
  21.62   83.43
  22.87   58.51
  23.13  144.77
  23.84  116.05
  23.85  130.44
  23.89  125.50
  23.98   86.97
  24.40  173.35
  25.28  161.52
  25.43   95.34
  26.06  142.71
  26.43  117.34
  26.51  147.64
  26.75  154.15
  26.94   49.43
  27.08  109.10
  27.41   89.25
  27.85   56.84
  28.07   70.69
  28.54  161.17
  28.59  167.45
  28.79   85.17
  28.93  129.91
  29.14  112.05
  29.16  117.48
  30.98   70.74
  31.31   54.85
  31.41   95.90
  31.50  150.93
  31.89   74.98
  32.16  110.96
  34.60   70.87
  34.63  108.21
  34.71  148.12
  34.74  130.47
  34.88  121.28
  34.91  114.96
  34.98  144.97
  35.21   52.66
  35.35  116.06
  35.54  163.14
  36.47  110.87
  36.76  102.27
  37.11   95.44
  37.22   95.79
  37.26   64.92
  40.88   68.01
  43.93   81.37
  45.98   95.32
  46.62  156.28
  48.32   59.57
  49.09  154.23
  50.10  161.42
  51.79   87.87
  51.97  166.36
  54.81  153.19
  54.88   90.87
  57.00  161.03
  57.32  150.04
  58.81  153.22
  59.35  146.55
  59.80   99.08
  61.08  109.23
  62.15   92.95
  62.93  163.28
  62.93  144.10
  63.71  160.22
  64.39  158.68
  65.95  153.74
  65.99   80.54
  67.31  149.40
  67.57  149.98
  67.66  162.62
  67.89  100.60
  68.07  102.34
  68.37  109.89
  68.94  157.89
  70.98   99.41
  72.95  102.94
  77.09  109.95
  78.31  138.31
  79.23  142.87
  81.24  123.70
  81.26  108.20
  82.67  140.17
  82.69  142.29
  82.84  141.77
  84.02  125.87
  84.15  122.54
  84.64  116.88
  85.57  150.72
  86.18  105.09
  87.26  155.08
  87.59  112.19
  90.33  124.09
  90.77  148.16
  92.74  153.42
  94.14  112.78
  97.42  146.64
  98.17  153.28
 101.38  149.86
 101.86  116.43
 102.70   92.31
 102.79  103.87
 104.61  150.86
 105.66  144.86
 107.58   96.57
 108.40  129.27
 112.64  150.08
 112.77  100.37
 112.97  111.68
 114.42  147.01
 115.13  150.44
 116.08  154.68
 120.78  127.76
 121.80  154.27
 122.14  148.92
 122.45  148.79
 123.63  122.60
 126.57  123.41
 127.98  128.44
 128.02  121.46
 128.69  148.12
 135.95  133.41
 137.15  113.45
 137.52  138.51
 142.19  133.45
 142.91  137.56
 144.54   76.15
 144.54   69.35
 144.59  158.03
 145.98  150.20
 146.83   88.92
 147.41  108.49
 148.29  130.95
 149.92  153.19
 150.60  159.64
 153.40   54.85
 153.66  121.53
 153.74  134.28
 154.40   96.33
 155.37  110.33
 156.05  102.45
 157.09  113.87
 157.45  158.92
 159.03  154.29
 159.97   88.76
 160.81  143.64
 163.51  159.02
 163.74  128.58
 164.01   96.93
 164.60   53.99
 165.09   79.88
 165.19  113.88
 165.39  137.83
 166.90   95.10
 167.44   58.21
 167.85  114.67
 168.03  133.77
 168.20  143.14
 170.03  158.66
 170.09   65.42
 170.13   46.56
 170.74   54.31
 171.52  133.66
 171.52  137.10
 171.99   86.36
 172.47   91.36
 173.76   41.95
 173.82   64.71
 174.76   81.87
 175.97   47.63
 176.05  112.82
 176.37  146.23
 177.12   71.42
 177.12   56.70
 177.24  128.27
 177.46  132.29
 177.72  124.32
 177.97   70.09
 178.60   48.12
 179.27  181.01
 179.78  104.30
 180.93   85.78
 180.97   91.51
 180.99   85.20
 181.26  175.55
 182.25   37.14
 182.67  235.72
 182.69  226.92
 183.15   99.94
 183.27   75.61
 183.58  232.52
 184.28  105.81
 184.52  178.00
 184.54   83.17
 184.82  112.32
 184.87   61.08
 184.95  122.69
 185.22  165.59
 185.67  116.18
 186.67  173.63
 186.96   84.50
 187.77   47.20
 187.95  229.28
 188.11   81.90
 188.96  243.62
 189.39   96.28
 189.80  133.86
 190.03   49.94
 190.26  232.13
 190.66  148.23
 191.23   72.94
 191.67  229.50
 191.95  174.44
 193.02  116.98
 193.09  111.93
 193.72   98.13
 194.55   57.74
 194.76  135.89
 194.80   61.41
 194.95  239.55
 195.11   33.89
 196.08  131.83
 196.50  143.32
 196.63  164.10
 197.04   67.56
 197.37   89.07
 197.64   42.88
 197.64  124.84
 198.05   95.58
 198.07  168.16
 198.67  139.40
 199.42  127.89
 200.03  112.91
 200.22   71.23
 200.51   74.96
 200.89  125.09
 201.45   92.67
 201.85   80.11
 202.29   95.94
 202.31   95.57
 202.93   73.43
 203.03  109.15
 203.78  178.57
 204.27   75.81
 205.95   96.32
 206.21  190.86
 206.33   79.89
 206.63  129.64
 207.31   94.11
 207.33   57.18
 207.39   51.69
 208.37  101.72
 209.15   39.74
 209.19   59.14
 209.48   97.98
 209.70  192.02
 210.38   68.22
 210.66  178.90
 210.66  123.59
 210.74   80.91
 211.40  188.57
 211.69  123.20
 212.62  127.08
 212.82  240.22
 214.02   55.29
 214.56   98.68
 215.80   37.40
 215.99   88.85
 216.12   68.93
 216.38   45.56
 216.38  137.62
 217.18   45.23
 217.91   97.09
 218.09   91.95
 218.37   57.29
 219.53   67.95
 219.94   49.21
 220.19  111.15
 220.31  137.68
 220.66   53.14
 220.71  119.91
 221.93   95.10
 222.71   54.42
 224.63  123.11
 225.22  168.01
 225.40   44.46
 226.12   95.56
 226.49   40.41
 227.07  182.01
 228.73   49.92
 230.48   88.52
 231.07   48.61
 234.62   44.15
 234.78  170.24
 236.55  116.35
 237.65  160.23
 239.13   44.63
 240.50   23.88
 240.95   58.01
 241.04   90.46
 241.08   98.98
 241.90   70.90
 242.42   65.51
 242.81   28.45
 242.99   82.83
 243.25  164.97
 243.30  188.87
 243.36   19.98
 243.47   14.67
 243.52  161.12
 245.65  132.70
 245.77  105.01
 245.81   17.41
 246.23  109.92
 247.83  134.99
 248.66   45.67
 248.87   49.12
