  16.64  103.41
  17.48  165.65
  18.14   22.33
  18.73   82.10
  18.76   58.76
  23.55  212.40
  24.77  101.95
  26.29   97.35
  27.20  181.78
  28.96  170.18
  29.26  222.00
  30.62  144.70
  30.75  167.79
  34.11  215.81
  34.12  210.69
  42.05  112.43
  42.20   92.52
  42.24  176.93
  42.32   26.56
  42.64  172.48
  44.29   45.96
  44.30   18.33
  44.59   38.53
  47.54  197.35
  47.83  171.92
  48.25   13.64
  48.31  111.60
  48.62  184.29
  48.77   17.89
  50.25   37.78
  54.69  200.12
  61.43  202.18
  64.12  202.51
  65.13  197.00
  67.22  212.51
  70.27  211.33
  70.74   13.84
  71.20   16.25
  71.42    8.35
  71.79  159.47
  73.08  155.14
  74.85   70.33
  76.56  162.54
  77.49  155.91
  82.31  152.60
  82.79  141.76
  84.64  166.24
  87.98  157.67
  92.61  151.29
  93.30  145.03
  93.43  171.74
  94.02  119.38
  95.39   93.47
  95.69  160.56
  96.33  152.27
  96.70  148.09
  99.69  105.48
 101.71  165.12
 101.97  160.05
 102.35  173.86
 104.84  167.19
 105.10  142.81
 105.25  158.42
 105.60  163.81
 107.07  151.89
 108.13  162.00
 108.16  157.40
 109.21  170.28
 109.81  122.04
 109.83  122.87
 111.46  166.77
 114.71  150.15
 117.56  108.82
 117.60  127.51
 118.87  143.36
 122.09  123.24
 127.04  111.20
 127.69   92.88
 130.59   83.53
 131.92   72.27
 132.50   87.21
 132.56  131.98
 132.73   90.67
 132.83  145.59
 134.84   81.65
 135.87   78.23
 135.89  122.98
 136.39  150.46
 136.49  147.05
 137.51  138.21
 138.13  103.34
 139.23  115.05
 143.19  107.11
 143.21  150.54
 143.82  143.98
 144.60  145.50
 146.30  144.24
 146.72  112.44
 147.07  117.72
 147.62   99.81
 148.36   90.25
 151.04   61.30
 153.15  110.45
 154.30  152.78
 154.45   56.20
 154.59  142.91
 154.71   89.79
 155.43  100.04
 155.55   64.20
 155.71  146.19
 155.85   83.78
 156.07   67.19
 156.71  123.49
 158.86   99.99
 159.79  142.83
 160.05  121.41
 160.86  155.88
 163.35   47.12
 164.78   74.22
 164.98   86.10
 165.04  157.00
 165.39  155.02
 165.48  145.52
 165.69   98.46
 166.27  149.60
 167.84  148.38
 168.69   67.31
 169.41  159.76
 169.41  102.45
 171.02  127.93
 171.23  112.92
 171.50   62.02
 172.58  158.38
 173.85  137.82
 173.89  106.50
 176.32  127.70
 178.53  141.89
 179.03  106.72
 181.15  160.28
 181.29   61.71
 181.48  162.70
 182.24   82.19
 182.42  153.51
 182.71  113.82
 184.19  108.36
 184.41   78.79
 184.89   17.25
 185.09   83.59
 185.34  141.06
 186.47  116.61
 186.71  116.52
 186.82   90.20
 187.04   68.86
 187.10  149.05
 187.24   20.19
 187.33   92.73
 187.81   23.51
 188.34  112.79
 188.70  101.98
 188.83   84.73
 190.04   93.30
 190.64   63.27
 191.00  109.56
 191.70  143.82
 191.77   29.94
 192.15  142.09
 194.64  147.63
 195.08  157.63
 195.94  150.79
 197.68  104.84
 198.83   39.66
 203.52   72.54
 203.68  154.37
 204.23   46.27
 205.95   22.17
 206.15  163.96
 206.17  156.16
 206.94   50.95
 207.29   41.54
 207.41   54.31
 207.85  150.50
 207.91   28.70
 207.94   28.87
 208.59  154.72
 210.40   61.36
 211.06   34.70
 211.07   16.90
 211.30   50.89
 211.77   23.86
 212.69  164.44
 213.05   25.13
 213.34  113.08
 213.76  103.76
 213.81  159.43
 214.79  100.36
 214.89   80.12
 215.26   89.96
 215.78  143.17
 216.11   23.69
 216.65   57.97
 216.90    8.47
 217.36   45.28
 217.96   31.43
 218.97  167.58
 218.98  142.92
 219.14   41.10
 219.74   50.28
 220.25   88.69
 220.45   97.98
 220.91   74.11
 222.07   39.87
 222.12  144.23
 223.43  103.27
 224.34   63.30
 225.06   43.22
 227.03   75.45
 227.72   55.91
 227.99  142.86
 228.29  169.56
 229.91  106.45
 231.19   63.47
 231.41  102.63
 231.81   67.07
 232.16  111.07
 232.17   27.36
 233.24  142.54
 233.71   70.13
 234.06   76.75
 234.06  127.51
 234.79   91.08
 235.24  123.83
 235.50  112.36
 235.89  146.37
 236.65   60.86
 237.95  120.49
 238.21  112.79
 238.52  115.75
 238.78  109.97
 239.34  107.03
 240.65  119.99
 240.71   72.88
 242.25  111.15
 242.57  155.13
 243.23   12.16
 243.58   20.67
 243.81   27.93
 245.09  139.47
 245.63   13.47
 246.77   70.94
 246.90  123.15
 247.29  133.87
 248.41   87.40
