  12.12   41.98
  15.55  139.75
  16.31  151.99
  16.50  135.86
  19.26  139.03
  19.50   18.48
  19.77   46.41
  21.09   63.28
  22.38   99.57
  22.54   93.86
  23.59   32.59
  23.68   10.62
  23.81   62.80
  24.02   24.79
  27.37   11.81
  30.25   64.46
  32.30   13.41
  32.36   13.63
  37.45   70.85
  37.56   21.41
  38.22  198.38
  38.85   69.57
  42.07   22.10
  42.35  198.50
  44.49  146.56
  44.68   30.88
  44.84   55.72
  45.24   49.02
  45.47  171.32
  46.39   36.81
  47.30   79.78
  47.31   63.44
  49.16  148.90
  49.97   50.19
  54.92   49.46
  56.73   57.34
  56.75   63.06
  56.87   89.97
  56.94   27.11
  60.84  160.29
  61.19  165.49
  61.44   93.24
  61.95   87.94
  63.81  159.88
  66.54   75.99
  69.71  152.35
  70.91  120.22
  73.10   35.56
  73.39  145.30
  73.40  171.29
  74.24  103.68
  75.63  143.25
  75.97  100.01
  76.13  162.85
  76.28   64.62
  77.20  170.92
  77.71  144.55
  79.19  122.43
  79.41  151.46
  80.93  164.43
  81.13   97.70
  85.96  115.83
  86.36  158.49
  87.21  174.75
  87.97  143.19
  89.71  108.06
  90.14  143.30
  90.57  158.37
  90.84  124.83
  95.80  128.06
  95.81  121.66
  95.97  116.86
  99.56  170.19
 101.00  115.02
 101.08  113.84
 101.20  182.71
 102.85  123.08
 103.56  164.98
 104.47  134.92
 106.46  156.59
 107.07  164.32
 108.17  160.53
 109.60  153.65
 109.81  121.69
 113.74  127.75
 114.41  151.79
 119.26  127.65
 120.48  142.86
 122.72  148.26
 127.76  147.89
 134.07  114.79
 134.16  143.15
 134.58  109.69
 136.71  104.61
 139.33  143.46
 139.72  146.72
 140.59   99.05
 142.34  140.56
 144.47  120.61
 149.19  114.00
 150.06  101.46
 150.17  148.41
 151.40  139.06
 151.75  128.67
 151.91  127.25
 153.40   97.74
 153.52   66.78
 153.55  139.81
 156.50  136.31
 158.31  144.95
 159.06   94.48
 159.18  123.22
 159.29  104.34
 161.55  121.30
 163.43  138.78
 164.07  150.45
 164.18   66.61
 165.05  106.74
 165.09   82.25
 165.13   57.85
 165.70   84.99
 165.76   89.60
 165.83   76.79
 166.11   98.49
 167.34   61.30
 167.42  148.20
 169.55   99.89
 171.73   73.28
 172.56  129.50
 174.07   85.30
 174.46  118.53
 175.40  113.01
 177.23   63.92
 177.85   66.71
 178.56   78.28
 178.64   43.90
 178.65   94.66
 180.02   49.61
 181.70   76.68
 182.13  137.33
 182.16   69.28
 182.99  144.39
 183.88   53.74
 184.00   86.29
 184.06   86.29
 184.39   48.14
 184.59   96.33
 184.60  134.17
 185.01   90.01
 185.81   75.64
 186.14   70.08
 187.01   82.12
 187.04  111.55
 187.25  148.80
 187.76   65.41
 189.07   50.27
 189.36  144.10
 190.48  118.28
 190.49   55.89
 191.17  131.25
 191.44   40.78
 191.44   40.70
 192.48   77.25
 193.40  143.34
 193.72  149.45
 193.90  106.13
 193.96  118.20
 194.03   37.69
 194.66  133.91
 195.61   51.59
 196.15   80.75
 196.40  114.59
 197.16   43.52
 197.62   83.19
 198.05   77.98
 198.36  134.08
 198.40  129.24
 198.59   64.16
 199.13   35.20
 199.99  142.90
 200.89  149.12
 201.00  115.41
 205.38  114.55
 206.84  141.54
 206.94  148.53
 207.23   83.94
 208.57   75.68
 218.04  150.50
 218.98   69.98
 220.41  145.92
 222.83  151.46
 223.79  142.79
 224.73   37.75
 225.38   80.27
 225.62   36.01
 225.69  121.66
 227.68   74.75
 230.30  114.63
 230.56  136.52
 230.68   72.65
 230.94   52.08
 230.99  108.37
 231.44   63.72
 231.60   32.15
 231.82   27.94
 232.52   77.99
 233.52  133.15
 234.45   12.00
 236.71  110.73
 237.20  144.64
 237.30   68.35
 237.99   73.85
 238.85  109.16
 238.86  104.71
 240.00  116.64
 242.31   74.02
 242.82  126.31
