   7.79  151.56
   8.78  148.92
   9.37  174.09
  11.72   37.56
  14.90   53.62
  18.37   14.21
  20.25  101.03
  20.61   12.16
  23.48   54.09
  23.58  146.86
  24.72   49.81
  25.49   61.48
  25.78  112.78
  25.97   20.36
  27.22   55.08
  27.99   46.76
  28.08   27.11
  28.93   21.40
  29.91   93.38
  30.91   88.54
  31.49   17.00
  31.81   15.90
  32.10   57.72
  32.86   97.61
  32.92   38.21
  33.12   91.18
  33.17   93.80
  33.17  103.62
  33.58   20.60
  34.11   70.26
  34.86  147.55
  43.39   66.20
  45.78   81.16
  45.89  143.85
  48.31  145.02
  48.53  153.95
  48.61  138.98
  49.14   42.77
  51.79  152.36
  52.21  139.75
  52.30  140.05
  52.74  103.57
  53.93   64.32
  56.73   69.67
  58.52  149.04
  58.89  153.84
  58.92   66.54
  61.93   75.00
  62.09  152.91
  63.09  152.54
  64.51  114.00
  64.85  144.20
  67.38  112.13
  67.61   90.34
  68.15  143.40
  68.73  149.92
  72.17  154.34
  72.71   78.26
  75.12  169.89
  76.48  154.96
  77.62   65.00
  79.12  167.08
  80.25  155.93
  80.27   91.27
  80.46  169.46
  80.83   80.46
  81.65   94.06
  81.84  148.84
  83.19   85.07
  84.12   79.53
  84.18   97.95
  84.19   67.34
  84.23  167.49
  87.91  102.36
  90.05  152.77
  90.94  237.46
  91.03  101.03
  92.24  133.22
  97.97  128.06
  98.04  138.55
  99.40  155.13
  99.61  143.37
 100.74  164.42
 101.64  102.16
 102.59  119.31
 104.90  165.72
 104.98  124.81
 107.39  130.40
 108.19  153.88
 108.42  162.82
 109.30  134.07
 110.20  111.50
 111.25  164.14
 111.37  166.98
 112.59  125.10
 113.19  162.60
 114.29  159.87
 121.73  121.91
 129.07  165.16
 129.38  110.30
 131.46  165.26
 132.24  152.72
 132.32  146.00
 137.17  157.04
 137.95   76.66
 138.46  111.77
 138.85  167.61
 138.91  103.33
 139.30  154.00
 142.40   85.85
 143.21   85.36
 143.33  151.35
 143.81  140.63
 144.17  140.01
 144.42  153.87
 145.90  100.69
 146.45  113.16
 148.92  156.48
 149.03  109.57
 149.69  160.21
 149.84   73.36
 150.09  115.86
 151.13   80.26
 151.48  156.07
 151.50  147.21
 152.74  204.79
 153.00  102.41
 153.37   86.67
 154.09  198.89
 154.11  150.83
 154.67   69.70
 154.86  203.45
 155.88  148.42
 157.07   90.84
 157.16   95.86
 158.46  155.96
 158.59   81.93
 158.82  102.07
 159.30   33.26
 160.02   62.27
 160.11   51.01
 160.26  141.44
 161.02   98.94
 161.34   93.16
 162.12   41.08
 163.08  105.51
 163.43   28.14
 163.87  164.52
 164.60   79.44
 164.74  149.70
 164.92  136.93
 165.04  188.24
 165.65  144.05
 166.49   91.88
 166.57  153.83
 166.90   96.17
 166.95   21.66
 168.13   24.26
 168.47   45.57
 168.83   67.89
 169.01   27.38
 170.01   50.41
 170.19   91.76
 171.40  148.14
 171.82   18.33
 173.46  157.50
 173.57   81.32
 174.04   48.91
 174.88   39.39
 175.26   64.75
 175.33   64.89
 175.45   12.76
 175.76   26.70
 175.76  132.38
 176.68   73.11
 176.98   88.28
 177.40   32.02
 177.42   78.28
 177.84   83.34
 177.95  167.66
 179.27  127.17
 180.09   24.68
 180.43  212.20
 181.02  203.58
 181.04   36.46
 181.50   49.78
 181.81  159.04
 183.61   92.09
 185.29  129.25
 186.94   34.13
 187.11   80.99
 187.37  150.46
 187.78  154.79
 188.73  207.20
 189.52  148.61
 189.62  142.77
 190.52   37.77
 190.80  185.75
 193.57   15.04
 194.86   91.52
 195.15   41.39
 195.19  130.49
 195.57  185.74
 195.58   12.53
 195.78  161.69
 196.50   81.06
 197.88   16.67
 199.58  118.44
 200.03   13.60
 200.26   78.13
 200.50    9.02
 200.59  201.16
 200.75  164.93
 201.02  214.85
 201.10   17.29
 201.11  171.37
 201.74  130.11
 201.79  143.49
 201.80  158.32
 202.02  115.10
 202.18  135.80
 202.24  145.61
 202.71   35.70
 203.74   17.33
 204.01  171.56
 204.61  163.19
 204.73  125.13
 204.76  201.42
 205.49  139.97
 205.67   47.41
 206.09  135.76
 206.22  116.01
 206.93   28.47
 206.98  164.25
 207.29  212.42
 207.58  166.73
 208.15  167.40
 208.68  200.20
 208.87  200.46
 209.03   51.05
 209.23    8.70
 209.84  206.60
 210.24   16.41
 210.72   35.50
 211.20   32.61
 211.27   11.62
 211.92  191.97
 212.18   53.80
 213.29  221.41
 213.69   47.00
 214.01  190.88
 214.21  151.52
 214.41  147.57
 214.71  116.27
 215.05   45.02
 215.54  218.41
 215.84   35.61
 215.97  131.61
 216.58  205.26
 216.59   10.62
 216.77   57.04
 217.43  210.55
 217.58   59.91
 217.62  220.69
 217.94   20.28
 218.58   27.35
 218.71   43.90
 219.30  221.64
 219.34   36.78
 219.82   82.77
 220.86   48.57
 220.90  148.49
 221.60  214.44
 221.74   39.88
 221.90  210.26
 222.07   29.98
 222.98   56.75
 223.01   44.40
 223.60  129.64
 223.85  119.75
 223.85  145.53
 224.06   40.16
 224.23  143.30
 225.20  207.07
 227.05   49.96
 227.56  122.31
 228.32   84.14
 228.39   29.65
 229.74  108.95
 229.99   90.26
 230.57  119.60
 231.30   58.91
 232.92  235.32
 233.77  151.00
 234.15   73.41
 235.09  130.56
 236.88   17.03
 236.94   49.34
 236.95  111.30
 237.92  145.90
 238.53   14.11
 240.06   53.48
 240.59   25.26
 240.61   23.68
 241.23  227.02
 241.86  156.09
 242.01  241.56
 242.02  104.14
 243.53  118.80
 243.80   67.52
 245.86  155.70
 246.12  160.50
 248.65   47.93
 249.09  155.59
