   9.02  145.01
   9.72   24.63
  10.05   60.80
  11.49  151.49
  11.81  115.15
  12.59   69.89
  12.66  133.94
  12.83   77.78
  15.52   56.83
  15.62   98.22
  15.66  147.93
  16.01   61.52
  16.43   75.44
  16.60   79.21
  16.78  128.82
  16.84  133.64
  17.41   52.31
  17.70  153.24
  18.03   82.76
  19.64   29.68
  19.99   21.22
  20.59  181.21
  21.12   69.56
  23.02   36.89
  23.09   25.55
  23.64   52.41
  23.76   15.64
  23.90   27.65
  24.57  133.93
  25.41   86.26
  25.66   70.22
  25.76   57.46
  25.84   84.93
  25.90   44.65
  27.47  177.03
  27.96   88.41
  28.27   53.10
  28.82  178.62
  28.99  171.11
  29.02    9.60
  29.33   58.70
  29.58  174.80
  29.62   74.61
  29.71   63.54
  29.87   14.94
  31.02   31.89
  32.26   10.17
  32.35  165.97
  33.66   82.79
  34.01  107.39
  34.67   21.76
  34.75   89.57
  34.96  129.56
  36.86  165.58
  36.94   42.82
  37.01  152.51
  37.41   26.49
  37.48   38.15
  37.52  124.35
  39.31  189.66
  40.47   18.27
  40.87  162.05
  41.27   62.58
  42.48   42.52
  42.76   31.54
  43.48  162.66
  44.75   37.37
  44.99  143.77
  45.79   46.00
  45.84  150.09
  46.41   62.45
  46.64   89.54
  46.72   40.87
  46.72   22.74
  46.75   16.48
  46.78   70.65
  47.17  110.33
  47.98  130.06
  47.99   85.99
  48.36   67.46
  49.99  148.56
  50.00   18.58
  50.35   24.90
  50.63   40.80
  50.88   46.11
  51.42   66.34
  52.17   15.01
  55.52   13.10
  57.67  141.63
  57.88   58.80
  58.16   54.42
  59.00   54.13
  59.55   79.68
  59.78  113.76
  61.45   64.53
  63.17  148.70
  63.93  172.54
  66.29  149.25
  66.55  140.66
  67.01  172.99
  67.27  169.91
  68.56  163.90
  69.32   70.70
  69.58  144.16
  69.76   73.84
  70.49   65.04
  70.90  173.25
  72.35  145.85
  73.19  112.11
  74.09   29.91
  74.30  130.14
  75.20   75.74
  75.52   97.21
  77.15  142.11
  77.80   91.74
  78.06  124.52
  78.47  145.78
  80.08   81.50
  80.12   99.65
  80.13   94.24
  80.29  108.88
  80.62  122.91
  81.77  163.74
  82.28  133.96
  82.98   95.28
  83.31   54.56
  84.22  157.01
  84.32  138.24
  84.78   62.42
  84.88  106.05
  85.21  154.04
  85.41  134.24
  87.78  139.40
  89.38   56.34
  89.44   50.36
  89.52   27.13
  89.86  132.12
  90.37   92.57
  92.15  165.80
  92.52  143.24
  92.64  148.28
  95.14   77.07
  95.38   88.55
  95.38  110.50
  95.47  101.86
  95.59   58.68
  96.25  138.98
  96.86   85.04
  96.86  127.75
  97.51  155.80
  97.66  106.89
  97.95  118.80
  98.62  101.57
  98.80   72.31
  99.70  115.73
 101.12  136.25
 101.83   86.46
 101.84  153.47
 102.35   96.26
 103.18  103.28
 104.69  138.27
 106.81   97.71
 107.12  114.47
 107.68  136.58
 109.59  146.77
 109.70  135.76
 110.23  143.35
 111.15  148.44
 111.52  121.11
 113.83  101.34
 113.91  141.58
 114.28   93.40
 114.29   93.60
 114.57  118.28
 114.96  110.23
 115.00  101.73
 116.29  113.86
 116.65  106.63
 118.67  143.37
 119.35  132.56
 119.98   97.86
 122.78  113.10
 123.38  135.10
 123.63  117.55
 123.64  127.56
 125.45  112.42
 126.19  126.69
 126.85  122.12
 130.77  115.48
 133.89  126.24
 134.42  120.24
 134.44  120.45
 136.78  133.90
 138.78  122.50
 139.16  122.38
 144.86  125.95
 144.98   84.79
 146.45   96.30
 147.01  104.52
 147.63   66.84
 147.98  133.68
 149.20  136.96
 150.13   84.36
 151.21  123.46
 151.71  103.72
 153.73   67.12
 153.77   81.64
 153.91  129.90
 155.59  132.89
 156.17   75.91
 158.21   43.56
 158.70  133.53
 158.93   35.93
 160.06   64.52
 161.92  136.28
 164.97  119.84
 165.45   84.86
 165.60   90.07
 165.60   54.49
 165.84   54.91
 166.95   18.98
 168.72  124.96
 168.93  119.04
 169.63  119.11
 171.36   54.13
 171.43   83.50
 171.53   27.87
 171.83  106.48
 171.93   92.39
 172.66   47.44
 172.86   71.45
 176.85   37.47
 177.35   53.13
 177.50   82.03
 178.33   94.21
 178.60  129.57
 179.39  135.39
 179.74  112.04
 180.72  103.73
 180.82  120.08
 181.00   63.76
 182.64  112.37
 183.39   78.98
 183.85   60.92
 184.04   40.45
 184.79   41.37
 185.05   57.89
 185.68   27.08
 185.83   77.32
 186.82   11.79
 186.87   53.26
 187.30   60.31
 188.97   44.71
 189.72  108.36
 189.94  100.57
 190.62   54.53
 190.71  112.16
 191.37   89.73
 191.61   80.97
 191.67  121.09
 191.68  139.38
 191.84   24.97
 191.89   66.97
 191.97   28.34
 194.02  114.57
 194.32   96.49
 194.49  141.21
 194.53  119.08
 194.65  123.72
 194.74  160.20
 194.86  128.04
 195.12  135.41
 196.68   74.13
 196.88  101.64
 196.98   68.29
 197.69  121.05
 197.93  125.15
 197.96   32.00
 198.13   18.55
 198.23  162.26
 198.31  116.08
 198.93   49.72
 199.06  132.16
 199.09  109.13
 199.18   92.72
 200.33  140.81
 200.38   69.08
 200.58  103.04
 200.99   99.31
 201.03   28.07
 201.34   95.73
 201.58   64.49
 203.48   66.85
 204.50   60.21
 205.18  133.77
 207.28   64.20
 207.89   60.48
 208.18   55.71
 210.07   21.87
 211.51   94.13
 211.53   60.21
 212.09   10.44
 212.19   72.71
 212.82   75.67
 213.03   89.30
 213.06   23.27
 213.33   81.69
 213.82   70.13
 213.94   14.84
 214.42   62.36
 216.56   24.94
 216.88   74.56
 217.38  148.55
 217.72   86.10
 218.00  125.11
 218.15   20.55
 218.43   78.10
 219.55   90.10
 220.21  130.97
 220.85   95.12
 220.99  101.42
 221.20  147.09
 222.75   80.65
 223.19  142.38
 223.73  115.08
 224.64  133.96
 226.62   77.39
 226.62   20.67
 229.97   42.01
 230.64   58.79
 231.28   83.64
 231.57   74.15
 231.80  119.52
 234.47   16.88
 234.87   19.97
 235.08  210.92
 235.59  106.52
 236.06  125.00
 238.53   15.35
 239.03   17.92
 239.73   74.79
 240.56  134.35
 242.84   56.73
 243.45   17.37
 245.26  174.81
 245.43   40.55
 245.50   14.29
 246.20   21.28
 247.10   73.41
 247.30  151.14
 248.94  105.95
 249.03   11.83
 249.14    8.37
 249.41   20.34
 249.57   22.86
