   7.82  107.00
   9.80  233.27
  10.73  132.52
  11.33  112.27
  12.14   64.67
  12.60  135.89
  15.63  132.69
  21.52  152.42
  21.94  148.80
  22.88  224.40
  23.38  227.39
  23.71  135.28
  24.73  189.69
  25.60  147.71
  26.46  225.12
  27.08   75.32
  27.51  105.91
  27.94  134.80
  29.70  244.48
  30.19  194.69
  30.42  151.57
  30.53  143.26
  30.70   78.34
  30.96  139.31
  31.25  110.25
  32.34  128.62
  34.21   89.66
  34.59  160.62
  34.67  216.11
  35.04   74.61
  36.03  151.04
  36.47  184.49
  36.81  133.99
  37.15  147.90
  37.46  126.51
  37.52  101.21
  39.20   84.72
  39.90  183.06
  40.44  123.44
  40.54   84.15
  41.15  159.28
  41.61  232.02
  42.74   55.15
  43.54   24.58
  44.21   22.50
  45.24  100.93
  45.31   66.40
  45.43   70.06
  45.65   59.04
  45.79  153.53
  46.32   28.10
  46.51  117.73
  47.85  192.15
  49.45   97.27
  50.03   44.23
  50.12  205.01
  50.93   61.67
  50.98  208.01
  51.08  151.14
  51.20  156.96
  51.27   75.83
  51.43  139.12
  51.57   98.63
  51.69   29.97
  52.39   11.30
  53.02  225.24
  53.33  199.32
  54.13  176.89
  54.31  194.25
  54.46   45.21
  54.47   15.91
  54.68   31.09
  55.22  212.10
  55.30  120.17
  55.63   71.06
  56.28  101.52
  56.39  119.94
  56.41  190.08
  56.44  155.93
  57.42  203.95
  57.89   28.53
  57.94  140.12
  58.03   26.85
  58.73  217.18
  59.11  125.65
  60.14   76.46
  60.31   66.44
  60.53   63.79
  60.87   88.97
  60.90  154.28
  61.07   13.88
  61.09   62.50
  61.82  148.84
  62.48   56.15
  62.95   99.26
  63.41  199.63
  64.79  128.16
  65.01  244.22
  65.74   83.27
  66.07  193.87
  66.62  196.94
  67.25   86.44
  69.47   20.93
  70.98   12.04
  72.23   62.77
  72.39   17.56
  72.84  233.91
  73.72  203.73
  74.20    9.32
  74.56   75.22
  75.36   91.89
  75.40  205.62
  77.76  150.43
  79.01  192.88
  80.03   40.64
  81.04  199.75
  81.49   46.07
  82.25  217.51
  82.51  162.24
  82.52  127.54
  82.83  117.26
  82.97   41.03
  83.34   33.57
  84.20   53.25
  86.98  126.00
  87.21  142.75
  87.29   48.02
  87.61   74.78
  88.18   67.37
  88.88   53.85
  89.86  130.16
  89.93   50.33
  90.02  156.30
  90.19  211.72
  90.29  136.91
  90.30  188.44
  90.53  150.52
  90.56   73.94
  90.68  208.14
  91.20   73.79
  91.64  154.43
  92.44  154.00
  92.53   77.50
  95.05   85.97
  95.39  142.26
  95.43  108.60
  95.72  125.97
  95.88   96.64
  96.13  130.00
  96.22  134.57
  96.85   67.29
  97.45   99.58
  98.68  108.61
  98.97  159.80
  98.97  196.56
  99.81  199.26
 100.45  128.93
 100.70  150.51
 101.06  109.63
 101.45  116.95
 103.64  149.29
 106.04  138.07
 107.12  115.83
 109.65  148.57
 111.18  196.57
 111.37  158.94
 111.81  119.88
 112.03  113.89
 113.09  116.75
 115.64  108.77
 115.73  210.33
 115.82  137.08
 116.67  143.87
 117.02  201.14
 117.49  131.45
 119.01  124.19
 119.20  134.26
 120.98  189.33
 121.77  136.74
 122.34  105.24
 122.41  105.46
 123.99  101.82
 124.08  158.48
 124.13  142.12
 126.15   93.00
 126.49  123.04
 126.68  119.00
 127.13   99.64
 127.32  144.40
 127.92  147.29
 128.22  136.01
 128.26  136.22
 129.50  131.22
 129.52  101.19
 129.70   90.89
 131.38   79.68
 132.67   93.48
 133.82  241.89
 134.51  113.51
 134.68  106.55
 135.76  123.08
 136.88  101.68
 136.98   92.45
 137.23  115.13
 138.25  191.54
 139.98  111.81
 140.15   80.86
 140.48  190.26
 140.78  103.58
 141.54   75.98
 141.68   63.25
 141.82   75.51
 143.43  147.17
 143.47   96.28
 143.52   49.55
 145.76   79.01
 147.41   74.26
 147.79  157.48
 148.61  196.79
 149.12   46.69
 149.81   95.69
 150.36   59.17
 150.56   74.46
 150.61   69.21
 151.00  138.88
 151.40   53.40
 152.92   91.86
 153.57  190.31
 153.76  146.68
 155.05  120.40
 155.76  151.39
 156.67   65.29
 157.35   32.86
 157.41  121.85
 158.46  102.71
 159.10   54.63
 159.78   87.11
 160.79  138.05
 161.15   26.38
 161.95   47.00
 162.02  158.59
 162.20   71.65
 162.92  104.22
 163.88   20.12
 164.01   12.52
 164.23  156.08
 164.52  119.66
 165.05  142.58
 165.31   70.30
 165.62  159.23
 165.91  144.99
 166.84  153.72
 167.68   73.52
 168.06   76.73
 168.45   12.62
 168.85  106.93
 169.30   96.76
 169.45  147.87
 170.37   57.78
 170.81   47.93
 171.63  121.25
 173.03  144.05
 173.51   26.24
 175.05  188.56
 175.49   94.62
 175.88   54.58
 176.11   84.81
 176.63  127.65
 176.66   99.60
 176.87  154.26
 177.23   57.08
 177.57   13.21
 177.64   85.28
 178.31  159.35
 178.93   42.10
 179.63  150.99
 179.89   35.25
 180.06   38.94
 180.36   56.56
 180.46   26.26
 180.46   54.71
 180.82   48.19
 180.93   68.49
 181.38   63.26
 182.70   85.30
 182.89   87.32
 183.22  143.38
 184.46   47.42
 184.86   42.91
 185.31  196.28
 185.35  122.84
 185.99   36.00
 186.46   89.29
 186.50   31.90
 187.19  127.81
 187.98   16.08
 188.26   60.51
 188.37   76.45
 188.76   23.38
 188.78  189.64
 189.08   41.62
 189.69   91.35
 190.37   68.19
 190.44   53.56
 190.53   81.96
 190.94  120.34
 191.32  130.75
 191.79   77.83
 191.89   83.90
 191.90  110.91
 193.81  118.93
 193.86   21.24
 195.12   24.25
 195.27  233.79
 197.40   44.00
 197.54  199.72
 197.82   26.95
 197.90  148.02
 197.97  233.11
 198.52   73.85
 199.79  237.20
 200.21   22.25
 202.61  123.53
 203.96  153.72
 206.08  150.90
 206.59  247.32
 206.80   22.19
 207.43  192.07
 207.72  188.56
 207.93  140.90
 207.95  129.41
 208.33  116.43
 209.24  148.46
 211.52   73.87
 212.32   19.79
 212.80  196.32
 213.08  115.98
 213.17   54.12
 213.96   85.11
 214.26   78.68
 215.07   31.55
 215.50  105.51
 215.51   61.80
 215.74  195.72
 215.84   73.18
 216.42   88.73
 216.46   17.46
 216.56   74.72
 216.85    8.84
 220.17  193.93
 220.50  148.35
 220.97   19.11
 221.12   37.11
 221.70   31.94
 221.73   52.78
 221.76  107.03
 222.22  122.89
 222.27   72.51
 223.39  104.61
 224.54  132.85
 227.60  117.90
 227.84   73.18
 228.97  129.14
 229.03  133.08
 229.42  138.09
 229.63  209.15
 229.87  142.32
 230.19  151.93
 232.42   74.76
 233.71  127.37
 234.07  144.71
 234.31  213.25
 234.47  113.02
 234.99  140.25
 237.67  200.39
 238.01  218.73
 238.73  111.50
 239.50  191.31
 240.71  116.95
 241.05  221.41
 241.08  188.88
 241.53  154.72
 243.53  219.86
 244.02   43.78
 244.53  206.96
 245.44  191.18
 245.61  203.34
 246.04  209.40
 246.05  113.63
 246.83  222.97
 248.07  199.66
 249.41  225.13
