   7.50   45.52
   9.09  149.03
  10.31   44.41
  11.42   92.82
  12.55  119.89
  12.82   38.00
  16.90   44.27
  17.11   73.94
  17.55   67.13
  17.58   81.27
  17.68   60.12
  19.48   42.94
  20.38   89.36
  20.54  128.23
  20.64  134.24
  21.05  159.21
  21.09  162.91
  21.56   23.72
  22.93  114.20
  23.27  136.00
  23.35  122.50
  24.24   99.85
  26.03  199.26
  26.61  105.98
  26.74   42.91
  26.80  151.39
  26.96  164.98
  27.36   46.95
  28.63   95.85
  29.53  110.02
  30.21  152.81
  30.60   82.13
  32.05  100.21
  32.46  143.51
  33.52   73.78
  33.62   78.87
  34.07   21.27
  34.12   69.73
  34.42   93.38
  36.14  114.00
  36.76  133.27
  36.93   57.00
  37.17   34.98
  37.46  153.96
  39.27  100.06
  39.33   49.71
  40.03   13.72
  40.18   54.26
  41.49  101.09
  42.83   97.95
  43.29   52.49
  43.72   17.39
  44.24   42.04
  44.67   50.22
  45.05  129.12
  45.28   22.84
  45.75  136.04
  48.11  122.91
  48.70  117.36
  48.73  137.30
  48.79   58.24
  48.93  106.60
  49.20   36.41
  50.50  111.49
  51.07  103.36
  51.07  128.67
  52.09   48.21
  52.90  143.46
  54.13  145.88
  54.49   36.27
  54.91  138.21
  55.46   48.17
  56.15   34.91
  56.66  102.22
  57.18  106.58
  57.56  110.58
  57.95  152.08
  58.94  205.20
  59.13  183.32
  59.27  128.01
  59.87  143.01
  61.36  123.24
  61.98  105.14
  63.00   18.70
  63.03   52.98
  63.91   25.52
  65.74  167.73
  65.80   56.73
  65.93  167.11
  66.13  107.43
  67.17   17.28
  68.56   35.69
  69.16   22.95
  69.37   52.99
  69.76  135.00
  72.71   57.23
  72.90   39.52
  72.92  125.54
  73.00   71.73
  73.27  131.91
  74.10   88.55
  74.11   33.29
  74.98  115.94
  75.19  172.20
  75.80  178.35
  76.34  142.41
  76.93   69.50
  77.59  134.46
  77.65  148.30
  78.67   56.18
  78.99  100.83
  80.07   67.44
  80.39  109.45
  80.43   42.64
  80.73  115.82
  80.97   49.48
  81.50   55.54
  81.59   76.54
  81.61   72.52
  83.02  140.11
  83.74   47.92
  84.00   81.62
  84.75   89.24
  85.14   60.05
  85.36   72.68
  85.64   94.45
  85.76   52.02
  85.86  112.43
  87.41   98.23
  88.69   77.46
  89.21   57.60
  89.35   89.50
  89.55  138.61
  89.72  110.13
  90.03  114.95
  90.05   47.16
  90.13  146.41
  91.46  144.55
  91.57   81.23
  92.05  120.99
  92.62   45.01
  93.00  125.73
  93.45  157.79
  94.17  127.17
  94.25   72.39
  96.23   57.14
  96.48   89.40
  96.89  101.55
  98.49   94.78
  98.81   74.92
  99.82  137.19
 100.36  100.39
 101.55   89.12
 102.55  148.79
 103.17  131.87
 104.64  123.92
 105.23  157.98
 106.01   79.18
 106.21   95.71
 106.54  116.02
 106.66   88.62
 110.89  148.04
 111.36  143.02
 112.02  112.54
 113.97  112.24
 114.02  151.23
 114.60  130.69
 115.57  103.38
 115.67  140.02
 116.57  143.95
 117.92  127.59
 118.52  102.26
 120.59  113.65
 121.79  126.74
 122.59  142.23
 123.73  123.00
 126.10  123.22
 127.70  127.31
 134.05  127.02
 135.07  113.61
 137.31  135.20
 137.83  141.86
 140.96  122.85
 143.20  119.38
 143.63  142.46
 144.48   86.96
 145.96  137.84
 146.01  151.98
 146.21  119.31
 147.09  136.14
 147.99  104.06
 149.01   59.35
 149.24   73.06
 149.35  113.70
 150.43   64.27
 150.55  146.80
 153.22   95.27
 153.51  147.74
 154.51  131.54
 155.06  108.64
 155.73   62.09
 157.24   78.73
 157.55  106.71
 158.04  148.95
 158.25  148.99
 158.90  135.55
 159.80  151.47
 159.91   67.57
 161.01   85.65
 161.11  116.44
 161.11   97.96
 161.37   36.12
 162.15  106.36
 162.33   30.70
 163.26   62.56
 163.42   58.64
 164.91   93.10
 165.20   99.04
 165.59   48.30
 166.81  136.91
 167.36   43.68
 167.85   69.16
 168.23   62.96
 169.53   31.54
 170.31  119.53
 170.45   17.27
 171.17   56.33
 171.20  150.11
 171.49   70.57
 171.53   67.81
 172.10   76.86
 172.93   86.52
 173.26  148.02
 174.31   22.10
 175.18  152.03
 175.75   54.32
 175.81  148.85
 176.57   71.17
 176.87  113.95
 178.24  147.02
 178.71   86.16
 180.07   56.37
 180.13    9.86
 181.49   73.09
 181.62  154.87
 182.27   27.76
 182.39   47.48
 183.28   43.13
 183.91   20.88
 184.57   72.56
 186.82   63.44
 186.88  156.98
 187.17   58.48
 188.04   34.58
 188.77  111.82
 190.98   34.93
 191.65   28.55
 191.68   10.33
 192.15  158.87
 192.59  108.17
 192.87  108.07
 193.03   39.92
 193.44  106.73
 194.18   37.19
 194.32  100.38
 195.18  134.49
 195.36  159.62
 196.09  105.58
 196.28   76.05
 197.11   12.23
 197.19  131.40
 197.84   26.79
 199.02   26.91
 199.33  161.45
 199.38   50.26
 199.87  141.59
 200.58   14.37
 200.63  107.10
 200.78  103.84
 205.26    6.82
 205.53  164.04
 206.54   17.05
 208.62  100.35
 209.50   67.49
 209.58  134.79
 210.15   51.56
 210.35   64.06
 210.72  111.57
 213.13  126.12
 213.24  121.43
 214.99  168.56
 215.04  168.47
 215.10   46.03
 215.91  148.31
 216.95  100.68
 217.01    8.56
 217.42   12.73
 217.58   96.55
 221.24   14.89
 221.33   34.32
 222.79   19.39
 223.72   68.06
 223.97  153.61
 224.02   15.64
 224.28   36.75
 224.60   22.27
 224.66   42.72
 224.67   18.15
 224.93   28.10
 224.98   50.48
 225.25  140.11
 226.76   39.36
 227.00  133.98
 227.01   55.95
 227.06   20.21
 227.71   27.23
 228.38  137.55
 229.26   43.93
 231.83  137.03
 231.94   55.72
 233.71  172.14
 235.78   59.25
 237.62  113.65
 240.41  179.03
 241.86   60.15
 243.56  180.26
 245.53   22.89
 247.02   84.62
