  13.91   22.38
  14.24  115.64
  15.67  152.93
  16.48   99.21
  17.15   97.36
  17.19  105.51
  17.20  186.45
  17.71  125.61
  18.02   32.76
  18.02   74.93
  18.18  183.00
  18.63   50.11
  19.45   24.40
  20.49   16.36
  20.58  156.15
  23.26   47.99
  24.37  119.54
  24.85   39.17
  27.35   69.94
  28.29   76.33
  28.72   21.88
  29.53   36.38
  30.01  212.17
  30.14   25.14
  30.18   71.90
  30.84  119.08
  30.92   19.48
  33.42  209.89
  36.96   26.30
  37.74  206.97
  37.99   41.97
  38.11   19.30
  39.89   12.98
  40.55   65.07
  41.91   96.68
  42.93  203.60
  45.20  125.15
  45.98  127.49
  46.72  200.33
  46.85   55.23
  47.24   23.72
  47.99   72.24
  48.54   91.55
  50.17  105.10
  50.70   63.58
  51.00   50.62
  51.38  196.96
  51.50   74.22
  52.24   54.14
  52.74   34.22
  53.58  149.35
  53.70   86.94
  54.27   99.91
  54.28  171.51
  55.00   73.35
  55.07  194.88
  55.16   61.32
  56.05   28.47
  58.10  193.03
  58.63   79.55
  59.24  100.67
  59.65   36.27
  60.31   70.36
  60.60  127.67
  60.77  191.18
  61.45  146.69
  61.74   76.16
  62.07   81.26
  62.15   13.74
  62.23   28.25
  62.47   44.23
  62.47   62.94
  62.77   81.01
  63.41  102.77
  63.96  125.30
  65.15   10.56
  65.54   73.48
  66.92  118.78
  67.11  169.66
  67.39  104.74
  67.43   17.94
  67.44  102.06
  67.46  110.48
  67.54  120.97
  68.51   78.62
  68.79   46.96
  68.84   26.43
  69.50   39.66
  69.63  130.56
  69.71   53.79
  69.72  126.76
  69.92   84.53
  70.40  185.00
  70.97  107.25
  71.03  181.61
  71.90   48.77
  72.50  180.04
  72.58  133.68
  72.83  139.68
  72.97   36.90
  73.06   41.51
  73.07  128.14
  73.88   90.47
  74.12   29.48
  74.53  181.49
  75.32  136.86
  75.48   55.13
  75.58   61.21
  75.60  125.92
  75.78   83.90
  76.16  100.17
  76.58   89.22
  78.96   62.20
  78.96   72.51
  78.98   76.58
  79.03   42.03
  79.06  148.70
  79.36  125.33
  79.42   28.11
  79.46   90.19
  79.89  106.44
  79.96  109.29
  80.40  124.64
  81.66   39.13
  81.88  127.87
  83.01   50.19
  83.74   53.96
  84.17  124.58
  85.50  107.39
  85.55   64.22
  85.89   63.94
  86.12  160.43
  86.42   28.63
  87.62   80.89
  88.07  152.98
  89.49  138.24
  90.23  152.76
  90.68   40.41
  90.71   77.05
  90.96   50.74
  91.04   23.88
  91.49  156.45
  91.98   30.23
  92.28  135.66
  92.65  127.42
  92.86   94.07
  93.41   57.38
  93.41   71.09
  93.61  120.00
  93.73  124.53
  94.38  143.76
  94.83   52.83
  95.34  148.37
  96.00  138.10
  96.53   24.21
  96.87  127.98
  99.93  160.42
 100.58   36.29
 100.71  102.01
 101.08   84.42
 101.14   29.47
 101.28  109.31
 101.68  125.58
 102.84   55.43
 105.69  127.31
 105.78   46.97
 106.14  155.16
 106.73  142.70
 106.91   82.99
 106.93  139.36
 107.61   95.71
 107.66  146.14
 109.87  132.20
 110.14   72.56
 110.45  134.72
 110.51  154.92
 111.01   61.26
 111.06   69.91
 111.46  109.64
 111.71  102.86
 113.40  152.87
 113.70   54.55
 114.33  138.91
 114.55   67.20
 115.23  152.39
 115.67  116.82
 117.89   89.34
 118.79  103.21
 119.40   91.40
 119.53   95.65
 121.40   88.01
 121.48  114.63
 122.46   77.31
 123.61  138.72
 123.94   99.71
 124.31  151.62
 126.23  122.84
 128.01  135.85
 128.07  122.79
 128.75  106.99
 129.01  110.84
 130.20  125.79
 131.08  141.14
 134.27  121.41
 134.41  151.24
 135.12  135.90
 136.07  126.33
 139.31  128.05
 141.96  150.78
 143.90  118.68
 148.22  124.71
 153.55  137.03
 153.74   90.11
 154.54   89.79
 155.65   58.97
 155.87  112.01
 156.79  144.94
 156.83  127.12
 157.11  152.06
 159.40  142.44
 160.12   42.01
 160.26   97.95
 160.73  148.08
 161.07  123.88
 161.11  145.21
 162.56  140.58
 163.16  118.09
 163.25   51.47
 165.31   47.05
 165.96   30.44
 167.25   89.09
 167.75  157.62
 168.06   47.11
 169.04  153.19
 169.46   70.52
 169.87  160.54
 171.43  123.20
 171.49   56.24
 171.84   43.38
 172.05   76.76
 172.71   40.27
 172.72  110.10
 173.77   37.17
 173.81  134.21
 174.08  162.43
 174.26   59.92
 174.32   70.20
 175.00  124.29
 175.09   34.00
 176.12   10.54
 176.51  101.63
 177.11   27.44
 177.21   38.59
 177.46  152.17
 178.02  148.08
 178.07   60.08
 178.13   60.89
 178.14  140.94
 179.00   56.92
 179.12  120.52
 179.38   80.27
 180.17   27.44
 181.60  157.61
 183.08   22.55
 183.66   57.47
 184.04   44.89
 185.25   74.73
 185.65   30.63
 186.39   58.32
 186.91  116.45
 187.39   97.86
 190.58   57.66
 191.14   98.27
 191.21   88.05
 191.25   40.51
 191.44   53.21
 192.27   60.39
 192.67   69.57
 194.20   99.97
 194.37  102.90
 194.89   28.37
 195.75   34.84
 197.37   66.14
 197.88   73.32
 198.27   25.27
 198.95  147.27
 200.18   40.57
 200.34   67.79
 200.91   81.30
 201.77   74.91
 203.08   98.88
 205.02   54.91
 205.06  113.99
 205.27  143.87
 205.51   28.24
 208.78   77.93
 213.15   20.65
 214.62   78.58
 220.86   87.56
 222.90   75.15
 223.05  108.18
 223.11   79.74
 223.23  145.92
 234.56   53.41
 237.96  136.95
 243.11  137.51
 244.87  103.97
 247.81  115.68
