   9.79   69.18
  10.87   65.44
  11.13   99.98
  11.23  178.13
  12.64   70.40
  14.11  151.18
  15.11   39.94
  16.06   70.29
  16.52  108.42
  16.59  115.27
  16.95  135.85
  18.62  151.06
  20.72  148.15
  20.89   39.36
  21.38   71.75
  26.35   13.22
  28.55   84.36
  28.85   22.79
  29.31  200.08
  29.64   17.72
  30.53  137.12
  30.81  215.47
  30.89  102.21
  31.59  143.60
  31.69  208.70
  31.77   44.68
  32.12   14.21
  32.50  142.64
  33.42  149.09
  36.47   12.44
  36.74  124.62
  37.01  124.88
  37.25   27.58
  39.83   59.67
  40.82   40.12
  41.95   35.16
  42.47  130.86
  43.71   37.36
  44.65  196.04
  45.27  109.51
  47.92  154.54
  49.29  126.11
  50.48  125.19
  50.67   50.78
  50.68   50.71
  51.33   39.68
  53.74  164.50
  54.04  134.14
  54.08  151.32
  55.09  184.90
  57.02  127.99
  59.56  141.30
  59.63  135.66
  59.64  126.98
  59.81   93.31
  59.96  197.40
  60.11  152.91
  60.20   60.76
  60.92   29.80
  61.90  195.85
  62.35  124.49
  63.45   63.75
  63.60  151.82
  63.85  129.69
  64.25   22.16
  64.41   23.28
  64.51  184.37
  64.84   43.44
  65.42   59.10
  67.27   33.27
  68.29   97.57
  68.95   40.92
  69.22  124.06
  69.45  146.03
  70.90  169.05
  71.54  148.63
  72.15  121.65
  72.40  132.59
  72.64  129.17
  72.82  144.41
  72.90   40.16
  73.07   68.72
  73.84  191.18
  75.25  177.42
  75.95  129.57
  76.00   45.59
  76.00  157.38
  76.16  177.93
  76.53  126.12
  77.48  186.90
  80.19   51.66
  80.21   76.02
  80.55  117.59
  80.58  170.02
  80.78   10.02
  80.92  130.54
  81.11  108.24
  81.14  153.51
  81.60  143.19
  81.71   45.91
  82.27   81.20
  83.09  112.57
  83.47  132.89
  83.48  164.85
  83.49   37.00
  83.70   66.41
  83.90  151.94
  85.41   95.62
  85.57  178.67
  85.75   43.89
  85.80   59.22
  86.36  118.49
  87.21   75.09
  88.17   49.62
  88.39  149.00
  88.45  165.45
  88.65  219.71
  89.43  127.93
  89.80  101.06
  90.85   54.92
  91.32  172.56
  91.32  117.48
  91.37  117.48
  92.28   74.94
  92.44  143.61
  92.50  124.95
  92.94   92.96
  93.63  170.31
  95.62   72.82
  95.75  103.28
  96.24   96.75
  96.33  114.40
  96.55  116.95
  97.68   52.85
  97.95   66.03
  99.88   88.56
 100.06  110.65
 100.07   96.73
 100.09   62.11
 100.36  115.42
 101.54  174.44
 101.74  128.04
 106.15  114.13
 106.50  137.85
 108.04   80.60
 108.20  143.58
 108.24  119.43
 108.66  131.53
 109.14  145.20
 109.61   69.95
 109.87   84.12
 113.31  113.23
 114.27   88.41
 114.68  148.50
 114.79  144.17
 115.87  103.85
 118.65  136.09
 130.04  106.93
 134.70  124.79
 137.01  134.53
 139.33  142.23
 140.88   99.53
 141.24  137.76
 142.11  130.73
 142.35   97.26
 145.27   92.63
 145.48  142.92
 145.92  107.45
 146.70   83.32
 146.89  134.05
 147.66   68.11
 149.55   64.71
 150.91   72.63
 150.93  102.97
 151.16  127.30
 152.47   83.33
 153.68  114.84
 153.78   63.99
 154.16  106.51
 154.57  127.05
 154.70  119.48
 156.73   86.63
 157.87  111.33
 158.61   62.46
 159.02   93.63
 159.20   73.15
 161.77   28.28
 164.07   19.10
 165.43   59.11
 165.49   24.11
 170.68  113.89
 170.96    9.86
 173.10  139.70
 174.35   45.61
 178.50  148.44
 178.56  122.16
 181.01   44.23
 181.50   11.29
 183.19   66.96
 184.67   19.81
 186.06   48.11
 186.20   60.15
 186.53  106.05
 187.28  120.22
 191.39   57.41
 191.78   29.22
 195.39  163.46
 195.69   38.98
 195.85    8.91
 198.82   31.98
 199.79  165.49
 199.93   44.39
 204.78  132.30
 205.01  123.13
 213.45   17.55
 214.22  134.01
 214.45   38.36
 214.72  171.38
 215.25  147.43
 215.51   83.41
 215.62   64.52
 219.21  173.17
 219.70  148.63
 224.34  146.30
 227.33  149.67
 227.50   62.99
 227.74   57.59
 228.74  177.17
 228.99  122.23
 229.70  138.71
 229.98   20.94
 230.64   20.70
 233.10  133.61
 233.12   73.20
 234.91  152.41
 236.78   20.49
 236.83   70.46
 241.67   44.00
 242.83   20.84
 243.91  139.00
