   9.29  187.03
  10.45  138.72
  10.50  219.47
  10.53  147.54
  12.95   68.29
  13.89  177.03
  14.72  181.77
  15.34  130.30
  15.89   74.14
  16.15  125.09
  16.62  135.08
  16.64   71.15
  17.78  188.37
  17.99   81.13
  18.01   79.09
  18.80   28.54
  19.70  176.57
  21.01  172.28
  22.47  127.06
  23.07  101.94
  23.84   31.59
  23.87   28.49
  23.94  173.67
  24.69  181.04
  24.81  122.37
  25.17   79.31
  25.68  171.52
  26.08  203.44
  26.28   55.30
  27.00   89.96
  27.09  134.68
  27.27  103.09
  28.50   74.68
  29.08  128.89
  29.16  183.87
  29.37  204.88
  30.20   35.00
  30.21   43.01
  30.66  176.53
  30.68  176.61
  30.80  115.25
  32.37  169.06
  33.73   40.55
  33.75   32.97
  34.13  183.09
  34.15  200.39
  34.66  188.10
  35.01   10.42
  35.21  203.71
  35.61   88.94
  36.30   51.48
  37.03   78.11
  37.94  201.00
  38.48   68.77
  39.06   95.24
  39.25  189.72
  39.34   54.83
  39.36  168.56
  39.75   47.25
  40.22  136.71
  40.44   88.06
  42.04  177.74
  42.65  136.10
  42.80  133.30
  44.30   28.22
  44.38   68.54
  44.84  129.98
  44.98   48.34
  45.01  150.67
  45.45  109.22
  45.52   89.85
  45.52   54.44
  45.79  146.95
  45.83  171.17
  46.50  176.28
  47.43  189.13
  47.64   25.82
  47.67  140.52
  47.73  156.22
  48.50  149.60
  48.67   88.50
  50.09  136.49
  50.10   38.08
  50.38   51.12
  51.29  189.88
  51.65   33.40
  51.77   44.88
  51.79  129.58
  51.89  100.22
  52.35   50.40
  54.73   24.52
  56.05   29.09
  56.52  132.25
  57.59    8.84
  58.16   77.11
  58.48  171.55
  58.52   99.14
  58.67  148.09
  59.00  145.05
  59.64  141.74
  59.73  128.37
  59.75  118.89
  59.76   95.37
  60.04  167.94
  60.08  122.43
  60.20  151.09
  60.73  179.27
  61.55   60.31
  62.20   41.21
  62.53   26.28
  62.57   50.49
  62.57  147.31
  62.78   50.05
  62.93   99.97
  63.24  103.60
  63.36  165.13
  63.81  121.27
  63.91   87.08
  63.98   83.96
  65.20   40.52
  65.39  140.95
  66.11    7.72
  66.45   83.21
  66.59  148.55
  67.94   99.74
  68.21   99.27
  68.27  122.83
  68.62  161.97
  68.91  172.83
  69.09   37.56
  70.52   57.41
  70.61   75.51
  70.77   57.56
  71.51  141.83
  71.54  103.30
  73.14  150.59
  73.69   81.14
  73.84   23.12
  74.51  113.24
  74.57   76.51
  75.26  159.97
  75.44  101.95
  75.45  167.64
  75.76   27.18
  76.40  108.47
  76.75   11.05
  77.54   49.20
  77.57  133.33
  77.74   31.99
  77.86   51.59
  78.32   79.54
  78.40   86.17
  78.61   36.86
  79.49    6.77
  80.54  142.53
  81.15  153.59
  81.60  119.75
  82.00   94.19
  82.92   86.51
  82.97  128.23
  83.08   45.32
  83.10   27.87
  83.13  128.26
  84.62  156.10
  84.89   48.64
  85.11  120.64
  86.42  135.21
  86.51  120.13
  86.59   93.76
  86.64   43.77
  86.82  139.19
  87.71  132.08
  88.83   41.96
  89.96   68.78
  90.09  107.67
  90.59   57.46
  92.38  128.80
  93.28   57.71
  93.44   27.12
  94.09   54.40
  94.19  143.84
  95.69   95.00
  95.85   44.87
  96.52  120.99
  97.22   62.21
  97.54  134.49
  98.60  104.98
  98.84   93.12
  98.87  144.10
 100.28  138.64
 101.04  128.00
 101.23  113.45
 101.34  102.91
 101.69   72.50
 101.75   64.21
 101.96   59.81
 101.96  146.62
 103.64  121.34
 107.03   79.24
 107.18  125.77
 107.62  132.80
 108.98  111.25
 110.01   89.68
 110.26  102.23
 110.36  136.45
 111.38  130.75
 113.45  121.09
 113.75   91.49
 113.86   81.73
 114.62  112.40
 115.40  129.63
 117.49   89.65
 118.24   77.56
 119.08   81.99
 119.09  113.56
 119.36  128.80
 121.99  123.51
 122.60   74.24
 123.27   98.32
 123.45   91.25
 123.80  113.23
 127.09   73.99
 127.44  133.29
 127.62  102.20
 128.12  129.01
 128.28   82.51
 129.21  110.89
 130.48  115.53
 135.85  123.77
 136.68  133.33
 137.11  111.28
 137.38  112.19
 138.50  128.05
 140.88  137.07
 141.79  127.43
 142.38   98.41
 146.49  138.61
 147.36  125.48
 148.65  130.89
 150.00  142.84
 153.32  113.87
 155.44  126.50
 155.45   97.66
 157.57  145.20
 158.74  131.79
 158.78  131.67
 158.91  118.00
 160.01   44.59
 160.83   35.05
 160.94  117.61
 163.83   72.66
 164.23  111.25
 164.47   35.38
 164.54  127.03
 164.55   44.40
 164.77   48.38
 166.39   22.06
 166.78   30.72
 167.51   94.81
 167.52  144.15
 168.44   89.97
 168.45  103.62
 170.00   23.11
 171.13  105.23
 171.50  130.83
 171.51  112.60
 171.84  144.13
 173.45   95.70
 173.45  105.21
 174.07   56.46
 175.16   49.13
 175.78   60.20
 176.43  122.16
 177.98   94.91
 178.87   13.33
 178.93   79.46
 179.81  127.34
 180.61   43.04
 181.02   98.12
 181.03  104.54
 181.33   51.14
 182.52   41.76
 182.76  119.06
 185.05   94.87
 185.28  107.36
 185.37   95.01
 185.84   83.55
 188.01   55.45
 188.52   30.14
 188.89   77.52
 189.14   44.94
 189.22   40.14
 189.31   83.86
 189.46   93.47
 191.20  115.28
 191.52  122.85
 191.90   85.12
 192.25  134.92
 192.85   27.89
 192.94   68.38
 193.20   16.45
 193.24   45.50
 194.18  102.19
 194.42  117.68
 194.43   77.97
 196.44  138.85
 198.88   70.97
 199.08   17.68
 199.60   56.05
 199.73   30.27
 199.92   76.69
 199.94   80.88
 200.25   85.02
 200.33   90.56
 200.38   90.48
 200.92   36.32
 202.16  148.07
 202.66  116.87
 202.84  133.14
 203.48  153.59
 204.06  142.25
 205.54   32.40
 205.87  112.55
 206.76   69.42
 206.94   83.17
 206.96   63.99
 208.03   89.36
 208.50   51.16
 209.29  145.85
 209.91  115.30
 210.18   26.13
 212.96  130.55
 213.38   42.10
 213.56  137.21
 214.16  151.91
 214.28   68.06
 214.35   87.23
 214.44   72.75
 214.55   77.16
 214.67   82.42
 215.42  112.88
 215.98   90.49
 216.00  115.23
 216.00  108.41
 216.33   47.87
 216.44  130.14
 217.41   74.85
 218.03  149.02
 219.01  137.00
 219.23   53.34
 219.63   31.03
 220.07  119.71
 220.69  153.18
 221.02  128.05
 222.58  146.42
 222.96   33.84
 223.96   58.18
 224.51   79.88
 224.82  156.46
 225.19  138.61
 225.60   53.92
 226.37  122.49
 227.46  114.67
 227.53  127.83
 228.24   66.50
 229.63  151.71
 230.79  130.44
 232.58   25.74
 232.82   67.69
 233.11   55.01
 233.80   72.71
 233.92  156.92
 233.94   44.27
 234.57  105.50
 235.00   95.47
 235.08   31.69
 235.46  117.15
 235.69  126.77
 236.14  141.51
 237.04   38.80
 237.15   45.94
 237.15   64.64
 238.94   58.89
 238.99   69.40
 239.96  103.87
 240.25   63.42
 243.55  164.11
 244.19   59.63
 244.29   94.83
 247.34  127.61
 247.40  121.57
 248.10  142.63
