   8.51  136.09
   9.25  212.88
   9.52  129.86
   9.65  113.88
  10.34   11.92
  10.62  133.81
  10.68  141.91
  12.76  190.75
  13.29  113.51
  13.56   74.98
  13.85  117.81
  13.93  212.95
  13.93  137.76
  14.05  129.80
  14.57  146.03
  14.74  156.25
  15.41  109.84
  16.37   34.75
  16.46  106.86
  16.47  215.30
  16.98   36.43
  17.09   99.41
  17.10   77.99
  17.57   24.27
  18.08   99.83
  19.54  133.77
  19.88   89.07
  20.76  161.26
  21.45   22.26
  22.22   74.02
  22.82  145.52
  23.57  120.32
  23.67  112.05
  23.89  155.10
  24.04   95.92
  25.05  103.35
  25.08  135.56
  25.49  140.62
  25.69  192.49
  26.33  160.51
  26.76  184.15
  27.68   88.33
  28.03  185.59
  28.13  127.07
  28.50   97.89
  28.58  131.31
  28.61  116.32
  28.89  154.45
  29.08  130.53
  29.14   93.23
  29.17  111.86
  29.83  123.10
  30.10  104.33
  30.88   42.40
  32.06  102.00
  32.19  147.05
  33.69  133.90
  33.72   62.18
  34.94   31.69
  35.29   53.15
  36.37  112.38
  36.86   82.47
  37.13   93.39
  37.22  106.57
  37.26   97.21
  39.46  107.83
  39.53   49.37
  39.75   87.53
  41.49  156.22
  41.84  151.78
  42.78   53.33
  42.86  118.16
  42.92   42.26
  43.62   33.29
  44.45   95.45
  45.47   59.76
  45.75   96.98
  45.85  105.21
  45.98   63.59
  46.38   18.58
  46.44   10.52
  46.45   83.97
  46.54   90.00
  46.91  110.36
  47.02  130.25
  47.20  136.29
  47.40  151.87
  47.41  123.35
  47.46  143.20
  48.05  154.90
  48.08   78.55
  48.18   82.97
  48.58   40.80
  48.72   41.23
  50.23  119.53
  50.35   45.68
  51.46  174.26
  51.76   19.76
  52.27   88.32
  53.27   54.03
  53.73  107.80
  53.81   64.58
  53.97  108.05
  54.34  146.56
  55.08   55.99
  55.09   34.32
  55.40   82.82
  55.87   54.94
  55.88   77.48
  55.96   94.60
  57.32  107.45
  57.36  149.67
  58.08   92.21
  58.75  170.77
  59.21   96.06
  59.43   96.20
  61.46   25.61
  62.70  135.43
  63.06  145.17
  63.12   91.25
  63.83   74.03
  64.77   99.09
  65.14  127.41
  65.19   60.88
  65.60   16.09
  66.14   55.94
  66.17  167.39
  66.25  167.37
  66.52   33.06
  66.58  149.24
  66.73   42.40
  68.88   34.32
  69.04   67.36
  70.07   17.60
  70.08  100.95
  70.26   96.12
  70.28   79.69
  70.31   48.63
  70.46   85.37
  70.56   63.59
  70.94   58.54
  71.34  161.74
  71.50   72.03
  73.58   42.57
  74.05   90.36
  74.80   82.26
  75.12   35.59
  75.37   69.51
  75.45   16.85
  76.18  122.73
  76.19  144.39
  76.39  138.81
  76.41  125.91
  76.59  132.88
  76.91  135.78
  77.42  138.81
  77.87   54.91
  77.98  110.84
  78.06   48.52
  78.07   20.86
  78.74   77.29
  78.82  161.73
  78.87   87.07
  79.58  105.83
  81.18   30.41
  83.13   30.70
  84.60   25.54
  84.65   13.03
  84.71   53.49
  84.79   60.57
  84.89   47.25
  85.19   80.12
  85.66   50.92
  85.74  141.23
  86.11   75.48
  86.43   96.99
  89.01   38.66
  89.05  102.09
  89.47  141.23
  90.71   57.41
  93.15   10.97
  93.16  137.33
  93.62   40.23
  93.91   62.29
  94.15   81.90
  95.03  118.48
  95.07  118.44
  95.28   28.64
  95.32   77.63
  96.56  103.99
  96.58  112.38
  96.61  128.04
  97.51  137.89
  98.04   66.35
  98.06   85.48
  98.50   37.08
  98.59   54.80
  98.86   82.81
  98.96   60.58
  99.17   88.34
  99.84   42.70
 101.29  129.64
 102.06  138.17
 103.04   79.93
 103.16   48.53
 103.51  147.47
 108.09   50.99
 108.12  103.57
 108.73  130.59
 108.85   53.37
 109.68  139.35
 109.70  138.26
 109.84  123.71
 111.09   50.87
 111.27   67.40
 111.56  147.14
 112.76  120.93
 113.06   69.87
 113.06  134.85
 113.17   84.27
 113.23   96.49
 114.10  110.47
 114.19   60.33
 114.95   72.89
 116.43   77.18
 116.64  103.70
 117.06  115.60
 117.17  103.19
 119.08  133.53
 119.79  116.22
 121.54  133.67
 123.34  100.58
 123.69  135.59
 127.83  162.76
 129.13  110.37
 129.88  153.86
 131.55  147.82
 133.93  135.39
 135.07  148.04
 136.28  104.68
 136.41  126.68
 137.56   98.36
 137.70  144.68
 139.30  132.34
 139.73   95.28
 141.71  123.94
 143.18  107.27
 145.21  130.98
 145.68  109.76
 146.77  124.13
 147.83  146.41
 147.93   98.91
 147.94  114.32
 148.61   90.08
 148.69   82.31
 150.59  161.89
 152.46   93.45
 152.54  111.29
 154.84  135.11
 155.85   89.55
 157.11  142.79
 157.20  106.19
 157.96   99.39
 158.91   74.99
 159.49  148.72
 161.07   50.35
 161.98   64.45
 162.23   50.10
 162.58  109.41
 163.24   90.37
 163.28   75.58
 163.42   60.53
 163.58   75.80
 164.71   56.15
 165.44   49.15
 165.68   98.12
 166.82   92.17
 167.01   33.95
 167.86  120.76
 168.06   21.73
 168.38   22.22
 168.91   79.66
 171.49  140.92
 172.59  146.67
 173.19   83.19
 174.11  102.00
 175.70  108.17
 179.80  144.79
 184.03   56.39
 186.90  139.31
 187.89  112.06
 194.96   28.37
 196.79   23.91
 197.52   19.21
 197.57   59.04
 197.94  143.31
 198.57   43.18
 198.69  115.06
 199.55   78.08
 200.40   37.88
 200.62   62.81
 201.67   19.82
 203.17   48.63
 203.47   51.37
 203.73   44.78
 203.84   33.83
 204.18   61.41
 204.39   56.34
 204.73   22.06
 205.09  140.41
 206.48   48.68
 206.89  140.35
 208.27  153.08
 208.46  128.71
 209.97   45.11
 210.83   37.13
 212.50  127.66
 212.64  154.45
 212.78  154.83
 213.56   56.12
 215.35   51.55
 216.43  111.55
 217.55  152.20
 217.70  127.08
 218.24  155.80
 218.26   43.57
 218.37   16.76
 218.66  108.78
 218.71   54.66
 219.04  157.48
 219.58   45.95
 219.85  157.57
 219.89   38.99
 219.90   29.49
 221.39  158.92
 222.23  147.01
 222.37   56.47
 223.74    9.60
 225.03  109.23
 225.48  135.79
 225.74  111.00
 227.38  127.79
 227.49   31.99
 228.51  160.10
 229.60   39.93
 230.22  145.71
 230.71   30.95
 230.94   23.57
 231.35   43.93
 232.06   96.00
 233.58   33.17
 234.42   29.58
 234.44  155.29
 234.52   37.33
 236.00   40.65
 236.08  107.13
 238.13   45.19
 241.15  144.87
 241.55   28.61
 244.63   47.00
 247.14   50.99
