   7.75  180.68
   7.85  160.99
   7.95  220.51
   8.24  151.41
   8.93  218.02
   9.11  125.26
   9.53   81.60
   9.57   71.48
   9.61   90.23
   9.77  121.20
   9.88   77.75
  10.52  214.15
  10.97  153.64
  11.11  158.91
  11.39  180.14
  11.54  115.22
  11.65  183.45
  11.87  122.96
  12.56   71.87
  12.57   83.88
  12.99  222.53
  13.09   34.94
  13.70  186.69
  14.77   23.63
  16.75   46.99
  17.56  207.32
  19.36  219.22
  19.66  200.00
  19.97  195.54
  21.51  213.63
  22.78  216.26
  23.29  205.47
  23.74  211.78
  23.97  196.12
  24.35  196.87
  25.70   57.96
  26.47  183.51
  26.55  122.99
  26.56  211.29
  26.78   80.71
  27.69  197.80
  28.02   29.64
  28.12   40.94
  28.78   34.13
  28.93   76.03
  29.06  195.04
  29.16  150.94
  29.29  143.78
  29.43   53.68
  29.89  135.87
  30.10  131.75
  30.48  131.26
  30.56  123.95
  31.36   39.39
  31.48   74.70
  31.57  172.95
  31.75   57.52
  32.16  200.83
  32.71  191.51
  33.13  131.56
  33.19  135.51
  33.52  176.76
  33.62   32.47
  33.66   40.89
  33.93  124.46
  34.02  194.53
  34.39  203.94
  34.69  166.92
  36.38   48.65
  36.39  127.47
  36.70   55.17
  36.72   51.57
  36.84  156.55
  37.09  121.90
  37.10  206.60
  37.38   34.41
  37.51   38.07
  37.69  139.04
  38.20    9.04
  38.86  130.12
  39.09  199.44
  39.11   47.10
  39.53  206.35
  39.65  161.52
  39.78  125.01
  39.82  175.86
  39.94  153.96
  39.95  194.57
  41.31  191.63
  41.82  138.89
  42.08  164.89
  42.23   59.91
  42.32   64.07
  42.32   71.96
  42.33    8.32
  42.36   83.28
  42.39   69.29
  42.39   46.92
  42.52  202.43
  42.58   56.49
  42.96   58.35
  42.98   51.68
  43.45   49.77
  43.61  198.78
  43.63  133.93
  43.63   40.93
  43.81   11.46
  44.10  183.41
  44.19  158.57
  44.40  173.29
  44.42  190.05
  45.42  130.58
  45.55   81.96
  45.94   62.63
  47.23  164.35
  47.51  143.83
  47.64  146.83
  47.91  191.29
  48.37   47.37
  48.62  204.12
  49.18  180.15
  49.23   18.62
  49.99  130.25
  50.01  163.54
  50.21  141.74
  50.71   15.79
  52.19   41.26
  52.54  160.53
  52.73  143.88
  52.84  139.06
  53.02   53.26
  53.03  120.55
  53.15   84.70
  53.16  197.39
  53.35   20.88
  53.39   17.51
  53.70  134.30
  54.03  134.27
  55.50  123.63
  55.88  196.78
  55.98  200.38
  56.64   47.99
  56.88  138.88
  57.07  184.01
  57.09  178.35
  58.59  202.70
  58.64   69.57
  58.70  173.78
  58.94   59.88
  59.50   44.79
  60.12  199.80
  60.44  197.09
  60.67  186.78
  60.97   84.13
  61.20  172.77
  62.67   65.57
  62.88  202.10
  63.14  173.19
  63.39  110.92
  63.96  199.02
  64.11  182.30
  64.21  196.09
  64.71  155.92
  65.13  108.74
  66.90  143.04
  66.91   79.70
  67.22  195.37
  67.27   22.76
  67.27  198.46
  67.71  158.76
  67.97  152.66
  68.26  200.92
  68.27  155.56
  68.33  133.52
  68.33  148.20
  68.49  136.79
  68.66   49.17
  68.67  165.24
  69.07   29.65
  69.49  185.35
  70.88  198.14
  70.95   26.82
  71.34   85.65
  71.47  130.59
  71.58  169.25
  71.62  165.63
  71.71  176.40
  73.83  132.47
  74.33   52.08
  74.38   70.46
  74.50  144.83
  74.99  159.43
  75.73  189.02
  75.95  196.98
  76.33   34.18
  77.07   79.76
  77.88   31.77
  77.98  192.46
  78.40   88.42
  78.54  185.78
  79.16  132.15
  79.28  114.80
  79.41  135.82
  79.54  145.70
  81.30   30.48
  81.66   15.78
  81.77  188.75
  81.80   20.22
  82.08  159.84
  82.16  143.58
  82.36  124.48
  82.46   92.64
  82.69  167.04
  83.17  148.30
  83.18  172.54
  83.18  167.50
  83.62  201.05
  84.78  178.94
  84.95   90.19
  85.40  196.12
  85.55   39.17
  85.67  113.93
  87.82   37.80
  88.38  135.60
  89.02   71.29
  89.31  203.64
  89.59  143.27
  90.44   59.83
  92.06  187.85
  92.39  175.09
  92.54  132.81
  92.73   65.37
  93.74  160.22
  94.82  150.79
  94.86  131.24
  94.93   69.17
  95.95  140.90
  96.03  102.85
  96.82   79.65
  96.94  131.08
  97.81   12.36
  98.09   64.38
  98.29   82.26
  98.37   67.50
  98.55   74.56
  98.92  161.17
  99.24   78.05
  99.27   17.66
  99.69   91.57
  99.91  101.49
  99.98  191.72
 100.30  207.45
 100.79  132.69
 101.23  137.56
 101.53  193.81
 101.93  148.44
 103.02   49.15
 103.17  202.43
 103.97  165.33
 104.12  196.77
 104.79   47.04
 104.83   13.41
 104.86   93.79
 104.89   97.28
 105.03  103.01
 105.20   77.18
 105.80   70.44
 105.96  102.30
 106.62  156.94
 107.01  134.59
 108.03   84.54
 108.20  160.42
 109.11  131.79
 109.39   72.77
 109.78   77.49
 110.05   22.77
 110.17   54.13
 110.42  170.05
 110.63  184.20
 111.00   51.69
 111.14  176.77
 111.18   21.99
 111.68  195.45
 112.33   74.70
 114.18  176.88
 114.33   71.95
 114.54  150.59
 116.02   87.78
 116.26  148.29
 116.45  142.42
 116.73   75.44
 116.77  154.93
 116.95  134.53
 117.54  176.04
 118.36  145.51
 119.27  141.00
 119.42  120.11
 119.58  180.55
 120.60   28.95
 120.63  131.01
 120.88   60.12
 121.45  179.69
 122.15  195.17
 122.29   57.52
 122.65  165.64
 122.71  131.62
 123.02  179.82
 123.27   86.90
 123.82  155.02
 124.24   16.42
 124.62  130.03
 124.86   59.39
 125.09  149.11
 125.48  197.21
 125.78  155.87
 127.13  114.73
 127.26  191.57
 128.34  133.75
 128.45  168.86
 128.75  164.02
 129.07   65.05
 129.47  131.11
 129.90  126.06
 130.04  119.96
 130.09   65.54
 130.23  111.43
 130.23  191.24
 130.41  173.51
 130.90  114.03
 130.94  154.14
 131.29   67.00
 131.77   80.33
 131.84   84.08
 132.10  135.34
 132.30  133.71
 132.50  158.74
 133.17  128.89
 133.23  108.94
 133.33  119.32
 133.36   93.14
 133.39   99.06
 133.42   44.25
 133.42   95.92
 133.49   40.07
 133.50   89.76
 133.56  115.96
 133.99   74.65
 134.25   58.91
 134.32   21.49
 134.60   15.62
 134.62  190.69
 135.55   11.41
 135.76  164.77
 135.91   95.30
 135.93  101.76
 136.22   81.14
 136.22  131.66
 136.61   76.23
 136.95   33.68
 137.35   65.44
 138.36  180.59
 139.18  133.63
 139.36   44.15
 139.94  160.60
 140.72   27.28
 140.86  193.60
 141.39   36.04
 141.84   33.14
 142.11   67.79
 142.83   70.98
 143.11   57.79
 143.34  144.67
 143.53  136.17
 143.54   27.26
 143.65  190.30
 143.78  178.22
 144.53   75.85
 144.59   83.02
 145.34   36.76
 145.85   30.13
 145.92  133.36
 146.80  190.46
 147.08  140.78
 147.51   84.99
 147.62   27.50
 147.68   48.80
 148.42   24.40
 148.72  184.94
 149.91   90.14
 150.05   43.49
 150.06   58.02
 150.19   33.64
 150.41  167.81
 150.46  139.26
 150.61   29.90
 151.90   37.25
 151.92   65.21
 151.95   26.75
 152.81   84.83
 153.48   90.56
 153.57   39.91
 153.68  169.52
 153.71  163.08
 154.33   82.49
 154.35  189.12
 155.05  129.84
 155.22   29.76
 155.24   49.15
 155.96   41.38
 156.15  176.59
 156.22  158.20
 156.32  164.19
 157.09   85.02
 157.81  155.53
 160.26   76.85
 160.62   94.90
 160.78  103.30
 161.40  124.16
 161.74  173.03
 162.14   89.87
 162.23  141.42
 162.25   26.49
 162.30   32.10
 162.52  164.81
 162.77  183.51
 162.84  121.71
 164.27   70.01
 164.29  177.60
 164.45   70.48
 164.60  153.67
 164.83   88.12
 165.03   99.40
 165.22  187.39
 165.36   79.01
 166.68  174.47
 166.98   31.96
 166.99   29.20
 167.44  184.92
 167.65   93.21
 168.09   80.68
 169.01   85.79
 169.31   77.30
 169.61  172.96
 169.91   97.43
 170.63   37.28
 170.96  183.43
 170.97  183.80
 171.56   67.65
 172.11  160.60
 172.71   27.13
 172.86   54.32
 173.33   65.71
 173.67  135.28
 173.67   94.69
 173.99  130.83
 174.00  120.32
 174.32  178.89
 174.88   51.32
 174.93   33.61
 175.15  180.18
 175.58  187.92
 175.89  158.00
 175.93  178.18
 176.70   31.02
 176.93   39.56
 176.98  153.51
 177.40   44.78
 177.55  112.70
 177.59   93.56
 179.28  116.39
 179.57   34.18
 180.07   31.00
 180.40   88.61
 180.59  134.68
 180.73  156.04
 181.54  168.34
 182.29  172.27
 182.53  193.54
 182.96  120.95
 183.03   35.00
 183.17  114.97
 183.30  145.75
 183.54  156.80
 183.68  133.82
 184.13  152.39
 184.28  108.34
 184.39  128.99
 184.44  110.71
 184.89  122.49
 184.89   31.83
 185.81  172.27
 186.83  198.04
 188.80  191.27
 189.04  148.35
 189.37  195.29
 189.45  173.50
 189.91  197.95
 190.51  151.60
 190.63  158.65
 191.92  171.55
 194.60  193.75
 195.44   93.60
 196.54  138.04
 197.28  165.79
 199.23  190.17
 201.51  100.84
 201.56  104.56
 202.11  149.10
 202.19  102.31
 203.63  171.15
 205.60   97.69
 207.64  100.40
 208.00  172.74
 208.05  190.00
 209.83  148.66
 210.47  165.46
 210.82   28.70
 213.50  189.69
 213.81  148.89
 215.70  171.57
 217.43  193.00
 217.73  174.13
 218.10  157.03
 219.39  154.70
 220.61  149.28
 221.41  152.36
 221.74   23.98
 222.30  167.33
 222.59  189.00
 222.92  184.56
 222.98  101.23
 224.06   20.94
 224.17  194.99
 225.20  155.97
 225.41  107.00
 226.02  162.93
 226.33  143.80
 226.91  189.89
 227.10  100.25
 228.22   22.49
 229.15  105.14
 230.52  101.70
 230.85  187.57
 230.97  149.69
 231.05  153.45
 231.45   94.74
 232.28  113.01
 232.65  171.34
 232.92  180.43
 232.95   99.85
 233.74  157.29
 233.95  147.34
 233.96   93.10
 234.00  163.52
 234.52  171.94
 234.83  155.70
 235.91  153.28
 236.55   95.22
 236.93   26.67
 237.08   26.71
 238.03  102.21
 238.92  149.04
 240.21  167.48
 240.33  171.19
 241.96  128.22
 242.26   27.18
 242.74   30.12
 243.67  166.12
 244.48  157.54
 244.73  175.70
 245.85   28.97
