   7.69  130.56
   8.68  171.12
  12.20  163.77
  15.57  157.11
  17.44  154.47
  18.39  140.66
  18.96  181.66
  19.77   91.42
  22.52  160.95
  24.37   80.31
  26.05  152.25
  28.17  170.13
  31.16  158.29
  31.79  164.54
  31.81  202.56
  33.44  143.25
  35.70  151.26
  36.67  157.96
  37.52  150.64
  38.06   45.68
  39.59  148.51
  40.68  191.83
  40.87   68.30
  41.49  164.09
  41.75  151.00
  42.63  169.54
  43.56  160.65
  44.11  150.43
  44.24  177.37
  44.47  135.31
  49.00  183.42
  50.67   16.62
  51.52   27.72
  51.86  190.68
  52.02  162.53
  52.66  190.49
  53.49   34.70
  56.76   18.26
  59.56   91.01
  59.68  134.96
  61.36  150.77
  61.66  158.37
  61.83   88.09
  63.19   76.17
  63.77   80.04
  66.27   88.71
  66.86   87.04
  67.07  188.87
  67.51  150.10
  68.00  155.48
  68.08  100.55
  69.02   92.18
  69.59  123.46
  70.97   65.45
  72.03   90.09
  73.80  165.64
  75.14  171.74
  75.91   91.72
  78.95   96.47
  79.38  158.93
  79.51  125.98
  81.36   39.71
  83.41  108.82
  83.86  104.91
  84.22  104.89
  84.30  161.16
  85.50   88.05
  86.73  142.95
  86.90  151.88
  87.01  111.99
  87.09  158.52
  87.76  166.30
  88.44  128.78
  88.58  144.09
  88.84  169.98
  89.28   88.34
  90.28  143.12
  90.49  137.01
  92.79  157.49
  93.19  113.08
  93.33  124.35
  93.34  128.78
  93.47  118.08
  93.64  133.58
  93.69  144.87
  95.06   28.41
  95.10  138.47
  95.51  123.93
  96.96   65.87
  97.99  154.00
  98.26  150.89
  98.36  150.85
  99.11  107.45
  99.12  123.67
  99.48   25.68
  99.53  137.49
 102.61  113.36
 102.61  118.85
 103.15  136.51
 104.02   33.41
 105.63   12.73
 105.90  135.52
 106.01  138.27
 106.12  111.50
 106.38  157.61
 106.50  147.60
 108.37  163.20
 109.44  141.21
 109.79  148.70
 110.17  113.50
 110.44  157.25
 111.27   47.03
 111.37  154.73
 112.05  143.70
 113.11  122.90
 113.62   31.78
 115.81  106.93
 117.52  158.69
 117.68  155.25
 118.70  129.45
 119.14  138.37
 122.10  154.95
 123.04   44.76
 123.44  145.78
 125.13   27.72
 125.21  132.47
 127.07  140.73
 128.44  113.26
 129.76  141.48
 132.15  148.98
 133.80  140.23
 137.85   26.10
 138.50   12.11
 142.45  140.63
 144.36  154.15
 146.17  149.02
 148.87  133.04
 150.79  145.32
 152.01   71.99
 155.88  149.30
 156.54  101.25
 159.28  122.47
 159.69  131.91
 160.65  152.06
 160.89   18.78
 164.13  120.82
 164.17  141.73
 165.60   83.68
 170.59   36.42
 172.37  105.95
 173.18  156.82
 173.71   15.35
 173.76  153.56
 174.50   12.40
 175.30  159.47
 175.50  103.56
 175.76  159.13
 175.77  132.62
 176.91  100.08
 177.25  156.88
 178.91  149.81
 179.02  137.53
 179.79   31.20
 179.87   33.49
 180.11  159.74
 181.40  140.88
 182.37  137.67
 182.85  163.42
 184.59  119.08
 185.08  126.06
 185.43  159.44
 189.07  159.81
 189.93  109.95
 190.56  128.71
 190.59  154.03
 191.76  165.39
 191.99  161.73
 192.20  141.67
 193.97  124.58
 194.19  106.21
 196.46  137.04
 197.62  130.00
 197.66  125.64
 198.11  114.30
 198.39  157.39
 199.00  140.69
 200.51   90.60
 200.79  136.66
 201.67   96.23
 202.39   12.27
 203.66  171.02
 204.12  193.99
 204.19  141.69
 204.74  190.57
 204.98  135.75
 205.53   16.66
 206.73  135.20
 206.81  143.45
 206.84  113.19
 207.13  129.27
 207.49   92.05
 208.44  154.31
 208.48  155.05
 208.59   81.51
 208.71  180.19
 208.87  192.55
 208.95  186.73
 209.00  100.43
 209.86  196.22
 210.05   93.56
 210.49   78.65
 210.60   27.63
 211.38  102.55
 211.57   55.84
 212.27  151.34
 213.42   51.12
 214.07  125.45
 214.11  182.40
 214.12  163.34
 216.01   82.09
 217.19   93.38
 217.84  137.65
 218.05  204.44
 219.42  122.58
 219.54   66.91
 220.87  119.42
 220.88    8.63
 221.13  180.52
 221.37   20.09
 221.62  188.35
 222.81  144.09
 222.96  139.76
 223.12  142.44
 223.31  161.73
 223.56  184.08
 223.60   17.92
 223.87  124.33
 223.95  201.41
 223.98   54.22
 224.33  131.01
 224.53  185.45
 224.58  208.73
 225.86   37.38
 226.54  179.98
 227.25  127.96
 229.87  153.12
 230.56  119.03
 230.62   57.46
 232.03  171.67
 232.23  123.10
 232.89  127.27
 232.94  138.29
 233.00   98.30
 233.01  150.22
 233.19   60.53
 235.51  206.02
 235.59  109.34
 235.76   57.22
 236.51  185.25
 236.63   50.51
 236.92  163.34
 237.72  171.65
 237.99  120.58
 239.18   81.51
 239.67  214.24
 239.74  146.72
 240.21  217.36
 241.29   38.81
 242.17    9.42
 242.28  142.70
 242.47  210.18
 242.69  204.41
 242.92  103.54
 243.06  153.56
 245.29   97.82
 245.40  213.80
 245.83  118.89
 246.18  174.79
 246.57  221.56
 247.51  209.61
 248.09    7.90
