  41.92  216.30
  43.72  205.48
  43.82  220.01
  44.26  216.26
  45.30  215.10
  46.00  196.79
  46.27  110.69
  47.97  210.04
  48.58  113.59
  48.96  207.01
  49.02  218.30
  51.05  186.77
  51.10  211.38
  51.11  145.80
  51.58  162.47
  52.70   57.88
  57.43  163.24
  57.51  207.44
  57.76  149.70
  57.89  171.69
  59.58  203.74
  61.39  126.81
  62.12  166.23
  62.67  186.92
  62.83  186.82
  65.50  136.48
  67.41  117.61
  69.99   26.13
  70.00   10.69
  70.02   17.38
  70.18  202.07
  71.58   22.25
  72.88   19.29
  75.47   62.52
  75.84  123.52
  75.95   81.97
  76.26  120.03
  76.37  111.57
  76.42   77.55
  77.27  161.22
  77.32   29.00
  78.49   22.22
  78.90  121.59
  78.98  124.74
  79.14   27.88
  79.52   17.51
  80.06  181.71
  80.86  118.99
  81.22  112.92
  84.29  160.63
  84.43   70.30
  84.92   97.25
  85.07   84.50
  85.31  115.72
  86.02   93.52
  87.02  181.48
  87.05  111.56
  87.12  159.87
  89.15   18.18
  90.01  134.44
  91.15  226.87
  91.93  246.27
  92.28  222.66
  92.81   22.21
  93.56  101.92
  93.75  218.79
  93.90  108.68
  94.43  169.96
  94.55  245.24
  94.68   93.05
  95.00  123.92
  95.08  133.44
  95.38   16.88
  96.22  185.62
  96.36  215.24
  97.23  231.20
  99.01  216.86
  99.83  225.30
  99.94  184.07
 100.47   97.77
 100.48   98.77
 100.63  105.84
 100.77  109.56
 100.91  112.94
 101.40  152.04
 101.47  219.64
 101.52  229.52
 101.55  180.30
 102.48   24.81
 102.78  234.04
 103.04   91.97
 103.59  216.00
 105.11  238.32
 105.83  174.75
 106.78  114.56
 106.94  185.20
 107.67  131.82
 109.01  140.65
 109.95  176.83
 110.01  132.54
 110.14  178.09
 112.14  114.33
 113.94  124.21
 114.22   61.61
 114.58   95.69
 115.12  130.48
 115.97  183.08
 117.43   34.41
 117.50  111.75
 117.75   55.53
 118.13  126.80
 118.27  107.47
 118.29   61.71
 118.55  156.24
 118.86  104.03
 119.12   76.78
 119.92   88.63
 120.05  159.84
 120.05  143.88
 121.01  118.79
 121.43  151.35
 121.89  151.44
 122.28   74.06
 122.38  146.89
 122.47  125.61
 122.52   73.86
 123.69  180.07
 125.51  147.02
 126.20  127.43
 127.64  144.54
 127.64  157.88
 128.26   38.26
 128.30  141.11
 128.66   98.35
 128.76  133.68
 129.21  171.27
 129.37   32.64
 130.47  182.50
 132.21  148.76
 132.78   28.48
 133.47   44.72
 134.50  108.18
 135.85  181.02
 136.40  151.34
 136.88  171.28
 137.95  142.91
 138.48   35.19
 138.58  146.56
 140.42  125.53
 140.61   98.41
 140.68   40.16
 140.99  140.49
 141.48   69.04
 142.69  181.74
 143.11   33.80
 143.35  157.09
 143.93   41.77
 144.26   37.66
 145.17  168.60
 145.18  172.42
 146.24   15.54
 146.47  152.20
 146.51   61.41
 146.80  141.25
 146.90  180.79
 146.96  177.40
 147.09  134.70
 147.36   99.22
 147.61   50.50
 147.87  127.45
 147.92  131.71
 148.15   72.51
 150.24  179.32
 150.89  134.71
 150.92   99.35
 151.11  107.53
 151.60   63.30
 152.29   76.31
 152.68  127.51
 152.97  165.97
 152.98  125.97
 153.08  111.32
 153.29   64.78
 153.52   13.31
 153.55  157.48
 153.96  145.01
 154.15  141.44
 154.37   74.12
 155.60  120.97
 155.85   68.01
 156.38   17.10
 156.51   93.68
 156.52   56.88
 156.56  228.51
 157.41   71.07
 157.54  175.02
 159.16   69.19
 159.23   69.69
 159.27   62.84
 159.40   68.06
 159.65  175.59
 159.78  138.23
 160.76   58.08
 161.88  106.31
 162.74  102.36
 162.77  144.37
 164.03  155.31
 164.41   63.60
 164.47   70.83
 165.36  139.35
 165.95  108.11
 166.46  100.79
 168.57  139.30
 168.74  103.90
 168.92   89.95
 169.00  142.74
 169.02   21.68
 169.14  152.12
 169.58   99.23
 171.83   10.02
 172.29  168.20
 172.33   89.02
 173.18  124.97
 173.35  115.27
 173.78  132.04
 173.91  169.17
 173.95  201.76
 177.01  140.91
 177.06  123.50
 177.14  160.64
 177.36  130.28
 177.91  164.21
 178.20  171.23
 178.54  159.61
 179.08  168.82
 179.40  152.40
 180.69  161.70
 180.84  172.98
 181.65  192.82
 181.69  168.48
 182.13  162.97
 182.25  135.85
 183.34   57.26
 184.17  131.93
 184.82  197.39
 186.26  202.96
 188.45  156.30
 188.59  148.90
 188.82  153.25
 189.25  135.76
 189.28  132.92
 189.35  142.66
 189.80  205.15
 192.35  134.42
 192.51  139.30
 192.54  117.92
 192.75  148.06
 193.13  152.12
 195.54  131.37
 195.84  142.49
 196.14  170.12
 196.97  189.50
 197.07  150.27
 197.50  173.99
 197.62  162.16
 198.49   12.11
 198.51  129.17
 198.76  133.73
 198.81  138.88
 198.91   24.73
 199.58  128.39
 200.72  165.14
 200.90  169.24
 201.98  131.04
 202.14  134.77
 202.44  141.83
 202.49  148.03
 203.98   20.51
 204.75  113.67
 205.26  132.52
 205.60  209.97
 205.83  218.22
 205.98  124.59
 206.56  161.18
 206.56  174.63
 206.74   33.21
 206.77   18.54
 207.32  154.76
 207.82  124.79
 208.19  154.20
 208.97  132.03
 209.84  196.74
 210.01   19.97
 211.37  200.23
 214.84  161.51
 216.33  164.72
 217.52  174.81
 219.17  203.25
 219.29  182.60
 219.31  177.21
 219.89   89.39
 220.80  161.75
 222.58  184.88
 222.89  139.25
 223.50   22.47
 224.41  182.61
 224.45  200.52
 225.24  205.14
 225.58   89.49
 226.43  158.67
 227.52  179.40
 227.65  173.64
 227.75  194.35
 228.16  168.43
 229.01   11.00
 229.67   35.18
 231.54  164.49
 231.96  180.18
 232.62   98.41
 232.74  176.99
 233.17   72.36
 233.38   98.44
 234.03  182.58
 234.66  153.38
 235.58  179.39
 236.73   38.39
 237.93   70.41
 238.01   68.12
 238.29  182.36
 238.94   80.63
 238.98   90.99
 239.02  151.99
 239.35  152.42
 239.56  144.53
 240.60  117.04
 242.86  179.18
 243.18  140.23
 246.10  223.96
 246.37  131.33
 248.03  221.86
 248.16  196.38
