   6.83  131.75
   6.97  107.85
   8.52   72.86
   9.56  140.42
   9.63  187.52
   9.72   64.42
   9.91   53.39
  10.07   33.48
  10.58  154.32
  10.64  144.29
  10.89   48.08
  11.67  135.31
  11.86  184.41
  12.34  100.86
  13.47  126.71
  13.57  132.72
  14.47  182.77
  14.50  102.31
  14.51   70.41
  14.68  189.94
  14.69   52.69
  14.87  144.58
  15.01  121.98
  15.07  171.17
  15.11  106.25
  15.29  130.38
  15.44  151.41
  15.67   83.26
  16.48   19.03
  16.53  133.84
  17.09  186.82
  17.70   44.64
  18.29  180.35
  18.72   71.91
  18.81  123.92
  18.91  157.16
  19.31   45.04
  19.35   94.55
  19.50   40.50
  19.93  217.69
  19.95   98.69
  20.56   61.02
  22.12   90.34
  22.35  155.62
  23.86  127.51
  23.97   87.33
  24.21  105.54
  25.18  114.90
  25.97  159.90
  26.07  206.90
  26.17  139.83
  27.70   66.86
  28.05   31.72
  28.50   18.56
  28.72   43.20
  29.03  145.52
  29.38  114.30
  30.55   91.97
  30.62   38.88
  32.23   61.86
  32.78   95.74
  33.22  111.10
  33.48  100.03
  33.51  104.91
  33.52   12.48
  33.53   87.12
  33.65   65.64
  33.99   70.57
  34.40  144.83
  34.43  156.87
  35.58  152.28
  35.88  244.55
  35.93   52.62
  36.50  141.77
  37.72  193.60
  38.88  233.09
  39.08   24.00
  39.62  243.92
  40.21   10.76
  41.26  124.26
  41.97  148.36
  42.07   91.44
  42.64   81.27
  42.83   60.66
  43.09  236.74
  43.42   28.00
  43.72  221.29
  44.51  169.03
  46.65   50.59
  46.70  192.59
  46.87   15.73
  47.16  128.48
  48.09  148.96
  48.29   88.20
  49.54   98.60
  49.90  122.85
  50.50   77.15
  50.65  118.73
  50.96  166.78
  51.30  220.45
  51.86  232.69
  52.73  155.02
  52.89  122.31
  52.91   79.03
  53.19   46.45
  53.92  164.26
  54.02   88.19
  54.02   50.51
  54.08  225.12
  54.61   32.93
  54.90   14.28
  55.14  129.88
  55.21  173.40
  55.42  127.23
  55.43  228.28
  55.63   93.20
  55.78  166.69
  55.85   47.35
  56.18    9.68
  56.24   25.88
  56.26  154.57
  56.47  176.36
  57.55  107.92
  57.70   78.36
  58.13  161.13
  58.17   33.70
  58.23   33.55
  58.69  115.29
  58.72   37.53
  58.85  226.42
  59.08   37.31
  59.41  221.89
  60.36   74.15
  60.43  120.69
  60.45  127.66
  60.48   53.89
  60.50  167.78
  60.66  178.00
  60.67  173.37
  60.69  231.52
  60.86  113.73
  61.94  223.53
  62.20  216.55
  62.89  149.02
  63.37  141.16
  63.44  133.53
  63.50  171.81
  63.73   49.78
  64.34   91.73
  64.58  115.58
  64.95  104.38
  65.04   52.00
  65.17  127.77
  66.79  225.95
  67.62   69.58
  67.80   73.73
  68.18  128.58
  68.53  140.13
  68.93   98.95
  69.57   77.49
  69.91   96.10
  70.00  205.13
  70.03  113.78
  70.82   74.38
  71.43   80.57
  71.59   59.79
  72.44  155.67
  72.46  146.79
  72.57  140.27
  72.82  163.42
  72.83  127.71
  73.25   55.04
  73.36   66.57
  73.40  186.36
  73.40   50.31
  73.60   86.50
  73.70  114.34
  73.73  104.17
  73.82  152.52
  73.85   70.40
  73.85  210.81
  74.02  106.98
  74.28  215.94
  74.32   96.26
  75.41  225.30
  75.50  113.28
  75.90  208.58
  76.19   87.57
  76.49  226.37
  76.51  143.43
  77.44  204.23
  77.59  192.14
  78.10  146.95
  78.24  201.10
  79.36   67.80
  79.69   13.25
  81.28   92.77
  81.73   60.73
  81.86  100.24
  82.09  194.83
  82.15  201.37
  82.63   53.79
  83.16  204.45
  83.74   43.07
  85.95  203.34
  86.25  112.85
  86.39  153.66
  87.29  129.94
  87.40   35.23
  87.44   69.75
  87.59  186.90
  87.74   65.55
  88.26   57.99
  88.27  197.75
  88.37   70.21
  88.55  160.40
  89.91  127.73
  90.07  111.28
  90.40  114.44
  90.43   60.14
  90.46  131.13
  90.99   68.18
  92.05   73.68
  92.71  124.19
  94.36  175.19
  96.32  147.11
  99.02  197.55
 100.38  154.08
 103.14  197.27
 103.86  155.13
 103.93  150.42
 104.74  176.44
 104.75  204.16
 104.84  147.16
 105.39  135.97
 105.69  181.53
 106.73  127.06
 107.81   68.91
 107.95  176.31
 108.38  199.90
 108.42  106.95
 109.63  145.86
 109.84  140.09
 112.31  233.74
 112.69  233.88
 113.13  191.60
 113.98  110.71
 114.51  137.43
 114.66  166.58
 115.02  172.28
 115.11  203.44
 117.23  205.10
 117.52  111.40
 117.68  121.90
 117.86  154.60
 118.44  176.50
 119.20  138.66
 120.02  171.44
 120.19  158.46
 120.37  128.77
 123.71  162.14
 126.15  129.05
 126.43  157.91
 126.59  191.03
 127.04  182.50
 127.20  162.32
 128.10  148.22
 128.36  187.02
 130.59  184.18
 131.48  216.02
 131.78  159.05
 132.22  202.70
 132.22  177.79
 132.22  207.45
 132.30  175.54
 132.47  131.65
 133.79  173.07
 134.79  195.17
 135.13  127.52
 135.70  120.09
 135.71  120.09
 137.87  177.59
 138.88  164.33
 139.12  188.15
 139.20  192.64
 139.25  153.29
 139.31  145.40
 140.42  141.01
 140.54  208.83
 140.79  157.25
 141.89  207.79
 142.67  211.25
 143.23  203.23
 144.00  187.46
 144.89  185.94
 146.37  114.90
 147.04  209.86
 147.15  110.90
 147.59  167.15
 147.71  173.01
 147.79  118.77
 147.99  142.62
 149.76  215.80
 150.32  127.53
 150.43  184.29
 151.04  131.12
 151.57  193.45
 152.85  173.70
 153.03  214.00
 153.47  149.64
 153.53  101.97
 153.95  119.11
 154.24  110.07
 154.28  169.88
 154.32  166.78
 154.38  131.02
 154.54  155.66
 154.55  115.53
 154.61  127.59
 155.09  161.45
 155.24  159.63
 155.92  133.88
 156.01  106.29
 157.22  127.98
 159.32   84.98
 159.37  173.96
 159.55  171.10
 159.58  204.47
 159.66   84.05
 160.23  236.36
 160.79   45.31
 161.52  220.81
 161.57  159.43
 161.70  159.34
 161.83  206.09
 161.87   81.52
 162.95   91.50
 163.01  161.79
 163.10  130.98
 163.31  164.46
 163.49  172.23
 163.99  151.42
 164.11  138.30
 164.16  167.78
 164.16   85.95
 164.19  147.69
 164.34  134.99
 164.38  196.57
 164.62   44.77
 164.96   64.29
 167.01  130.04
 167.03  133.76
 167.08  163.15
 167.16  145.36
 167.23  150.66
 167.24  106.74
 167.28  159.62
 167.41   94.44
 167.43   81.87
 167.49   90.11
 167.59  185.87
 167.61   58.05
 167.68   52.88
 167.70   83.89
 167.73  206.41
 167.79  223.34
 167.85  155.46
 170.10   45.29
 170.10  161.48
 170.30   97.66
 170.42  157.96
 170.49  134.89
 170.49  164.62
 170.61  140.51
 170.62   91.28
 170.65  103.45
 170.65  117.93
 170.70  146.28
 170.74  130.89
 171.07   69.35
 171.37  227.35
 171.80   60.41
 171.81  178.84
 172.54  169.47
 173.22   72.73
 173.66  201.59
 173.78  141.75
 173.83  146.56
 173.86  138.20
 174.10   53.98
 174.50  159.23
 174.53  150.94
 175.24  155.12
 175.52   60.35
 177.02   44.62
 178.06   62.86
 178.44  155.13
 178.65  181.01
 180.14   51.85
 180.84  199.16
 181.33   65.86
 181.35  172.64
 181.43  178.76
 181.49  183.94
 181.50   65.62
 181.73  145.44
 182.51   42.30
 183.41   97.24
 184.22  107.06
 184.58  157.35
 184.93  145.74
 185.01  118.21
 185.11   67.99
 185.48  239.84
 186.23   97.60
 187.08  150.26
 187.23  158.67
 187.32  204.42
 188.11   59.02
 188.82  175.49
 189.56  154.42
 190.25  242.32
 190.77  146.69
 191.01   41.96
 191.10  159.65
 191.48  140.00
 193.96   38.39
 194.12  235.25
 194.66  104.93
 194.81  220.99
 195.35   53.58
 195.79  109.24
 195.90  137.73
 199.04  164.92
 199.26   29.39
 199.57   43.19
 200.49  230.80
 200.66  208.76
 201.57  224.46
 202.92  236.06
 203.18  150.83
 203.54  138.77
 204.06  233.33
 204.09  138.30
 204.63   20.08
 205.55  146.58
 205.89   70.10
 206.30  149.39
 206.66  196.67
 207.38  100.95
 207.55   95.68
 208.36   14.53
 208.71   91.25
 208.72   34.10
 208.88  162.40
 208.95  192.66
 209.03  205.31
 209.51  148.05
 209.66   96.32
 209.82   79.45
 210.06  128.14
 211.02   15.89
 211.28  199.39
 211.66  190.50
 212.01    9.66
 212.27  146.86
 213.13  143.28
 215.96  195.72
 217.07  177.10
 217.31  130.87
 217.70  140.31
 217.83  212.39
 218.52  143.88
 219.12  132.49
 219.92   83.35
 221.22  142.12
 221.55   74.44
 221.61   73.83
 221.85  167.66
 221.86  163.41
 221.97  171.54
 222.01  178.68
 222.09  242.84
 222.25   91.51
 222.85  100.43
 223.74  143.87
 224.10  207.77
 224.78  160.61
 224.92  235.38
 225.11  184.41
 225.31  194.54
 225.35  173.91
 226.10   79.66
 226.26   56.97
 226.32   64.51
 226.91  103.93
 226.98   71.07
 227.24  112.17
 227.42  127.44
 227.44  127.33
 227.44  154.57
 227.82  176.77
 227.90  181.60
 228.62   77.66
 228.87  226.90
 229.67  169.66
 230.09   66.45
 230.31  200.98
 230.44  211.84
 230.45  189.47
 230.48  222.30
 230.96  232.54
 231.11   75.54
 231.47   91.63
 232.42   69.08
 232.80   61.24
 233.13   43.83
 233.86  157.51
 233.98  179.69
 234.33  194.29
 234.47  134.14
 234.55  225.44
 234.61  240.54
 235.03   71.17
 235.42  140.25
 235.52   66.17
 236.11   88.21
 237.01  127.82
 237.46  211.00
 238.12   72.92
 238.28  150.44
 238.60  214.33
 239.96   81.44
 239.99   67.08
 240.07  208.69
 240.45   61.81
 242.26  199.79
 242.70  204.79
 243.03   87.06
 243.03  127.33
 243.11   54.16
 243.64   81.42
 243.99  207.61
 244.34   57.60
 244.75   62.78
 246.01   79.52
 248.61   63.92
