   7.96   46.43
   9.76  144.63
  10.64  138.70
  11.12   35.34
  11.41  160.25
  11.53  167.72
  11.63  153.64
  13.08  130.85
  14.23   49.38
  15.29  159.64
  18.54  138.70
  18.55   29.67
  19.29   52.52
  19.70  143.54
  20.18  210.48
  20.80  134.97
  20.87  149.59
  20.92  187.21
  21.02   84.07
  21.64  203.73
  22.00   44.01
  22.07   48.06
  23.55   51.62
  24.27  229.96
  24.31  138.06
  25.02  195.63
  25.32  228.12
  25.80   41.62
  25.84  157.85
  26.18   49.20
  26.25  201.81
  26.87  231.89
  26.99  226.04
  27.35  132.36
  27.76   34.84
  27.96   46.87
  28.18   22.25
  28.20  137.77
  28.26  181.39
  28.94   29.56
  29.19   53.82
  30.74   10.70
  30.75   10.73
  31.83   86.83
  32.11  130.87
  32.37  242.71
  33.13   40.50
  33.23  146.69
  33.27   57.69
  33.27  164.22
  33.51  180.89
  33.68  115.39
  34.77  187.81
  34.81  122.23
  35.18  168.62
  35.29   40.24
  35.40  195.20
  35.70   49.14
  35.79   57.98
  36.53  134.08
  36.98   88.16
  37.62   54.90
  37.87   78.46
  38.01  123.69
  38.03  150.99
  38.06   48.97
  38.13  119.78
  38.35  187.57
  38.57  162.29
  38.59   62.88
  39.59  139.35
  40.06  149.00
  40.22   59.59
  40.47  183.85
  40.63   52.28
  41.34  135.29
  41.73   76.53
  42.11  155.69
  42.63  119.25
  42.97  110.40
  43.32   19.78
  43.58  180.28
  43.59   58.39
  44.53   53.67
  44.68   77.78
  45.25   68.15
  45.97    8.97
  46.58  191.39
  47.25  137.89
  47.32   73.53
  47.43   83.04
  47.51  191.12
  47.93  177.92
  48.56  132.01
  49.44   47.84
  49.60   76.84
  49.88   11.31
  49.94  112.95
  50.09  134.57
  50.69   77.89
  50.93  140.83
  51.33  138.11
  51.40   67.86
  52.17  127.62
  52.54   40.23
  53.09   72.85
  53.87  198.73
  54.26  142.92
  54.33   53.20
  54.38   43.76
  55.49  191.47
  55.59   41.51
  55.63  177.77
  55.83  197.83
  58.56  136.84
  58.60  148.64
  59.39  196.39
  61.04  192.25
  61.53  135.12
  61.59   64.14
  62.17   48.03
  63.51   74.61
  63.73   24.94
  63.77  244.52
  63.97   59.39
  64.06  105.14
  64.26   64.34
  65.78  147.37
  66.17   21.80
  66.72   14.39
  66.93   74.55
  66.96  144.29
  67.37   69.48
  67.80   63.49
  67.93  196.37
  69.51   95.35
  69.64   56.10
  69.70  144.80
  70.30   65.77
  70.40  176.98
  71.68  204.15
  71.88   71.22
  72.15   94.88
  73.43   81.32
  73.95  139.82
  74.28  211.20
  74.95  148.61
  75.47   34.48
  75.97   19.95
  76.13   45.72
  76.88   35.13
  76.92  196.34
  76.95   30.79
  77.43   25.99
  77.71   20.22
  78.17   85.41
  79.08   20.06
  79.10  135.54
  80.68  143.52
  81.10   60.65
  81.30  139.96
  81.31  208.03
  82.10  177.07
  82.13    8.30
  82.41   57.69
  84.22   57.87
  85.26  196.18
  85.35  138.89
  85.52   65.13
  86.97  155.07
  87.17  163.26
  87.26  132.79
  87.72  113.36
  87.85  205.75
  88.50  151.53
  89.03  146.39
  89.59  186.51
  89.69  174.13
  89.82  142.72
  89.94  111.38
  90.21   71.26
  90.79  176.08
  90.90  115.51
  91.26  129.95
  91.29   56.32
  91.33   67.44
  91.62   99.88
  92.11  200.10
  92.18   76.36
  93.23  195.74
  93.35  112.09
  94.10  150.59
  94.99  108.73
  95.39  133.51
  95.66  115.42
  95.82  118.93
  95.86   57.20
  96.34  170.34
  96.72  179.89
  96.90  200.56
  97.56  139.69
  98.13  176.46
  98.80  176.90
  99.52  195.92
  99.83  173.22
 100.87  199.93
 101.11   59.20
 102.26   69.41
 102.42   49.74
 103.17  166.77
 103.87  101.51
 105.54  120.72
 105.93   84.02
 106.00   91.70
 106.05  189.05
 106.35  168.03
 106.52   59.89
 106.55  189.81
 106.61   64.93
 106.71   69.50
 107.11  117.05
 108.09  188.63
 108.35   51.96
 108.38  131.77
 108.42  114.15
 108.44  225.46
 108.86   45.07
 109.06  169.43
 109.47  120.58
 110.08  142.60
 110.57   58.01
 110.62   81.95
 110.67  158.00
 111.29   61.04
 111.38  120.46
 111.38  188.57
 111.93  206.20
 112.30  117.22
 112.51  219.64
 112.89  144.33
 113.57   75.58
 114.60  191.19
 114.63  103.04
 114.66  190.78
 114.79   55.62
 115.17  148.33
 115.18  125.64
 115.54  218.11
 115.58  120.08
 115.58   41.94
 115.77   72.60
 115.91   58.52
 116.37  196.94
 116.80  200.26
 117.25  158.45
 117.73   85.73
 117.75   89.63
 117.80   53.76
 117.86  128.54
 118.01   61.62
 119.39  167.72
 119.54  202.85
 119.73  110.46
 120.10   95.08
 120.28  100.57
 120.56  157.87
 120.62   77.28
 121.08   70.44
 121.20   56.06
 121.31   35.86
 122.70  159.96
 125.82   35.23
 126.06  114.98
 126.40  106.28
 126.48  126.01
 126.59   68.39
 126.73   74.97
 126.91  110.87
 127.89   53.44
 127.89  134.47
 128.12   66.80
 128.63   30.35
 129.23  103.66
 129.23   46.32
 129.81  158.10
 129.90  113.83
 129.94  111.04
 130.47  111.26
 131.05  167.36
 131.12   56.76
 132.00  133.26
 132.03  128.91
 132.96  115.03
 133.16   44.44
 133.52   35.49
 133.78  168.90
 133.83   63.59
 134.58  111.43
 134.60  137.18
 134.88   57.81
 135.04   49.51
 135.05   16.09
 135.14  160.62
 137.31   45.36
 137.70   27.01
 137.98  168.43
 138.16   13.20
 138.65   52.20
 138.68  133.45
 138.97   56.50
 139.94   46.88
 140.18  157.03
 142.06   77.29
 142.23  159.84
 142.39  163.25
 144.70  120.60
 145.50   74.80
 146.26  133.21
 146.56  138.99
 147.74  107.88
 148.16  157.73
 148.28  164.20
 148.63  160.84
 149.45  148.84
 151.24  167.35
 151.49  167.22
 151.81  133.97
 152.72  140.01
 152.89  120.43
 154.85  163.15
 155.09  134.22
 155.53  149.96
 155.53  145.84
 159.91   15.92
 160.47  131.81
 162.41  145.84
 162.67   10.51
 162.99   17.15
 163.19   77.92
 163.58  134.79
 164.03  125.21
 164.61  170.39
 164.78  164.69
 167.07   54.92
 167.18  119.97
 168.55    8.84
 168.76   11.10
 168.79  168.07
 169.05  161.63
 169.08  161.86
 169.68  148.90
 171.67   40.98
 172.39   10.50
 172.97  171.86
 173.21   20.66
 173.54   16.59
 173.58  134.33
 176.90   91.54
 177.05  151.75
 177.38   35.05
 177.42   76.83
 177.60  161.00
 178.17  150.96
 179.06   47.86
 179.57  139.09
 179.73   20.08
 179.79  163.79
 180.26   77.65
 181.53   12.91
 182.56  159.54
 182.63  125.48
 183.40   31.80
 183.45   20.53
 183.86   59.97
 184.42   25.41
 186.13  132.91
 186.41  137.26
 186.56   88.61
 188.33  124.72
 188.38  149.12
 188.51  163.01
 189.47   79.96
 190.28   80.49
 190.29   73.30
 191.25  120.17
 191.34   70.77
 191.38   66.33
 191.41  130.87
 191.69  140.29
 192.08  136.83
 192.19  123.40
 193.48  151.54
 193.91   63.23
 193.97   77.33
 194.92  136.53
 195.19  124.75
 195.49   64.41
 196.11   54.08
 197.31  173.78
 197.49  106.66
 197.49  163.49
 197.53   18.51
 197.65   49.44
 197.79  136.90
 197.89  150.89
 197.92   18.86
 197.94   57.26
 198.48   15.59
 198.48   77.32
 199.10   79.47
 199.63  179.51
 200.91   71.28
 200.94   44.22
 201.04  108.47
 201.12  102.44
 201.16  104.65
 201.20   29.60
 201.21   95.70
 201.61  172.92
 201.89  122.80
 202.24  127.20
 203.19  168.42
 203.33  146.48
 204.08  172.93
 204.20   81.51
 204.54  164.73
 205.24  141.90
 205.25  150.12
 205.72  145.52
 206.26  111.43
 206.27  180.21
 208.02  177.17
 208.16  171.34
 209.15   40.38
 209.17   38.51
 209.40  127.23
 209.56  183.51
 209.59  163.57
 210.21   74.17
 210.31   25.31
 210.39   56.79
 210.82  180.53
 210.96   23.47
 211.06  164.83
 211.27   16.35
 212.44  109.24
 212.46  106.62
 212.67   36.42
 212.91  172.78
 213.81   59.35
 213.97   90.64
 214.03   47.27
 214.12   90.32
 214.23  183.66
 214.40   10.93
 214.64   19.82
 214.84  186.32
 215.00   17.34
 215.17   43.69
 215.86   72.74
 216.54   25.85
 216.76   25.37
 216.76   31.35
 216.79  174.74
 216.90  140.83
 216.94   69.54
 217.20  136.85
 217.30  159.62
 217.32  164.03
 217.46  155.07
 217.92   36.73
 218.24  184.19
 218.26  170.86
 218.46  118.83
 218.87  128.92
 219.63  148.12
 219.63  157.13
 219.95  126.82
 219.96  141.70
 220.03  172.07
 220.31  183.49
 220.39  120.92
 220.41   71.37
 220.78   92.47
 220.83   92.48
 221.00  106.46
 222.37  147.83
 223.08  115.28
 223.28   73.82
 223.31  177.24
 223.47  133.10
 223.50   33.19
 225.01   22.69
 225.14  147.63
 225.22  137.48
 225.71   70.87
 226.21  120.57
 226.38  185.45
 227.42   15.42
 227.50   51.87
 228.39   70.04
 228.80  124.42
 229.64   24.74
 229.93   94.05
 229.95   47.23
 229.97   24.78
 230.18  149.15
 230.19   54.55
 230.34   15.82
 230.61   35.10
 230.84  133.32
 230.98  121.24
 231.10  160.84
 231.83   49.35
 232.16   42.27
 232.81  155.40
 233.46   13.31
 233.63    9.66
 234.24  158.00
 235.12  145.91
 235.28  142.82
 235.33  139.99
 235.52  193.86
 236.05   23.21
 236.35  161.16
 237.06  127.04
 237.10   28.95
 237.29  121.10
 238.07  188.03
 238.48  143.82
 238.77  138.17
 239.95   66.80
 240.97  168.26
 242.06  141.38
 242.17   26.74
 242.29  154.28
 243.12   67.33
 243.56   62.26
 244.39   13.35
 244.93   75.34
 244.99  113.49
 245.89  141.59
 246.37   77.54
 246.52   34.13
 247.49   23.07
 247.61   28.95
