   8.15   93.38
   8.77  160.14
  10.11  176.29
  10.75  168.25
  11.03   57.89
  11.53  100.46
  14.27   59.35
  15.60  180.20
  15.78   97.30
  16.14   88.14
  19.08   60.85
  19.45   55.24
  20.10  174.40
  20.16   64.81
  20.35    7.73
  21.83  171.55
  22.13  200.18
  22.94  179.07
  23.09   60.39
  23.60   12.22
  23.99   40.24
  26.73  199.74
  27.23   38.49
  27.27   66.85
  27.39   66.71
  27.77  202.99
  29.77   71.34
  29.83  167.68
  30.00  131.76
  30.06  147.99
  30.20   84.50
  31.66  157.81
  32.92  174.84
  33.61  142.22
  36.23   35.85
  36.43  169.49
  36.93  185.68
  37.24  194.13
  38.24  164.81
  39.11   73.11
  39.66  178.52
  39.72  174.82
  39.91  140.27
  40.46  155.92
  40.86  193.71
  40.88   65.13
  41.28   71.17
  42.21   34.47
  42.42   19.30
  42.49  126.33
  42.55  158.10
  42.75  152.86
  43.27  148.10
  43.78  200.93
  44.19   71.16
  44.71  215.21
  45.33   30.74
  45.74  151.32
  45.90  164.70
  46.19  159.54
  46.97   73.87
  47.69  190.70
  48.26  148.39
  48.31  200.14
  49.06   77.29
  49.46   23.61
  50.01  187.87
  50.02  170.36
  50.40   90.39
  52.19  134.24
  53.81  187.43
  53.88   50.39
  54.00  190.58
  54.95  118.75
  55.10  126.40
  55.30  139.49
  55.43  190.26
  55.66    7.36
  55.68  140.06
  57.44  182.28
  57.86   53.34
  58.13  169.67
  58.26  100.07
  58.74  128.98
  58.99   63.30
  60.56   98.62
  60.72  167.03
  61.09   30.63
  61.21  160.50
  61.55  153.82
  61.79  149.06
  62.03  144.86
  62.87   54.99
  63.07   87.76
  63.15  141.56
  63.25  134.01
  63.79  188.74
  64.36   52.48
  64.55  123.72
  65.29   76.08
  65.60  106.87
  66.30   14.11
  66.32   91.20
  66.43   72.41
  66.73   31.85
  66.95  181.95
  67.02  162.11
  67.36   17.92
  67.76   58.90
  68.12   12.04
  68.21   29.79
  68.48  158.61
  68.49  145.87
  68.61  154.34
  68.75  149.81
  70.29  128.13
  71.07   39.37
  71.28  190.81
  71.42   28.95
  71.48   21.54
  71.52  146.89
  71.63   17.15
  71.86  152.11
  72.02  158.96
  72.22  185.48
  72.45   88.68
  73.39  172.88
  73.98  119.60
  74.52  133.13
  75.77  190.74
  76.71  199.46
  77.46   96.61
  77.53   16.68
  77.71   16.73
  78.05   11.50
  78.92   55.39
  79.00  133.49
  79.99   37.45
  80.01   91.20
  80.05   95.03
  80.20  197.83
  80.40   65.07
  80.58   14.86
  81.00  169.71
  83.57   52.84
  83.59   46.07
  84.47   23.66
  84.56   39.10
  84.97   19.33
  85.08   73.02
  85.69   50.44
  85.76   97.23
  86.03  183.06
  86.57   35.56
  86.73   79.50
  86.91   29.21
  87.00  180.27
  87.21   44.53
  87.44  102.31
  87.82   49.87
  87.98   35.06
  88.45   81.70
  88.46   28.85
  89.14   20.96
  89.63  150.35
  91.04  113.91
  91.90   85.35
  92.05  159.92
  92.29  185.42
  93.21   54.14
  93.33   46.78
  93.35  167.50
  93.48   34.76
  93.74  159.49
  93.92   26.33
  93.98  138.74
  94.85  174.35
  95.18    7.62
  95.71   17.71
  96.85  199.43
  97.56   43.19
  98.30    9.63
  98.61  120.61
  98.90  181.06
  99.16  161.17
  99.24   23.52
  99.78  146.23
 100.88  170.23
 101.17  152.17
 101.45  101.51
 101.57   80.55
 103.02   71.23
 103.05   13.32
 103.21  126.91
 103.57  146.45
 103.61   58.59
 103.63  107.50
 103.90   75.03
 103.93   39.09
 104.19   60.27
 104.54   45.02
 105.65   33.95
 106.15   51.47
 107.41  103.86
 107.72  110.12
 107.77  134.77
 108.63  193.85
 108.84  154.85
 109.14   53.60
 109.66  187.10
 109.98   11.33
 110.28   69.41
 110.99  143.11
 111.40   40.66
 112.30  191.81
 113.47  153.74
 113.52  120.26
 113.71   23.52
 113.88   50.36
 114.69   95.20
 114.83   86.21
 114.87  169.49
 116.05  192.47
 116.94   32.72
 117.06  176.11
 117.28  116.87
 118.73  104.97
 119.19   94.04
 119.27   84.58
 119.76   64.25
 119.78   89.23
 119.89   76.50
 120.07   40.65
 120.37   48.98
 121.03    7.27
 121.05  180.05
 122.57  125.62
 123.21   21.38
 123.29  192.11
 123.33   14.48
 123.38   17.63
 123.96   44.71
 124.24  151.84
 124.37   11.83
 124.38    6.93
 124.69   40.30
 125.29  190.05
 125.37  119.87
 125.81  193.60
 125.99   63.51
 126.63  178.33
 127.94  112.39
 128.56   46.80
 128.63   34.80
 129.86   62.42
 130.73  143.17
 130.98   87.50
 131.81   27.76
 134.38   83.93
 135.08   89.83
 135.18   33.93
 135.25  145.40
 135.70   46.49
 136.04   78.31
 136.05   29.41
 136.09   73.47
 136.86  187.79
 138.70   76.22
 138.81   27.38
 138.91   21.78
 138.99    7.31
 138.99   83.17
 139.09  145.52
 139.97  164.94
 140.42   19.52
 141.05   45.32
 141.43   75.52
 141.67   68.75
 142.28   63.33
 142.31  165.78
 142.52   39.47
 142.55  111.42
 142.69  162.39
 142.85   51.82
 142.89   55.92
 142.94  132.89
 143.02  138.28
 143.11  154.26
 144.52   68.67
 144.99  167.42
 145.68  129.48
 145.71  137.28
 145.76  151.75
 145.96   54.98
 146.07  176.53
 146.22  175.28
 146.45   99.88
 146.75   70.42
 146.83   77.81
 146.86  111.81
 147.26   32.85
 147.83  179.98
 150.05  162.28
 150.62  169.24
 150.96  181.52
 151.40  114.29
 151.54  105.85
 151.57  101.62
 151.59   97.69
 151.65   65.12
 151.66   78.55
 151.69   60.53
 151.77   80.98
 151.89  147.44
 152.70  159.36
 152.82  161.84
 154.12  112.16
 154.43   85.85
 154.46   82.46
 154.52  106.00
 154.63  119.41
 155.95  126.59
 157.84  103.32
 158.46   59.79
 159.89  181.85
 160.36  164.29
 160.47  157.73
 160.80  167.73
 160.87  134.52
 160.90   99.31
 161.46  134.49
 161.86  145.88
 162.27   79.04
 162.72   56.56
 162.86  178.89
 163.35  188.44
 163.60  175.88
 164.31   40.01
 164.93   85.00
 166.31   77.96
 166.35   99.37
 166.59  167.45
 166.92  144.76
 167.03  163.48
 167.04  232.12
 167.40  177.89
 167.65  146.98
 167.77   57.38
 167.81  186.17
 167.85  120.63
 168.04  123.38
 168.22   79.04
 169.09   79.43
 169.47   82.81
 169.59  103.86
 169.99  130.08
 170.39   61.55
 170.94   82.27
 170.97  117.07
 172.31  183.44
 172.41   67.99
 172.49  167.12
 172.59   97.79
 172.65   77.57
 175.37  176.32
 177.68  142.62
 178.11  154.24
 178.14  167.10
 179.14  159.29
 179.33  108.17
 179.56   84.59
 179.70  131.27
 179.74   89.12
 180.07  184.93
 180.50  175.69
 181.44  135.57
 181.45  157.31
 182.14  122.15
 183.31  107.18
 183.83   70.76
 184.32   58.50
 186.38  177.15
 186.83  155.00
 186.92  162.83
 187.11  170.90
 187.95   89.76
 188.01  115.81
 188.02  145.43
 188.04   97.02
 188.31  183.27
 189.29  127.92
 189.58  148.08
 189.60  143.28
 190.61  105.38
 191.13  151.56
 191.35   94.90
 191.51  113.06
 192.85  170.30
 193.41  142.36
 193.43  151.30
 194.05  111.58
 194.44  134.08
 195.17   79.61
 196.20  187.38
 196.44   76.91
 196.49  110.16
 197.79  129.48
 197.91   74.92
 198.11  173.05
 198.79  144.24
 198.90  178.01
 198.93  167.09
 199.01  139.48
 199.45   80.15
 199.67  155.94
 202.01  184.16
 203.07  227.94
 203.07  176.05
 203.33  156.05
 203.38  118.24
 204.76  135.23
 205.66  184.01
 207.00   72.08
 207.03   87.01
 207.35  104.17
 207.81  175.88
 210.54  100.11
 210.63  152.48
 211.13  150.98
 211.49  114.74
 211.60   92.37
 211.71  159.66
 213.67  143.89
 214.02   81.53
 215.86  113.21
 217.77   97.36
 217.81  172.57
 219.36   94.51
 219.48  108.32
 219.65   91.45
 219.70  150.40
 220.20   88.57
 220.21  114.07
 220.48  119.78
 222.22  135.90
 222.69  179.01
 223.66   91.11
 224.77  142.85
 226.86  180.76
 229.08  165.21
 230.08  169.36
 231.00  145.02
 231.24   90.74
 231.46  151.62
 231.67  108.35
 232.02  165.67
 232.86  179.05
 233.80  174.14
 235.62  104.17
 235.85   90.57
 236.85  179.58
 237.09   94.96
 237.64  163.60
 239.83  178.62
 242.23  161.78
 243.92  164.59
 247.23  167.39
 247.81  152.61
