   6.93  182.85
   7.58   35.65
   9.30   17.63
   9.46  182.63
  10.10   53.54
  10.46  101.89
  11.60  149.53
  11.88  163.95
  12.35   37.75
  15.28  111.35
  15.68   69.15
  16.30   62.24
  16.40  120.54
  17.28   38.00
  17.83   28.14
  18.23   72.97
  18.34  117.53
  19.68   66.39
  20.06   61.78
  20.52   56.58
  20.58   10.33
  20.84   49.71
  20.84   33.53
  20.86   77.10
  21.18   41.94
  21.20  171.71
  21.29   46.18
  21.33   42.27
  21.35  197.05
  21.39  111.36
  21.52  114.89
  22.83  181.71
  23.39  191.05
  24.07   17.09
  24.55   35.56
  25.03  169.17
  25.10   27.47
  25.29  114.45
  25.71   42.21
  26.05    7.13
  26.61  172.12
  26.93  134.95
  27.75  182.39
  27.87   50.47
  28.15   75.33
  28.65   70.01
  28.80   64.64
  29.13   58.31
  29.17   30.91
  29.39   56.03
  29.69   36.42
  30.30   51.75
  31.41  178.44
  32.39  179.75
  32.71  169.65
  32.93   42.61
  33.35   84.70
  33.39   34.09
  33.46   29.97
  34.66   53.62
  35.29   39.39
  35.38  226.66
  36.20   35.59
  36.22   66.14
  36.46  171.74
  36.78  125.11
  38.00   37.58
  38.39   63.66
  39.80   89.05
  39.97  134.59
  40.17  225.98
  42.09   91.88
  43.05  165.71
  43.78   82.07
  44.29   60.11
  44.35   43.33
  44.42  238.78
  44.88   65.77
  45.56   34.20
  46.47  136.76
  47.26  129.67
  47.97  236.91
  48.09  231.04
  48.20  149.73
  48.32  172.29
  48.44  171.99
  48.75  222.81
  49.16  247.69
  49.98  216.13
  51.50   66.80
  51.97  135.74
  53.22  149.58
  53.36  170.00
  53.48  210.19
  53.52   56.04
  53.73  217.09
  54.74  154.34
  55.78  239.96
  56.08  120.00
  56.56  230.81
  57.07  210.66
  57.24   97.03
  60.71  202.56
  60.74  234.76
  61.65  231.80
  64.58  215.38
  67.72  101.25
  68.27  125.49
  68.45  129.31
  71.73  229.70
  72.41  177.03
  72.59  232.57
  73.16  153.04
  75.38  202.33
  79.16  204.85
  83.04  104.90
  83.89  159.98
  83.92  163.12
  84.27  153.07
  86.89  213.01
  86.90   42.69
  87.11  172.71
  87.60  218.96
  89.78  191.19
  90.35  190.56
  92.81  156.65
  93.81  163.71
  93.92  163.89
  96.19  213.63
  97.60  157.51
  99.44  176.42
  99.85  206.41
  99.88  210.93
  99.92  128.02
 100.44  181.47
 100.50  155.16
 101.60  152.44
 101.81  133.75
 103.72  160.51
 104.78  180.39
 106.27  152.48
 107.53  155.39
 109.38  181.94
 109.64  178.26
 110.13  169.51
 112.62  176.91
 112.75  160.06
 112.97  101.97
 113.04  184.29
 116.70  187.70
 117.13  194.05
 117.31  170.50
 118.43   99.32
 119.47  178.13
 120.58  193.35
 121.39  102.22
 121.71   97.69
 121.93  160.54
 121.94  188.47
 122.39  155.71
 122.40  173.14
 122.41  152.22
 123.87  174.07
 125.24  175.77
 128.30  195.39
 128.93  189.43
 129.74  183.58
 130.24  136.12
 131.35  171.08
 131.93  155.13
 132.00  162.06
 132.17  167.08
 133.64  186.93
 134.71  140.73
 134.98  108.72
 135.09  177.28
 135.84  204.63
 135.97  204.60
 137.30  174.72
 137.84  183.63
 140.73  148.75
 140.78  154.50
 141.25  159.64
 141.36  164.28
 142.21  121.78
 143.41  172.92
 146.17  159.26
 146.26  164.38
 146.29  180.56
 149.40  143.01
 149.47  177.49
 149.83  134.05
 150.22  162.84
 150.51  151.69
 150.57  109.35
 150.86  158.90
 153.20  184.40
 154.07   94.05
 155.18  180.82
 155.99  148.62
 156.26  154.71
 156.45  128.73
 157.34  152.55
 157.67  172.39
 158.29  130.55
 159.00  159.18
 159.01  179.11
 160.53  149.73
 160.96  182.11
 162.34  174.66
 163.15  184.88
 164.23  146.67
 166.14  124.10
 167.03  104.65
 168.66  110.39
 170.97  127.12
 170.98  146.99
 171.05  190.98
 171.24  114.26
 171.83  129.96
 172.52  120.70
 173.97   93.60
 174.27  166.09
 174.48  191.53
 174.88   85.52
 175.34  127.07
 175.69  200.66
 176.35   77.78
 176.85  152.15
 177.10   61.89
 177.34  157.99
 177.58  162.04
 177.75  148.32
 177.83  133.14
 178.32  201.18
 178.55  190.98
 178.66   92.74
 178.81  119.11
 179.25  201.26
 180.47  151.53
 180.60  144.73
 181.56  122.91
 182.99   59.93
 183.44  145.95
 183.51  166.12
 183.99   63.51
 184.47  186.17
 185.71  144.46
 187.21   48.11
 187.32  119.92
 189.07   58.76
 189.60  189.46
 189.65  193.64
 189.81   67.50
 190.15  159.03
 190.35  158.67
 190.57  202.32
 190.99  148.94
 191.13  199.70
 191.51  116.34
 191.62  166.65
 191.70  113.37
 191.71  206.14
 191.74  120.73
 192.06  185.97
 192.10  134.24
 192.31  131.10
 192.83   91.09
 193.14  172.17
 193.82  191.65
 194.49   65.10
 194.57   76.16
 194.68   49.75
 194.98  148.68
 195.19  194.99
 197.07   83.57
 197.92  185.47
 198.19  163.62
 198.39   63.19
 198.47  167.05
 198.48   66.02
 198.81  158.59
 198.90   89.18
 199.70  205.40
 201.23  163.27
 202.15  144.39
 202.36  148.49
 202.67   98.95
 202.79  156.53
 203.11  110.50
 204.34   98.33
 204.96  200.45
 205.14  141.65
 205.61  196.60
 205.63  131.73
 205.92  179.63
 206.57  148.26
 207.53  113.12
 208.17  128.28
 208.43  131.69
 208.75  106.09
 209.02  194.76
 209.16   38.41
 209.45  172.68
 209.81   40.88
 209.96  205.90
 211.85  140.22
 213.24  198.26
 213.24  194.17
 213.67  175.98
 214.22   36.19
 214.55   49.60
 214.72  163.29
 214.96  120.94
 216.12   71.82
 216.46  182.45
 217.09  166.73
 217.14   44.76
 217.33  126.09
 217.61  159.90
 217.77   49.71
 218.82  176.90
 219.23  106.20
 219.33  101.09
 219.70  182.42
 219.73   44.84
 220.31  120.87
 220.35  128.72
 220.70  112.70
 221.22  171.48
 222.80   76.32
 223.65  124.10
 225.21   78.35
 225.57   67.91
 226.01  190.26
 226.04  162.68
 226.41  166.19
 226.65  199.83
 226.66  109.74
 227.22   88.16
 227.56  124.76
 227.99   35.37
 228.54  215.62
 228.69  118.57
 229.17   37.28
 229.55  182.03
 229.71  196.88
 230.52   16.82
 231.12  190.12
 233.23  126.87
 233.41  123.72
 233.63   91.38
 234.12   13.43
 234.28  188.15
 235.32   93.83
 236.91   57.94
 237.88  187.56
 237.91  196.87
 238.73  179.44
 239.28  184.11
 240.72   88.43
 240.98  191.98
 241.06   94.85
 241.08   27.41
 242.14   91.78
 243.09  134.04
 243.59  186.39
 243.94  183.06
 244.71  176.10
 245.40  189.53
 246.14   65.30
 246.39  138.05
 247.65  121.89
 248.41  135.46
 248.91   94.52
