   7.38  227.49
   8.13  104.01
  10.10  143.52
  11.04  215.96
  12.17  158.26
  12.90  212.63
  13.18  149.63
  14.44  228.31
  14.67  138.61
  15.53  160.74
  15.74  149.61
  16.05  107.03
  16.59  197.80
  17.20  110.51
  20.34   54.77
  20.86  147.85
  21.89  157.60
  25.19  217.00
  28.46   62.89
  28.94  147.83
  29.69  174.22
  30.50   98.41
  32.78  194.23
  35.07  219.31
  35.52  162.60
  36.70  151.53
  38.78   80.97
  40.18  161.04
  40.28   75.81
  41.03  153.71
  41.77  155.85
  41.80   86.03
  41.81  104.20
  43.92   73.56
  44.12   77.17
  44.36  148.39
  45.05   74.84
  45.47  113.22
  46.18   91.48
  46.61  127.17
  47.19  154.27
  47.32   80.37
  49.31   78.57
  49.82  106.83
  50.77  213.87
  50.78   77.06
  50.82   50.98
  51.25   93.76
  51.29  147.59
  52.27   67.01
  52.61   61.66
  52.87  157.76
  52.97   71.90
  53.85  150.92
  54.61   92.00
  55.21  147.86
  55.36  108.89
  55.92  104.19
  56.43  107.87
  56.54   74.16
  58.29  109.72
  58.79   66.61
  59.61  148.97
  60.82   39.07
  62.84   95.97
  63.41  106.29
  63.91  112.27
  64.51   83.56
  65.19  173.11
  67.25   99.76
  67.80   45.80
  69.25   64.22
  70.00   30.42
  70.18  148.83
  70.49   89.64
  70.69  191.29
  71.15   86.34
  71.33  141.00
  71.54  205.69
  72.66  110.94
  72.77  160.38
  73.23   64.93
  75.12  106.70
  76.70  153.15
  77.48   70.63
  77.50  111.55
  77.53   53.45
  78.76  107.51
  79.01   80.99
  80.01  165.48
  80.03  188.09
  80.07  106.61
  80.12   41.52
  80.30   35.60
  81.50   91.51
  81.62  102.04
  81.63   85.70
  81.72  154.02
  81.95  144.28
  82.25   40.73
  82.25   43.54
  82.57  169.72
  83.19   33.28
  83.37   94.28
  84.26   95.65
  85.31  116.12
  85.44  104.33
  85.45  101.57
  86.30  166.60
  86.33   99.76
  87.57   95.91
  87.79   38.21
  89.97  154.40
  90.49  163.97
  91.19   46.22
  91.49   75.74
  91.90   39.84
  92.16   80.28
  93.12   91.86
  93.75  184.84
  94.02   35.62
  94.86   31.51
  95.22   85.40
  96.13   82.45
  96.73   88.38
  96.89  117.08
  97.14   78.43
  97.35  159.12
  97.66  162.69
  98.42   44.72
  98.50  155.16
  98.76   33.00
  98.78   63.59
  99.14  140.78
  99.27  173.31
 100.80  192.73
 101.08  137.14
 101.43  154.01
 102.75  111.95
 102.96  120.25
 102.99   31.36
 103.04   36.56
 103.09   63.50
 103.24  133.99
 104.98  215.12
 106.03  153.21
 106.05   24.88
 106.11   33.06
 106.32  198.35
 106.55   30.34
 107.26   80.99
 107.43   81.20
 108.49  205.91
 108.57   93.68
 108.67   26.37
 109.48   50.78
 109.64  228.34
 109.79  202.96
 111.23  163.32
 111.23   28.43
 111.62  157.82
 111.64   45.95
 111.92  131.65
 112.44  218.92
 112.49   96.91
 113.14  206.98
 114.73   26.82
 114.89   21.59
 115.16  134.64
 115.55   77.80
 115.59  209.76
 115.62   53.89
 115.88  199.66
 116.43  153.17
 117.41  219.05
 117.74   25.49
 118.05  225.22
 118.05  214.15
 118.30   85.02
 119.15  160.03
 119.83  107.01
 119.94   20.08
 120.28  133.59
 120.35   43.35
 120.61  124.85
 120.65  167.64
 120.67   63.75
 120.79  122.51
 120.81  194.88
 120.89  219.17
 121.07  115.05
 121.08  171.19
 121.11  152.97
 121.15  145.95
 121.17  129.36
 121.73  100.52
 122.41  103.82
 122.66   30.62
 122.95  196.89
 123.07   14.85
 123.21   16.90
 123.29   24.06
 123.31   18.40
 123.46  148.90
 123.58   24.27
 123.92  194.08
 123.95   49.02
 124.36   79.52
 124.42  216.29
 124.44   11.54
 124.56  216.32
 124.98  153.56
 127.21  213.92
 127.31   72.74
 127.61   46.90
 127.87  124.62
 128.10   72.06
 128.24  129.88
 128.27   35.24
 128.57  119.22
 128.83  111.16
 128.90  175.59
 129.35  170.08
 129.75   41.02
 130.05   20.15
 130.15  218.30
 130.31  107.42
 130.45  163.95
 130.92   24.90
 131.06  128.06
 131.14  121.49
 132.11  196.45
 133.13   67.30
 133.21  105.77
 133.46   37.39
 133.78   54.79
 133.83   13.59
 133.93   46.27
 134.14  113.32
 134.20  102.03
 134.25  109.67
 134.43  190.54
 134.57   65.21
 136.24  163.07
 136.57   50.09
 136.86  134.77
 137.34  105.17
 137.36  132.80
 137.80  111.53
 138.55  166.43
 139.02  140.08
 139.28  192.15
 139.50   18.64
 139.64   26.84
 140.50  110.16
 140.64  159.72
 140.89  107.96
 141.01   58.65
 141.52   70.17
 141.91   11.53
 142.12   61.65
 142.88  171.01
 143.72  119.82
 144.16  126.33
 145.11   92.75
 145.24  106.54
 145.33   59.54
 145.36   13.36
 145.59   71.62
 146.95  155.70
 147.62  157.43
 147.74  143.22
 147.77   68.50
 148.45   91.58
 148.60  107.13
 148.65  142.27
 148.87  116.61
 149.03   11.41
 149.39  170.95
 151.16    6.94
 151.30  130.19
 151.84   60.87
 152.49  105.47
 152.95  154.41
 153.37   10.00
 153.58  164.38
 153.67   99.45
 153.93  112.77
 155.26  104.96
 155.78   11.74
 156.03  175.94
 156.33  106.36
 156.64  109.06
 156.90   97.63
 159.03   83.09
 159.28  140.54
 159.56   24.98
 159.70  114.07
 160.16   49.72
 160.81   63.84
 161.05   28.58
 161.56  106.05
 162.34  204.92
 162.78   54.71
 162.86  118.16
 162.98  117.01
 163.31  134.60
 164.86   14.26
 165.46  144.81
 168.56  111.21
 168.61   97.66
 168.81   70.64
 169.64  107.74
 170.61   61.02
 170.84   28.93
 170.86   32.13
 170.97  117.82
 171.06  130.25
 171.25  101.72
 171.42   23.89
 171.43   68.85
 171.47   20.66
 171.55  101.22
 171.75   90.93
 171.77  104.28
 172.18   72.78
 172.29  111.42
 172.30   80.01
 172.33   83.46
 172.43   99.45
 172.54   44.84
 172.84  205.50
 172.90   53.87
 172.99   58.03
 173.47   31.11
 173.72  116.71
 173.73  106.65
 173.81   61.80
 174.35  127.13
 174.85   76.62
 175.21  109.82
 176.01   18.02
 176.66   34.18
 176.82   65.02
 177.09   12.73
 177.24  151.31
 177.53   35.94
 177.68  100.01
 177.82   46.37
 178.43  116.98
 178.99  102.87
 179.15  106.78
 180.41   60.46
 181.71   35.14
 182.20  127.85
 182.42   43.10
 182.72  131.76
 183.00  142.23
 183.13   62.95
 184.11  141.22
 184.90   30.36
 187.28  120.00
 187.34   26.04
 187.38  207.97
 187.42  210.45
 187.69   82.76
 190.93   26.65
 191.42   23.17
 191.50  157.20
 191.65   29.27
 191.81  105.19
 192.21   68.24
 192.60   54.42
 193.49  118.99
 193.77  140.89
 194.03  216.68
 195.95   16.74
 195.96  142.32
 196.28    9.75
 197.48   65.41
 198.18   21.39
 198.37   23.59
 198.62  168.46
 199.84  172.01
 200.78   59.24
 201.61   23.80
 201.92  150.40
 202.19  174.89
 202.19  121.81
 202.25  168.76
 202.33  182.53
 202.66    6.71
 203.55   20.97
 204.29  213.33
 205.10  178.66
 207.26  175.08
 207.59  168.97
 208.97   89.52
 209.01   48.92
 209.39  171.98
 209.54   75.07
 211.64   91.32
 212.44   88.43
 213.05  219.38
 213.53  115.91
 213.90  123.76
 214.67   73.07
 215.04   94.45
 215.26   55.02
 216.15   98.72
 216.53   61.99
 216.60   69.84
 216.85  160.31
 217.69  134.34
 218.93  115.77
 219.25   43.72
 219.26   71.96
 219.42   57.24
 219.43   86.78
 219.65   16.75
 223.95  129.01
 223.96  141.52
 224.03  137.91
 227.74  224.44
 229.07   11.57
 234.06   12.18
 234.07  224.04
 234.26   34.31
 234.46  138.59
 234.56  174.23
 234.60  128.64
 234.68  142.27
 234.82    8.64
 235.07   37.70
 235.62   82.27
 239.02    9.46
 239.99   34.79
 240.40   95.28
 242.60  141.49
 242.85  159.82
 242.87  174.29
 243.48  175.29
 244.45   29.48
 244.90   95.52
 245.49   63.74
 245.77   31.94
 246.42   79.63
 247.43  228.49
