  10.10  122.12
  10.38  117.77
  12.72  125.35
  12.91  111.97
  14.24   32.19
  18.09   63.94
  18.33   45.43
  19.46  112.81
  21.82   41.43
  22.43   72.91
  23.74  184.68
  23.74  152.21
  23.89  198.76
  23.96  155.68
  24.53  194.77
  25.14   50.98
  27.39  157.91
  27.67  105.74
  27.78  121.34
  28.14  118.06
  29.03  108.72
  29.31  126.72
  33.57  195.95
  34.28  157.46
  35.54   49.68
  35.69  103.47
  35.78  211.31
  37.87  157.99
  38.67  162.92
  38.99  119.34
  39.65  100.12
  40.37   42.02
  41.03  183.14
  41.11   74.45
  42.16  190.56
  42.22  178.33
  44.04  186.59
  44.92  148.83
  44.96  175.51
  44.99  209.59
  45.70  183.50
  46.18  108.84
  48.05  165.02
  48.97  167.11
  49.07  232.14
  49.40  129.20
  49.44    6.88
  49.81  214.65
  49.95  182.93
  50.86  131.44
  50.88  215.07
  51.70   49.02
  51.75  136.83
  52.83  197.93
  52.87  140.74
  53.18  228.50
  54.64  183.76
  54.72  224.34
  55.80  147.18
  56.06   15.03
  57.94   37.99
  57.95  134.41
  59.02  155.49
  59.13  183.67
  60.07  191.34
  61.01  201.93
  61.17  166.60
  62.88  136.64
  63.33  183.64
  65.42   68.83
  65.74  178.90
  65.79  173.75
  66.27  188.72
  66.58  143.16
  66.78   59.81
  66.97  183.67
  68.55  117.84
  68.62  124.40
  69.10   42.74
  69.24  131.61
  69.51  181.48
  70.25  151.82
  70.68  171.10
  71.14  170.80
  71.78  144.22
  73.06  119.22
  73.14  135.60
  73.97  165.88
  75.83  187.76
  76.28   64.45
  76.99   40.16
  77.77   13.51
  78.49  120.46
  78.56  116.77
  78.59  139.60
  78.86  117.83
  79.23  167.67
  79.61   62.50
  79.80   55.12
  80.25  138.50
  80.34   70.14
  81.32   46.76
  81.35   66.15
  83.36   59.43
  83.40  145.86
  83.94   39.89
  84.46  162.00
  85.65  139.29
  85.72  118.76
  86.49   60.42
  87.36   89.85
  87.40   73.21
  87.59  171.48
  87.76   58.33
  88.50  130.56
  90.34   73.53
  91.03   38.04
  91.48  107.47
  91.83  122.43
  92.87  137.11
  93.18   52.47
  93.33  129.34
  93.76  113.88
  94.02   79.28
  94.46  103.46
  94.80  111.19
  95.40  146.85
  95.54  164.08
  96.82  155.69
  96.89   39.76
  97.01  127.37
  97.70   88.08
  98.12   97.52
  98.40  142.80
  98.55   63.42
  98.63   90.16
  99.17  162.36
  99.27  122.26
 100.10  107.27
 101.18  125.97
 101.91  134.87
 102.55   43.95
 103.85  131.74
 104.64  117.17
 107.07  148.90
 107.17   85.46
 107.31  102.43
 107.38   52.77
 107.39  136.95
 108.48   13.91
 108.79  154.91
 109.07  119.92
 109.19  128.58
 109.51  133.25
 109.85  115.25
 110.96   77.56
 111.64   82.54
 111.91   18.17
 112.02  120.55
 112.75   22.62
 113.09   37.30
 113.26  112.85
 114.53  129.49
 114.95   81.35
 117.59  120.10
 117.80   77.25
 118.73   60.79
 119.09   68.45
 119.28   90.83
 120.74  119.79
 121.62   25.60
 122.31   66.02
 122.92   51.51
 123.02   36.51
 123.24   71.19
 123.32  109.08
 124.66  156.73
 126.33   51.37
 127.36   91.04
 129.71   52.20
 129.73   91.78
 130.85   80.36
 130.91  104.46
 130.98   87.60
 131.25  114.50
 131.53   74.50
 131.75   49.27
 131.75   59.49
 131.92  126.59
 134.63   48.94
 135.08  169.87
 135.96  132.36
 136.24  177.23
 136.67   91.55
 138.84  103.69
 138.88  107.94
 139.25   53.90
 139.29   84.43
 139.92   77.29
 140.03   71.21
 140.06   61.54
 140.17   72.76
 140.41  172.64
 142.54   79.33
 143.36   52.51
 143.46   45.40
 144.38  160.07
 144.60  176.85
 144.75  154.54
 145.02  165.68
 145.10  170.85
 145.27   43.23
 145.41  171.15
 146.67  101.86
 148.28  127.48
 148.36   91.39
 148.49   91.72
 149.11  177.04
 151.73   95.89
 152.47   21.69
 152.88   67.59
 155.64   86.27
 155.82   77.61
 155.83  156.60
 156.57   27.59
 156.90  141.11
 157.92   53.21
 158.00   65.89
 158.07   37.90
 158.44  134.12
 158.70   75.31
 159.02   45.69
 159.66   86.04
 159.89   99.86
 160.70  111.94
 160.93  131.92
 161.98  130.05
 162.18   72.80
 162.21   77.32
 162.64  115.75
 164.21   97.92
 164.49  125.66
 165.92   30.21
 166.60   47.81
 166.80  125.94
 166.94   80.38
 167.95  101.50
 169.72   57.47
 169.78   50.84
 170.16  137.35
 170.92   73.36
 171.27  121.84
 172.79   47.24
 172.94  106.32
 173.18   42.73
 174.34   35.44
 175.57   71.81
 176.44   43.04
 176.95  109.44
 178.34   88.93
 178.70   49.03
 179.23   58.32
 179.31   71.16
 180.26  122.62
 182.34   43.76
 184.87   33.88
 186.09  103.04
 186.29   32.02
 186.71  162.38
 186.84   64.59
 187.33  159.55
 187.51  128.14
 187.53   58.24
 188.27  124.29
 189.56  107.08
 189.77   93.91
 189.98  150.43
 190.10   11.59
 190.40  165.28
 191.51  131.46
 191.67  114.79
 192.31  123.82
 194.39  164.23
 194.95   52.07
 195.07   66.38
 195.11  132.87
 195.17  118.97
 195.83  165.53
 195.92  100.88
 196.69  170.20
 196.98  108.05
 199.15  117.63
 200.18  163.37
 200.36  179.22
 201.28   38.36
 201.40   41.95
 202.11  153.96
 202.12  171.85
 202.38  102.27
 202.43   81.40
 202.62   94.98
 202.68  113.51
 202.72  124.74
 202.87  113.22
 203.81   66.81
 205.72   58.96
 206.00   81.21
 206.05   19.84
 206.24  104.74
 207.43   78.51
 208.23  121.12
 208.25   95.94
 208.45  101.16
 208.94   84.54
 209.04  150.50
 209.29  177.67
 209.69  170.37
 210.03   50.42
 210.06  112.60
 210.22  112.08
 210.90  191.23
 211.52   99.26
 211.68  132.73
 211.88   97.89
 211.97   96.00
 211.98   77.66
 211.99   77.62
 212.10  104.68
 212.99  173.43
 213.16  149.21
 213.34  111.03
 214.17  128.14
 214.17  191.51
 214.54  176.96
 215.21  187.63
 215.77  119.51
 215.99   52.02
 216.28  148.28
 216.38  147.32
 216.47   94.37
 217.67  133.95
 217.76   24.75
 217.83  181.23
 217.85   39.56
 218.04  172.97
 218.10   19.84
 218.19  141.33
 218.45   19.00
 218.62  148.08
 218.95   25.45
 219.32   95.21
 219.61  165.45
 219.76  111.44
 220.32   89.36
 220.54   70.98
 220.78  105.86
 221.02  154.40
 221.31  191.01
 221.34  141.50
 221.39  129.99
 221.61  135.70
 221.96   41.53
 222.68  177.76
 222.89  101.32
 223.73  111.35
 224.31  172.92
 225.05  148.26
 225.18   98.40
 225.70  193.20
 226.17  107.65
 226.83  156.14
 227.15  172.28
 227.49  144.91
 228.18  179.68
 228.62  163.14
 228.67  129.66
 231.13  139.76
 231.50  156.27
 231.91  189.77
 233.63  207.60
 234.32  194.36
 237.00  148.17
 238.95  137.64
 239.03  137.69
 240.64  142.43
 243.13  209.25
