  13.93   24.75
  14.38   95.66
  15.58   14.71
  16.74   23.82
  19.30   30.11
  19.44   26.47
  21.88   33.31
  25.39   37.20
  25.75   33.91
  25.83   79.45
  29.26   97.12
  30.44   27.54
  30.84  101.45
  31.92  133.60
  33.22  122.35
  33.39  125.56
  33.41   42.30
  33.44  127.06
  33.50   45.89
  33.81   16.78
  33.92  102.52
  33.98  139.47
  34.32  145.62
  36.39  124.07
  37.41  152.87
  37.53   50.49
  37.67  158.39
  38.80  179.87
  46.56   71.25
  47.84   27.16
  47.95   67.26
  50.61   70.84
  50.76  123.97
  51.03  140.84
  51.17  148.37
  51.21  137.24
  51.46  162.23
  51.46   11.15
  51.47  153.55
  54.16  133.86
  54.22  185.85
  54.33  181.61
  55.64  177.49
  57.27  115.45
  58.40   76.85
  59.48   44.18
  61.41  112.02
  61.58  111.98
  61.98   12.25
  62.21   25.99
  62.22   29.97
  62.54  183.44
  63.18   16.21
  65.05   22.22
  65.70  148.96
  66.16  155.07
  66.88  166.04
  67.29   20.77
  67.32   37.49
  67.58  117.78
  68.27   67.28
  68.44  179.77
  68.58  139.68
  70.93  183.89
  71.01   44.42
  71.15  125.00
  71.43  130.75
  71.85  142.92
  72.13  149.32
  72.26  183.59
  72.37  166.82
  73.03   36.57
  73.72  156.47
  74.47  124.04
  75.11  137.81
  77.12   13.85
  77.40  126.87
  77.72  170.77
  77.83  148.91
  80.69  124.94
  80.72   22.53
  81.31   21.74
  83.26  167.08
  85.11  151.49
  85.48  144.32
  90.09   79.13
  90.31   79.05
  92.82   84.06
  93.88   79.41
  94.87  178.86
  95.68   66.50
  96.55  154.72
  98.69   34.20
  98.99   78.36
  99.03   52.50
 100.39   92.53
 100.90   74.84
 101.00   83.54
 102.02   67.48
 102.20  192.75
 103.14  178.64
 104.71  104.21
 106.05   94.43
 106.97  115.06
 107.05  153.20
 107.26  175.58
 109.41  104.51
 109.76  131.95
 109.85   97.29
 112.86  113.18
 114.00  174.38
 115.84  107.47
 116.28  164.09
 116.44  169.01
 116.71  102.58
 117.99  138.35
 120.69  122.06
 121.25  125.88
 121.91   97.08
 124.00  106.25
 128.47  106.22
 130.88  112.67
 133.78  156.13
 140.45  180.42
 141.78  122.69
 143.12  116.07
 144.33  123.92
 146.29  138.80
 147.52  156.20
 150.73  166.65
 150.94  157.75
 151.60  110.04
 159.23  121.08
 159.49  157.38
 164.46  102.84
 164.99  103.37
 166.47  175.73
 168.73  123.66
 169.14  188.51
 170.29  158.25
 171.01  183.09
 171.14  168.58
 172.54  183.79
 180.04   93.40
 182.83  105.24
 183.43  179.96
 183.84   88.92
 195.39  202.08
 195.71  169.51
 197.35  181.16
 210.76  160.84
 213.32  158.50
 214.41  164.35
 217.55  151.81
 219.31   94.57
 230.89  155.37
 234.56   52.55
 238.36   79.55
 239.29  138.77
 245.98  118.11
 248.04  120.51
