   7.16  103.44
   7.22  191.45
   8.24  214.65
   8.94  206.92
   9.47  158.91
   9.95   78.16
  10.31  169.85
  11.77  130.80
  12.00   75.94
  12.17  210.48
  12.58  178.89
  12.76  190.44
  13.14  103.31
  13.29  247.16
  14.32  127.88
  14.44  165.61
  14.74  148.50
  14.89  158.29
  15.23  225.61
  15.30  179.58
  15.71  113.33
  16.09  133.08
  16.10  161.99
  16.11  236.23
  16.17  244.78
  17.39  247.43
  19.13  139.21
  19.61  105.78
  19.61  175.89
  19.76  191.08
  19.80  134.54
  19.95   93.24
  19.97   76.38
  20.11  145.15
  20.33  195.25
  20.55   70.36
  20.98  153.41
  21.35  191.51
  21.50  177.37
  21.84  137.20
  22.59   73.09
  22.66  170.42
  23.15   80.90
  24.07  242.62
  24.92  198.06
  25.08  159.97
  25.51  146.91
  25.88  161.72
  26.15  133.78
  26.21  228.17
  26.45  190.86
  26.46  212.71
  26.58  183.97
  26.72   43.75
  27.58  173.39
  27.74  177.25
  28.00  198.28
  28.16  177.27
  28.29  157.25
  28.61   86.49
  29.09  125.60
  29.35  233.08
  29.69  131.72
  29.89  242.46
  30.01   71.10
  30.10  161.22
  30.10   92.43
  30.51  143.43
  30.52  164.43
  30.54  217.53
  30.60  112.68
  32.51  117.74
  32.87   96.22
  33.56  225.64
  33.68   89.88
  33.71  219.47
  33.85   82.38
  34.14  227.30
  34.30   71.40
  34.52  201.68
  34.71  128.41
  34.95  122.85
  35.15  244.15
  35.32  119.20
  35.41  112.19
  35.52  159.14
  35.68  107.75
  35.93   99.05
  36.10   93.32
  36.17  136.65
  36.98   84.60
  37.23   75.53
  37.53  123.32
  39.03  177.44
  39.52   82.54
  39.61   71.52
  39.67   87.82
  39.69  234.16
  39.71  230.82
  40.77  144.36
  40.81  140.17
  40.91  179.49
  41.21  157.18
  41.67  107.73
  41.83  228.30
  42.48  239.57
  42.79  165.43
  44.11  100.02
  44.36  174.71
  45.54  157.21
  46.27  191.83
  46.38  201.38
  46.58  140.69
  47.28  177.96
  48.14  103.74
  48.60  102.96
  48.89  174.36
  50.22  157.31
  50.38  133.14
  50.63  207.50
  51.00   64.84
  51.04  192.35
  52.16  150.15
  52.17  150.07
  55.21   66.51
  55.80  189.50
  56.08  106.10
  56.93  120.45
  57.35  147.99
  57.51  160.89
  57.70  218.88
  57.80  154.97
  58.14  185.05
  58.24  141.17
  58.39  135.50
  58.70  167.21
  59.78  211.65
  60.27  156.32
  61.37  107.80
  61.54  152.94
  61.81  158.92
  61.89   64.07
  62.34  219.96
  63.48  180.27
  63.57  180.35
  64.58  134.53
  64.65  148.56
  64.96  233.20
  65.16  144.10
  66.49  217.97
  67.50  174.67
  68.17  236.29
  69.18  221.34
  69.68  155.71
  71.43  157.36
  71.63  177.48
  71.90  164.69
  71.94  164.62
  72.28  192.48
  72.38  174.60
  72.93  135.21
  72.98  143.59
  73.02  192.44
  74.27  224.73
  74.33  166.94
  74.72  204.63
  75.01  129.82
  75.49  170.58
  76.33  184.60
  76.44  180.86
  76.77  158.75
  77.77  229.03
  77.89  142.71
  78.23  176.01
  78.28  175.92
  78.63  168.43
  79.06  192.31
  79.14  172.09
  79.19  196.40
  79.58  121.73
  80.04  144.04
  80.43  188.33
  81.63  237.10
  81.70  204.49
  82.14  232.56
  82.32  170.06
  82.63  143.40
  82.83   99.05
  83.55  131.20
  83.93  142.67
  84.36  227.40
  84.75  136.83
  84.91  173.00
  85.84  164.03
  86.71  207.67
  87.14   40.10
  87.31  138.47
  87.94  217.04
  87.97  164.58
  88.47  135.35
  89.40  208.58
  89.53   43.84
  89.61  142.15
  90.09  205.94
  90.56  188.71
  91.18  196.76
  91.22  127.98
  91.74  201.53
  91.90  206.39
  92.31  166.10
  93.48   41.44
  93.49  132.44
  93.52  170.04
  94.39  215.70
  94.52  160.42
  94.60  215.80
  95.13  235.59
  95.34  222.40
  95.86  203.89
  96.35  207.40
  96.38  196.58
  97.77  200.26
  98.46  177.42
  99.69  154.81
 100.27  197.44
 100.40  167.49
 101.07  139.44
 102.42  162.53
 102.43  225.12
 102.79  203.25
 103.84  185.66
 103.87  220.42
 104.21  129.83
 104.22  207.07
 104.43  191.23
 104.47  127.88
 105.03  155.48
 105.74  196.62
 106.20  218.14
 106.36  218.13
 107.07  198.93
 107.69  222.97
 109.25  101.56
 109.32  132.98
 110.40  210.24
 110.58  164.32
 111.04  121.88
 111.72  142.84
 112.73  152.40
 112.76  199.96
 114.44  157.43
 114.87  198.47
 115.07  184.87
 115.23  145.07
 115.71  125.18
 116.62  191.10
 117.30  103.75
 117.33  208.29
 118.71  199.72
 119.07  116.16
 119.14  121.30
 119.22  130.30
 119.46  137.57
 119.62  184.35
 119.93  210.37
 121.07  152.33
 121.21  156.80
 122.16  177.32
 122.65  189.94
 123.08  200.73
 123.11  210.64
 123.47  132.93
 124.07  180.31
 124.46  171.74
 125.76  197.62
 125.79  165.29
 125.91  125.06
 126.30  147.11
 126.31  175.43
 126.87  211.77
 126.90  183.25
 127.39  201.68
 127.55  135.42
 127.96  156.95
 128.79  160.23
 129.43  170.55
 129.49  204.71
 129.74  232.41
 130.51  189.17
 130.90  183.51
 130.94  211.06
 131.51  181.74
 132.07  205.95
 132.38  163.14
 132.95  121.71
 133.98  166.34
 134.04  184.57
 134.09  173.72
 135.00  159.14
 135.20  191.11
 135.25  201.73
 135.39  132.59
 135.61  153.81
 136.03  205.11
 136.17  179.06
 136.85  186.61
 136.96  123.47
 137.23  122.81
 137.56  182.74
 137.67  246.33
 138.78  140.03
 139.13  137.00
 139.54  189.62
 139.69  186.33
 140.07  190.22
 140.51  130.02
 140.85  165.03
 141.11  209.26
 141.25  117.46
 141.26  196.53
 141.31  154.80
 141.33  126.44
 141.64  119.61
 142.43  187.93
 142.46  184.63
 143.03  137.14
 143.18  113.28
 143.42  128.61
 143.49  142.14
 143.83  203.62
 145.27  198.07
 145.58  108.45
 146.10  213.33
 146.66  217.93
 147.56  170.41
 148.43   97.70
 148.86  144.80
 148.87  149.91
 148.89  210.59
 149.10  117.15
 149.54  191.82
 149.69  191.53
 149.82  218.78
 150.23  206.25
 150.43  128.49
 150.83  175.17
 150.92  167.91
 151.26  125.24
 151.28  110.31
 151.78  178.81
 152.30  203.30
 152.62   95.46
 155.32   93.08
 155.47   92.97
 155.55  193.08
 155.67  200.50
 155.83  113.39
 156.42  208.23
 156.44  206.60
 156.56  222.16
 156.93  182.86
 157.03  106.42
 158.84  214.52
 159.27  100.30
 159.92  105.72
 161.18  217.45
 162.41  194.10
 163.67  202.67
 163.72  103.22
 164.61  205.89
 166.00  225.94
 166.40  202.88
 166.42  106.55
 167.41  207.44
 169.41  102.83
 170.18  219.67
 170.28  212.21
 170.66  226.50
 170.74  200.14
 170.88  194.91
 171.34  182.20
 174.05  190.70
 175.97  192.91
 176.11  211.75
 177.33  222.64
 177.36  103.41
 177.84  232.58
 178.02   96.37
 178.45  216.54
 179.06  194.96
 179.08  111.09
 179.24  219.25
 179.68  202.99
 180.05  178.11
 181.03   96.46
 181.95  233.56
 182.25  164.25
 182.33  168.37
 182.40  106.16
 182.53  189.59
 183.29  103.01
 183.38  110.66
 184.99  204.82
 185.08  175.11
 185.30  179.71
 185.56  189.99
 186.50  185.82
 187.51  170.18
 187.54  104.85
 188.58  208.61
 188.91  189.15
 188.98  212.10
 189.03  182.30
 190.44  105.03
 190.45  108.21
 190.94  162.51
 190.94  166.45
 191.30  100.67
 191.46  169.45
 191.88  185.75
 192.42  191.34
 192.57  179.50
 193.31  227.98
 193.78  103.95
 194.68  209.54
 195.61  159.64
 196.20  184.88
 197.08  233.05
 197.53  213.02
 198.43  223.52
 198.92  147.05
 198.98  149.34
 199.06  162.69
 199.17  165.60
 199.41  204.18
 199.52  170.54
 200.35  100.74
 200.87  199.79
 201.28  203.09
 201.34  154.22
 201.59  158.62
 201.84  125.01
 201.86  238.01
 201.87  167.45
 203.47  189.37
 204.22  176.97
 204.23   86.19
 204.46  108.29
 204.61  183.44
 204.78  170.40
 204.86  221.02
 205.05  156.27
 205.43  150.72
 205.63  128.44
 206.49  205.21
 206.98  104.10
 207.20  198.08
 207.50  176.45
 208.00  211.69
 208.37  148.20
 208.56  108.43
 208.58   90.45
 208.68   96.00
 208.75  203.10
 208.86  218.69
 209.09  162.68
 209.17  224.39
 209.19  130.10
 209.52  133.73
 209.72  133.44
 209.97  245.45
 211.00  200.60
 211.19  154.26
 211.29  204.81
 211.31  192.70
 211.52  118.55
 211.57  188.86
 211.71  209.43
 212.02  183.77
 212.45  220.28
 212.55  112.55
 213.19  197.28
 213.60  101.23
 213.93  160.47
 214.08  202.11
 214.10  185.73
 214.12  164.46
 215.25  173.18
 215.49  219.78
 215.57  208.39
 215.58  215.17
 215.73  120.19
 215.98  117.97
 216.43   97.51
 217.44  137.83
 217.92  177.09
 217.98   83.99
 218.07  204.09
 218.16  141.39
 218.37  182.39
 219.26  152.71
 219.38  178.75
 219.57  150.30
 219.77   86.98
 220.19  136.09
 220.37  223.97
 220.42  163.18
 220.49  114.77
 221.88  204.97
 222.22  172.01
 222.42  148.22
 222.94  181.54
 224.39  134.14
 224.89  152.05
 225.11  147.03
 225.27  238.26
 225.42  238.37
 226.26  159.21
 226.41  243.08
 226.58  206.20
 226.76  222.34
 226.99  163.83
 227.05   92.26
 228.22  152.56
 228.78  226.03
 229.13  248.43
 229.25  182.42
 229.58  164.27
 229.62  204.35
 229.96  171.98
 230.15  165.86
 230.98   92.47
 231.33  177.78
 232.17  218.22
 232.38  241.55
 232.50  168.39
 233.24  224.20
 234.15  156.79
 234.51  236.30
 235.07  140.20
 235.86  171.72
 235.91   98.61
 235.95  137.34
 236.29  164.91
 236.36  211.95
 236.97  231.14
 237.19  245.87
 237.81  150.11
 239.12  143.55
 239.51  167.65
 239.83  136.17
 240.06  148.45
 240.38  215.75
 240.52  176.91
 240.61  241.50
 241.20  170.18
 242.70  145.07
 243.52  247.12
 243.53  132.64
 243.58  243.72
 243.61  173.37
 245.56  164.95
 246.38  102.81
