   8.44  161.24
  10.99   74.58
  11.06  147.53
  11.20  161.88
  12.06   96.04
  12.08   51.93
  12.44   69.18
  12.78   62.13
  15.27  193.33
  19.28  166.02
  20.86   76.07
  21.17  193.27
  21.48  105.46
  22.77   78.40
  24.89  196.27
  26.53  199.95
  28.12  186.36
  28.41  188.24
  28.51  188.76
  29.67   91.11
  32.03  189.88
  32.14  109.97
  33.82   94.10
  34.17  200.03
  34.86  174.62
  35.10  107.58
  35.43  186.00
  37.13  110.01
  41.41  171.66
  42.80   96.91
  42.95  178.62
  43.28  172.80
  43.78  113.43
  43.94  168.42
  44.85  108.18
  46.85  101.54
  46.89  186.55
  47.65   98.23
  49.27  177.67
  49.82  168.68
  51.07  113.46
  54.28  161.11
  55.30  100.79
  55.61   80.05
  55.86  181.62
  57.94  202.26
  59.08  163.88
  59.82  101.99
  60.51  152.74
  60.92  138.79
  63.58  186.03
  63.61   84.19
  65.41  144.42
  65.45  119.09
  65.72  115.44
  68.68  104.94
  69.44  154.23
  69.71  186.24
  70.63  113.33
  71.24  179.88
  71.63  171.82
  72.67  163.25
  73.70  122.23
  74.84  178.14
  76.58  175.48
  77.50  107.86
  77.90  146.48
  78.17  109.72
  81.60  108.87
  82.25  172.29
  82.94  153.65
  85.46  117.53
  85.49  124.90
  86.71  200.80
  86.85  127.20
  87.00  123.73
  89.24  186.90
  90.06  195.56
  90.30  122.42
  92.12  178.14
  92.52  152.29
  93.10  200.86
  93.24  169.82
  93.59  145.97
  93.67  145.55
  93.73  193.39
  93.91  130.69
  94.50  115.37
  94.67  163.48
  95.06  157.87
  96.60  170.99
  96.97  190.50
  97.79  138.66
  97.86  124.21
 100.26  141.53
 100.64  192.15
 102.43  176.01
 104.86  165.74
 105.24  122.88
 105.29  156.90
 107.94  123.22
 108.55  101.69
 109.19  127.08
 111.21  102.26
 111.40  184.47
 112.63  192.03
 114.37  157.60
 114.43  186.89
 114.57  150.62
 114.79  142.00
 114.86  144.60
 115.50  194.43
 115.60  175.07
 115.74  122.48
 119.88  158.61
 119.95  168.84
 120.42  193.28
 120.95  151.53
 122.41  165.51
 122.86  149.33
 122.95  153.32
 123.32  130.94
 126.19  129.82
 126.55  183.85
 128.18  159.69
 128.35  145.01
 128.77  135.37
 130.69  117.03
 131.92  161.63
 132.41  138.20
 133.43  130.39
 134.10  168.42
 134.13  188.90
 134.99  152.98
 137.95  124.97
 139.47  184.84
 139.58  136.71
 139.73  151.73
 139.76  166.07
 139.85  117.41
 145.12  112.12
 146.28  188.89
 146.44  168.65
 146.89  162.91
 150.31  143.28
 150.76  191.57
 151.80  133.51
 154.61  168.54
 156.69  176.80
 157.02  148.43
 157.09  190.21
 158.11  122.44
 159.28  165.96
 160.20  190.30
 165.26  175.99
 165.74  143.27
 166.06  149.96
 169.81  183.46
 172.55  156.66
 176.01  161.26
 176.93  164.33
 177.73  135.32
 185.77  189.91
 186.00  147.94
 190.85  133.15
 191.25  247.02
 194.42  182.68
 195.11  142.58
 199.45  240.87
 201.18  170.85
 201.77  177.96
 202.92  161.66
 205.39  223.68
 206.01  161.61
 206.17  175.29
 206.31  167.93
 207.03  188.94
 208.30  151.01
 209.66  182.50
 210.47  158.21
 211.38  163.24
 212.12  174.51
 213.69  187.95
 215.77  171.39
 215.90  154.89
 215.91  171.39
 218.02  164.46
 221.10  172.13
 221.31  213.69
 222.60  160.68
 222.77  166.19
 222.77  176.15
 223.03  178.90
 223.51  145.28
 223.85  155.53
 225.41  158.65
 225.68  176.11
 230.49  176.09
 240.53  183.35
 241.35  163.95
 241.41  167.68
 243.02  148.95
 243.45  160.44
 244.76  184.58
 249.75  161.99
