  16.30  183.65
  17.53  145.67
  19.62  174.98
  21.27  141.26
  24.68  115.63
  27.16  100.46
  27.74   99.84
  28.54  217.99
  29.13   61.54
  30.64   52.21
  37.39   44.50
  39.81  107.71
  40.39   40.28
  42.50   38.10
  44.65   35.06
  53.78  247.10
  57.31   25.30
  62.56   10.55
  64.78  179.99
  72.59   66.47
  73.38   87.82
  75.52   66.68
  77.60   71.42
  77.99   64.35
  81.20   99.44
  83.78  108.31
  84.25   79.06
  84.94   16.60
  88.08  116.43
  88.19  124.90
  90.60   98.25
  92.09  216.28
  92.11  216.42
  95.14   16.54
  99.78  135.77
 100.89  111.07
 101.63   90.19
 102.68   19.26
 103.93   17.67
 107.94   32.82
 111.00   39.05
 112.65   36.33
 112.78   35.87
 113.29  212.44
 113.57  134.44
 114.16  131.08
 117.66   93.56
 118.23   87.18
 118.87   46.34
 122.46  119.43
 124.00   93.88
 125.67  114.63
 126.97   97.55
 128.00   55.80
 128.02  103.17
 128.86  238.77
 129.02  205.33
 130.14   52.53
 130.56  111.12
 132.58  140.35
 133.22  114.08
 133.46   63.30
 133.66  199.17
 134.11  135.23
 135.57  119.05
 140.03  226.18
 140.05   79.30
 140.17  124.94
 140.98  107.17
 142.34   64.87
 142.95  235.77
 143.92  167.94
 144.08  224.45
 144.96  191.97
 145.58  179.16
 146.92  144.67
 146.95  110.26
 149.96  123.37
 150.25  144.70
 150.72   78.09
 152.45   96.36
 154.19  204.84
 156.25  190.29
 159.96  166.35
 160.01  121.07
 162.97  202.64
 162.98  135.42
 168.36  140.52
 168.75  151.39
 169.15  158.43
 169.41  131.17
 171.29  170.57
 173.37  144.33
 173.40  200.42
 180.68  156.19
 181.17  196.67
 182.31  151.55
 182.96  154.99
 186.07  158.39
 186.07  156.18
 186.13  164.56
 188.47  202.88
 189.54  190.03
 193.98  157.69
 194.44  164.71
 194.84  188.98
 196.55  146.94
 197.29  158.10
 197.30  184.81
 197.43  164.25
 202.66  157.75
 202.86  144.53
 204.12  184.94
 204.57  185.15
 205.33  197.45
 206.11  156.22
 206.42  145.70
 207.46  187.30
 209.30  150.03
 209.30  148.10
 209.34  149.49
 210.52  148.83
 211.34  184.81
 213.01  128.18
 215.28  119.82
 215.44  188.56
 217.56  141.56
 219.19   94.89
 220.75  144.43
 221.77  127.72
 222.73  212.54
 222.83  129.56
 222.94  124.03
 222.97  152.70
 223.15  218.04
 224.01  238.55
 224.93  202.06
 225.48  135.44
 225.83  142.38
 226.21  150.05
 226.82  155.50
 227.14  248.39
 228.60  158.30
 231.35  151.51
 231.55  159.66
 231.72   98.84
 231.82   99.26
 235.45  156.04
 239.34  104.08
 239.69  107.70
 241.56  160.71
 244.94  131.31
 245.01   75.38
 245.43   12.48
 245.72  140.81
 247.32  113.87
 247.85  106.64
 248.09   76.34
