   7.98   69.23
   8.69  135.36
   8.76  154.93
   9.39  167.29
   9.40   81.14
   9.45   96.55
   9.52  163.70
   9.73  171.48
  10.47  158.85
  11.88  178.37
  11.99  147.92
  12.58  171.97
  13.97  170.43
  20.23  143.02
  21.19  171.25
  22.42  147.03
  23.73  166.55
  26.91  146.46
  27.20  162.09
  27.85  141.86
  27.98  184.52
  30.60  171.06
  30.99  182.51
  31.95  134.02
  34.41  161.75
  35.43  137.73
  35.96  189.41
  36.68  208.03
  36.81  166.26
  37.31  158.50
  37.62  212.38
  39.40  139.20
  39.87  146.09
  40.12  130.87
  41.07  123.65
  42.25  210.61
  43.04  105.14
  43.13  128.15
  43.39  143.46
  44.14  214.59
  44.56  120.13
  46.81  133.87
  47.88  157.71
  48.28  126.12
  48.29  130.13
  49.42  171.04
  49.63  218.57
  49.74  145.74
  49.78  152.94
  51.06  119.05
  51.37  123.00
  51.43  121.84
  52.39  170.30
  52.54  154.49
  52.58  224.31
  53.37  106.66
  53.69  116.82
  53.76  158.32
  54.19   99.00
  55.05  124.07
  55.48  155.96
  56.17  224.01
  56.45   95.35
  56.70  163.56
  56.99  171.78
  57.04   98.79
  58.84  176.37
  59.13  149.89
  59.17  226.30
  60.85  120.02
  61.00  164.18
  61.60  106.80
  61.92  228.60
  64.29  171.38
  64.48  157.14
  64.95  165.23
  65.23  108.73
  65.92  116.88
  66.37  101.03
  66.78  232.03
  67.02  162.21
  67.74  168.35
  67.80  180.12
  68.01  151.00
  69.51   85.46
  70.71  110.35
  72.42  110.11
  73.68  126.72
  73.80   86.15
  73.94   96.76
  74.50  235.07
  74.74  138.68
  74.86   77.22
  74.86  107.41
  76.37  125.53
  76.76  130.95
  77.08  240.13
  77.17  104.48
  77.21  110.57
  77.27  135.82
  78.51  181.81
  78.61   92.55
  80.57  150.65
  81.14  102.27
  81.98  113.65
  82.53  169.11
  85.05  149.59
  85.07   82.11
  85.33  149.44
  85.66  183.35
  85.91  159.88
  86.44  142.45
  87.20   92.05
  87.21  102.37
  88.06  156.11
  88.10  127.04
  89.29  145.89
  90.32   87.72
  90.47  151.94
  90.92  183.59
  91.44  115.34
  91.70  174.43
  92.15  169.23
  94.16  176.48
  94.19  113.85
  94.57  154.51
  94.58  173.31
  95.59   86.08
  97.40  104.91
  98.32  110.59
 100.04  158.47
 101.25  108.25
 101.85  110.88
 102.00  100.57
 102.07  161.33
 103.14  127.65
 103.26  103.14
 103.44  105.95
 103.50  132.30
 104.36   95.29
 106.09  167.67
 107.31  111.00
 107.66  159.37
 108.03  114.47
 108.15  105.28
 108.49  157.29
 108.67  152.91
 108.93  177.22
 109.14  185.83
 109.36   74.19
 111.01   57.55
 111.93  137.73
 112.51  153.11
 112.63   86.05
 112.74  166.38
 112.79  103.63
 112.92   72.01
 113.06   56.87
 114.01   46.31
 114.44   60.72
 114.56   54.80
 114.81  143.74
 115.34  147.96
 116.23   36.32
 117.10  173.58
 117.46  150.79
 118.09   73.37
 118.18   58.21
 118.90   61.12
 119.12   49.08
 119.13   39.69
 119.15   68.84
 120.70  151.36
 120.99  158.33
 121.03   21.79
 121.12   86.57
 121.38   21.76
 121.61  166.47
 122.94  186.63
 123.88  163.51
 124.16  150.92
 124.59  168.85
 125.61   17.76
 126.50   83.66
 127.09  165.90
 127.16  107.34
 127.42   46.02
 127.57   97.78
 128.21  139.93
 128.73   37.73
 129.24   94.09
 129.61  150.33
 129.70   83.70
 130.52  167.84
 132.12   80.85
 132.25   31.64
 132.41   75.00
 132.46  151.19
 133.43   26.46
 133.77   94.75
 135.38  149.51
 136.00   55.32
 136.43   72.03
 136.77   46.37
 136.87  189.85
 137.32   31.17
 137.98   35.17
 138.97   16.22
 140.22   95.77
 140.77  158.86
 141.19  145.09
 141.33   69.40
 141.44   53.18
 141.47  168.11
 142.05  139.10
 142.11   18.38
 143.78   96.37
 145.13   28.96
 145.23  169.81
 145.30   86.15
 145.51   66.94
 146.41   20.68
 146.48  148.30
 146.81  109.61
 146.82  109.89
 147.40   31.65
 147.64   35.05
 147.77   46.95
 147.79  143.40
 148.22  132.85
 148.63   87.98
 148.67  146.52
 150.41   37.73
 150.44   64.44
 150.86   56.00
 151.59  156.96
 152.43   46.98
 153.41  103.74
 154.17   28.42
 154.57   43.40
 154.63  163.48
 155.11  157.12
 155.37  129.45
 155.92   64.60
 156.55   48.84
 156.94  125.27
 157.31   30.96
 157.31   67.85
 157.84   72.37
 158.19   78.30
 158.23   91.01
 159.53   58.92
 159.76   81.77
 160.63   67.06
 160.85   61.51
 160.90   69.71
 161.07   75.04
 161.31  156.40
 161.89   42.58
 161.94  106.48
 162.74   19.91
 162.90  175.65
 162.95  103.53
 163.02  148.29
 163.51  181.22
 163.52  123.26
 163.57   64.78
 163.61  128.28
 164.00  160.50
 164.07   91.54
 164.08   65.73
 164.10  157.10
 164.14  178.11
 164.23   75.52
 164.30   26.41
 164.41   69.98
 164.82  149.40
 165.07   55.73
 165.10   18.16
 165.15   88.60
 165.21  135.14
 165.24   39.70
 165.27   59.49
 166.35  133.93
 166.66  109.84
 166.89   48.14
 167.10   63.62
 167.29   72.80
 167.95  153.47
 168.38  180.45
 169.18   57.33
 169.44  106.35
 169.52   53.18
 169.59  129.80
 170.28   61.57
 170.43  104.25
 170.64   34.27
 170.75   66.29
 171.00  127.00
 171.03   72.65
 171.30  175.16
 171.53   76.60
 171.80   43.21
 172.44   85.25
 172.83   26.11
 173.24   21.35
 173.25   75.60
 173.79   78.34
 173.94  141.89
 174.25  107.19
 174.31  131.24
 174.91   50.17
 175.05   97.07
 175.38  103.76
 176.41  146.05
 176.61   77.21
 176.69  139.73
 177.03   46.32
 177.04  125.41
 177.32   53.49
 179.07   44.15
 179.38  167.22
 179.71  172.96
 180.34   85.90
 180.91  143.44
 180.92   25.64
 181.25   50.52
 181.35   47.09
 181.56  128.09
 181.88  114.25
 182.60   98.05
 184.13  125.97
 184.94   25.74
 185.40   59.66
 185.77  138.59
 185.79   41.66
 185.91   69.07
 186.04   74.65
 186.24   54.56
 186.58   91.53
 186.89   80.06
 187.96  107.03
 188.08  115.36
 188.20   82.73
 188.27  159.83
 188.65  154.10
 189.21   23.10
 189.38   46.72
 189.54  132.97
 189.94   39.18
 189.96  103.34
 190.05  128.03
 190.56   27.25
 191.24   59.95
 191.31   51.80
 192.06   64.44
 192.42   70.57
 192.52   57.05
 193.45  111.94
 193.68   39.25
 193.85   45.16
 193.91  105.26
 194.36  100.37
 194.93  125.89
 195.22   27.70
 195.72   70.85
 195.84   48.60
 195.85   75.43
 195.91   83.94
 196.37   24.79
 196.73   80.96
 197.02   86.08
 197.14   93.11
 197.27   52.27
 197.41  155.81
 198.13   47.85
 198.15  173.57
 198.15  159.64
 198.26  151.79
 198.46  107.79
 198.73  135.21
 199.63   26.54
 200.40  146.66
 200.56   66.24
 201.49   27.02
 201.52  151.97
 201.82   36.13
 202.24   49.86
 202.34  178.78
 202.47   46.80
 202.53   52.94
 202.72  144.82
 202.79   88.45
 203.45   31.51
 204.63  105.80
 204.69  112.11
 204.77  127.41
 204.91  117.56
 205.19   71.53
 205.48  157.30
 205.69   27.27
 205.92  159.69
 206.82   39.58
 206.82   76.42
 207.62   86.17
 207.68   92.88
 208.08   81.87
 208.88   53.80
 208.96  107.94
 209.14   44.98
 209.29  159.82
 209.89  147.40
 211.00   50.91
 211.34   64.54
 211.72  156.70
 211.77  134.22
 211.88   74.15
 213.82   39.70
 215.11   78.02
 215.52  106.10
 215.52   59.57
 215.75   35.06
 215.76  113.08
 216.44  127.40
 216.46   50.30
 216.63  118.71
 216.86  130.60
 216.88   80.35
 217.42   71.76
 218.65   60.18
 219.09   87.70
 219.46   94.40
 219.78  167.44
 219.95  157.24
 220.01  163.63
 220.76  108.35
 220.97  170.91
 221.37   50.73
 221.49   42.33
 221.64   40.70
 221.71  115.74
 221.74   60.49
 223.11   52.47
 223.54   46.90
 224.37  145.15
 224.73  150.09
 225.06  157.73
 226.04  165.53
 227.49   37.44
 227.73   37.47
 229.34   34.10
 229.60  135.12
 229.72  128.44
 230.57  161.66
 230.63   84.11
 230.63  155.14
 230.69  124.54
 230.93   66.04
 231.31   96.06
 231.78   87.25
 232.30  123.05
 232.42   52.86
 232.49   52.91
 232.80   92.53
 233.45   42.91
 235.58   45.54
 235.62  127.43
 235.98  169.45
 236.29   81.90
 236.75  157.21
 236.92  119.08
 237.30   87.38
 237.31  150.68
 237.40   52.99
 237.41   91.44
 237.62  142.11
 238.46   88.60
 239.21   49.18
 239.59  145.86
 239.61  132.02
 239.71  100.56
 241.43   85.10
 241.75   46.81
 241.79  104.40
 242.45   89.02
 243.28  133.61
 243.90  113.46
 243.96  160.89
 245.41   85.61
 245.68   48.12
 249.50   74.60
 249.75   88.28
