  11.24   56.23
  11.59   62.66
  11.74   47.31
  12.92   81.70
  13.34   59.56
  13.50   84.72
  14.71  196.27
  14.79   88.84
  15.76   31.26
  17.52   78.03
  18.11   59.11
  19.16   79.03
  19.17  203.54
  20.21   87.30
  20.84   26.61
  21.64   60.79
  22.42   47.88
  22.90   74.98
  23.38   32.69
  24.35   47.05
  24.81   81.56
  25.82  203.03
  25.83  195.90
  27.35   48.97
  28.11  141.97
  28.28   81.65
  28.42   87.75
  28.86  199.38
  29.50   68.36
  29.78   75.25
  30.24   68.68
  30.31   52.54
  33.03   24.98
  33.29  191.78
  33.43   69.14
  33.48   29.90
  34.68   38.71
  34.79   81.51
  34.99   88.90
  35.28   56.37
  35.35   53.69
  36.02   27.79
  37.63   44.43
  39.08   53.16
  39.15   25.04
  40.00   32.77
  40.32   76.81
  40.57   76.58
  41.58   84.59
  41.71   94.33
  42.20   67.57
  44.02   88.41
  44.20   36.69
  45.10   98.63
  46.44  109.61
  46.62   29.87
  47.01   76.74
  47.05   77.55
  49.60   78.61
  49.65   85.59
  52.07   97.53
  52.66  191.02
  52.99  165.87
  53.79   94.09
  57.85   99.78
  59.87   91.92
  60.00   70.30
  60.28   91.54
  60.73   25.57
  63.48   45.29
  63.90   73.83
  64.06   94.20
  66.12  107.67
  66.13  166.43
  66.94  164.88
  67.14  194.74
  67.55   31.90
  68.49   58.11
  70.55   61.02
  71.00   97.14
  71.41   69.32
  72.09  101.68
  72.62   92.76
  79.30   91.49
  79.85   40.00
  84.06  100.43
  84.84   68.97
  84.88   96.93
  86.74   84.67
  88.05   95.26
  88.61   25.98
  89.09   96.08
  89.10   72.46
  95.06   70.30
  99.21   81.70
 103.27  202.21
 104.83  112.89
 108.18   94.28
 110.61  190.54
 112.87  196.04
 113.29   81.67
 115.71   97.20
 119.04  198.97
 119.24   69.98
 120.30  184.46
 121.10   73.71
 121.37  190.80
 121.48   98.21
 121.57   73.06
 122.10   81.16
 122.39  200.26
 124.95  202.94
 125.95   80.16
 126.82  104.49
 126.96  109.25
 128.26  118.81
 128.56  124.18
 128.69  127.42
 129.29   83.66
 129.31  193.12
 131.74  135.99
 134.39   78.94
 135.40  191.78
 136.24  136.88
 138.00  194.67
 138.70   74.55
 141.52  106.97
 142.41  193.43
 146.24  192.89
 148.50  123.65
 150.44  190.51
 150.77   77.02
 151.25  190.90
 151.30   81.48
 152.42   78.41
 153.78  101.09
 155.41   72.40
 156.40  192.41
 157.25  137.09
 158.55  194.33
 159.40  140.78
 159.94  192.50
 161.21   91.48
 161.89  198.00
 161.92  121.73
 162.39   81.77
 163.16  101.95
 164.19  132.79
 164.27  126.85
 165.06  200.95
 165.68  141.06
 167.70   89.74
 169.12  132.55
 170.16  136.20
 172.57  187.71
 175.47   82.12
 175.70  199.74
 175.76  109.67
 177.00  192.04
 180.36   69.78
 180.45  190.50
 182.81  199.59
 183.21   92.22
 184.27  203.00
 184.66  190.43
 184.87  135.42
 185.63  194.60
 186.66   72.47
 188.56  133.65
 190.44  136.96
 190.78   69.16
 192.33  136.54
 192.83  190.22
 193.62   72.12
 194.01  140.23
 194.12  125.85
 194.25  103.61
 194.63  132.85
 195.15  107.63
 195.34  111.16
 198.10  139.20
 198.95  199.39
 201.58  128.26
 202.75   84.43
 202.86  201.75
 203.55   67.88
 204.29  134.31
 204.85  112.76
 205.61  189.08
 205.70  188.24
 205.97  186.18
 206.09  121.75
 206.97  202.08
 208.47  119.52
 209.99   72.74
 211.43  115.92
 212.01   69.77
 214.52  123.91
 216.56   99.41
 217.73   67.87
 219.29  189.63
 220.45   69.89
 220.60  115.35
 220.88  104.82
 222.70  117.94
 225.09   75.00
 225.27  110.06
 227.88  194.15
 227.96  123.57
 229.28  123.24
 230.92  116.05
 231.19   67.80
 232.04  187.04
 232.36  201.48
 233.06  100.64
 236.70  129.03
 236.75  188.55
 236.75  197.71
 241.34  201.98
 241.60  126.87
 241.98   95.87
 243.16  207.43
 243.59  101.98
 243.85  186.93
 244.91  126.97
 244.94  194.09
 245.94  129.90
 246.67   69.45
 247.49  133.44
 247.89  100.10
 250.26   79.41
 250.62   83.68
 251.05  130.45
 252.65  127.50
 253.53   80.67
 254.03  130.62
 254.08  201.68
 254.36   96.88
 255.96   79.13
 257.34  197.09
 257.76  130.92
 257.78  101.76
 259.05   68.77
 259.10   81.55
 259.22  140.97
 260.63  199.94
 262.04   96.11
 262.64   82.33
 262.90  197.21
 263.07   92.31
 263.73  193.37
 263.85  193.49
 264.63  126.03
 264.70  126.73
 265.16   73.04
 265.56  104.36
 266.48  133.49
 268.22  100.88
 269.88  199.82
 271.47  189.54
 271.75  131.32
 272.51   99.71
 273.24  195.92
 273.32   68.00
 274.71  198.90
 275.42  104.01
 277.55  190.55
 281.47   76.37
 281.58   75.84
 281.85   69.84
 287.81   63.91
 289.21  184.52
 289.42   61.48
 291.51   73.26
 291.52   85.63
 292.52   54.36
 294.02   66.17
 298.40   91.78
 300.32   66.70
 302.26   63.84
 304.16   71.54
 305.31   64.01
 307.39   49.87
 307.79  130.04
 307.96   61.38
 308.23  109.13
 309.35   55.67
 313.02   54.07
 313.66  193.11
 314.01   50.58
 315.45   55.48
 315.95   52.50
