   8.79   97.74
   8.84  101.01
   9.30   77.19
  10.59  132.42
  10.93   31.52
  11.60  169.07
  11.60  116.93
  11.66  171.53
  11.72  123.33
  12.96   70.54
  13.38   75.29
  13.68  124.42
  14.15  212.88
  15.04  132.41
  17.05   78.79
  17.08   15.89
  17.56   23.60
  18.14   12.53
  18.51  120.41
  18.94   66.55
  19.15  106.15
  19.92  132.22
  21.00  100.18
  21.06  168.95
  21.45   59.26
  21.88   77.74
  22.31   46.93
  22.44   41.31
  23.82  168.45
  24.04   29.09
  25.10   53.28
  26.67   47.88
  27.05   13.54
  27.16   58.29
  27.69   79.38
  27.70   29.74
  28.54   72.33
  28.92   36.67
  29.37   24.86
  30.23  122.44
  30.34   40.64
  30.40  182.95
  31.66   11.02
  32.79   17.85
  33.59   25.77
  34.84   67.44
  35.53   14.75
  37.42  172.10
  38.47   51.94
  38.70   34.79
  38.77   57.65
  39.43   61.15
  40.62  168.44
  40.97  101.58
  41.40   82.98
  41.88   83.14
  42.47   21.89
  42.62  171.70
  42.64   35.79
  43.24  121.57
  43.61  210.47
  43.68   32.10
  45.08   57.12
  45.52  168.93
  46.04   33.53
  46.33   41.53
  46.86   70.16
  48.30   59.18
  49.64   44.62
  49.75   62.81
  50.54   41.55
  50.95   67.37
  50.96   47.67
  51.08  203.92
  51.70  167.92
  54.32   98.76
  54.63   42.86
  55.89   51.58
  58.58   43.58
  59.74   52.10
  59.90   71.20
  59.96   84.18
  60.95  171.42
  61.67   42.54
  63.36   70.03
  63.97  110.03
  64.54  171.46
  65.25   75.09
  65.42   82.74
  66.55   49.06
  67.05  168.23
  68.66  171.19
  69.08  196.47
  69.22   78.13
  70.75  206.10
  70.87   84.48
  71.05   71.32
  72.26   99.96
  72.72  122.00
  73.27  185.91
  74.17  199.67
  75.18  130.33
  75.20  169.20
  76.53  171.71
  78.20  121.22
  79.58  119.02
  79.61   69.43
  80.04  105.21
  81.27  110.88
  83.45  166.11
  83.59  195.96
  83.86  119.11
  83.95  187.84
  84.68   66.70
  84.76   81.34
  85.77  121.52
  86.71  105.17
  86.88  101.42
  87.52  175.85
  87.82   97.88
  88.33  189.97
  88.34  186.71
  88.61  182.35
  88.64  163.45
  89.13  126.61
  90.34  121.75
  91.17  178.81
  91.63   99.74
  91.97  172.27
  92.31  187.14
  93.07  159.92
  94.02  174.74
  95.44   69.07
  96.35   99.41
  96.47   81.60
  97.07  164.65
  98.25  120.42
  98.77   66.53
  98.87  132.27
 100.58  169.05
 103.17   68.72
 103.18   88.52
 103.47  156.10
 103.80  164.67
 104.59  171.35
 106.21   79.82
 106.61  130.79
 109.06   75.58
 109.15  120.74
 109.27  158.00
 109.88  162.63
 110.17  162.81
 110.45   88.00
 110.47  125.36
 111.04  168.40
 111.72   61.47
 114.63  158.53
 114.95   62.13
 115.55   65.92
 116.23   89.95
 117.25  157.14
 117.58   68.55
 117.98   52.73
 118.57   58.65
 119.02  121.03
 119.25  104.97
 119.84  152.89
 119.92   79.57
 121.24  148.78
 122.65  168.69
 122.72  156.44
 123.30   88.09
 124.10   44.38
 124.82  147.06
 124.83   38.80
 124.93   54.80
 127.18   92.33
 127.79  130.91
 127.94  171.43
 128.27   57.70
 128.53   34.21
 128.96  145.95
 129.20  168.86
 129.65  148.60
 130.11   88.18
 130.47  120.78
 131.23  125.73
 131.87  144.25
 133.10  149.92
 133.52  118.31
 133.81  138.33
 135.00  121.46
 135.83  181.17
 135.98  141.98
 136.33   80.99
 136.55   29.44
 137.23  122.05
 138.10  129.25
 138.52   98.20
 139.67   50.91
 140.09  131.27
 140.82  148.39
 141.04  101.21
 141.04  139.94
 141.85  121.34
 142.23  133.54
 143.17   75.06
 143.31   98.80
 144.10   87.45
 144.27  138.33
 146.07  120.36
 146.53  131.87
 146.53   50.60
 146.63   94.97
 146.74  185.95
 148.26   90.27
 148.35   84.97
 148.41  139.09
 148.60   99.21
 149.66  118.56
 150.11   44.54
 150.81  111.17
 151.79   27.26
 152.26   75.37
 154.80   34.76
 155.48   40.80
 155.72  135.92
 156.38   83.81
 156.41  100.31
 156.65  111.81
 156.67  112.31
 156.74  111.18
 156.98  123.79
 157.35   76.76
 158.34   24.98
 159.06   65.75
 159.34  160.29
 159.88  130.72
 160.92   75.14
 161.82   92.93
 162.66  135.00
 162.73  104.89
 162.82  191.65
 163.04  188.05
 163.04  191.95
 163.15  186.70
 163.18  178.52
 163.27  131.32
 163.51  187.28
 164.00  115.32
 164.85  167.58
 164.98  103.80
 165.18   22.51
 166.14  139.18
 166.81  120.06
 166.88  113.01
 167.94  158.25
 168.75  163.84
 169.44  136.03
 169.49  122.26
 169.53   99.44
 169.59  129.44
 170.02  129.32
 170.36  104.42
 170.39  123.88
 172.46  104.63
 172.55   25.09
 172.65  120.50
 172.68  183.89
 172.83  108.40
 172.99   99.60
 173.81   68.70
 174.33  137.00
 175.01  123.48
 175.98   84.03
 176.06   88.72
 176.06  104.89
 176.33  113.89
 176.71  126.27
 177.03  182.44
 177.07  189.25
 177.09   99.88
 177.15  175.89
 178.82  108.10
 179.58  120.18
 179.75   43.07
 180.07  181.24
 180.09  101.63
 181.24  122.62
 182.12  105.09
 182.23   44.15
 182.92  107.98
 183.48  114.21
 184.51  131.70
 185.26  108.94
 186.09   68.88
 188.89  117.68
 190.08  109.35
 190.59  110.58
 191.17  156.03
 191.64  107.12
 193.83  162.45
 194.92  131.59
 195.30  115.12
 195.71   74.12
 196.52   68.55
 196.67  185.33
 198.04   97.09
 198.05  103.66
 198.31   83.29
 199.51  140.24
 200.27   77.07
 200.56  115.25
 201.02   95.27
 201.19  131.20
 201.54  103.72
 201.73   99.68
 203.37   47.49
 203.66  127.46
 204.28   73.95
 204.54   80.74
 204.59   68.98
 204.96   96.85
 205.12  112.31
 205.32  105.50
 207.80   66.46
 208.01   73.62
 208.62  131.04
 208.64   82.18
 209.47  117.21
 210.08  134.83
 210.17  180.43
 210.45  120.58
 212.95   88.46
 213.80   83.25
 216.68  120.57
 218.33  171.03
 218.78  159.84
 218.79  143.30
 219.27  151.58
 219.40   79.23
 219.44  194.08
 219.50  132.64
 221.44  173.51
 221.51  120.64
 222.84   35.18
 224.36  103.26
 226.68   83.03
 227.20   75.06
 228.13  133.00
 229.20  186.53
 230.17  197.40
 230.24  178.23
 230.40   32.48
 230.67   38.12
 231.00   77.19
 231.32  169.38
 232.61   89.26
 234.81   25.04
 236.25   68.80
 236.31  173.05
 236.62  209.27
 237.88  154.37
 238.20   40.16
 238.91   87.05
 240.78   26.04
 241.26  170.27
 241.86   35.34
 242.10   97.71
 244.28  169.10
 246.44   38.03
 247.49   74.45
 247.70  103.22
 248.30   34.01
 249.00   91.69
 251.39   98.40
 251.39  131.86
 252.09   74.53
 252.12   79.52
 253.33  100.78
 254.25   38.84
 256.48   76.44
 257.15  101.27
 258.02  177.86
 258.86   45.14
 259.41   32.84
 260.96   48.94
 261.20   79.30
 261.40   86.21
 261.73  100.57
 264.24   40.71
 264.90   34.19
 266.45   38.22
 267.88   13.07
 268.14   42.70
 268.94   76.80
 269.09  180.53
 270.82  184.91
 270.97   50.06
 273.11  167.14
 273.43   44.50
 274.34   16.57
 274.38   16.78
 275.79  171.08
 276.12  105.76
 276.15   99.31
 277.41   58.42
 277.69  110.74
 278.73   10.88
 278.89  103.08
 281.37   18.65
 281.67  108.13
 282.38   15.54
 283.12   41.79
 283.44  105.74
 283.99   60.41
 284.42  166.11
 286.23  160.83
 286.62   98.21
 287.40   58.02
 287.56   62.55
 288.45  109.69
 288.58  170.41
 290.68  115.78
 291.17  184.01
 293.04   48.25
 293.62   11.64
 294.32   28.07
 294.67   80.77
 295.42   24.82
 295.86   39.76
 296.07   77.05
 298.73   48.24
 298.80   41.08
 299.69   69.56
 299.84   44.10
 300.85   82.76
 301.08   19.80
 302.18  167.76
 302.23   76.50
 302.29   85.43
 302.47  114.07
 302.61  167.57
 305.58   81.74
 305.91   73.48
 306.14   32.59
 306.29   46.07
 306.35   20.24
 306.76  199.41
 307.54   85.81
 310.00   41.89
 312.85   86.75
 313.00   41.40
 313.36   17.95
 314.34   79.79
 314.55   10.19
 315.64   38.88
 317.47   90.35
 318.26   80.85
 318.57    9.99
 321.42   77.14
 322.49  166.91
 323.75   51.82
