  10.84   25.97
  12.06  126.63
  12.63   29.29
  12.84   81.46
  12.97   15.48
  13.76   24.27
  13.84  146.14
  15.11  117.54
  15.17   32.19
  15.30  123.91
  16.10   68.75
  16.69  115.08
  16.73   42.02
  17.71   46.34
  18.64   25.38
  19.01    8.28
  19.19  104.14
  19.21   37.15
  19.37  118.76
  19.48   30.51
  19.69  124.46
  20.60   99.54
  20.62   43.60
  21.03  194.38
  21.19  211.37
  22.39   90.77
  22.51  113.24
  22.52    7.47
  22.90   26.77
  23.64  181.41
  23.93   55.18
  24.50   55.59
  25.36    6.76
  25.53   40.91
  26.16   59.02
  27.25   24.57
  27.48  142.24
  28.30  195.79
  28.56  122.00
  28.67  137.97
  28.87  117.11
  29.00  112.91
  29.30   53.16
  29.47   33.72
  29.80  191.22
  30.65  124.80
  31.30  210.59
  32.23   38.54
  32.68  117.58
  33.32   32.36
  33.87  109.31
  33.98  192.20
  35.04   41.55
  35.23  114.78
  35.78  172.77
  35.78   44.92
  36.55  109.12
  36.57  199.18
  36.62  209.61
  38.96  196.78
  39.11   79.20
  39.98   89.00
  40.33  108.53
  40.52  212.81
  40.62  103.58
  40.78  187.78
  40.92  210.25
  41.05  155.23
  41.10   33.58
  41.95   54.19
  42.13  183.98
  42.25  197.40
  42.55  158.75
  42.74   84.00
  43.63   44.88
  45.60  152.78
  46.01  160.37
  46.12  137.62
  46.12    9.78
  46.23   10.33
  46.26  201.54
  46.36  186.57
  46.76  147.33
  47.24  212.75
  47.62  205.12
  47.85   36.67
  48.12   40.74
  48.14   40.77
  48.32   23.28
  48.37    6.79
  48.99  128.37
  49.04  134.91
  49.29  191.49
  49.33  188.52
  49.92  208.88
  50.64   45.83
  50.95   26.40
  51.52   18.88
  52.17   51.07
  52.38   79.89
  52.41  212.16
  52.48   64.50
  52.52  167.22
  52.71   43.32
  53.54  132.36
  53.65  120.22
  53.96  170.79
  54.08  176.27
  54.09  129.87
  54.10  107.71
  54.19  200.93
  54.39  139.07
  54.74  111.12
  54.85  204.19
  55.22   14.44
  55.58  174.31
  55.67  208.68
  56.52   21.50
  56.63   26.13
  56.92  127.74
  56.99  161.45
  57.39  195.47
  57.40  168.68
  58.48  175.83
  58.79  201.76
  58.84  113.60
  58.87   12.84
  59.78  109.28
  59.82  134.19
  60.21   32.33
  60.46  137.22
  60.50    9.87
  61.71  138.36
  61.75   28.51
  62.18  162.12
  63.01   60.54
  63.95   35.05
  64.34   10.71
  64.54  201.91
  65.70  196.07
  67.01   26.77
  67.19  144.44
  67.76  206.96
  67.79   39.81
  67.86  183.46
  68.97   55.38
  69.00  187.10
  69.11  150.30
  69.12   45.12
  69.31   23.41
  69.60   36.55
  70.07  139.25
  70.14  139.26
  71.41   58.22
  71.67   49.39
  72.01  188.64
  72.27  190.46
  72.74   16.31
  73.63  120.71
  73.75   30.29
  74.12   64.12
  74.18   45.97
  74.40   61.20
  74.80   43.08
  74.81   77.62
  75.35  126.11
  76.43  188.03
  76.89   63.22
  77.02  190.55
  77.54  152.66
  78.03  122.77
  78.60  205.73
  78.83  159.01
  78.84  135.42
  79.01   79.40
  79.03  154.98
  79.47   37.70
  80.71   56.12
  80.99   21.11
  81.08   47.69
  81.23   28.32
  81.74  131.27
  82.46  177.53
  82.56  182.56
  82.76   12.88
  83.27   79.02
  83.36  124.41
  83.56   84.25
  83.83   73.98
  83.84  144.69
  83.89   50.92
  83.95   71.62
  83.98   25.65
  84.98  187.11
  85.24   37.82
  85.84   45.38
  86.07  176.07
  86.13   30.58
  86.33   81.07
  86.89   75.64
  87.01  160.42
  87.70   32.97
  87.86   27.79
  88.25  192.11
  88.35   49.66
  89.49  156.08
  89.55  131.00
  89.89   14.12
  89.91  179.33
  90.98  173.26
  91.26   32.22
  91.70  142.19
  91.85  147.99
  92.13   50.24
  92.50   41.67
  93.03  156.65
  93.09   91.01
  93.65  190.75
  93.78  139.31
  93.80  187.50
  93.93  162.49
  94.23  190.64
  94.31   67.75
  94.72  197.85
  94.91  137.00
  95.12  167.75
  95.13   87.41
  95.37   64.12
  95.41   38.11
  95.44   46.88
  95.54  153.75
  95.58   20.10
  96.61  182.50
  97.00   29.90
  97.12  174.60
  97.39   49.75
  97.84  203.57
  97.97  136.94
  97.98  151.34
  98.09   67.52
  98.39   46.28
  98.54  200.55
  98.60  123.60
  98.71  180.21
  99.10  191.37
  99.16  194.24
  99.43  149.88
  99.54  144.63
  99.78   57.53
  99.98   64.76
 100.01  140.74
 101.26  165.43
 101.83   31.21
 102.97  187.60
 103.63  158.32
 104.15   59.84
 104.45   65.38
 104.68  154.14
 104.75   31.79
 105.39  146.16
 105.39   42.22
 106.04   27.85
 106.08   70.41
 106.49   83.45
 107.40  174.07
 107.92  158.30
 107.94  185.46
 108.28   32.48
 108.78  161.08
 109.54   81.72
 109.61  171.55
 109.63  152.98
 111.21  146.26
 111.60   77.26
 112.12   52.21
 112.19   80.78
 114.68  150.44
 115.08  158.29
 116.23   80.52
 116.58   74.39
 118.18  148.20
 120.37   59.26
 120.41   75.51
 121.40  128.23
 121.73   69.77
 121.84  144.94
 123.76  191.60
 124.66  143.42
 126.51  165.43
 127.45   71.14
 128.95   66.39
 129.23   66.49
 129.91   76.27
 130.09  160.01
 130.74  194.54
 131.53  149.91
 132.89   79.16
 133.14   67.35
 133.52   67.26
 133.65   89.51
 135.46   62.98
 135.90  146.54
 135.93  152.51
 138.58  191.98
 141.78   59.00
 144.89  160.23
 146.14  123.17
 146.22  122.93
 146.48   59.13
 149.47   54.73
 151.70  194.98
 152.17  168.91
 152.54   56.08
 154.52   51.48
 154.81   98.00
 158.82  168.70
 158.98   51.87
 159.34  194.22
 160.87   47.53
 162.02  173.21
 162.86  133.86
 163.57   75.97
 163.82   82.29
 165.36   47.99
 167.00  174.98
 170.23  194.18
 170.68  173.69
 171.28   44.15
 171.38  106.07
 172.31   40.57
 173.01  176.76
 176.71  181.93
 177.04   41.91
 177.13  178.05
 177.49  103.00
 177.81  101.33
 178.68  172.98
 181.69   40.18
 182.66  106.48
 182.84   44.18
 183.23  186.74
 185.74  157.39
 186.88  132.20
 187.25  176.39
 187.94   83.06
 188.71   47.62
 188.86  144.27
 190.00  129.17
 190.19  129.85
 190.56   76.92
 192.79  132.01
 192.90  125.69
 193.91  173.73
 194.30  189.50
 195.90  189.17
 199.50   96.32
 199.61   50.45
 200.27  189.53
 207.49  124.44
 208.12  159.70
 208.35  144.12
 208.81   58.05
 209.42  156.11
 211.71  122.02
 212.49  154.53
 213.18   57.57
 215.33   61.62
 215.82  152.74
 216.58  193.26
 217.59  131.60
 217.65  140.20
 218.44  121.51
 219.30  108.36
 219.76  148.48
 220.70  118.93
 221.52   87.54
 222.23   76.38
 222.38  151.92
 222.71  160.33
 224.23  107.91
 226.02  147.52
 226.34   63.92
 227.13  123.96
 227.60  150.69
 228.87  143.01
 230.31  184.06
 232.36  129.19
 233.96  161.09
 235.11   72.12
 235.14   73.34
 237.21  155.07
 238.70  156.10
 239.15   73.91
 239.60   71.36
 241.35  187.36
 241.41  121.79
 242.45   75.52
 243.85  148.25
 244.49  185.69
 244.96   99.01
 245.50  183.49
 246.63   74.64
 246.78   74.51
 246.81  189.59
 248.84   79.13
 250.33  185.97
 250.55  182.54
 251.47  121.95
 252.93   78.42
 252.94  155.54
 254.52  116.38
 255.16   82.89
 255.49  142.52
 257.52  163.04
 258.82  128.06
 259.20  131.70
 260.99  160.84
 262.27   86.23
 263.05  123.68
 263.16  119.06
 263.63  129.30
 263.71  138.47
 263.90  181.17
 263.98  154.07
 264.30  159.82
 264.55  113.74
 264.95  121.28
 265.15  169.76
 265.61  142.60
 266.21  191.89
 266.57   85.46
 266.58  165.99
 266.96  135.40
 267.43  100.66
 267.93  144.41
 269.22  135.73
 269.39   89.71
 272.98  170.27
 274.43  108.49
 274.44   87.96
 274.97  177.09
 275.09  138.71
 275.62  116.09
 275.66  129.93
 276.64  143.76
 277.02  104.59
 277.81  137.18
 279.42  185.05
 279.92   95.52
 281.16  115.95
 281.28  172.64
 281.77  140.79
 281.88  111.58
 281.90  127.92
 283.82  133.68
 284.42  162.86
 284.86  184.80
 286.42  143.30
 286.56  118.00
 287.53  182.49
 287.91   90.12
 288.06  112.39
 288.24  102.24
 288.65  178.86
 288.79  162.93
 289.81  171.61
 290.50   93.30
 290.80  184.64
 290.81  100.68
 294.39  135.14
 294.94   90.55
 295.07  102.66
 295.12  184.22
 295.34   97.20
 295.92  114.41
 298.73  184.90
 298.74   92.12
 299.32  142.01
 300.36   94.88
 300.49  123.21
 301.60  169.59
 302.02  144.39
 302.58  129.44
 303.82  126.15
 305.46   99.85
 305.68   85.10
 307.50   94.31
 307.51  129.75
 307.56  119.22
 307.59  119.18
 310.64   59.18
 310.76  124.62
 311.93   54.08
 311.96   80.65
 311.96   83.74
 312.99  118.30
 313.19   61.73
 313.29  138.57
 314.20   66.21
 315.14  131.32
 315.60   78.89
 315.90   71.40
 317.41   94.30
 317.43   94.22
 317.47   89.25
 318.63   66.62
 320.07  121.13
 320.41   79.38
 320.98   56.68
 322.18  130.16
 322.63   82.50
 323.21   60.30
