  10.26  194.28
  10.70  151.83
  11.08   82.56
  12.93   73.02
  13.16  185.45
  13.45  108.38
  13.58   90.09
  13.73  153.06
  14.03  146.00
  14.74   71.92
  15.11  138.69
  15.85   76.83
  16.03  168.58
  17.50   93.19
  18.14  185.04
  19.45  100.70
  19.45   96.96
  20.41  110.29
  20.90  138.00
  22.28  168.07
  23.85  114.74
  24.01  115.10
  24.73   89.07
  25.69  152.68
  25.83  138.02
  25.84  139.86
  26.37  146.55
  27.86  186.52
  28.09  112.04
  28.95  151.86
  29.88   86.45
  29.93   86.25
  30.77  138.78
  31.07  114.89
  31.20  167.72
  31.53  171.59
  31.87  152.16
  32.36  146.70
  32.71  111.87
  33.36  111.88
  33.58  175.52
  34.15  178.25
  34.75   90.00
  36.57  151.53
  38.20   84.84
  39.51  184.85
  41.45  107.69
  41.72  153.88
  41.91  148.89
  42.94  111.88
  43.05  140.13
  43.28  181.76
  43.35   84.95
  44.77  160.15
  45.84   79.28
  46.02  177.76
  46.05  184.92
  46.78  188.05
  46.88  122.82
  47.04  151.29
  48.64  104.09
  48.65   81.30
  48.68  101.68
  49.70  140.12
  50.17  183.99
  50.71  169.20
  50.73  177.45
  50.86  151.89
  50.88  107.48
  50.98  145.95
  51.68  102.50
  51.78   92.54
  52.07  174.52
  52.10  115.72
  52.36  147.46
  52.67  190.04
  52.90  145.23
  53.04  192.18
  53.79   78.74
  53.92  182.36
  53.96  119.64
  54.84   85.09
  56.51  178.07
  56.59  139.87
  56.60   81.86
  58.54   88.77
  58.68  171.62
  59.40  122.05
  60.82  167.29
  60.96   80.22
  61.14  183.94
  62.51  146.22
  62.66  139.88
  63.56  169.23
  63.60  177.25
  64.75  131.73
  66.33   80.94
  66.92  178.12
  67.34  186.00
  68.09  122.27
  69.07  103.00
  71.21  107.07
  71.48  110.24
  71.54   86.31
  71.71  165.52
  72.33   80.43
  72.38  123.00
  72.77  183.88
  73.03  174.97
  73.04  159.96
  73.15  136.05
  73.82   96.11
  74.01   89.88
  74.58  188.03
  74.67  110.49
  75.49  131.25
  75.91   92.30
  76.28   82.19
  77.23  117.54
  78.06  103.78
  78.08  146.12
  78.10  187.44
  78.21  146.76
  78.52  123.14
  78.73   79.08
  79.93  119.74
  80.34   97.20
  80.43  191.74
  80.99  112.96
  83.92  141.38
  84.06  125.24
  84.12  103.90
  85.98  110.56
  86.68  114.75
  86.75  119.26
  86.90  136.31
  86.96  114.71
  87.28  149.98
  87.74   79.67
  88.41  178.75
  90.31  106.56
  90.83   90.38
  90.93  141.74
  91.21  128.78
  91.63  181.83
  91.95  169.66
  92.23  125.44
  92.45  136.50
  93.49  130.78
  93.92  123.57
  94.04   94.46
  94.36  134.27
  94.43  167.29
  94.48   81.99
  95.10  159.65
  95.20  103.28
  97.21  130.93
  97.30  126.28
  97.36  130.74
  97.87  113.27
  98.06  171.96
  98.42  145.78
  98.53  154.80
  98.55  152.10
  98.64   83.25
  99.71   98.39
 100.39  140.00
 100.64   85.54
 101.64   81.43
 102.01  182.94
 102.91   92.63
 103.47   83.29
 103.93  106.78
 104.55  106.56
 105.04   95.76
 105.73  155.49
 106.28  105.80
 106.44  175.13
 107.71   80.47
 107.82  188.06
 108.42   93.18
 110.75   84.74
 110.75   85.19
 113.34   80.65
 115.81   96.63
 115.92  130.36
 116.52  209.92
 116.63  180.26
 117.01   84.94
 117.95  144.22
 118.14  132.62
 119.48  129.67
 121.18   89.32
 121.77  176.37
 122.29   79.88
 124.74   86.44
 132.91   83.18
 133.23  186.50
 134.10  183.05
 134.13  189.57
 135.59  143.23
 137.37  129.71
 137.92  188.04
 140.57  182.43
 142.03  169.35
 143.81  168.39
 146.54  105.67
 146.56  112.10
 146.57  101.20
 147.28  130.23
 149.67  115.55
 149.80  108.58
 149.82   72.26
 150.33  129.44
 152.37  117.60
 152.79  112.02
 153.06  101.62
 153.11  107.43
 153.32   96.65
 153.37  168.42
 153.60  132.55
 153.95  132.77
 155.87  104.66
 157.14  104.87
 157.55   94.73
 158.09   65.10
 160.89   58.28
 161.87  192.79
 163.02  111.50
 163.95  132.05
 164.80   65.24
 166.61  128.12
 167.20   62.81
 167.45   66.99
 167.74  132.53
 167.98   87.53
 168.09   76.69
 168.22  100.38
 168.26  184.52
 169.70   64.90
 169.91   60.46
 171.29  130.27
 171.35  117.04
 171.36  103.54
 171.83  152.07
 171.89  143.46
 171.93  169.29
 173.01  185.05
 173.62   51.28
 173.75   57.56
 173.98  114.14
 174.65   82.17
 174.99  158.23
 175.20  169.41
 176.22  180.83
 177.59   55.14
 177.60  116.70
 177.91  159.77
 178.62  103.28
 178.64  184.92
 179.03   51.84
 179.97  179.89
 180.33   76.22
 180.82   62.43
 181.69   94.98
 181.76   99.62
 182.05  187.94
 182.08  179.71
 183.44   64.37
 183.79   89.43
 184.33  183.08
 186.64  187.73
 187.55  184.93
 189.25   63.85
 192.97   93.79
 193.68  102.53
 193.78  182.48
 196.52  109.98
 197.09  185.01
 197.95  115.48
 198.68   68.40
 199.11   98.21
 199.39  181.79
 199.71  106.24
 200.13  112.99
 201.40  158.61
 201.59  125.86
 201.86  186.52
 202.33   67.30
 202.50  103.69
 202.52  152.85
 202.83  109.70
 204.12  128.02
 204.39  141.60
 206.98   73.50
 209.25  179.74
 209.42   72.08
 213.63   77.99
 215.36   76.13
 218.15   81.04
 218.25  183.17
 218.63   78.24
 221.22   83.19
 223.76  127.56
 224.56  188.85
 225.20  152.36
 225.94  125.30
 227.71  151.31
 228.77  182.36
 228.96   85.14
 233.69  185.06
 235.89   96.96
 236.27  186.00
 237.28  182.87
 238.82  188.59
 238.91  180.71
 241.61   96.94
 242.29  184.75
 243.40  188.90
 244.31   95.94
 245.82  178.73
 246.90  188.54
 247.34  185.60
 248.31  101.95
 250.75  100.01
 250.75  189.14
 253.01  140.53
 254.21  105.55
 255.81  103.47
 256.21  110.36
 256.77  110.58
 257.53  179.84
 257.58  120.39
 257.59  164.83
 258.20  126.26
 258.36  182.60
 259.52  166.57
 260.45  171.21
 261.72  181.47
 261.99  177.66
 262.16  111.72
 263.04  123.73
 265.13  126.79
 265.25  146.92
 265.44  181.75
 265.67  139.43
 265.92  132.03
 266.14  114.42
 266.70  173.39
 267.02  185.66
 270.14  116.00
 272.84  150.51
 273.95  121.74
 275.42  130.73
 276.06  174.64
 276.19  117.64
 276.24  186.10
 276.25  154.31
 276.63  124.57
 276.73  173.59
 276.99  144.57
 277.57  166.44
 278.65  115.48
 282.40  134.27
 283.15  183.47
 285.69  106.79
 287.65  181.37
 289.26  138.37
 289.43  149.60
 289.52  143.59
 289.62  124.88
 291.03  172.62
 291.63  164.12
 291.66  167.78
 293.01  125.74
 294.99  149.41
 295.89  184.29
 296.41  132.86
 296.63  164.57
 297.85  119.41
 298.45  108.85
 299.25  114.01
 299.58  194.76
 299.80  127.78
 300.48  179.07
 303.51  102.25
 304.00  115.59
 304.56  106.27
 304.77  133.70
 304.95  106.79
 305.56  167.35
 305.73  119.94
 306.26  123.72
 308.26   99.54
 310.43  122.47
 310.43  111.06
 311.74  154.24
 312.11  163.55
 313.05  100.43
 313.43  102.79
 313.93  101.24
 313.97  156.10
 314.32  106.83
 314.61  149.65
 315.50  122.56
 316.87  167.88
 319.54  121.88
 322.31  150.56
 323.68  155.89
