   6.85   16.42
   8.78   30.05
   9.03  129.51
   9.07   97.94
  10.13  170.27
  10.28   22.45
  10.34  159.38
  10.62  124.00
  11.45   19.93
  12.20  130.17
  12.33  170.17
  12.61   30.47
  12.81   86.69
  12.81   79.02
  13.79   23.41
  13.96  167.21
  14.25   34.72
  14.76   26.97
  14.93   97.90
  15.21  169.92
  16.40   29.99
  16.64  140.65
  17.47  133.40
  17.86   37.18
  18.46   70.54
  18.47    9.97
  19.03   41.21
  19.51  117.37
  19.65  138.71
  19.73   95.30
  19.89   77.20
  19.94   29.70
  20.46  133.09
  20.90  134.87
  21.52   89.14
  21.91  124.14
  22.23  160.99
  22.46  117.95
  22.70  129.96
  24.65  192.74
  26.77  164.86
  27.17   37.63
  27.53   31.14
  27.72  117.13
  27.87   26.18
  28.10  185.35
  29.00  110.75
  29.01  131.28
  29.60  174.08
  29.81   12.50
  30.55   96.23
  30.84   44.55
  31.84   14.63
  31.92  104.98
  32.22  133.73
  32.25  127.33
  32.53  120.56
  33.69  100.51
  34.08   93.54
  34.47   40.98
  34.48   97.32
  34.95   33.84
  35.09   38.08
  35.10  166.15
  35.57   91.00
  35.97  168.59
  35.97  132.64
  36.04  184.92
  36.47  111.81
  36.50  149.63
  37.10  115.51
  38.17   56.68
  38.52   64.35
  38.58  102.46
  39.23   52.25
  39.64   42.77
  39.99  118.73
  40.78  187.59
  42.44  143.60
  42.98  140.34
  43.06  109.48
  43.11   89.81
  43.24  128.14
  44.31  122.83
  44.32  163.53
  44.97   45.92
  45.20   42.21
  45.72  112.49
  46.01  105.42
  47.29  191.22
  47.67   51.97
  48.71  111.22
  48.81   32.06
  49.15   98.75
  49.39  187.43
  50.16  125.53
  50.51   54.97
  50.51   44.01
  50.79   28.98
  50.89  121.77
  50.99  190.46
  51.09  134.11
  51.13   90.89
  51.24  121.91
  51.58   11.96
  52.24   60.82
  52.40  158.85
  52.66   68.42
  52.68  111.71
  53.58   42.61
  54.13  154.17
  54.87   16.07
  54.89  188.34
  55.05   66.23
  55.09  188.23
  55.70   95.13
  56.58   44.45
  57.30  192.37
  58.16  100.36
  58.75  105.13
  59.83   24.50
  59.92   52.78
  60.06  161.62
  60.43   17.72
  61.15   91.07
  61.21  191.02
  62.21   79.19
  62.23  187.89
  63.55  116.01
  64.09   13.49
  64.10   72.37
  64.46  158.51
  64.46  168.67
  64.91  183.27
  65.37  186.39
  65.82  124.74
  66.20  100.23
  66.63   91.65
  66.73  111.34
  67.30   27.89
  67.58   15.89
  67.81   87.73
  68.06  104.21
  69.05  186.98
  69.41  190.06
  69.44   68.03
  69.55   49.38
  69.83   76.86
  69.90  100.61
  69.99   84.27
  70.37   44.85
  70.73   80.32
  71.05   57.31
  71.34  130.72
  71.98   51.20
  72.20   11.35
  72.69   67.54
  73.16   75.00
  73.37  119.48
  73.88  123.75
  74.24   54.91
  74.47   77.18
  74.56  156.23
  74.84   41.22
  74.99   15.05
  75.67   54.03
  75.98   32.18
  76.05   78.74
  76.20   50.05
  76.26   12.01
  76.43   66.22
  76.56  184.77
  76.79   21.24
  76.96   41.11
  77.40  123.51
  77.80   75.56
  77.90   46.89
  77.94   75.85
  78.12  190.29
  78.51   99.50
  78.59   30.88
  78.66   61.60
  79.85   18.11
  81.37  105.42
  81.50  119.75
  81.56   21.98
  81.70   25.13
  82.55  169.27
  83.14   46.32
  83.34  171.75
  83.70   63.80
  85.10   52.78
  85.30   19.77
  85.34  185.98
  85.52   51.82
  85.71   23.16
  85.76  180.32
  85.99  111.08
  87.05  129.84
  87.12  102.55
  87.35   63.36
  87.77   72.27
  87.93   41.23
  89.12  123.01
  90.02  138.52
  90.08   23.26
  90.42  153.34
  90.68   47.45
  90.83   36.53
  91.35  179.45
  91.44  117.56
  92.23   27.58
  92.56  162.88
  92.62  157.58
  92.83   47.02
  92.88  185.28
  93.22   65.03
  93.25  122.41
  93.73  111.20
  93.91   68.18
  94.19  150.44
  94.55   15.77
  94.67  153.95
  95.25   55.40
  95.35  135.04
  95.78  131.24
  96.37  125.13
  96.43   61.57
  96.62  189.29
  97.04  156.03
  97.10  163.34
  97.16   11.49
  97.53   16.07
  97.56   17.05
  97.77  152.71
  97.89  166.86
  98.59   45.53
  98.71  177.40
  99.27  129.22
 100.00  182.69
 100.02  169.82
 100.04   54.68
 100.26  163.60
 100.36  146.69
 100.83  176.49
 100.87   45.81
 100.93    9.57
 101.38  118.22
 101.56  132.87
 101.94  141.23
 102.26   17.63
 102.44  173.56
 103.24  136.53
 103.76  177.26
 104.54  121.39
 104.57   60.26
 105.22   53.33
 105.30  135.08
 105.89  158.18
 105.90  167.75
 105.93  140.09
 107.11   24.93
 107.84    9.77
 108.55   19.07
 110.20   50.87
 110.56   10.94
 110.65  159.11
 110.82   38.75
 110.97   25.41
 111.76   53.39
 112.03  135.33
 112.16   42.86
 112.57  170.49
 113.89   23.01
 113.95   32.56
 114.12  153.01
 114.26   45.55
 114.95  145.55
 116.33   26.65
 116.36   39.48
 116.65  154.32
 117.69  132.30
 117.78  142.62
 118.36  132.09
 118.49  147.76
 118.83  120.93
 118.86  167.92
 119.93  127.93
 120.54   44.85
 121.78   22.35
 122.38   44.14
 122.57  151.60
 122.62   14.32
 123.59  188.43
 123.74   35.14
 124.25  140.59
 124.59  128.72
 124.79  162.25
 125.12  155.27
 125.19   50.15
 125.57   22.97
 125.71  183.81
 127.14   40.33
 127.96  150.57
 128.85  145.93
 129.20  164.78
 129.29   71.78
 129.64   52.66
 130.67   80.14
 130.83  131.59
 131.01  141.03
 131.62  153.08
 131.84  126.67
 132.13  159.09
 132.49   76.36
 132.85  183.03
 133.22  188.20
 133.34   38.06
 133.92   11.07
 134.83   80.09
 135.01  162.94
 135.05   59.20
 135.13  148.79
 135.15   69.86
 135.22   37.20
 135.24  158.79
 135.48  142.02
 135.59   31.93
 135.92  174.34
 136.03  163.97
 136.04  152.66
 137.28  183.18
 137.31   63.64
 137.38  162.00
 137.67   26.37
 138.33   49.43
 138.39   43.49
 138.64   31.12
 138.65   65.76
 138.93   61.77
 139.54   65.93
 139.70  147.74
 139.79  165.19
 140.31  152.34
 140.53  138.43
 140.69   20.84
 140.71   77.15
 140.76  157.55
 140.78  120.93
 141.22  164.74
 141.38  142.62
 142.80   21.98
 144.35   77.44
 144.60   55.66
 144.78   55.86
 145.87   45.41
 146.21   20.21
 146.58  181.98
 146.85  186.53
 150.26  117.28
 150.76   77.06
 152.52  118.99
 154.77  135.68
 156.88  116.42
 167.55  120.53
 169.55   76.32
 172.52  124.20
 173.32  153.78
 176.60   73.55
 178.04   76.58
 185.77  157.41
 188.71  115.90
 196.28  120.13
 196.70  114.76
 197.37   76.05
 203.13   63.95
 203.88  117.49
 208.17  120.28
 209.74  160.66
 209.75  158.29
 209.82  113.66
 210.64  162.74
 210.66  188.53
 210.67   47.85
 213.79  120.20
 214.56  141.77
 215.01  144.95
 215.87  147.45
 216.22   47.43
 216.67  188.89
 217.72   71.54
 218.61   56.23
 219.28   40.29
 219.39   75.89
 219.80  141.93
 220.51  210.94
 220.60  138.57
 221.15   73.11
 221.40  137.33
 222.75  128.42
 222.80  147.88
 223.29   45.11
 223.30  129.05
 224.52  119.93
 225.40   35.93
 225.49   50.08
 225.58   62.67
 227.49  139.06
 228.42  119.28
 229.36  135.66
 230.23  190.18
 230.62  129.60
 232.55  109.04
 232.77   43.33
 233.33   94.40
 235.02   49.94
 235.42   99.62
 235.47   99.56
 235.54  129.42
 235.68  188.53
 235.82  136.05
 236.59  121.41
 237.37  127.58
 237.96   45.45
 238.05  105.92
 238.28   27.17
 242.22  109.05
 243.01  114.06
 244.27   50.21
 244.41   26.95
 244.42  115.00
 245.07   32.06
 245.81  123.00
 246.33   43.17
 246.69   22.00
 247.12  125.45
 247.76  116.91
 247.89  113.21
 248.94  100.76
 249.00  141.93
 249.03   40.28
 250.19  132.66
 250.42   51.17
 251.74  187.31
 252.05   24.52
 252.46  111.42
 252.87   37.73
 253.03  106.42
 253.55   95.24
 255.14   47.60
 255.62   32.61
 256.37  117.63
 256.45  102.23
 256.82   54.55
 257.45  114.35
 257.69  131.27
 257.84   40.82
 258.10  110.81
 258.13  190.82
 258.16   16.58
 258.50   35.93
 259.17  120.78
 260.11  116.79
 260.38  129.39
 261.37   95.75
 261.94  106.52
 262.54  190.20
 262.90   51.43
 262.92   37.20
 264.21  128.08
 265.13  109.68
 265.41   84.29
 266.64  132.12
 266.88   94.52
 267.10  113.66
 267.22  102.42
 267.29  116.72
 267.44  101.07
 267.81   89.38
 267.82   89.38
 267.82   52.15
 268.01  188.98
 268.30   13.60
 268.60   44.93
 268.69   16.74
 268.75   64.04
 270.49   85.59
 270.99  191.22
 271.31   93.21
 272.03   89.20
 272.66   83.52
 272.72   31.51
 274.03   58.54
 274.31  191.71
 275.27   46.05
 275.29  113.58
 276.09  101.54
 276.67   92.72
 276.90  121.98
 277.15   77.72
 277.28   66.42
 277.78  120.94
 278.17  114.02
 278.46   42.54
 278.62   22.08
 278.78   89.26
 278.91  105.74
 279.91   96.85
 280.66  123.77
 281.60   22.21
 281.87   55.78
 281.92   88.60
 282.90   10.80
 283.19   42.48
 283.27   29.85
 283.89   65.91
 285.40   41.82
 285.77   32.57
 286.39  110.51
 286.49   60.38
 286.96   23.72
 287.51   36.88
 288.22  106.25
 288.23   94.10
 288.65   47.63
 289.26   62.85
 289.53   66.91
 289.75   72.50
 290.12   82.95
 290.47   19.61
 291.39   79.73
 291.94   60.27
 292.52   98.28
 293.93   63.93
 294.33   38.50
 294.41   10.96
 294.75   58.67
 295.24   70.65
 296.18  160.17
 296.50  166.55
 296.77  169.04
 298.59    7.28
 298.81  156.45
 299.46   12.67
 300.90   38.60
 301.07  164.83
 303.19  196.81
 303.41  163.54
 304.86  171.31
 307.80    6.81
 311.14  161.51
 312.74  200.87
 313.65  171.30
 316.64  167.46
