   7.61  208.30
   7.89  200.05
   8.70  211.21
  12.97   26.52
  12.97  198.94
  13.06   13.29
  13.14  208.16
  14.19    9.60
  14.30   23.88
  15.41  210.65
  15.45   28.18
  16.35   13.62
  18.62   18.35
  19.47   27.22
  19.61   27.28
  19.73   13.40
  22.62   21.44
  25.28   22.68
  25.38  153.45
  25.95  156.69
  26.43   70.61
  26.73  192.72
  28.46   22.55
  29.13  208.39
  29.37  210.86
  30.66  177.97
  30.99  162.76
  32.74  138.42
  33.37   75.10
  33.39   15.39
  33.42  208.12
  33.53   42.13
  33.55  182.01
  34.00   79.44
  34.52    7.43
  34.79   11.77
  35.06   19.24
  35.32   81.72
  35.42   19.47
  36.30  213.49
  37.31  178.24
  37.80  208.08
  37.94  199.18
  38.72   16.23
  39.35   88.55
  39.65  115.14
  39.97   23.17
  40.32  186.50
  40.91   24.90
  41.34  208.15
  41.91    6.91
  42.62   15.94
  43.50   27.20
  44.94   26.15
  47.99  162.46
  48.47  162.90
  48.63  182.09
  58.27  212.81
  59.06  210.20
  59.44  173.47
  62.32  166.81
  63.07   14.51
  63.78   19.31
  64.00   58.23
  64.25   23.88
  64.45   66.60
  64.71   54.67
  65.92   40.06
  66.72   57.36
  67.00   43.58
  67.05   58.57
  67.27   28.73
  67.32   73.27
  68.16  110.46
  68.46   54.36
  69.49  207.64
  69.95   84.49
  70.16  196.65
  70.24   89.53
  70.44  104.66
  70.66   46.77
  71.11  165.10
  71.39  165.29
  71.84   37.66
  72.21   56.11
  72.26   70.82
  72.73  210.53
  73.95  207.83
  74.55   54.02
  74.58   73.91
  75.07   39.72
  75.12   95.34
  75.19   85.74
  75.70   85.70
  76.01  193.97
  76.47  108.53
  76.54  158.54
  76.65  113.71
  77.04  208.05
  77.17  162.78
  77.52  104.75
  77.93   71.17
  78.87   77.36
  78.94  101.67
  79.13   37.63
  80.88   98.13
  80.92  207.97
  82.14  166.48
  82.47   90.59
  82.59   84.26
  83.09   70.39
  83.37   61.40
  83.80  106.39
  83.99   70.88
  84.17  100.79
  84.40   81.84
  85.34   45.01
  87.77  207.68
  89.39   60.08
  90.33  162.29
  91.27   45.74
  92.36  110.15
  92.92  212.36
  93.92  190.51
  95.36  103.55
  96.59  209.11
  98.25   88.88
  98.46  203.75
  98.63  160.55
  99.44   75.22
  99.62  212.54
  99.73  209.55
  99.88   70.39
 100.67  103.18
 101.62  152.25
 103.34  164.88
 104.35  106.50
 104.92  208.13
 105.41  187.14
 105.70  199.54
 106.64  142.25
 107.03  200.80
 107.35  202.92
 107.81  134.21
 108.42  103.44
 108.67  157.22
 108.72  144.76
 112.06  116.48
 112.33  106.41
 112.85  184.60
 113.07  133.66
 113.77  142.12
 114.72  149.89
 116.23  155.55
 116.63   82.42
 117.03   89.70
 117.60  103.18
 118.23   93.06
 119.31   78.95
 121.23  194.40
 121.42  183.00
 122.68  155.05
 123.22  103.01
 123.33   85.84
 124.48  105.74
 124.66  149.29
 125.62  138.50
 127.31  108.34
 127.34  134.05
 127.90  105.72
 129.03  181.02
 129.19  178.04
 131.18  121.97
 132.12  132.10
 132.74  104.25
 134.52  124.22
 134.56  116.06
 134.83  156.49
 135.46  144.03
 138.33  181.85
 139.16  163.00
 140.50  102.52
 141.21  162.25
 142.13  105.35
 144.08  159.29
 144.37  108.23
 145.33  190.80
 146.60   81.56
 149.02  111.80
 152.46  109.43
 152.61  199.96
 153.17  190.71
 153.21  189.99
 153.31  107.85
 153.48  104.90
 156.00  102.20
 156.25  121.59
 157.08  107.66
 157.79  104.75
 160.24  139.60
 163.73  191.22
 163.77  104.70
 166.49  101.84
 168.76  104.37
 169.85  201.25
 171.72  101.64
 175.79  107.39
 178.76  104.20
 178.82  125.50
 179.84  149.97
 179.92  171.47
 181.14  190.22
 181.19  143.86
 181.76  101.86
 182.59  162.23
 184.02  201.09
 185.91  134.21
 186.65  106.00
 186.91  150.83
 187.86  101.88
 188.19  131.16
 189.40  135.96
 189.73  190.57
 190.20  178.63
 190.74  138.48
 190.90  104.01
 191.04  177.62
 191.93  175.38
 192.24   80.55
 193.13   84.46
 193.58   73.75
 193.70  180.58
 194.91  145.44
 196.66  195.81
 198.22   77.33
 198.27  133.86
 198.42   91.30
 198.62   87.46
 199.58  153.96
 200.39   83.72
 200.74  103.74
 200.79   80.93
 200.99   74.13
 201.33  192.30
 201.71   67.64
 201.93  106.54
 202.10  182.63
 202.65  101.19
 203.16   85.84
 204.09   90.71
 204.21   66.05
 204.86  144.76
 205.53  101.13
 206.51  106.71
 206.77  183.86
 207.12   75.24
 207.33   70.97
 207.84  148.89
 207.96   88.89
 208.20  205.18
 208.39   93.65
 210.12  143.54
 211.30   60.97
 211.46  197.00
 211.73   84.64
 212.26  101.34
 212.92   72.82
 213.09  145.29
 213.48   45.46
 214.60  204.60
 214.69  185.00
 216.15  106.88
 216.49  208.56
 218.77   53.06
 219.50   70.75
 221.02  145.29
 221.11   46.10
 221.43  186.91
 221.64   60.09
 221.72   82.38
 222.62  209.22
 223.41   91.82
 223.58   97.24
 224.16  147.91
 224.31  149.74
 224.40   68.46
 225.67  188.48
 226.05  212.49
 226.39  143.82
 226.75   61.45
 227.26  100.81
 227.33   42.10
 227.44  106.57
 228.04  138.88
 228.30   57.10
 229.46   88.05
 229.73  200.91
 230.24   73.83
 230.29  190.39
 230.58  152.13
 230.99   44.96
 232.41   71.66
 232.42   54.16
 232.76  147.52
 233.01   59.39
 233.20  204.11
 233.65  101.13
 235.18   73.07
 236.08  206.93
 236.20   85.62
 236.45   97.60
 236.67   36.42
 236.74   92.78
 237.75   46.41
 238.52   88.68
 239.03  144.69
 239.35  148.72
 239.70   52.84
 239.74   38.44
 241.57  195.45
 241.87  101.56
 242.85  142.92
 242.98   34.94
 242.98   88.67
 243.26  175.78
 243.40  186.40
 245.04   45.53
 245.47  161.12
 245.56  156.69
 247.19  194.23
 248.36   28.98
 248.46  149.78
 249.88   24.11
 250.12   39.27
 250.51  185.46
 250.63  164.39
 250.85   97.65
 251.08   91.12
 251.22  151.62
 252.35  195.87
 253.00  147.79
 253.03   22.50
 253.41  206.85
 254.56  115.26
 255.98   21.84
 256.28  152.55
 258.96  153.84
 259.14   33.71
 259.31  195.81
 260.12  162.08
 260.25  139.16
 260.27  148.24
 261.26  191.63
 262.40  109.16
 263.92  206.94
 264.14   15.22
 265.43  151.68
 267.18  159.05
 267.78   15.47
 268.38  194.98
 268.56   24.59
 269.05  127.60
 269.87    9.41
 270.16  115.16
 271.04   39.62
 272.25   19.01
 272.45    8.21
 273.66  162.78
 275.20   55.25
 275.21  103.41
 275.80  206.98
 275.95  145.55
 276.03  209.91
 277.56   10.99
 278.07  161.39
 278.77   30.32
 278.91   66.33
 279.26  152.61
 279.76  157.02
 281.61   47.68
 285.64  139.99
 287.87  194.87
 288.01   21.32
 289.26  140.28
 290.23  147.71
 290.37   51.84
 291.07   30.98
 291.74  151.85
 293.66  206.93
 293.98   96.98
 294.42   83.63
 296.08   27.77
 296.35  148.07
 296.99   95.01
 299.79    9.49
 300.08  149.68
 301.88   17.34
 302.51   13.53
 303.01  213.55
 303.31  154.69
 305.00   78.67
 305.02  206.69
 305.32   10.54
 305.34   19.52
 305.45  194.59
 306.84  150.06
 307.80   94.87
 307.98  204.56
 310.06  201.87
 310.72   47.33
 310.87   95.07
 312.50   97.61
 313.04   91.17
 314.19  209.54
 314.57  201.65
 314.63   99.37
 315.36   17.70
 315.82   96.14
 316.64  151.16
 316.80  141.29
 317.71  204.00
 318.10   12.52
 318.14   92.91
 320.70  204.23
 321.93  163.89
