  11.36  150.89
  12.04   85.20
  13.54   90.75
  15.46  152.52
  15.89  152.06
  17.19  101.86
  17.22  111.55
  17.51  159.44
  17.64  156.12
  19.10  131.46
  20.46  123.66
  20.57  100.08
  21.13  134.81
  22.02   95.10
  22.97  118.83
  24.59   93.00
  25.13  154.01
  25.90   58.15
  26.54   78.80
  26.94   52.67
  27.03   42.59
  27.76  158.42
  33.08   19.87
  33.65   15.93
  37.18   45.87
  37.29   49.79
  38.06  157.06
  41.06   22.31
  43.01   67.96
  43.60  109.55
  45.17   77.02
  45.69   69.28
  46.15  155.98
  47.57   72.33
  49.57   60.79
  50.44  152.70
  52.46   63.29
  53.32   55.05
  53.36   71.51
  53.92  145.73
  54.58   44.20
  54.85   86.76
  55.85   37.59
  57.21   79.17
  57.25  151.86
  57.66   49.08
  57.85   41.58
  58.56  156.22
  61.40   44.28
  62.90   91.95
  65.29  154.83
  68.53   95.87
  70.17  209.58
  70.58   98.59
  71.96   81.99
  72.19  154.93
  72.22  100.11
  72.98   90.61
  73.32   98.68
  74.02   77.19
  74.33  101.96
  75.00   50.69
  77.28  154.35
  77.35   81.95
  77.52   98.71
  79.05   67.87
  79.09   70.27
  79.59   63.16
  79.76  157.33
  79.81   84.30
  80.28   74.51
  81.30   51.57
  82.22   82.10
  86.44  154.14
  86.81   82.86
  87.35   74.68
  87.71   45.23
  88.78  156.58
  91.46   82.59
  92.23  154.30
  92.98   85.28
  93.16  156.93
  93.26   37.60
  93.42   44.06
  95.40   49.87
  98.03   46.26
  98.23  149.81
  98.92  152.57
  98.97   41.32
  99.84   62.31
 101.97   49.81
 102.94  125.03
 103.72  148.01
 104.01  117.96
 105.40  139.26
 105.51   62.62
 107.42  128.19
 107.52   65.00
 107.67   65.48
 108.70  157.35
 109.13   80.76
 109.14  131.59
 110.10   96.88
 110.76  119.19
 111.56  127.92
 113.48  158.07
 113.83  113.39
 113.97   35.33
 114.21   94.69
 114.50  209.60
 115.33  135.89
 115.82   53.87
 116.46  132.63
 116.56   32.66
 116.62  207.28
 117.65  149.24
 119.06  111.45
 119.54  158.69
 120.82  206.94
 121.23   46.05
 122.06   91.69
 122.37   85.40
 122.39  158.44
 122.55   33.52
 123.29   41.71
 123.71  152.79
 123.74   98.96
 124.04   36.15
 125.24   90.46
 126.41  142.33
 126.48   59.57
 126.51   59.59
 127.80  119.12
 128.93   30.12
 129.05   51.98
 131.14  141.38
 131.46   87.28
 135.41  151.90
 136.18  200.14
 138.18  209.22
 138.78   83.42
 139.18   60.25
 139.76   44.11
 139.76  135.91
 139.91   80.11
 141.15  152.24
 141.77  194.76
 142.46   65.89
 142.46   81.23
 142.59   81.18
 145.00   83.06
 147.26  205.92
 147.69   75.36
 148.05   64.02
 152.63   70.70
 154.53  137.64
 154.67   21.68
 155.21   42.99
 156.20   25.70
 156.49   29.71
 157.93   10.85
 158.65   15.46
 158.88   32.88
 159.10   47.84
 159.11  118.26
 159.89   60.40
 160.24   28.54
 162.74   13.42
 163.44   35.88
 164.13    9.50
 164.93  118.31
 166.54   16.38
 167.42   48.11
 167.73   40.85
 168.55  206.29
 169.27   35.28
 170.37  118.35
 170.56  143.39
 171.03   61.50
 172.99   55.44
 173.04   69.14
 173.68  206.05
 173.98  137.98
 174.66   64.78
 176.97   48.96
 179.61   52.51
 179.77   64.11
 181.03  158.37
 184.28   56.20
 185.30   55.84
 185.64   33.28
 185.95  157.45
 186.26  143.78
 188.14  138.21
 190.08  152.90
 192.26   59.18
 193.42  143.67
 197.65  164.09
 197.84  142.55
 197.92  143.47
 199.69  155.94
 200.47  206.91
 201.02   55.02
 202.20   60.42
 204.90  146.16
 204.99  196.63
 205.36   57.99
 206.33   39.77
 208.79   43.73
 209.29   38.59
 209.46   54.06
 209.71   48.37
 210.28  207.38
 213.22   64.46
 213.34   45.76
 216.55   43.37
 217.18   47.83
 220.31   39.38
 220.84   32.41
 222.28  210.67
 225.02  202.51
 226.39  207.53
 236.53  204.02
 241.65  152.91
 247.67   58.28
 251.01   42.61
 251.80   27.65
 254.41  114.36
 255.10   33.29
 255.90   29.67
 256.97    9.59
 258.48  171.30
 258.52  170.51
 259.97   17.40
 260.39   43.88
 261.98  167.42
 265.15   35.94
 266.84   26.06
 267.90   16.07
 268.42   30.61
 268.95  207.29
 269.57   33.91
 270.84   40.20
 271.14   43.36
 271.31   50.90
 271.57   34.82
 271.98   30.79
 273.44   28.66
 273.71   12.10
 274.02   47.87
 274.73   16.09
 274.85   25.88
 274.89   51.77
 276.21   19.94
 276.55   37.61
 276.89  133.76
 277.59   24.24
 278.75   17.47
 279.05   38.26
 279.76   12.43
 280.84   49.61
 280.89   21.44
 281.66   25.30
 282.66  130.29
 285.00   46.07
 285.03   16.20
 285.09   25.32
 285.22   53.12
 288.37   23.67
 289.17   59.05
 290.23   27.26
 290.84   47.52
 292.35   62.78
 292.51   18.30
 295.30   40.71
 295.67   25.02
 295.98   13.12
 296.18   21.15
 297.37   35.46
 299.80  175.40
 300.52   48.02
 301.23   25.72
 301.38   59.03
 301.54   29.58
 302.04   53.52
 302.40   20.48
 302.55   62.61
 302.61   10.51
 303.83   25.43
 304.23   33.31
 304.50   44.25
 304.94   52.68
 305.15   38.12
 306.21   21.94
 306.68    8.73
 307.06   49.59
 307.14   15.43
 307.47   60.67
 308.67  204.20
 309.17   18.71
 309.99   27.40
 310.06   47.99
 311.02   73.24
 311.20   67.06
 311.33   13.10
 311.50   61.13
 313.72   22.78
 313.90   30.58
 314.55   31.35
 314.82  150.41
 315.36   11.83
 315.59   72.49
 315.62   34.36
 315.69   17.57
 316.20  175.56
 316.79   78.25
 317.04   39.27
 317.24   30.26
 318.44   77.93
 318.76   21.73
 318.85   16.78
 319.90   27.87
