   6.95   83.23
   8.58   57.17
   8.75   63.56
  10.80  155.40
  11.70   54.52
  11.87   62.80
  12.75   58.50
  12.95  152.34
  13.54  105.47
  13.54  123.55
  14.61   53.61
  16.31   59.40
  16.43  178.07
  17.53   67.51
  18.01   75.44
  18.06  138.71
  18.51  138.39
  18.72   61.91
  19.23  128.22
  19.82   55.03
  21.79   68.53
  22.01   48.76
  22.57   49.73
  22.74   62.63
  23.15  156.12
  23.83  155.63
  25.20  188.68
  25.54  151.12
  27.94   51.49
  28.76   48.97
  28.98  176.67
  29.47  154.74
  29.80  123.06
  30.14  142.48
  31.27  164.17
  31.72  130.36
  32.40  108.70
  33.93   46.67
  34.55   55.96
  35.41  130.79
  36.14  154.49
  37.20  170.58
  37.53  136.37
  37.89  148.68
  38.08  192.01
  39.85   43.23
  40.44  142.22
  40.65  151.08
  40.79   56.96
  40.82  111.75
  40.93  142.21
  41.28  135.99
  41.59   44.66
  42.03  107.55
  43.22   68.51
  44.14  150.65
  44.95  108.17
  45.25   95.76
  45.37   44.83
  46.38  114.45
  46.54  102.99
  46.71   55.43
  47.31  149.99
  47.57   52.57
  48.08  171.82
  48.38  107.67
  48.45  187.35
  48.54  143.68
  49.63  101.71
  49.86  101.35
  49.97  100.16
  50.06  147.56
  50.06  119.82
  50.55   54.06
  50.66   48.82
  52.29  168.56
  52.39   70.72
  53.56  129.92
  53.72   96.70
  54.47  159.58
  55.06   56.32
  55.47  121.49
  56.97  127.08
  59.58  169.15
  60.79   87.40
  61.51   68.47
  61.72  128.93
  61.96   36.98
  62.02  103.42
  63.11   92.02
  63.29  120.84
  63.43  189.70
  63.65   44.82
  64.47   51.12
  65.57   98.98
  65.80   64.55
  66.44  184.08
  67.21  125.60
  67.97   52.41
  68.66  116.86
  68.66   59.56
  68.72  170.22
  69.83  187.81
  70.27  106.73
  72.46  110.60
  73.10  184.07
  73.14   76.38
  73.35   57.04
  74.45   92.96
  76.21  120.10
  76.44   69.58
  76.76   60.32
  78.01  115.21
  78.38  131.42
  78.41  100.55
  80.69   65.46
  81.57   74.41
  83.17   87.94
  83.47  181.88
  83.98   67.72
  85.53   82.24
  85.72   77.36
  86.05  130.48
  86.31  111.73
  88.09  119.59
  88.86   59.70
  89.52   94.91
  89.65   84.41
  90.76   99.76
  92.70  120.07
  92.98   81.48
  93.19  109.14
  93.56   73.87
  94.74   89.39
  95.61   92.89
  98.03   82.71
  98.06   86.61
 102.97   86.27
 105.29   99.12
 106.78   89.08
 109.51   85.48
 109.59  140.34
 112.63  141.83
 113.21  140.78
 115.98  119.96
 122.32  136.12
 126.81  141.00
 129.12  188.40
 129.32  145.02
 129.44  153.70
 129.82  148.57
 134.22  139.00
 134.63  162.35
 138.89  155.48
 143.52   95.98
 151.34   94.47
 151.47   78.56
 154.01   86.81
 154.73  144.11
 155.07   98.02
 155.27  122.39
 156.28   95.03
 159.63  147.79
 159.76   89.60
 160.88  156.28
 161.08  186.39
 163.70  185.28
 163.98  139.15
 164.01   86.48
 164.23  150.85
 165.08   86.48
 167.57  166.56
 168.65  165.78
 171.30   64.65
 171.47   86.17
 171.91  161.95
 172.04  144.77
 175.57   65.24
 178.14  154.32
 178.65   86.41
 180.34  100.67
 181.87  185.13
 184.93   87.37
 185.73   70.14
 185.79   86.43
 186.57  101.70
 187.31  118.93
 187.92  103.79
 189.97   89.97
 190.02   90.10
 192.84  102.94
 194.59  114.58
 195.22   87.14
 195.52  182.86
 195.94   74.75
 196.30   99.63
 197.19   78.62
 197.28  107.46
 197.49   78.59
 198.02  159.66
 198.56  140.71
 198.74  103.13
 198.89  103.04
 199.71  119.23
 199.72  146.68
 199.76   83.92
 199.97  135.35
 200.06  154.79
 200.64  179.36
 201.38   97.15
 203.81  148.02
 204.68  101.58
 205.01   85.65
 205.53  111.68
 205.61  136.94
 206.38  132.02
 207.11  124.99
 208.23  107.96
 208.38  127.46
 208.86  180.39
 209.05  145.56
 210.28  119.81
 211.62  113.62
 212.34  101.65
 213.38   94.33
 213.54  105.74
 215.19   92.77
 216.22  116.77
 217.59  112.34
 217.95   83.78
 218.17  101.04
 218.69   70.63
 218.78   55.09
 218.91  109.70
 219.30   87.39
 219.33  103.75
 220.98   82.33
 221.08  119.90
 221.19  117.08
 221.70  106.36
 222.20   79.88
 222.43  102.38
 222.47   91.68
 223.18   87.81
 224.75   98.37
 224.80  117.64
 225.06   83.99
 225.18   52.62
 226.49   88.31
 227.41   93.82
 227.70  178.79
 228.51   77.50
 228.82   61.09
 229.04  106.10
 229.97  113.98
 231.22   90.79
 231.28   83.08
 231.34  183.11
 231.35  136.48
 231.58   66.86
 231.63   53.02
 231.92  101.40
 233.41  187.23
 234.07   89.10
 234.43   74.92
 234.98   70.04
 235.58   96.88
 235.75   90.42
 236.26   62.40
 236.47   84.08
 236.90  178.70
 237.06  109.60
 237.07   47.13
 237.12  103.77
 237.82   87.31
 238.22   95.42
 238.82  108.19
 239.01   81.49
 239.92  106.73
 240.27  130.66
 241.90  178.89
 241.93   30.66
 242.26   70.56
 242.49   60.98
 243.86  114.33
 245.01   86.35
 245.07  100.30
 245.52  189.85
 245.72  159.65
 245.89  186.82
 245.94   69.11
 246.71   77.02
 246.94   89.65
 248.30   49.75
 248.32   98.88
 248.44   93.08
 249.41  104.40
 249.95   45.78
 250.16   89.23
 250.21  110.49
 250.28   86.41
 250.30   42.66
 250.31   69.29
 253.15  100.49
 253.34   65.07
 254.46   60.26
 255.28   97.97
 256.07  101.57
 256.95  120.25
 257.03   44.78
 257.50   79.16
 257.92  134.31
 258.03  114.41
 258.31  185.46
 258.88   52.00
 259.02   58.07
 259.07   36.37
 259.29  109.73
 259.87   90.75
 259.99   48.46
 261.42  119.25
 261.65   54.44
 261.83   39.63
 262.36  115.00
 263.61   83.14
 263.97   93.00
 264.04   71.07
 264.18  108.51
 265.10  100.20
 265.17   66.57
 265.35   41.51
 265.70   31.53
 265.80  126.76
 266.96   85.02
 267.26   46.57
 267.85  128.92
 267.95  187.29
 268.26  120.04
 268.53   76.86
 269.37  118.68
 269.52   71.12
 269.59   42.02
 269.64   48.40
 269.74   58.39
 269.80  135.88
 269.86  187.06
 269.90  192.12
 269.90   47.22
 269.97   26.72
 269.99   89.37
 270.14  126.79
 270.18   52.04
 271.06  185.69
 271.36   40.86
 271.69   82.78
 271.78   50.48
 272.46  109.30
 272.62   67.16
 273.44   35.20
 273.55   78.32
 273.95   87.09
 274.31   71.64
 274.37   52.90
 274.70   25.49
 275.50  167.77
 275.76   97.92
 275.88   94.06
 276.04   74.60
 276.40  117.25
 277.49   64.78
 277.78   49.87
 278.00   31.30
 278.60  103.60
 278.67  146.00
 279.18   37.64
 279.35   63.57
 279.56  130.14
 279.97  189.00
 280.04   87.81
 280.41  186.71
 280.89   76.87
 281.32  159.73
 281.48  113.93
 281.58  179.23
 281.90   84.79
 282.09  172.66
 282.24   49.51
 282.24   99.20
 282.32   20.52
 282.43   66.91
 283.03   37.46
 283.59  165.80
 284.07   38.40
 284.16  129.53
 284.31  193.15
 284.41   92.81
 285.64   87.90
 286.09  171.86
 287.21  157.63
 287.47   47.44
 287.64  122.97
 289.31   50.99
 289.42   62.89
 289.47   68.26
 289.50   98.16
 289.57   77.78
 290.31  141.07
 290.57  128.86
 290.68  157.07
 291.06  161.92
 291.49  112.60
 291.58   53.76
 292.12   88.47
 292.60   35.64
 293.47  197.23
 294.11  158.07
 294.25  179.45
 294.79   95.39
 295.25   49.10
 295.26  156.82
 295.44   22.04
 295.49   38.42
 295.92   78.68
 296.01   87.67
 296.12  127.02
 296.57   60.85
 296.73  136.83
 296.90  168.01
 297.18   83.37
 298.52  117.48
 298.59  130.72
 299.25  153.76
 299.34  198.82
 299.92  112.64
 300.29   45.04
 300.30   54.34
 300.44   11.24
 301.00   10.05
 301.32  127.34
 301.64   91.64
 302.29   58.96
 302.95   26.02
 303.16  131.98
 303.69  117.76
 304.22  159.48
 304.32   18.46
 305.62   57.64
 307.03   42.83
 307.97  197.10
 309.63   29.17
 310.31  169.08
 310.50   53.45
 310.51  149.69
 311.34  107.81
 311.45   59.66
 311.46   63.54
 312.00  173.66
 312.01  113.63
 313.21  184.85
 313.42  119.21
 313.62   19.31
 314.73   49.42
 314.91  115.57
 315.38   40.04
 315.68  122.00
 315.71  149.10
 317.33   74.07
 317.43   62.73
 317.45  111.73
 317.76   54.69
 317.94  147.60
 320.07  186.41
 320.29   65.61
 321.29   26.82
 321.77   50.93
 322.59  172.64
