   8.16  149.78
   9.26  113.08
   9.32  207.19
   9.66  210.66
  10.27  204.47
  10.77   22.63
  12.25  129.01
  13.66  203.65
  14.14   15.15
  14.45  206.24
  15.77   57.75
  18.37  208.88
  31.32   41.01
  31.94   19.76
  34.21   42.64
  36.76  112.85
  36.80  118.77
  38.26  108.26
  38.59  103.04
  39.91  133.49
  42.75  117.26
  45.05  113.53
  45.59  133.11
  45.63   61.21
  47.43   53.94
  47.57  201.67
  47.62  103.04
  51.57  126.91
  53.86   67.20
  55.55   33.01
  56.45  114.22
  56.92  134.37
  57.49  128.26
  57.60   65.82
  57.74  124.63
  57.84  190.46
  58.55  119.98
  58.80   34.90
  59.20   16.89
  60.03  110.38
  60.28  127.02
  60.74  115.79
  61.24   28.45
  62.05   32.69
  62.31  208.90
  63.92   62.16
  65.05  199.91
  65.73  203.55
  66.40   72.40
  66.61   61.96
  67.28   57.29
  67.45   54.15
  67.51  120.46
  68.41   16.59
  70.29    8.71
  70.51   12.03
  72.68   55.80
  73.21   63.76
  74.89   87.57
  75.09   17.39
  75.32   10.32
  76.22   24.03
  76.88   56.24
  77.54  128.44
  78.95   16.42
  79.23   28.92
  80.51   64.51
  81.59   23.56
  81.75   13.76
  82.34   74.14
  82.70   30.17
  83.30   18.03
  83.53   20.61
  84.27   12.52
  84.67   24.96
  87.08   54.00
  89.55   26.79
  90.52   30.64
  90.85  193.29
  92.80  195.43
  95.68   69.94
  96.52   28.81
  96.73   23.53
  97.17   36.71
  97.20   92.96
  99.15   83.91
  99.81   71.55
  99.97   25.41
  99.98   29.36
 100.79   34.53
 101.19   93.79
 102.20  119.26
 102.30    9.07
 102.42   16.09
 102.77   68.02
 102.85   40.22
 103.05   88.14
 103.36   40.78
 103.92   41.97
 103.97   90.67
 104.51   54.05
 105.49  184.77
 106.03  180.80
 106.29   68.87
 106.46   91.42
 106.83   73.88
 106.97   81.63
 108.26   59.68
 109.22  176.84
 109.38  176.97
 110.04   19.23
 110.25   29.62
 111.10  174.26
 112.28   65.32
 112.35   78.15
 112.41   54.40
 112.99   94.96
 113.38  112.55
 113.83   34.90
 113.96   73.33
 114.16  175.87
 114.86   90.21
 116.55   57.76
 118.63  177.66
 119.01   27.72
 119.23   56.35
 119.87  112.90
 121.08  202.07
 121.60   10.78
 122.07   55.33
 122.55   10.82
 123.91  178.51
 124.08   88.73
 125.98   32.26
 126.55   75.95
 126.77   27.53
 127.05  200.41
 129.17  195.91
 130.33   25.76
 130.61  186.30
 130.88   93.57
 131.25   33.06
 132.98  179.57
 133.12  189.30
 133.36  192.01
 133.45  176.31
 133.54  184.48
 134.05   86.31
 134.26  203.41
 134.80  107.34
 135.00   72.85
 135.04   62.21
 135.51   80.06
 136.04   83.88
 136.26  194.54
 137.76   97.57
 138.02  182.61
 138.53   64.62
 139.09  127.79
 140.28  209.52
 140.48   93.57
 142.25   31.15
 142.60  202.03
 143.16  195.27
 143.34   82.01
 143.80   12.48
 143.85  177.93
 144.13   41.46
 144.32  198.84
 144.37  153.21
 145.14   30.14
 145.19   79.53
 145.26  112.73
 145.45   20.04
 146.51  185.86
 146.51  170.49
 146.52  193.42
 146.95  143.34
 146.95  161.64
 147.01  207.36
 147.08  170.89
 147.79   32.55
 148.29  165.71
 148.53   19.56
 149.16  204.38
 149.79  181.41
 149.91  196.25
 150.02   63.01
 150.28   23.14
 150.58   13.25
 150.85  200.24
 151.19   43.62
 151.60  100.20
 151.97   74.05
 152.75  176.88
 153.72   95.62
 153.99   40.76
 154.21   84.43
 155.22  172.23
 155.35   37.54
 155.98   51.00
 156.03   64.74
 156.05  163.07
 156.68   97.08
 156.88   47.94
 157.30   92.74
 157.36  140.00
 157.63   16.69
 157.66  157.19
 157.75   92.76
 157.96  172.52
 157.96  104.76
 158.05   39.29
 158.06   72.45
 158.12   58.77
 159.56   90.41
 159.58  158.92
 159.71   33.73
 159.88   54.65
 159.96  100.42
 160.07   67.59
 161.53   65.40
 161.65   48.61
 161.97   11.55
 162.14   23.59
 162.18  120.56
 162.32  104.35
 162.56   58.41
 162.89   51.04
 162.97   76.31
 163.45   40.56
 164.22  170.94
 164.23   70.44
 164.25   42.63
 164.52   95.23
 164.55   19.34
 164.59   83.93
 164.67  144.00
 164.80  157.16
 165.47   61.28
 166.43   23.33
 166.45   58.13
 168.64  126.54
 168.70  140.61
 169.81   69.59
 169.89    9.28
 170.11   93.92
 170.33   15.73
 170.61   35.43
 171.46   17.25
 171.55    7.70
 171.58  120.93
 172.94   53.50
 173.37   88.32
 173.41  144.28
 173.48   77.82
 173.75   73.79
 173.84  123.57
 173.96   26.82
 174.04  128.25
 175.47  146.34
 175.59   59.99
 176.17   81.72
 176.29   99.33
 176.30  121.15
 176.48  125.51
 177.15   42.33
 178.33   28.48
 178.39   47.34
 178.65   28.50
 180.83  140.59
 181.02   79.94
 181.49   75.68
 181.63   71.09
 181.82   34.66
 182.21   30.23
 182.23   75.73
 184.16   42.03
 184.91   60.58
 185.61   55.86
 185.70   83.91
 185.78   66.83
 185.95  121.89
 186.47  120.27
 186.50   96.89
 186.55  145.96
 186.71   83.25
 187.56  107.42
 187.61   87.14
 188.00   63.55
 188.71  136.00
 189.39   34.23
 189.74   65.91
 190.21   53.21
 190.26   53.17
 190.55   81.84
 191.07   70.21
 192.09   29.45
 192.70  158.16
 193.24   41.82
 194.20   37.31
 194.75   79.68
 195.29   26.22
 195.39   13.67
 195.58   18.41
 196.30   73.62
 197.68    9.14
 198.79  118.06
 199.04  169.51
 199.72  158.70
 199.77   34.93
 200.61   24.87
 201.27   18.20
 201.34   25.98
 201.82   39.07
 202.05  118.65
 202.45  115.63
 202.65   77.81
 202.75  153.72
 204.17   46.25
 204.38  160.46
 204.82  150.16
 204.96  130.37
 205.02  174.85
 206.20   32.16
 206.50  133.78
 207.28  121.36
 207.75  143.16
 210.49   25.83
 211.49  138.47
 211.75  147.34
 212.19   27.63
 213.06   13.83
 214.30   21.32
 214.62  137.92
 214.62  150.21
 214.70  173.78
 216.36  135.14
 217.93   20.39
 218.57  124.31
 219.11  152.79
 219.22  141.26
 219.96  148.88
 220.22  143.31
 222.03  135.85
 223.06  127.05
 224.90  167.60
 226.22  131.97
 226.69  131.96
 236.03  123.39
 237.18  130.71
 241.07  131.90
 245.32  118.86
 245.38  139.72
 247.74  123.57
 248.90  148.46
 249.50   11.67
 250.09   30.34
 251.43  134.71
 252.58  140.05
 252.84   13.75
 253.54   36.72
 254.67   41.80
 254.67  144.86
 255.86   25.96
 256.26  136.52
 256.42  132.85
 258.18  140.39
 258.34    7.81
 258.86  152.06
 258.96   35.77
 260.47   15.66
 260.63  147.66
 261.64  140.60
 262.66   50.86
 262.70   45.93
 262.78   46.01
 263.02   18.99
 263.16  161.79
 263.22    9.14
 263.40   41.09
 263.83  156.00
 263.96   37.41
 265.06   32.19
 265.25  115.82
 266.06   21.13
 266.06   61.87
 266.40   19.27
 266.42  119.62
 266.53   50.87
 266.66  119.86
 266.77   40.30
 267.14  154.86
 267.41   31.99
 267.55  148.87
 268.95   19.43
 269.04  125.60
 269.89  168.92
 270.17   16.59
 270.58   49.27
 271.19  145.61
 271.37   15.03
 273.56   52.04
 274.08  100.41
 274.26   66.25
 275.53   11.58
 275.94   31.92
 275.97   22.12
 276.35   58.38
 276.68   78.77
 276.98  164.50
 276.98  175.27
 278.98   88.65
 279.17   16.14
 279.85  173.55
 279.94  146.57
 281.35   12.43
 281.98   40.74
 282.68   56.35
 283.24  142.77
 283.50  148.80
 284.15  119.57
 286.08   30.59
 286.20  112.23
 286.22  156.49
 287.00  124.17
 287.26   97.82
 287.42  175.53
 287.50   34.48
 287.56  139.14
 288.28  168.55
 288.77  172.85
 289.10   40.90
 289.68   14.09
 289.76   84.48
 290.26   36.18
 290.28  170.50
 290.73  150.19
 292.43  160.74
 292.94  154.74
 294.80  162.97
 295.08   61.06
 296.59   80.57
 296.73   69.46
 297.15   51.25
 297.53  168.42
 297.57  123.63
 297.86  129.68
 298.24  133.53
 300.13  171.40
 300.90  117.50
 301.40   69.42
 301.89  138.40
 302.40  153.57
 304.17   75.23
 304.58   57.80
 304.81   61.76
 306.09   75.19
 307.02   53.76
 307.25   48.84
 308.58   11.88
 309.21   72.22
 311.20   62.30
 312.21  108.13
 312.54  107.85
 314.62  156.61
 314.93   19.85
 316.19  143.68
 316.26   19.42
 316.44   43.56
 316.44   49.80
 316.57   31.61
 316.62  145.50
 317.49   62.06
 319.56  134.47
 320.45   47.21
 321.92   38.78
 322.00    7.84
