   7.08  184.27
   7.29   15.79
   8.67  101.05
   8.99   52.49
   9.30   65.59
  10.40   88.76
  11.04  153.61
  11.36   99.37
  11.71  158.15
  12.78  148.41
  13.39  143.88
  13.58  161.68
  13.71   67.22
  13.96  178.14
  14.17  159.65
  14.95  168.92
  14.96   49.28
  15.83   20.22
  16.09   24.25
  16.35   96.40
  16.92   60.33
  17.28  145.69
  17.29  129.21
  17.31   93.52
  17.60  124.90
  18.42   84.95
  18.61  168.09
  19.04   91.05
  20.10   81.24
  20.47   95.48
  21.20  183.96
  21.65  143.69
  21.78  143.60
  21.82   64.43
  22.30  164.53
  22.94   88.09
  22.96   53.15
  23.96   51.69
  24.16  122.26
  24.25  121.75
  25.10  197.49
  25.37   27.91
  25.94   10.78
  26.01   89.08
  26.11  167.56
  26.35  131.32
  26.35   62.39
  26.45  127.42
  26.99   74.43
  27.54   42.19
  27.69   82.33
  28.10   56.65
  29.45  181.87
  29.84  166.94
  29.89   93.23
  30.66  163.74
  30.99   71.13
  32.35  175.62
  32.56   67.50
  32.80   36.31
  33.45   71.89
  34.04   78.86
  34.04  181.03
  34.20   13.15
  34.71  164.13
  34.72  134.35
  36.03   48.63
  36.23   19.94
  36.47  100.54
  36.62  100.59
  36.90   53.25
  37.49  104.68
  37.78   17.85
  37.88   69.84
  37.98   25.88
  38.35   11.61
  39.12   36.14
  39.52  179.69
  40.81  101.83
  41.09   70.68
  41.39   97.12
  42.09   62.51
  42.11  171.81
  42.37   14.83
  42.37   46.29
  44.70   99.58
  45.53  179.10
  46.21   81.64
  46.25   14.76
  46.34   21.47
  46.56  159.32
  46.71  149.12
  47.36   84.73
  47.54   68.93
  48.58   95.79
  49.50   48.67
  49.93  152.88
  49.96   33.21
  50.25  145.44
  50.90   37.40
  51.67   61.44
  51.71  174.21
  51.95   89.02
  51.97   80.49
  52.20   41.61
  52.50   61.27
  53.01  177.56
  53.84  150.10
  54.15   48.48
  54.25   85.71
  54.34   45.70
  55.09   38.21
  55.27   32.05
  55.60   52.44
  56.21   41.64
  56.46   53.27
  57.04  140.98
  57.06  141.28
  57.50   49.97
  58.34  165.32
  58.57  173.44
  58.68  146.17
  58.91   89.76
  59.23  146.08
  59.45   39.76
  60.13   44.67
  60.64   60.05
  60.68  116.78
  61.38   35.02
  61.42   84.97
  61.47  186.33
  62.47  179.40
  62.76  150.71
  62.84   22.60
  63.12  154.37
  63.18  125.41
  63.76   47.55
  63.78   84.86
  63.92   93.52
  64.12  168.15
  65.13  171.66
  65.14  171.67
  65.21   51.00
  65.56   71.73
  65.71   76.26
  66.17   36.33
  66.37   79.93
  66.55   67.52
  66.65   80.60
  67.69   47.79
  68.71   63.44
  68.80   16.59
  69.98   27.80
  70.40   80.63
  70.82   82.65
  71.25   69.76
  71.33   88.29
  71.43   42.55
  72.86   60.14
  74.07  206.08
  74.15   67.07
  74.55   51.77
  75.86   26.79
  76.56  115.83
  76.68   64.23
  78.14   76.78
  78.89   88.56
  79.01  152.26
  79.07  204.49
  79.19   36.57
  79.74   93.32
  79.78   69.26
  81.13   70.85
  81.29   97.66
  81.63   73.63
  81.68   78.38
  82.28  138.08
  84.20   89.52
  84.30   85.37
  84.30   85.41
  84.31  115.39
  84.58   27.44
  84.67   21.82
  87.35  205.24
  87.38   82.06
  87.45   87.03
  88.64   82.91
  89.34   16.43
  89.88   56.37
  90.16   77.58
  90.65   27.35
  90.72   70.27
  91.80   90.62
  92.51  137.70
  93.56  115.99
  93.66   84.33
  94.56   79.49
  95.78   30.81
  95.82  101.10
  97.75   63.64
  98.24  197.69
  98.52   95.66
  98.58   33.81
  99.11   85.89
  99.31   90.34
  99.82   82.84
 100.80   74.56
 101.36  202.45
 102.19  200.28
 102.97   36.65
 103.57  129.09
 103.85   62.87
 104.18  174.02
 105.16   27.71
 105.49   22.12
 105.84   14.91
 106.31  197.67
 106.54   39.22
 106.86   82.35
 107.09  167.50
 107.26   51.91
 107.75   22.74
 107.79   18.70
 108.23   62.28
 108.52   69.76
 108.78   87.63
 108.98  148.26
 109.00  192.34
 109.49  163.55
 109.63  166.82
 111.34   41.38
 111.60   77.36
 111.85   84.67
 112.35   77.85
 112.95   72.91
 113.01   36.72
 113.04   28.00
 113.07   54.62
 113.47  135.25
 113.66  127.24
 113.75  176.77
 113.78  119.38
 113.84  191.71
 113.87  111.70
 113.99  144.27
 114.19  129.22
 114.90   60.03
 115.16   44.96
 115.93   42.75
 116.04  161.16
 116.11   68.57
 116.51   49.80
 116.97   60.09
 117.07  186.00
 117.29   30.09
 117.50  178.76
 117.60  196.15
 117.63  185.14
 117.98   20.65
 118.12   33.38
 118.26  202.80
 118.36   79.54
 118.45  197.25
 119.07   51.42
 119.58   37.86
 119.62  145.89
 119.62  169.48
 120.00   84.35
 120.10   18.79
 120.75   76.16
 121.75   64.74
 121.85   51.07
 122.68  197.79
 123.19   27.64
 124.30  180.10
 124.53  169.15
 124.57   55.45
 125.13   39.78
 125.96   17.23
 126.18  170.04
 127.54   59.77
 127.86   26.86
 128.08   48.62
 128.25  167.15
 128.81   34.38
 130.06   38.74
 131.42   74.39
 132.34  196.81
 132.38  196.71
 132.62  139.45
 132.95   90.06
 133.47   22.08
 133.57   47.46
 134.25   25.26
 134.40   36.38
 134.48  161.01
 134.65  135.54
 134.85   32.96
 136.64   20.17
 137.15  179.53
 139.56  154.74
 139.89  152.18
 140.10   31.30
 140.22   16.72
 141.36  172.41
 141.81  148.75
 142.89   84.36
 143.11  170.84
 144.14  137.41
 144.17  196.59
 144.38   64.40
 144.85  173.86
 144.88   58.06
 145.17   50.47
 145.47  113.00
 145.91  177.66
 146.96  191.85
 146.96  137.68
 147.94   64.24
 148.32   59.78
 148.58   83.19
 148.79   83.36
 149.63  137.29
 150.07  196.51
 150.11  174.56
 150.66  181.35
 151.57  150.90
 152.22  176.46
 152.30  194.48
 154.26  192.24
 155.43  196.96
 155.45  140.06
 156.46   83.01
 158.57   81.63
 158.77  159.31
 158.87  186.18
 159.95   86.21
 160.44  110.90
 160.56  169.16
 160.62  179.64
 160.63   80.21
 160.74  203.46
 161.46  153.43
 161.78  199.52
 162.26  119.72
 162.30  187.54
 164.12   85.73
 164.15  174.54
 164.45  181.23
 164.88  191.88
 165.15  203.90
 165.28  109.62
 166.42  152.86
 167.25  199.24
 167.72   88.23
 170.29  168.63
 171.88  150.69
 172.31  185.32
 173.20  160.32
 173.31  181.76
 173.35  145.32
 176.06  157.10
 176.94  161.91
 177.40  148.53
 178.82  182.26
 179.66  186.25
 182.64  180.30
 184.17  166.39
 184.87  180.60
 186.06  173.60
 187.29  145.48
 188.62  182.70
 189.00  161.21
 189.54  169.44
 189.57  151.74
 191.85  145.00
 192.63  149.79
 193.23  151.22
 194.27  174.00
 195.15  158.63
 195.75  180.33
 196.63  162.14
 197.93  195.77
 198.57  208.93
 199.02  158.89
 199.26  190.48
 199.71  151.59
 200.32  161.88
 200.33  172.04
 200.70  201.19
 202.46  176.85
 202.55  198.78
 203.12  155.49
 203.66  100.70
 206.76  147.59
 208.45  161.01
 209.16  154.78
 209.17  194.23
 209.35  164.84
 209.65  194.05
 210.03  115.85
 210.23  149.75
 210.80  197.49
 213.33  161.30
 213.74  149.75
 215.95  195.31
 215.99  150.25
 216.58  159.29
 222.55  197.91
 222.81  115.88
 223.78  192.06
 225.30   69.92
 226.16   59.86
 226.47  120.83
 228.60  211.29
 228.86  196.66
 230.17  115.50
 231.10  192.09
 235.73   60.18
 235.95   53.78
 236.82  209.20
 239.63  211.59
 239.92   48.01
 240.43   47.64
 241.75  115.69
 242.42  115.38
 243.54  193.46
 244.42   62.27
 245.34   48.46
 245.93   44.41
 245.98   54.95
 248.41   59.96
 248.85   55.54
 250.96   50.51
 251.20  100.57
 251.59  105.52
 254.03   37.46
 254.17   38.43
 254.47   65.01
 255.64   58.22
 256.92   61.21
 257.32   46.01
 257.66  109.70
 258.07   30.44
 258.34   67.00
 258.75   35.71
 260.99   27.53
 261.60  209.10
 263.57   53.40
 264.06   44.06
 264.17   26.04
 265.27   35.79
 266.53   62.88
 266.81   63.47
 266.91   30.24
 268.28   58.49
 269.13   23.29
 269.25   52.75
 269.69   63.04
 270.26   38.65
 272.48   16.85
 272.63   44.98
 273.06   52.70
 273.35  197.74
 273.51   56.45
 274.38   25.59
 274.90   11.51
 275.31   73.49
 275.70   19.63
 275.71   40.20
 276.14   55.29
 277.00   35.30
 278.81  194.06
 279.62   47.74
 281.38  208.61
 281.46   42.75
 281.62   54.86
 281.63   26.45
 281.88   63.56
 283.54    8.39
 283.88  196.14
 284.26   13.88
 284.27   24.42
 285.11   67.24
 285.52   73.54
 286.64   29.05
 287.06   51.96
 287.21   56.61
 287.21  208.37
 287.52  210.76
 287.77   33.12
 287.88   71.68
 288.10   16.64
 289.34   49.09
 293.12   81.18
 293.20   74.22
 293.45   38.21
 293.72   49.52
 293.79   23.91
 294.28   61.48
 295.22   19.44
 296.27   56.17
 296.58  210.86
 297.52   56.59
 297.83   36.15
 300.43   20.43
 300.71   94.75
 301.66   82.54
 302.01   38.73
 302.49   55.31
 302.84   90.00
 302.84  137.76
 302.92   98.22
 303.23  121.90
 303.39   52.31
 303.40   92.40
 303.41  130.72
 303.41  155.01
 303.65  195.20
 304.76   43.08
 305.32  151.37
 305.68   34.52
 306.97   76.23
 307.29  153.70
 307.58  146.46
 308.36   37.98
 308.99  190.82
 309.01   64.14
 310.24   30.37
 311.96   60.93
 312.41   31.81
 312.89   58.42
 313.87  153.34
 314.47    8.52
 315.57  144.92
 319.06   26.31
 319.11  154.42
 320.22   87.85
 322.34  192.57
 323.41   18.57
