   8.69   69.82
   9.02  168.29
   9.87  190.56
  10.37  148.66
  11.14  174.51
  11.43   55.04
  15.39   54.17
  17.39  127.45
  17.79  134.20
  18.58  108.70
  19.87  125.03
  20.17   60.56
  20.93  142.72
  21.59  155.39
  23.71  147.78
  23.75  157.59
  24.67   59.43
  25.44  150.16
  27.67  131.81
  27.94  123.66
  29.04  120.77
  29.16  145.34
  31.15   76.69
  31.24   75.53
  31.82   89.99
  32.07  134.75
  32.11  204.27
  33.13  115.29
  34.19  196.59
  34.31  203.93
  34.37  114.03
  34.45  118.13
  35.05  132.05
  36.39  102.70
  37.01  116.19
  38.05   80.46
  38.43   67.07
  38.48   91.99
  39.44   69.42
  39.65   29.65
  39.90   50.45
  40.20   46.05
  40.60   89.84
  40.70   58.99
  40.76   30.08
  41.22   84.11
  41.35   50.05
  41.96   72.37
  41.97   36.21
  42.73   30.76
  43.09   61.66
  43.44   57.01
  43.44   24.99
  43.55    7.60
  43.98   44.70
  44.74  191.35
  46.08   22.08
  46.38   13.63
  49.06  192.20
  49.35  193.14
  51.85  187.16
  59.87  121.11
  60.59  155.48
  61.58  147.56
  63.14  119.45
  63.43   44.95
  63.91  189.88
  64.13   59.45
  64.27  159.87
  64.88  183.95
  65.26   50.03
  65.36   37.19
  65.48  126.93
  65.77   44.46
  65.77  149.30
  66.21  117.27
  66.28   58.04
  67.41   33.96
  67.53  152.65
  67.91   40.18
  67.96   72.09
  68.15   48.11
  68.32  127.44
  68.68   19.69
  68.80  101.85
  69.10   49.03
  69.38   20.08
  69.55  163.75
  70.01   75.99
  72.81   83.79
  72.95  106.61
  73.05   60.92
  74.17  159.57
  74.91  156.53
  75.30  122.25
  75.75   72.44
  75.86  129.37
  75.97   93.46
  76.94  178.18
  77.60   84.19
  77.98   74.45
  78.70  117.34
  79.56  164.40
  79.73  155.84
  79.93   70.02
  80.02   94.89
  80.11  170.00
  80.34  104.96
  80.44  104.75
  82.26   95.37
  82.59  105.65
  82.62   75.49
  82.95  112.04
  83.15   71.77
  83.47  166.77
  83.48  170.51
  84.46  167.00
  84.63  130.20
  84.64   99.32
  84.89   85.83
  85.54  121.38
  85.75  172.79
  85.77  138.41
  86.19  112.95
  87.28   64.39
  87.33  152.61
  87.82  110.06
  88.72  135.94
  89.44  102.12
  89.60  124.47
  89.89   89.38
  90.37  121.28
  90.43  149.72
  90.54   95.43
  90.79   84.94
  90.85  108.46
  90.96  144.19
  91.15  168.86
  91.28  171.60
  91.61   67.76
  91.63  162.49
  92.02  177.97
  92.29  116.36
  92.84   67.92
  93.28  180.04
  93.52   71.13
  93.97  171.85
  94.24  161.83
  94.52   83.65
  96.66  124.07
  96.68   81.74
  96.98   70.08
  97.36  169.02
  97.49  124.84
  97.95   58.66
  99.10   90.09
  99.77   71.62
  99.78   66.25
 100.37  159.59
 100.54   60.94
 101.22   86.31
 102.23  173.33
 102.28   81.91
 104.42  105.13
 106.05   51.17
 107.41  173.09
 113.38   55.99
 114.87  173.13
 116.45   74.04
 116.78  170.43
 119.08   67.51
 121.97  173.49
 122.49   67.45
 123.62   71.04
 128.60   71.44
 130.27   77.18
 131.08  175.06
 134.74   71.81
 134.94   75.04
 139.32   70.73
 145.85  174.55
 162.70  171.24
 163.00  171.47
 164.81  118.81
 166.47  176.59
 172.13  108.05
 173.27   67.63
 174.08  103.58
 175.54  174.92
 178.79   68.14
 185.86  202.08
 190.86  174.79
 191.07   56.09
 194.44  122.11
 196.21   72.50
 197.76  174.80
 203.80  121.54
 205.07  168.67
 208.66  164.61
 211.81  171.74
 213.00  174.38
 213.39  174.88
 223.91  175.18
 232.75  173.85
 238.14  173.60
 242.16   96.19
 242.36   80.24
 243.02  173.22
 250.17  198.17
 250.22   90.69
 251.97   95.33
 253.61  200.47
 254.70  102.67
 254.77   87.79
 255.06   96.39
 255.89  170.07
 256.22   73.37
 256.37  105.83
 257.41   87.42
 257.82  155.85
 257.84   84.09
 257.94   78.87
 258.14   97.79
 258.27   68.60
 259.91  159.08
 260.83   74.61
 261.18   69.39
 261.20  113.61
 261.92   98.80
 262.06   98.61
 262.93  151.00
 263.16   84.25
 264.42   80.80
 265.21  125.26
 265.70   91.42
 265.91  112.54
 266.12   76.50
 266.45  172.59
 268.39  213.25
 268.51  210.40
 268.83  113.64
 268.83  123.03
 269.74  131.26
 269.77  126.83
 270.05   79.30
 271.05   78.87
 273.29  164.60
 273.43   73.56
 273.44  149.90
 273.58  116.20
 274.87  139.49
 276.79  111.82
 277.86  147.89
 278.03  124.11
 278.33  101.82
 278.91  132.47
 279.38  115.08
 279.57   72.11
 279.87  141.21
 280.49  171.62
 280.89  150.44
 281.51  155.75
 281.84  135.48
 282.13   75.71
 282.28   90.08
 283.03   65.11
 284.08   86.50
 284.86  109.13
 285.21  140.16
 285.33  131.53
 286.17   68.21
 286.49  125.69
 286.66  171.08
 287.91  101.98
 288.84  128.84
 289.17  107.95
 289.18   91.81
 289.91  108.79
 289.95  137.05
 290.09  171.59
 290.43  171.48
 291.69   84.94
 291.85   97.83
 292.35  125.75
 292.57  137.47
 293.05    8.43
 293.79  154.27
 294.95  115.52
 295.07   69.24
 295.67  169.61
 295.68  117.15
 295.73  117.14
 295.80  122.80
 296.08  174.21
 296.24  118.53
 297.72  174.59
 297.93  162.13
 297.99   80.44
 298.19   79.81
 298.50  101.98
 298.85  177.73
 299.78   11.98
 299.89  129.18
 302.14  171.90
 303.27  165.31
 303.35  105.11
 303.59  119.58
 303.67  158.80
 305.59  161.75
 306.42  166.90
 306.51  166.90
 306.74  147.99
 306.80  115.37
 306.88  192.26
 307.33  132.00
 307.52  119.87
 307.92   86.01
 308.58  180.97
 309.10   78.91
 309.48   13.74
 309.74  101.84
 309.80  158.06
 309.97  125.33
 310.18  184.48
 310.96  170.17
 311.13  106.65
 311.68  144.15
 312.47  121.48
 312.66  187.77
 313.05  125.97
 313.40  102.96
 313.82  104.41
 314.10  109.58
 314.49   78.82
 314.58  149.23
 315.32  168.76
 315.33   85.06
 316.89  151.83
 316.90  178.53
 317.18  101.43
 317.22   17.91
 317.41  157.55
 317.75  207.22
 317.85  170.25
 318.50  166.97
 319.55  210.47
 319.84  134.39
 320.22   14.30
 321.23  182.35
 321.71  179.39
 322.02   41.61
 323.08   26.40
