   9.37   15.64
   9.84  163.22
  10.23   87.61
  10.36   44.72
  10.62   77.29
  10.86   36.40
  11.17  124.64
  12.13  161.05
  13.00  126.55
  13.71   40.29
  14.73  183.32
  14.80   27.80
  14.90   38.68
  15.35  195.04
  15.77   45.25
  16.11   38.71
  16.34  179.05
  18.31   22.91
  18.67   16.84
  20.74   25.54
  21.70   39.88
  22.11    9.99
  22.54  207.04
  23.04   26.21
  24.09  193.71
  24.17  177.66
  24.41  183.99
  25.30  201.05
  25.33  171.42
  25.40  144.68
  26.52  198.69
  26.87   24.01
  27.29  166.32
  27.96  129.88
  28.31  158.49
  29.22  176.64
  29.25   38.45
  30.06  183.32
  30.76   36.00
  31.39  152.37
  31.74  160.52
  31.78  165.44
  31.78  128.02
  31.79   39.09
  31.96  186.62
  31.97   23.20
  31.98   61.54
  32.89  138.58
  33.72   45.15
  35.04   24.63
  35.29  185.01
  35.61   57.86
  36.43  126.65
  36.71  148.64
  37.26  194.18
  37.36   42.28
  39.11  108.50
  39.45   81.92
  39.48   61.48
  39.57   77.90
  39.60   61.54
  39.84  163.71
  39.92   19.10
  40.20   49.47
  40.44  151.72
  40.49  146.37
  40.65    8.11
  41.48   92.61
  41.50   69.61
  42.63   60.31
  43.21   66.98
  45.25   79.54
  45.30   23.97
  45.38   75.34
  45.84   65.05
  47.28  163.89
  47.76   40.27
  48.04   87.73
  48.98   63.14
  49.22   47.85
  49.43   81.01
  49.75   72.00
  50.60   66.58
  51.05   19.20
  51.33   24.05
  51.83   69.75
  53.66  105.99
  53.96   78.30
  54.14   94.02
  54.35  117.12
  54.69   20.67
  54.92   38.25
  55.22   61.43
  56.47  163.42
  56.79   82.74
  57.32  123.96
  57.85   52.22
  57.87  110.46
  58.31  107.36
  58.42  145.04
  58.78   60.81
  59.18   49.77
  60.95  106.08
  61.03   69.65
  61.08  113.63
  61.14   18.28
  61.70   92.15
  62.48   73.71
  63.57   98.46
  63.60   38.07
  63.81   54.65
  64.51  107.51
  64.54   17.50
  65.95  144.31
  66.36  111.50
  66.67   94.82
  66.77  103.22
  67.94  107.82
  68.63   88.48
  69.48   45.98
  69.80   52.24
  69.90   52.36
  70.72   66.41
  70.76   99.14
  71.13  111.68
  71.50  115.85
  72.56  135.83
  72.69  103.40
  73.19   87.54
  73.51   54.08
  74.90   87.25
  75.63  106.93
  76.73   61.01
  77.17   39.74
  77.52   66.95
  78.47  138.59
  83.69   72.51
  85.05   80.63
  89.09   70.63
  92.21   77.28
  99.60  161.11
 102.90  164.35
 108.22   74.49
 108.24   69.43
 109.71   64.13
 110.92  164.26
 111.19   63.13
 111.44   71.14
 112.55  123.08
 113.50   68.36
 115.19   64.98
 115.19  162.07
 116.07  126.24
 116.17   74.44
 118.04   59.88
 120.11   59.06
 121.57   73.20
 123.18   69.60
 123.94   64.86
 124.96  170.06
 125.20   56.25
 128.04   71.97
 129.15  127.26
 130.71  165.71
 130.92   74.32
 132.06  186.78
 132.50  162.89
 133.24   67.06
 133.26  151.66
 134.61   73.12
 135.82   60.29
 136.36  165.97
 137.52  162.52
 140.21   63.06
 140.73   72.37
 142.40   69.44
 142.90  163.39
 146.09   71.62
 147.95   63.41
 150.69  119.23
 156.90   62.47
 157.63   74.79
 158.14   54.77
 158.47   65.86
 158.67   59.16
 160.50  164.41
 164.28   66.98
 164.64  157.81
 164.68  153.39
 164.80  150.44
 165.08  146.11
 165.27   70.91
 165.34  141.79
 168.71  163.92
 169.76   76.06
 170.09  138.10
 170.24   69.79
 173.63   73.50
 173.97   73.84
 175.08  135.27
 176.68   76.74
 177.24   57.98
 182.79   64.76
 185.60   77.70
 185.75  164.58
 186.94  106.41
 187.79   67.09
 188.10   64.54
 189.77   68.86
 191.35  162.77
 192.64   62.84
 192.81   62.27
 195.31   77.31
 195.54  165.15
 196.18   60.52
 196.26   60.15
 198.09   74.45
 198.31   84.83
 200.53   78.03
 200.71   70.57
 200.74   65.41
 202.64   91.37
 202.78  161.35
 204.07   88.36
 204.09   75.47
 204.47   60.88
 206.60  189.47
 206.86   67.67
 207.19  161.51
 207.28   63.81
 208.52   69.91
 208.72   63.28
 209.60  165.28
 209.69   78.41
 209.71  188.51
 209.77  134.21
 209.87   71.77
 209.89   63.05
 213.37  160.82
 216.62   83.06
 218.05   75.43
 220.67  164.17
 221.50  170.54
 221.92   76.82
 223.52   73.46
 223.53  210.13
 223.58  157.47
 228.16   84.18
 230.13   80.30
 231.22  149.31
 233.82  163.05
 234.19  157.52
 237.10   78.27
 237.13  142.78
 238.07   73.69
 239.33   60.23
 239.73  164.10
 239.74  154.20
 240.02  144.32
 241.04  181.98
 241.69   58.46
 242.28  147.97
 242.29  161.06
 242.59   83.02
 243.77   76.00
 244.20   45.56
 244.72   51.76
 245.26  173.49
 245.87  117.48
 246.00  160.75
 246.47  135.25
 247.00  113.63
 248.50   55.51
 249.47  103.03
 249.77  150.53
 249.96  183.10
 251.14   52.22
 252.04  117.26
 252.97   73.74
 253.15   57.81
 253.36   77.38
 254.10  169.73
 254.53   50.87
 254.73  153.40
 255.32  118.91
 255.82   97.10
 257.24  130.86
 257.78  127.39
 258.25   54.92
 258.30  150.00
 258.81   58.67
 259.01  163.15
 259.28  151.21
 259.55   46.31
 259.76   74.26
 260.52  111.46
 260.62  108.17
 260.78  122.26
 261.79  116.18
 261.91  136.22
 262.44   97.31
 263.10  159.75
 263.89   89.58
 264.74  167.49
 265.25   61.61
 265.26   61.69
 265.65  133.13
 266.07   54.39
 266.71  147.21
 267.10  163.27
 267.42  117.18
 268.13   44.84
 268.18  154.84
 268.57  125.75
 269.23  114.23
 269.74   76.90
 269.91  169.55
 271.65   61.89
 271.90   87.15
 271.95   51.73
 272.01  129.31
 272.28   37.27
 272.41  112.28
 272.66   41.16
 273.23   28.67
 273.52  165.29
 273.97   70.14
 274.27   89.84
 274.32   75.47
 275.44  114.88
 275.52   21.43
 275.63  149.60
 276.63  148.90
 277.78  159.84
 279.28  135.59
 279.40  110.90
 279.59   80.45
 279.60  140.81
 279.70  148.60
 279.74   26.00
 280.38  114.22
 280.42   44.35
 281.22   13.79
 281.43   55.86
 281.74   64.90
 281.75  159.67
 282.74  161.26
 282.82  166.02
 283.52  137.19
 284.79   27.55
 285.04   12.50
 285.20  149.96
 285.64   60.11
 286.62    8.79
 286.79   73.48
 287.19   22.27
 287.84  112.80
 287.86  174.01
 288.79   67.80
 289.46  178.92
 289.66  149.60
 289.88   28.59
 289.94   23.03
 290.00  154.13
 291.02  182.33
 292.63  173.72
 292.86  175.97
 292.97   65.01
 293.25   96.11
 293.40   77.68
 293.54  108.71
 294.88   81.90
 295.70   56.05
 295.74   75.29
 295.98   68.94
 296.06   60.42
 296.10  157.01
 296.19  172.08
 296.54  114.00
 296.61   24.60
 297.07  177.31
 297.29   33.65
 297.35  105.75
 297.44   36.77
 297.45   76.87
 298.48   56.83
 298.68  149.58
 299.51  117.37
 299.69  152.50
 299.88  177.58
 300.27   36.77
 300.67   26.54
 300.70  111.83
 301.25  157.47
 301.35   73.79
 302.13  114.16
 302.59   33.34
 303.21   92.29
 303.56   28.35
 304.14   96.84
 304.51   19.27
 304.64   78.57
 304.68   78.59
 305.39  113.96
 305.39   21.92
 306.41   31.03
 306.62   13.29
 306.88  106.97
 307.65   94.68
 308.66   99.46
 308.75   99.25
 313.85  154.85
 314.26   95.25
 314.63  160.46
 315.34   17.58
 315.51  147.21
 315.72  150.84
 316.63  164.57
 317.86  144.02
 318.08  139.11
 319.08  166.78
