   8.91  127.93
   8.99   73.61
   9.95   78.58
  10.01   70.32
  10.54  114.70
  10.69   53.96
  10.76  116.06
  10.77  192.37
  11.93   20.09
  12.99  155.40
  13.05   76.19
  13.46  112.40
  13.90   62.62
  14.49   46.03
  14.52   58.96
  14.80   54.77
  15.06   93.78
  15.52   83.21
  16.07   97.37
  17.47   64.31
  17.65  155.27
  18.10   81.52
  18.53  189.16
  19.07   76.02
  19.65   66.74
  20.06  114.02
  20.25  143.35
  20.45   83.52
  21.62  118.93
  23.10  105.45
  23.20  133.06
  25.62   71.22
  26.05   74.25
  26.51   77.14
  26.53   82.93
  26.76   58.20
  28.34   96.00
  28.79  125.89
  29.38  128.92
  29.44   77.14
  29.51  123.06
  29.53  126.71
  30.73   84.39
  30.89  129.05
  31.42   99.65
  31.45  162.25
  32.26   70.94
  32.28   81.08
  32.60   80.52
  32.74   87.45
  33.22  105.91
  33.48  149.57
  33.53   11.18
  33.91  170.96
  33.92  122.05
  33.96  129.08
  34.30   84.39
  34.43   62.80
  34.43  116.99
  35.08  132.58
  35.31   96.43
  35.86  167.66
  35.96   73.88
  36.26  137.92
  36.74   92.38
  36.81  175.18
  37.04  127.49
  37.06  180.84
  37.24   68.05
  37.43   79.16
  37.69   86.97
  38.17   99.90
  38.30   84.22
  38.97   10.12
  39.98   95.85
  40.29   75.48
  40.53  127.99
  40.64  185.26
  41.38   72.39
  41.51  102.37
  41.76   91.87
  41.89  111.32
  42.04   80.67
  42.08  183.73
  42.79   33.99
  42.87  183.02
  43.41  161.25
  43.53  171.10
  43.89   24.87
  44.01   65.51
  45.62   28.28
  45.81   94.20
  46.32   42.65
  46.83   74.78
  47.47  120.93
  47.54  169.46
  48.19   11.04
  48.88   88.92
  48.97   66.56
  49.56   67.96
  50.87    9.16
  51.09   13.59
  52.04  168.21
  54.32  179.55
  56.32  183.10
  57.97   32.84
  60.01   16.16
  60.33   31.63
  61.47   24.44
  63.45   89.43
  63.50  156.70
  63.74   89.41
  66.52   76.02
  68.12  182.67
  70.87  157.04
  73.35   98.30
  75.03  182.91
  83.03  119.89
  83.45  182.82
  83.52  173.97
  83.79  111.71
  85.71  127.52
  86.83  112.63
  87.59  176.47
  89.20   95.02
  89.47  179.91
  90.05  114.84
  90.85   99.57
  91.08  120.62
  91.41   78.07
  93.26  183.04
  93.45  133.84
  97.35   94.33
  97.51  115.27
 100.41   90.25
 100.87  108.33
 102.31   70.15
 106.22   95.20
 106.53  143.86
 107.46  144.12
 112.43  101.22
 112.65  179.39
 112.78   95.77
 112.82  102.90
 114.14  135.63
 115.04  181.97
 116.33  153.02
 117.01  179.38
 117.62   95.46
 118.78  181.84
 121.09  152.38
 123.87  130.15
 124.55  102.75
 127.09  159.54
 127.44  115.71
 129.59   94.86
 129.62  146.19
 131.43  120.47
 131.86   96.59
 132.08  102.98
 135.75   88.41
 138.66  179.41
 139.34  152.11
 143.94  146.75
 144.89   91.86
 146.89   89.84
 147.93  136.51
 149.17   66.06
 152.69  181.52
 153.95   79.62
 154.20   84.86
 154.33   63.58
 154.49  146.08
 157.13  150.49
 157.25  169.44
 157.29  157.86
 157.81  143.12
 157.85  107.81
 157.88  161.26
 158.44   63.63
 158.67   68.97
 158.67  135.11
 160.57  178.85
 160.78  163.36
 161.16  152.78
 161.72  130.56
 161.94   82.02
 162.35   85.80
 162.98   92.71
 164.78  149.70
 166.44   95.09
 167.17  123.17
 169.09  147.22
 170.33  181.43
 170.43   76.03
 171.66  178.91
 173.92   92.05
 173.95   95.44
 175.04  180.91
 175.09  182.07
 175.29   96.00
 175.86  170.44
 182.45  169.98
 188.26  181.85
 190.11   75.51
 192.98  191.29
 193.31  168.93
 193.68  108.80
 197.07  194.68
 197.97   72.70
 198.20  107.11
 198.38   96.10
 198.48   99.15
 198.73  123.26
 198.99   96.18
 201.69  131.01
 201.86  143.06
 202.85  180.93
 203.18  117.07
 203.35  106.16
 203.69   73.32
 207.79  120.84
 207.82   95.81
 208.60   68.68
 208.84  156.03
 212.59   65.16
 212.73   65.40
 215.58   71.92
 216.31  148.51
 216.45  125.31
 220.43   66.97
 220.86   73.14
 221.16   73.22
 225.87   73.84
 226.01   68.87
 226.21  101.62
 226.22   68.12
 226.83  155.60
 229.17   96.25
 230.56  117.16
 231.82  107.14
 232.69  155.21
 232.98   69.00
 235.64  109.78
 236.39   72.96
 236.78   90.39
 237.51  155.67
 238.25   93.12
 240.75   86.16
 242.09  142.76
 242.28   90.87
 245.75   32.19
 248.22   86.84
 248.36  177.34
 249.99   22.12
 250.46   70.00
 251.84   10.65
 252.20   74.96
 254.38   45.15
 254.50   72.58
 254.55   27.48
 256.52   84.40
 257.55   23.89
 257.76   31.67
 258.57  158.86
 258.79   68.24
 259.94   15.82
 260.94   11.97
 263.14   18.46
 263.60  138.25
 264.13   23.24
 265.11   37.75
 266.06  147.26
 266.36  179.47
 267.62  114.87
 267.94   70.21
 268.87   66.05
 270.04   27.19
 270.48  143.46
 270.79  133.06
 270.79  133.48
 270.80  139.71
 271.00   34.71
 271.21   38.73
 272.29  145.80
 272.48   45.34
 273.07   65.24
 273.19   29.14
 273.49   53.63
 273.63  106.92
 274.01  151.86
 274.21  158.04
 274.85   41.20
 276.29   33.67
 276.36  109.71
 276.83   37.77
 276.95   63.31
 277.22   18.60
 277.63  137.68
 277.87   71.62
 278.95    7.04
 279.11   56.53
 279.25  147.96
 279.80  105.92
 279.90   27.46
 281.28  111.37
 283.87   16.29
 284.25  153.57
 284.47   20.16
 284.73   68.85
 285.29  109.22
 287.31  153.40
 289.04   65.89
 289.83   70.18
 290.21   74.34
 291.89   10.97
 292.58  109.24
 292.83   65.66
 293.64   81.55
 295.30   12.03
 296.42  168.66
 297.45   71.74
 298.97   66.97
 299.41   76.22
 300.13  154.83
 300.15  154.69
 300.28  154.06
 300.79   56.12
 301.17   70.63
 301.63   11.45
 302.18   49.68
 302.58   83.57
 303.20   57.60
 303.26   64.89
 303.52   74.23
 304.59   61.37
 305.60  158.30
 307.69   68.38
 308.43   10.86
 309.94   59.25
 310.25   82.75
 310.69   46.18
 310.88   16.35
 311.13   81.20
 311.29   37.57
 311.48   30.02
 311.80   45.03
 312.15   76.70
 312.26   14.29
 315.07  178.43
 315.26   29.93
 316.05  153.56
 316.31   75.00
 316.45   48.01
 316.50   14.19
 316.81   56.14
 316.96   63.88
 317.82   20.73
 318.30  165.34
 318.35   28.68
 318.53  178.10
 319.79   44.34
 321.13  153.42
 323.38   49.20
