   9.15  115.41
   9.15  156.79
  10.09  138.26
  10.16  159.51
  12.35  122.91
  12.48  116.06
  12.74   83.82
  15.06  126.43
  15.11   99.06
  15.41  121.89
  15.56  115.92
  16.23  134.22
  17.04   82.54
  18.13  131.73
  18.38  114.42
  19.17  203.61
  20.77  178.47
  20.98  111.99
  21.01   85.06
  21.33  148.69
  23.70   81.36
  24.75  118.67
  26.05  125.12
  28.05  155.43
  28.52  148.82
  28.56   99.09
  29.02  102.83
  29.83  140.64
  29.89  107.15
  30.35  133.28
  31.20   97.04
  33.28  142.98
  33.30  136.56
  33.85  163.51
  34.54  100.15
  35.75   85.40
  36.30  144.01
  37.19  168.33
  37.29  142.85
  37.53   53.80
  37.77  133.29
  38.88  164.37
  38.96  146.85
  39.54   52.95
  40.83   78.91
  41.09  167.40
  41.51   46.05
  43.13   57.78
  44.51  141.34
  44.60  166.13
  44.79  129.43
  45.28  125.65
  45.85   55.18
  45.87   77.82
  45.93   99.65
  45.99   42.52
  46.23   70.16
  46.24  104.76
  46.92  104.81
  47.15   95.01
  47.68   49.29
  47.69  181.33
  48.04  185.44
  48.22  183.78
  48.36  178.88
  48.36   37.52
  48.60  190.82
  48.67   89.33
  48.69  125.13
  48.96  120.61
  49.93   57.74
  50.92   34.54
  50.94  113.58
  51.45   59.92
  51.84  183.59
  52.80  103.04
  53.28  108.40
  53.32   50.29
  53.76  128.60
  54.41   55.06
  54.53   65.70
  54.64  117.12
  54.78   93.26
  54.90   60.06
  55.32  120.43
  55.58   77.90
  56.32  110.10
  57.95  136.86
  58.09  100.08
  58.37  145.97
  58.43   29.57
  58.74   74.05
  58.75  130.02
  60.60  150.96
  60.64   62.87
  61.36   36.86
  62.09  127.08
  62.19  106.21
  62.27  145.48
  62.28  135.21
  62.42   49.60
  62.82  117.39
  62.87   72.50
  63.08  122.38
  63.55   98.96
  64.56  140.31
  64.89  110.05
  66.28   29.38
  66.56  144.91
  67.19   70.50
  67.89  102.91
  68.17  112.09
  68.83   10.71
  68.95  139.93
  69.29   45.31
  69.62   99.79
  70.38  114.47
  71.32   68.75
  72.20   91.98
  72.80   56.19
  73.41  133.74
  73.45  198.20
  73.46   78.33
  73.64  108.77
  75.92  141.16
  77.34   38.88
  77.96  199.37
  78.81   46.83
  78.95   65.45
  79.53  144.09
  79.82  133.60
  79.91  123.86
  79.92   43.46
  80.56  137.12
  81.33   40.58
  81.84  120.20
  82.20  150.66
  82.74  150.58
  82.95   49.21
  83.05   63.86
  83.11   61.10
  83.13   73.09
  83.49   67.84
  84.67   55.42
  85.86  165.98
  86.35  145.20
  86.48  140.00
  86.49   89.08
  86.60   65.54
  86.61   36.77
  86.90  146.11
  88.72  161.24
  89.53   36.93
  90.83  163.30
  91.94  191.53
  92.28  159.46
  93.60  146.77
  94.08   85.86
  94.32   27.62
  94.57   55.87
  95.68  140.98
  96.35  136.39
  96.36   70.09
  96.80   94.61
  97.50   87.95
  98.10  186.97
  99.03  140.49
  99.21  104.51
  99.50   62.22
 100.77   68.73
 101.08  169.43
 101.35  203.33
 101.58  115.72
 101.58   92.17
 101.89  121.64
 101.95   56.22
 102.31  141.69
 104.23  196.44
 104.35   51.65
 105.01   76.04
 105.61  127.00
 105.89   68.28
 105.89  191.93
 106.08  141.42
 106.09  113.65
 106.31  155.75
 106.90  150.32
 106.93  209.19
 107.18   71.55
 108.74  166.33
 110.00  123.79
 110.07  209.65
 110.54   70.04
 110.71  117.27
 110.74  109.83
 110.88   96.50
 111.07  129.30
 111.84  187.03
 111.90  175.00
 112.79  152.59
 112.80  100.78
 112.83  169.02
 113.12  167.13
 113.91  136.11
 114.29  157.97
 114.47   74.38
 115.22  108.83
 116.03   99.34
 116.26  110.45
 116.54  148.86
 116.82  114.42
 117.26  152.78
 117.90  170.41
 119.04   76.35
 119.74  171.62
 120.61   80.42
 120.67  134.21
 120.81  151.80
 121.51  132.26
 121.64   74.80
 122.27   99.11
 122.60  117.91
 123.51   78.70
 123.79  167.33
 123.91   73.23
 123.92  106.30
 124.04  172.93
 124.09  137.39
 125.00  123.13
 125.04  132.03
 126.17   87.44
 126.62  152.15
 127.34  189.76
 127.45  157.00
 127.54   77.66
 127.61  210.11
 128.70  171.20
 130.21  123.53
 130.46  206.18
 131.04  175.14
 131.72  160.25
 132.07  144.08
 133.94   82.85
 134.25  134.17
 135.68  205.41
 136.23   94.85
 136.96  167.20
 138.05  174.64
 138.15  134.98
 138.87   81.65
 139.16  123.49
 140.66  153.14
 140.75  191.43
 141.33   77.99
 141.34  147.46
 141.94  154.49
 142.10  130.73
 143.19  180.57
 143.20  115.33
 143.65  119.94
 143.72  174.82
 144.74   84.36
 144.81  146.97
 145.62  158.70
 146.33   79.78
 146.35  188.68
 146.73  185.08
 146.85  152.88
 147.22  197.94
 147.31  122.73
 147.83  180.65
 148.40  121.72
 148.80  110.89
 149.05  194.55
 149.95  115.67
 151.39  123.94
 152.27  128.56
 152.68   85.05
 153.40  194.45
 153.58  151.88
 153.74   80.16
 153.90   17.83
 154.25  190.80
 154.33   25.68
 154.69  186.52
 155.36   76.16
 155.71  197.26
 157.49  184.19
 157.53  139.17
 157.75   25.62
 157.83  157.89
 158.70  135.98
 158.92  161.01
 158.93  121.36
 159.19   72.43
 159.21   87.79
 159.32   85.24
 159.57  146.72
 161.58   19.35
 161.94   78.24
 162.05  159.04
 162.61  188.03
 162.74  124.34
 163.98  141.71
 164.26  121.66
 164.37  149.85
 164.63   27.46
 165.07  112.70
 165.43  152.21
 166.12  180.68
 167.34   61.63
 167.54    7.56
 167.61   35.93
 167.65  158.73
 168.03   26.02
 168.85  144.92
 169.18  183.56
 169.71  150.05
 170.24   31.71
 170.45  194.75
 170.57   58.97
 170.58   28.20
 170.71   36.57
 170.75  147.32
 172.29  125.00
 172.96  182.82
 173.79  120.45
 174.15  131.85
 174.47  162.39
 174.56  162.42
 175.12   37.78
 175.27   61.79
 175.40   10.39
 175.62  131.55
 175.91  189.43
 176.06  147.39
 176.35  112.97
 176.60  191.21
 177.72   19.93
 177.84   85.55
 178.29  156.53
 178.69  186.35
 178.90  186.34
 179.10  146.51
 179.41   16.94
 179.56   38.18
 179.89   67.52
 180.60  113.82
 181.51   33.41
 182.77  198.87
 183.90   15.91
 184.74  117.97
 184.91   20.62
 185.12  114.41
 185.18  129.57
 185.57  126.65
 185.63  162.86
 186.50   25.47
 186.54   39.71
 187.96   31.58
 188.74   36.25
 188.81  117.35
 188.90  104.21
 188.90   46.28
 189.39  209.75
 190.96  124.91
 191.79   34.44
 192.31   50.14
 193.02  135.98
 193.38   58.71
 193.51  200.22
 193.71   54.45
 194.81  159.38
 194.94  167.04
 196.72  209.73
 196.95  111.06
 196.95   85.05
 197.39   43.06
 197.45   78.83
 198.79   55.81
 199.16   28.45
 199.61   37.51
 199.76   74.61
 199.86   18.24
 200.03  140.69
 200.16   43.22
 200.77   46.06
 201.49   40.43
 202.11   56.01
 202.30   19.71
 202.55  159.70
 203.03  127.95
 203.70   68.42
 203.80   10.67
 204.68   75.22
 205.77   48.94
 206.08   57.47
 206.08  135.88
 206.45  138.47
 206.84  197.52
 206.92   81.49
 207.06   75.11
 207.56  128.47
 208.62  159.70
 208.63  208.56
 210.60  137.85
 210.87  157.79
 211.63  126.12
 211.94  160.80
 212.63   69.20
 212.63   51.95
 212.76   17.29
 213.06  135.68
 214.96  128.72
 215.11  128.70
 215.76   13.93
 216.33  168.09
 216.38  198.81
 217.03  203.86
 217.16   78.70
 217.51  139.42
 217.52   47.89
 217.77  193.76
 218.34   40.98
 219.06  131.48
 219.37   36.50
 220.79   49.60
 221.02  155.59
 221.25  134.88
 222.04   76.85
 222.27   58.52
 222.90  127.41
 223.11   32.95
 223.76   19.85
 224.27   32.85
 224.30  157.99
 224.49   51.60
 224.59   43.59
 224.67  116.31
 224.75  137.54
 224.96  203.27
 225.89   47.11
 226.14  148.95
 226.91  162.75
 227.18   62.36
 227.23  120.77
 227.30  112.20
 227.49    9.48
 228.46   34.86
 228.79  130.41
 229.10   17.47
 229.11  116.73
 229.28  200.59
 229.52   12.35
 229.65   45.67
 229.73   78.20
 229.82  171.78
 229.83   69.75
 230.42   63.18
 231.08    7.63
 231.84  119.57
 231.87   46.58
 231.98  139.47
 232.24  180.67
 233.16  112.80
 233.55   34.79
 233.90   60.51
 233.94  132.65
 234.23   41.05
 234.29   68.55
 235.52  108.91
 236.10  116.90
 236.35   54.36
 236.42  112.48
 236.83  132.78
 237.06   63.97
 237.09   22.27
 237.55   58.13
 237.67   73.64
 237.97   40.63
 238.24   76.50
 238.37  148.87
 238.52  155.78
 238.71   34.26
 239.23   18.76
 239.48  139.48
 241.11  121.22
 241.57   41.71
 241.74   13.81
 241.78   51.85
 242.60   76.62
 242.76   64.01
 242.89   34.71
 243.23  175.74
 244.21  179.81
 244.38  162.86
 245.87    7.37
 246.02   35.52
 246.68   62.78
 246.80   11.85
 246.93  173.52
 247.85  128.94
 248.21   83.38
 249.96   16.01
 250.07  125.66
 250.08    9.77
 250.32   27.10
 250.40   75.38
 250.53  138.61
 251.28   25.39
 251.67   36.69
 252.43  158.08
 252.53   67.70
 253.12  148.66
 253.24  197.73
 253.80  172.86
 254.15   67.23
 254.36  156.55
 254.61   32.08
 256.02   15.95
 256.10  111.36
 256.36   63.07
 257.28  126.57
 257.43   58.31
 260.49  170.69
 261.09  133.42
 261.81   10.73
 262.22   20.99
 262.85   79.01
 262.99  130.72
 263.55   32.14
 264.22  173.94
 264.27  136.41
 264.37   67.39
 264.54   33.91
 264.58  208.73
 267.85   25.73
 267.85   64.75
 269.40   87.49
 269.98   44.98
 270.42  177.32
 270.68   19.81
 270.82   72.50
 271.02   15.75
 271.10   49.81
 271.35  175.05
 271.51  207.51
 271.55  183.90
 271.59  186.81
 271.92   70.24
 272.11  125.60
 272.17   26.53
 273.39  100.30
 273.71  177.15
 274.76   30.30
 275.49   60.24
 275.59   21.41
 276.54  135.26
 277.92  130.82
 279.16   68.20
 280.03   31.55
 280.52  189.99
 281.32  207.27
 283.37  129.19
 284.15   74.03
 284.65  135.81
 284.76  193.63
 285.68  177.71
 286.38  207.70
 287.02  211.22
 287.62   61.65
 288.75  175.31
 289.09   97.66
 289.11   58.85
 289.35   73.56
 289.43  190.17
 289.56   68.20
 289.74  180.40
 290.97  171.42
 291.51  102.90
 293.10  178.16
 293.10  184.86
 293.87  175.44
 293.93  178.51
 294.16  178.46
 294.16   98.14
 295.31  205.60
 295.54  209.94
 295.73   90.01
 296.64  121.21
 296.88  170.09
 297.81  183.69
 297.94   72.79
 299.68  207.85
 300.25  155.29
 300.47  163.79
 300.57  111.38
 300.81   96.39
 300.99   72.04
 302.72  105.69
 303.73  115.47
 303.75  208.38
 304.56   25.85
 304.74  174.73
 305.15  152.88
 307.92  164.25
 308.07  185.19
 308.14   68.58
 308.27  157.95
 308.63   23.85
 308.77   92.21
 308.84   20.37
 308.94  209.09
 309.27   63.97
 309.31   88.25
 310.34  112.96
 310.75  103.53
 312.02   61.31
 313.98  130.94
 314.08   90.55
 314.60   28.90
 316.16  184.64
 316.70  210.12
 316.74   83.43
 317.18  159.32
 318.44  192.38
 319.22  101.83
 320.21   25.49
 321.91  195.36
 322.59  140.22
 322.60   20.72
