   6.90  144.93
   7.92   77.13
   8.61  165.49
  10.05  108.45
  12.63  102.93
  15.88  141.71
  17.80  203.62
  18.73  134.39
  19.25  145.53
  19.56  129.64
  19.95   94.19
  20.27  152.10
  20.41  199.91
  20.99  171.74
  21.59   89.56
  22.23  184.32
  22.70  128.03
  22.74  148.42
  22.78  134.74
  26.72  167.45
  27.05  194.03
  27.46  204.17
  27.64  136.84
  28.43  143.83
  29.32  184.25
  31.13  137.11
  31.34  172.18
  31.62  148.85
  32.11  175.79
  32.75  209.57
  33.32  125.51
  34.25  132.08
  34.85  201.45
  34.88  140.46
  34.99  146.74
  35.09  112.94
  35.36  147.33
  35.39   94.36
  35.66  192.55
  35.87  179.11
  35.99  186.53
  36.71  136.35
  37.29  175.22
  37.56   90.67
  38.05  130.36
  38.38  106.80
  39.25  198.77
  39.46  149.53
  39.47  190.13
  40.05  185.01
  41.09  209.76
  41.19   87.34
  41.21   98.43
  41.47  114.03
  41.62  125.45
  41.93  179.37
  42.05  158.91
  42.25  183.30
  42.26  143.81
  42.68  111.55
  42.77  105.40
  43.09  154.33
  43.12  136.50
  43.59  174.99
  43.81  148.54
  44.59  107.99
  44.89  145.51
  46.38   43.80
  46.43  113.80
  46.62  133.55
  46.81  137.70
  47.27  107.72
  48.70  142.04
  49.07  157.06
  49.17   51.63
  49.24  115.29
  49.63  139.44
  50.28  129.03
  50.55  101.01
  50.94  126.26
  51.27  176.93
  51.51   47.59
  51.54  100.14
  51.90  133.74
  52.11   52.35
  52.54  164.04
  53.44  181.57
  53.84  112.68
  54.43  123.26
  54.77  131.86
  55.31   49.03
  56.00  125.58
  57.09  177.21
  57.43   95.68
  57.52  166.01
  57.97   48.93
  59.04  117.30
  59.98  151.36
  60.61  109.86
  60.66  177.97
  61.75  208.01
  61.83  166.97
  65.22  199.59
  65.30  152.51
  65.75  116.27
  66.13  132.58
  66.32  199.38
  68.81  191.41
  68.97  149.87
  69.28  192.63
  72.07  211.01
  72.79  154.71
  73.13  162.72
  73.68  155.01
  74.73  141.92
  75.00  170.68
  76.41  127.07
  76.64  162.83
  76.84  148.80
  77.22  180.64
  77.29  148.65
  77.42  129.91
  77.44  181.04
  78.55  159.08
  81.10  185.21
  81.31  144.04
  82.60  181.45
  83.05  147.81
  85.18  141.12
  85.43  156.73
  85.54  193.07
  85.58  163.01
  85.65  123.81
  85.73  132.43
  86.52  114.15
  87.19  115.45
  87.74  126.88
  87.85  180.70
  89.10  163.08
  89.19  133.79
  90.14  172.56
  90.19  152.80
  90.30  143.69
  90.83  123.97
  91.44  175.43
  93.13  129.23
  93.40  146.99
  93.64  115.92
  93.79  163.05
  94.84  168.69
  97.44  147.94
  97.88  180.28
  98.93  123.83
  99.72  115.01
 100.07  114.43
 100.14  177.93
 103.96  166.13
 104.04  196.93
 104.29  127.95
 105.21  137.12
 105.73  202.28
 106.05  106.21
 106.45  167.24
 106.94  170.27
 107.58  136.65
 107.78  160.44
 107.87  207.64
 108.11  150.66
 108.85  165.11
 109.64  140.16
 109.97  119.46
 112.34  203.00
 113.80   88.34
 114.47  207.80
 114.73  162.97
 115.05  105.59
 115.09  141.46
 115.96  131.62
 116.11  194.79
 116.70  195.28
 118.01  162.87
 118.54  122.98
 119.10  105.55
 119.76  165.62
 120.61  153.34
 122.53  140.94
 123.64  167.63
 123.70  105.33
 124.03  160.43
 125.63  118.54
 126.91   75.47
 126.95  102.32
 127.05   92.79
 127.73  166.70
 128.01  162.48
 128.27  119.36
 128.63  144.08
 128.88  156.54
 129.96  171.44
 132.03  171.53
 132.96   64.22
 133.16   64.01
 133.17  110.61
 133.19  102.21
 133.30  102.30
 133.52  103.01
 133.61  182.57
 133.88   70.10
 134.22   61.18
 134.27  178.70
 135.85   88.14
 136.01   95.08
 136.23  112.95
 136.39   58.99
 137.08  173.65
 138.07   74.97
 138.31  169.47
 138.32   79.97
 139.34   91.11
 139.61   61.65
 139.71   78.84
 142.60   95.05
 144.22  208.41
 144.98  178.38
 145.00  174.66
 145.56   64.27
 145.82   64.19
 146.23  172.14
 147.13  101.39
 149.01   86.55
 150.17  209.08
 150.21   66.60
 150.92   71.46
 151.21  128.30
 152.17  182.37
 153.44   74.28
 154.30  167.73
 154.49  140.15
 154.56  172.63
 155.43   77.82
 156.56   90.98
 156.78   84.06
 160.05  179.38
 160.19   74.29
 160.23   87.97
 160.76  166.82
 161.35  183.07
 162.00  103.80
 162.42  135.05
 164.40  171.01
 164.71  126.08
 165.69  166.51
 165.88   78.26
 166.24  135.25
 166.60  165.83
 167.56  118.63
 168.79   74.04
 169.38  133.24
 170.48  140.93
 171.64   78.58
 172.20  144.46
 172.34  134.25
 173.26   74.11
 174.25  164.23
 174.64  161.24
 174.83  178.79
 175.03  182.61
 175.31   70.80
 175.68  139.35
 176.33  179.84
 177.10   95.05
 177.31   73.53
 178.57  129.74
 178.79  112.17
 179.42   70.90
 180.92  171.06
 182.79   78.07
 183.05  121.09
 183.33  172.44
 183.60  140.45
 183.67   71.10
 183.81  123.78
 184.06  138.90
 185.80  165.49
 186.70  171.82
 186.88  168.27
 189.58   74.40
 190.11  134.02
 190.93  133.06
 191.91  194.21
 192.33  112.40
 192.58  143.39
 193.27  210.82
 193.62  123.31
 193.66  207.55
 195.35   74.40
 196.37  163.81
 196.77  133.40
 196.83  111.07
 199.08  210.88
 199.37  207.16
 199.82  181.55
 199.90  110.41
 200.31  166.76
 201.04  100.20
 201.32  139.37
 201.45   78.49
 202.21  134.37
 202.49  116.83
 204.40  169.60
 205.89  112.56
 206.61  212.01
 207.65   82.91
 208.58  177.79
 208.95  170.42
 209.34  168.49
 210.09  139.75
 210.77  211.83
 212.06   74.55
 212.95  116.95
 213.47  139.85
 214.09  137.37
 214.96   82.34
 216.80   74.70
 216.98  112.38
 218.35  198.77
 218.46  122.16
 219.30  126.97
 219.88  143.94
 220.00  177.43
 220.10   81.24
 220.53  139.14
 221.16  165.93
 221.48  156.24
 221.77  134.49
 222.20  117.46
 222.29   84.60
 222.33  142.32
 223.45  170.85
 224.31  127.04
 225.16  143.84
 225.20  206.30
 225.77  132.81
 226.54  122.46
 226.58   90.15
 227.67   81.17
 228.04  144.68
 229.50  138.63
 229.90  165.57
 230.12  143.84
 230.76  113.75
 231.20  128.48
 233.10  213.23
 234.97  210.63
 235.51  140.70
 236.28  137.20
 237.11  167.33
 237.36  124.55
 239.43  171.97
 239.84  143.81
 240.05  144.08
 242.38  195.22
 242.77  167.80
 243.37  165.81
 244.61  161.79
 244.61  103.23
 244.62  127.99
 246.53  170.09
 247.42  150.19
 247.46  140.79
 248.46  161.37
 249.05  167.06
 249.86  130.80
 250.81  152.36
 250.89  138.51
 251.55  122.86
 255.58  128.59
 255.86  156.87
 256.24  142.71
 257.76  131.36
 258.03  142.33
 258.12  162.17
 258.74  138.81
 261.57  126.16
 261.85  127.30
 262.67  171.10
 265.09  134.80
 265.61  125.41
 265.95  142.10
 266.26  150.44
 268.54  130.47
 269.02  146.71
 271.09  169.86
 271.16  137.81
 272.11  165.06
 272.46  140.94
 274.65   92.57
 274.76  126.50
 274.76  148.00
 275.02  129.30
 277.15  139.07
 278.05   83.76
 279.00  133.39
 280.03  170.82
 280.07  117.76
 282.27   80.27
 283.42  127.37
 283.89  148.77
 284.24  171.70
 284.55   87.32
 285.26  177.53
 285.32  140.65
 285.68  121.50
 286.22   77.76
 286.53   75.31
 287.02  124.54
 287.80  141.36
 289.03  132.97
 289.44  129.26
 291.22   78.99
 291.80  121.62
 291.93  176.40
 292.25  141.08
 293.00  103.76
 293.48  111.25
 293.91  127.66
 295.13   63.72
 296.05  134.17
 296.45  102.23
 296.81  120.41
 297.58  125.46
 297.60  116.11
 298.44  142.51
 298.75  142.62
 298.91   61.20
 299.61  106.66
 300.40  132.86
 300.67  113.14
 301.51  172.86
 301.73   59.66
 302.11   65.83
 303.50  134.30
 304.66  113.95
 305.43  113.65
 305.93  154.59
 306.31  157.97
 306.50  110.14
 306.93  137.05
 307.03  211.82
 307.36  164.13
 307.45  147.60
 307.80  129.42
 308.11  116.03
 309.85   59.34
 312.25  173.59
 312.55   56.76
 314.97  211.95
 318.95  128.50
 319.34  177.65
 319.88   56.39
 320.15  136.43
 320.73  164.86
 320.73  174.15
 320.93  212.44
 323.25   65.17
