   8.33  180.39
   8.81   24.64
   8.87  141.44
   9.01   60.95
   9.95  102.73
  10.03  149.82
  10.58   30.26
  10.61  197.83
  10.78  174.80
  10.79   50.13
  10.85   82.32
  11.15  155.15
  11.47  161.35
  11.72  123.78
  12.28   37.31
  12.92  127.31
  14.00  200.32
  15.10   87.49
  15.13   46.69
  15.30  109.15
  15.46   67.45
  15.81  172.54
  15.97   37.46
  16.08  161.11
  16.87  104.91
  16.89  133.61
  17.50  165.18
  17.59   81.07
  18.03  176.42
  18.07  210.08
  18.74  107.75
  19.21   26.49
  19.32   20.04
  19.49   23.32
  19.60  128.64
  19.80  121.06
  20.43  139.23
  20.93   92.44
  21.07   78.10
  21.14  114.06
  21.17  160.48
  21.26   99.43
  21.52   19.93
  21.86   39.90
  21.87  109.45
  21.95   35.81
  22.33  123.60
  22.41  182.04
  22.71   21.67
  22.88   49.20
  23.25  187.08
  24.03  116.74
  24.22   27.53
  24.29   95.86
  24.59   78.94
  24.65   14.40
  25.10   45.60
  25.26  110.24
  25.50   72.06
  25.79   18.00
  26.87   88.78
  27.16  208.29
  28.12   95.09
  28.37   84.60
  28.80   19.65
  28.95   31.33
  29.52  104.76
  29.54   12.92
  29.64  116.67
  30.64  201.31
  30.65  187.89
  30.96  167.03
  31.26   96.92
  31.42   18.01
  31.73  194.87
  31.99   86.76
  33.96   16.70
  34.11  198.18
  34.58  159.22
  34.60  176.29
  35.02   99.37
  35.78   19.46
  36.72   94.31
  36.96  186.50
  38.23  173.87
  38.73   23.01
  39.17  101.75
  39.28   30.86
  39.42  165.90
  39.57   79.24
  40.35   95.04
  40.45  158.11
  40.50   32.59
  41.26   27.56
  41.43  103.57
  41.50   21.44
  41.64  206.61
  41.65   98.98
  42.48   39.31
  42.62  155.91
  43.97  100.28
  44.12   22.97
  44.57  190.36
  45.41   41.14
  45.64  183.89
  46.04  177.35
  46.06  177.40
  46.87  186.03
  47.34  168.36
  47.67   26.37
  47.72  188.10
  47.74  180.94
  47.97   36.99
  47.97  166.33
  48.24  204.36
  48.77  149.91
  48.99   63.19
  49.00  162.28
  49.23   36.51
  50.76  155.59
  50.90   41.19
  51.42  205.55
  51.43   31.58
  51.68  147.00
  52.64  131.24
  53.62  135.36
  53.81  186.28
  53.81  141.73
  54.00   34.08
  54.43   29.64
  55.58  166.40
  55.74  197.00
  56.12    9.72
  57.36   13.85
  58.10  138.79
  59.37   99.37
  59.85  163.38
  60.07  129.08
  60.49  153.99
  61.64  130.92
  62.23  191.40
  63.10  187.43
  63.50  154.78
  64.33  150.94
  64.99   13.16
  66.01  170.69
  66.07   55.07
  66.11  155.11
  66.24   55.40
  66.30  176.62
  67.02  115.92
  68.00  130.12
  68.88   11.33
  69.41  206.53
  69.53   64.81
  71.26   73.07
  71.53  181.39
  72.70  196.94
  72.75  147.98
  72.90   39.59
  73.33  169.94
  73.89  127.81
  74.30  166.19
  74.43  166.25
  74.52  116.39
  74.62  113.09
  76.52  162.73
  76.60  182.91
  77.03  212.93
  77.58  114.14
  78.28  106.15
  79.23  193.60
  79.66   80.71
  79.69  166.37
  80.44  174.99
  80.46   65.17
  82.41   34.79
  82.48   75.80
  83.01  170.91
  83.54  182.91
  83.98   68.36
  84.64   58.35
  84.64   69.08
  86.94   55.74
  87.23  183.71
  87.34  196.77
  88.44  180.19
  88.68   75.37
  88.92   44.02
  89.46   85.88
  90.08   19.13
  90.12  194.58
  90.61  127.55
  92.58   60.71
  93.23   67.80
  93.47   15.13
  93.57  125.58
  93.64   83.16
  93.69  116.56
  94.00  162.50
  94.24   80.66
  94.28  107.26
  94.48  162.98
  94.77   19.21
  95.11   75.80
  95.77  182.16
  96.15  185.69
  96.31  182.28
  96.58   50.93
  96.64   55.58
  97.04   64.16
  97.52  213.72
  97.88   76.66
  98.16  178.46
  99.04  165.84
  99.26   58.48
  99.83   46.31
 102.63   53.43
 103.56  202.04
 104.03   65.54
 104.57  162.11
 105.23  161.79
 105.85  179.99
 106.47  175.04
 107.93   41.75
 108.09   51.25
 108.11   68.99
 108.29   52.36
 108.42  168.05
 108.63   26.97
 109.24   14.64
 110.20   69.11
 110.46  163.48
 110.47  204.28
 110.72   66.13
 110.99   40.87
 111.11   56.71
 111.44   46.60
 112.53    7.56
 113.47   62.84
 113.47   70.30
 115.69   13.64
 115.73   37.83
 115.86  162.28
 116.13   13.87
 118.38   44.37
 119.16  159.03
 119.84   28.58
 120.03   33.23
 121.05   43.59
 121.99   49.61
 122.19   40.30
 122.72   36.87
 123.01   46.05
 123.05  161.98
 124.20   58.82
 124.28   68.41
 124.53  162.76
 125.14  171.57
 125.45  163.26
 125.56   54.91
 126.70   47.43
 126.79   52.46
 128.47  160.81
 128.58   37.22
 128.89   15.19
 128.92   15.24
 129.62   56.96
 132.19   53.08
 132.70   60.12
 134.90   48.18
 136.05  169.34
 136.39   51.23
 137.59  162.17
 137.78   31.00
 137.79   29.49
 137.95  167.71
 138.19  131.27
 140.57   48.85
 140.78  165.10
 141.18   31.85
 141.69   35.46
 141.86   51.28
 144.31   29.68
 144.44  204.88
 144.53  102.70
 144.60   32.93
 145.22  108.24
 146.38  113.84
 146.68   70.12
 146.77  169.32
 148.23   25.28
 148.36  111.31
 149.86   38.59
 150.50  162.56
 151.62   23.24
 153.10  143.38
 153.28  137.64
 153.40   44.73
 155.40  103.42
 157.30  203.92
 157.89  133.99
 158.47   37.95
 159.65   31.01
 159.97  104.90
 160.33  196.64
 161.51  209.52
 162.24   75.18
 163.89   36.87
 164.18   33.45
 165.66   58.43
 165.87  162.04
 166.33   26.14
 166.72   16.12
 166.84   30.90
 166.98  104.48
 167.99   81.37
 168.01  135.54
 168.29   28.18
 168.34   77.61
 168.58   47.11
 168.81    9.49
 171.29   18.09
 171.72  176.53
 171.82  108.06
 171.99  151.03
 172.27   84.76
 172.43   98.30
 172.67  144.33
 173.35   27.32
 173.65  202.99
 174.44  106.11
 174.69  112.17
 175.24   21.55
 175.29  199.05
 175.32   12.05
 175.49  170.31
 175.64   83.82
 177.04   95.68
 177.28  204.34
 177.78  110.06
 178.15   66.26
 178.53  213.70
 178.58   97.35
 179.74   13.17
 180.13  165.78
 180.22  138.83
 180.45  104.67
 180.48    8.36
 180.81   45.11
 180.83   13.50
 181.35   84.35
 181.75  124.72
 182.46   51.26
 182.86   15.94
 184.24   79.58
 184.51   12.68
 185.28   43.47
 185.37   95.27
 187.30   13.58
 187.36   97.53
 187.75    9.90
 188.01  166.77
 188.29   58.65
 188.31  112.15
 188.81   90.93
 189.06   16.84
 189.17   66.81
 189.59  132.66
 189.95   72.18
 189.97   46.53
 190.08   46.47
 191.17   55.25
 191.17    8.67
 191.50  159.51
 192.57   19.41
 192.59  148.34
 193.67   39.90
 193.96   18.54
 194.27   94.71
 194.72  148.79
 195.10   98.25
 195.30  168.19
 195.93   34.96
 196.08   81.12
 198.30  117.53
 198.33  137.85
 199.20   87.76
 199.89   73.38
 200.50   30.05
 201.20   94.62
 202.34  150.79
 202.75   96.74
 203.15  141.83
 203.72  136.58
 203.84   87.76
 204.34   70.55
 204.37  148.13
 204.60  144.91
 205.33  135.61
 205.62   74.28
 206.38   12.94
 206.48   74.74
 207.02  103.88
 209.55   83.30
 210.08  107.67
 211.75  154.56
 212.26   73.93
 212.56   77.57
 213.05   68.07
 214.00   26.99
 216.50  144.55
 216.64  111.82
 217.97   25.50
 220.20   74.79
 221.61  144.08
 222.40   25.43
 222.62   30.14
 223.11  140.63
 223.72  112.05
 224.12   94.85
 225.32  125.30
 225.88   74.81
 225.93   37.12
 225.94    8.05
 226.48  135.76
 228.32  172.05
 228.61   34.79
 228.61   34.84
 228.78  105.26
 228.93  111.39
 231.28  138.74
 231.41   28.83
 231.65  171.55
 232.01   36.04
 232.07  167.80
 232.76  112.77
 232.78   17.46
 233.70   20.53
 233.87  145.15
 234.62   10.68
 235.35   64.97
 235.39   70.07
 236.00   89.37
 236.02   78.22
 236.22  111.68
 236.41  104.49
 236.76   27.86
 237.52  137.42
 238.59  146.39
 238.89   13.39
 239.40  113.07
 239.73   28.25
 240.02  127.93
 240.26   33.70
 241.21   64.72
 241.29  135.49
 242.93    9.07
 243.48  105.10
 243.71   13.75
 244.50   71.07
 245.11   27.38
 245.40   32.86
 246.10   29.74
 246.70  113.10
 246.87  109.70
 246.89   84.25
 248.10   12.70
 248.73   16.53
 249.38   28.28
 249.45  142.48
 250.03   25.19
 250.18  104.83
 250.78   10.45
 251.32  137.96
 251.37   85.06
 252.45   89.52
 253.15  111.70
 254.26   67.91
 255.06  135.06
 256.24   12.74
 257.05    9.59
 257.08   75.10
 257.54  139.70
 257.61  139.77
 257.94  138.15
 257.99  111.22
 258.15   82.61
 258.52   98.25
 258.85   87.90
 259.53   67.96
 259.59  101.62
 259.74   67.91
 260.20  170.53
 260.85  126.71
 261.81  139.38
 262.33   78.43
 262.92  111.75
 263.37  105.89
 263.79  130.27
 264.89  127.52
 265.33  132.88
 265.88   65.46
 267.74  101.96
 268.96  129.86
 269.07   80.91
 269.71  109.74
 270.14   64.27
 271.61  132.20
 272.08   73.67
 272.81  105.89
 273.54  149.83
 274.61  119.65
 274.96  130.15
 275.61  102.19
 275.74  147.75
 275.88  113.86
 276.11   65.19
 276.23  109.50
 276.26  130.46
 279.44   65.27
 279.67   79.93
 280.08   75.90
 280.29  102.35
 281.07   70.83
 281.24  142.55
 283.03   76.20
 283.15  112.17
 283.40   60.98
 284.09   73.53
 284.09   64.02
 285.12  141.09
 285.55  149.37
 287.06  138.06
 287.52   71.20
 288.45   67.37
 288.82   96.12
 292.53   63.89
 293.32   99.76
 294.21  137.05
 294.60  141.32
 295.00  135.73
 295.31   72.06
 295.79  107.19
 296.08  107.69
 296.58  170.66
 296.73   68.74
 301.47   76.37
 302.01   68.10
 304.98  171.79
 305.39   69.33
 310.19   75.61
 312.85   86.23
 312.99   85.99
 313.02  118.57
 315.66   97.75
 315.76   74.68
 321.08  177.44
 322.33   76.27
