  10.11   86.14
  10.40   90.72
  11.49  178.95
  12.76  103.50
  15.20   94.14
  15.52  102.21
  16.36   90.56
  17.43   99.75
  19.73  181.17
  19.95  181.18
  20.55   93.87
  25.06   94.81
  26.21  100.06
  26.46  207.26
  27.66   26.45
  29.71  101.95
  30.04   89.11
  32.34  211.51
  33.31  179.15
  34.74   19.95
  35.14  184.06
  38.21  106.26
  38.37   87.71
  39.85   19.26
  41.21  178.22
  41.30  106.59
  41.60  175.19
  45.38  146.05
  49.62   28.49
  50.47   32.44
  52.65  109.15
  53.29  104.25
  53.37   36.07
  53.89  166.21
  54.08  169.86
  55.12  174.55
  58.05  156.29
  58.48   88.12
  59.86  147.59
  61.07  158.85
  61.82  173.19
  62.50  110.68
  64.68   10.45
  65.96  172.44
  66.69   95.52
  66.73  169.16
  66.75  159.41
  67.07  169.19
  67.33   90.05
  68.72  197.67
  68.91  104.66
  68.97  173.38
  69.07  105.04
  69.44  117.60
  69.65  149.79
  70.02    7.21
  70.04   92.68
  70.82   99.66
  71.57   35.61
  71.88  111.18
  72.83   28.76
  72.99  196.26
  73.01  154.72
  73.24   32.92
  74.30   11.76
  75.52  126.95
  75.65   30.45
  76.11  153.92
  76.74  123.15
  76.91  167.06
  77.46  169.96
  78.05  109.86
  78.96  115.23
  79.21    7.10
  80.15  172.57
  81.06  104.08
  81.57   30.23
  82.21  107.45
  83.89  156.82
  84.51  195.62
  84.60  170.51
  85.16  154.57
  85.21  121.47
  85.89  117.64
  86.79    9.83
  87.03  143.58
  89.98  116.91
  89.99  128.03
  90.53  102.50
  90.60  143.45
  90.63  138.07
  92.52  123.94
  92.65  130.33
  93.99    8.78
  94.16  157.66
  96.09  137.03
  96.09  141.48
 100.32   90.66
 101.89  144.20
 102.14  125.54
 102.24    8.15
 104.47  133.88
 105.58   13.44
 106.02   83.94
 106.89   17.36
 107.53   81.96
 108.13  133.25
 108.28  175.24
 108.57  136.98
 109.73   14.22
 110.25  142.68
 110.59  159.03
 110.82   19.71
 111.22  151.98
 111.67  133.08
 113.31   70.94
 113.67   74.53
 114.35   15.37
 116.46   63.29
 116.55   67.85
 116.83   72.47
 116.85   21.36
 117.11   76.56
 117.48  133.14
 118.05  178.77
 118.09  146.58
 118.44   16.29
 120.34  148.42
 120.38   71.02
 121.53   76.99
 121.95  176.05
 122.40   10.09
 122.83  145.10
 122.92  143.69
 123.19  132.76
 123.59   74.60
 123.99  138.32
 124.53   79.95
 126.30  145.90
 127.09  132.03
 127.32  154.18
 129.76   29.76
 130.20  132.83
 130.39  141.57
 131.43  173.76
 132.91   75.44
 132.95   32.50
 132.96  124.70
 133.32  143.65
 133.99  178.34
 134.41  179.79
 136.55   79.74
 136.80  132.82
 138.26   76.20
 138.92  177.44
 138.94  151.59
 139.23  110.23
 139.41  160.23
 140.50   93.59
 140.64  129.79
 140.76   98.08
 141.15  124.06
 142.05   81.48
 142.42    9.01
 143.09   38.07
 143.37   32.73
 144.81  176.63
 145.95  103.95
 146.21  158.02
 146.47   96.27
 147.24  105.80
 147.79   23.76
 147.98  148.89
 148.37   34.53
 148.77  131.33
 149.48   99.68
 150.01  104.52
 150.92  108.75
 150.92  153.52
 152.37   34.00
 152.90  103.26
 152.93  160.39
 153.07   37.88
 153.46  111.32
 156.15  150.47
 156.63  113.91
 156.64   31.64
 157.46  173.41
 157.73  106.90
 158.41  159.67
 159.69  136.70
 160.05  113.82
 160.08   35.80
 160.10  145.88
 162.74  175.07
 163.28  148.12
 165.08  153.03
 165.82  184.35
 167.26   91.76
 168.05  143.81
 168.30  124.23
 168.84   95.57
 169.78   35.27
 170.54  145.39
 171.27   42.21
 171.47  149.46
 171.53   30.67
 172.51  162.92
 172.92   85.44
 173.90  148.00
 174.72  157.37
 174.86  145.62
 174.93  160.59
 175.46   75.46
 175.66   72.08
 176.41   87.38
 177.44   51.00
 177.89   78.45
 178.60  113.17
 178.60   56.62
 178.74  179.89
 179.24   32.12
 179.37   45.34
 179.81   53.47
 180.81   88.93
 180.84   99.62
 181.14  172.84
 183.62   90.55
 184.42  179.83
 184.45  156.38
 185.15  113.77
 185.40  177.36
 185.42   28.80
 185.44   68.01
 187.73   89.92
 188.39  179.49
 190.05  106.02
 191.04   47.26
 191.44  166.40
 191.61  178.45
 192.36   27.43
 194.37   78.92
 195.27  199.88
 195.32  178.39
 195.96   41.95
 197.05  174.39
 197.87  112.61
 199.04   21.01
 200.45  101.91
 200.46   16.51
 201.87   75.09
 202.22   61.88
 202.69    8.22
 203.98  179.57
 205.91  165.03
 206.43  183.82
 206.74  122.80
 207.07   87.29
 207.33  102.42
 208.16   41.99
 209.10   80.07
 209.14   41.05
 210.66   71.94
 210.76  100.85
 211.09    9.76
 211.70   14.03
 211.90   99.03
 213.35  106.78
 213.94   71.55
 214.23  178.02
 214.28  164.43
 214.57   78.10
 216.82   94.06
 217.99  157.66
 218.51   63.24
 219.30  204.90
 219.44   84.20
 219.45  109.00
 219.54   35.65
 220.14   99.65
 220.93   38.38
 221.09   96.01
 221.32  204.61
 221.49  163.61
 222.15   80.67
 222.48   83.79
 222.75  186.60
 223.69  179.81
 224.11   89.45
 224.35  205.16
 225.00   86.67
 225.02   40.91
 225.78   84.82
 225.99  202.59
 226.13  164.20
 226.49   76.85
 226.92  106.75
 227.10  111.50
 227.77  105.56
 227.90  207.47
 228.28  200.80
 229.30   55.47
 230.43  180.02
 230.67   72.54
 231.06  209.35
 231.10  203.06
 231.21   76.82
 232.52  194.27
 232.55  117.23
 233.40  128.43
 234.18  101.67
 234.25  137.62
 234.56   97.48
 234.62   70.29
 235.25  100.72
 237.05  199.47
 237.35   64.26
 237.50  211.45
 237.61   80.65
 238.14  183.35
 238.33  179.15
 240.84  117.38
 240.95   84.96
 241.72   52.00
 242.09   62.78
 243.42  152.87
 243.65   89.34
 243.69  197.04
 244.18   61.13
 245.46   84.00
 245.71  115.10
 246.60  184.80
 247.23   21.42
 247.36  213.15
 247.40  195.19
 247.77  104.05
 248.96   77.52
 249.51  114.89
 249.60  117.98
 249.75   25.51
 249.91  123.79
 250.24   12.36
 250.48   29.09
 251.17   92.04
 252.27  130.62
 252.54  115.48
 252.86  121.11
 252.99  120.89
 253.44  125.85
 253.76  182.11
 254.40  200.45
 254.44  186.93
 254.47   16.68
 254.99  194.24
 255.59  166.10
 255.65  189.91
 255.69   92.20
 255.97   74.42
 257.14  121.16
 257.21   25.60
 257.25   42.80
 257.42   21.87
 258.27  182.02
 260.63   16.47
 260.72   16.41
 261.94   39.13
 262.05  110.80
 262.37  191.68
 263.08  186.07
 263.11   25.36
 263.71   98.29
 263.97  168.84
 264.41  100.24
 265.12   22.13
 265.96   72.03
 266.08  180.94
 266.55   44.92
 267.61   94.83
 268.15  168.22
 269.17   57.82
 269.30   81.82
 269.74  166.97
 269.94  170.95
 271.40  167.73
 271.84  100.66
 272.15   49.35
 272.19  211.14
 273.31   94.38
 273.50   64.95
 273.52  177.71
 273.57  182.22
 274.95   78.71
 277.47  206.71
 277.49   84.79
 280.59  178.09
 280.84   50.06
 281.64  169.57
 281.79   64.26
 282.70  207.62
 283.06  100.55
 283.11   57.32
 283.48  211.14
 284.36   61.85
 284.48  188.79
 285.23  173.89
 285.69   95.88
 285.85   97.71
 286.20  169.19
 289.14   47.26
 289.24   89.80
 291.12   74.14
 291.28  127.90
 292.69   25.64
 293.01   86.53
 293.41  132.80
 294.29   79.86
 294.36   69.13
 294.57  138.78
 296.01   63.97
 296.07   72.16
 297.46  186.87
 297.61  178.62
 298.22   68.84
 298.93   77.88
 302.53   61.18
 302.87  138.52
 305.73   21.70
 306.97  157.10
 307.94   57.45
 311.04   45.50
 311.06   59.62
 311.41  147.72
 313.98   24.39
 314.03  150.80
 314.06   47.83
 314.51   35.40
 315.95   55.98
 316.19  158.35
 316.98   86.25
 317.56   74.95
 318.80  213.66
 321.93   20.52
