   7.18  211.34
   7.90   82.15
   8.07  115.71
   8.13  112.10
   8.32   86.91
   9.15  208.84
   9.82  190.40
  10.44   74.54
  11.18  202.51
  11.31  114.33
  11.66  104.87
  12.28  149.66
  13.15  207.70
  13.41   76.66
  13.48  119.11
  13.80  139.61
  14.22   79.42
  14.40  204.47
  15.18  171.52
  16.02  179.28
  16.87  122.82
  17.66  157.85
  18.88   84.34
  18.91  191.93
  20.67  129.90
  20.68  115.56
  21.75  195.21
  22.14  121.74
  22.30  183.45
  23.54  126.71
  23.84  132.92
  24.75  155.47
  25.11  197.23
  25.97  116.92
  26.22  107.50
  26.30   88.22
  27.45  176.08
  27.76  145.77
  28.57  149.42
  29.60  182.63
  34.18  112.78
  35.67  194.66
  36.03  143.50
  37.64  174.05
  39.91  113.27
  45.25  122.23
  45.64  112.60
  45.71  164.86
  46.62   92.52
  47.05  194.46
  47.45  175.21
  47.47  177.64
  49.22   90.30
  50.03  188.44
  50.09  169.73
  50.16   99.21
  50.89  176.81
  51.45  195.57
  51.62  195.52
  53.12  198.88
  53.17  202.98
  53.48  180.90
  53.57  137.61
  53.57  126.74
  54.05  194.59
  54.26  191.76
  54.42  124.67
  54.86  109.31
  55.14   87.23
  55.56  117.30
  55.62  188.59
  55.82  201.50
  58.67  142.30
  59.60  122.10
  60.01  112.58
  60.25  208.58
  60.98  173.26
  61.50  194.36
  64.13  145.02
  66.70  187.71
  68.87  193.54
  69.01  124.88
  72.69   90.85
  73.61  199.29
  74.20  191.77
  74.66  203.28
  75.17   97.19
  76.38  134.49
  76.60  113.25
  77.62  110.96
  78.72  193.28
  78.96  106.07
  79.03  201.59
  80.23  196.92
  80.59  119.63
  82.87   96.13
  83.97  163.96
  84.55  102.72
  84.88  167.48
  85.36  204.99
  85.49  201.07
  85.66  116.03
  85.84  110.64
  86.61  106.70
  87.33  120.00
  89.00   85.89
  89.49  171.36
  89.55  176.65
  89.84  108.74
  90.05  115.58
  92.01  110.90
  93.20  136.73
  93.38  100.59
  94.98  174.23
  96.37  120.91
  96.57  167.41
  96.73  139.37
  96.92  157.16
  97.11  177.07
  97.22   90.20
  97.79   86.07
  98.55  115.55
  98.56  163.62
  98.97  169.62
  99.17   73.52
  99.90  145.15
 100.35  172.09
 101.25  148.80
 102.03  152.11
 102.89  177.85
 103.34  167.62
 103.68  164.99
 103.97  154.34
 105.25  159.40
 106.07  148.72
 106.64  122.36
 107.05  152.61
 107.82  167.09
 108.94  178.61
 108.98  114.04
 109.13  123.89
 110.22  165.36
 110.62  171.00
 112.16  154.59
 112.47  161.53
 112.56  161.56
 114.36  115.93
 115.00  177.88
 115.05   93.11
 117.20  173.60
 117.65  165.77
 118.19  169.36
 119.50   91.35
 120.13  190.76
 121.91  120.44
 122.16  157.14
 122.98  188.67
 123.41  170.10
 124.61  188.48
 125.05   92.19
 125.82  174.98
 125.92   92.91
 128.20  185.95
 128.61  151.44
 129.18  173.12
 132.81  157.86
 133.41  179.58
 133.99  194.33
 134.23  192.57
 134.58  138.37
 134.81  188.34
 135.04  138.22
 135.72  142.01
 136.05  143.04
 136.38  124.77
 137.69  193.34
 138.24  171.97
 139.52  160.47
 139.64  157.43
 139.99   83.16
 140.05  185.38
 140.27  141.30
 141.05   74.73
 141.30  119.79
 142.76  178.39
 143.77  172.19
 144.38  165.74
 145.90  175.80
 148.14  171.40
 148.46   72.79
 148.67  174.48
 149.13  157.36
 149.40  201.40
 151.64  161.38
 151.76  142.02
 151.78   85.89
 153.08  138.43
 154.98   88.93
 156.44  130.41
 156.58   74.17
 156.86  167.38
 156.90  155.11
 158.16  159.38
 158.71  184.33
 159.73  141.89
 159.93  179.35
 161.14  138.40
 161.16  149.13
 161.42  164.60
 161.77  145.27
 162.84  176.47
 164.82  183.61
 165.35   92.77
 165.76   80.13
 166.07  180.60
 167.29  174.72
 168.12  182.90
 168.72  186.10
 170.46  169.79
 171.19   87.63
 173.42  211.13
 174.48  184.79
 174.56  148.82
 175.30   85.50
 175.89  164.64
 176.22  103.03
 178.32  167.37
 178.63  190.02
 179.08  179.25
 179.18  137.75
 179.55  197.22
 180.72  145.07
 181.82  164.46
 182.56  171.62
 183.87  131.03
 185.78  208.14
 186.03  187.70
 186.62  201.80
 186.95  170.48
 187.70  173.08
 188.38  148.77
 188.91  165.30
 191.58  149.07
 191.76  136.32
 193.96  165.16
 195.14  171.47
 195.53  149.08
 195.74  174.25
 196.25  190.66
 196.30  176.92
 197.60  211.03
 197.95  115.62
 198.22  131.08
 198.47  207.54
 198.72  204.73
 198.76  141.64
 198.90  150.24
 199.02  179.04
 199.11  164.67
 200.64  158.88
 200.83  108.60
 201.13  138.87
 201.91  147.75
 202.26  184.20
 202.26  193.94
 202.30  126.23
 202.38  156.36
 202.40  119.14
 203.63  141.74
 205.46  189.00
 205.70  145.46
 206.20  174.52
 207.71  163.95
 208.07  180.65
 208.08  125.12
 212.51  185.27
 212.74  190.27
 213.00  160.85
 213.57  169.58
 214.38  126.79
 214.69  164.40
 214.83  134.65
 214.96  156.60
 215.26  111.54
 216.40  148.92
 217.01  105.83
 217.57  144.24
 219.19  173.10
 219.69  133.15
 220.16  124.82
 220.50  137.77
 220.85  166.09
 222.92  118.46
 223.29  157.03
 223.50  149.65
 223.81  152.98
 224.18  175.85
 224.91  121.98
 225.37   93.55
 225.50  144.74
 226.84  116.01
 226.93  169.88
 227.19  176.75
 227.54  199.14
 227.60  148.14
 229.24  119.06
 229.68   93.23
 230.14  188.54
 230.27   83.03
 231.18  206.94
 231.19   84.83
 232.37  122.01
 232.53  175.51
 233.44  117.90
 233.80  193.34
 233.87   94.29
 234.14  116.43
 234.26  130.23
 234.34  164.99
 234.93   96.01
 235.12  171.48
 235.95  195.26
 236.41  177.25
 237.00  191.75
 238.12  160.65
 239.24  119.04
 240.05  164.44
 240.31  112.27
 240.32  194.81
 240.76  176.30
 242.45  172.53
 242.59  211.91
 243.61  101.82
 243.80  179.71
 243.84  208.65
 243.91  120.11
 244.21  201.78
 244.29  155.90
 245.19  113.91
 245.65  195.87
 246.72  124.89
 246.80  167.95
 246.81  178.96
 247.22  121.01
 247.44  141.16
 247.64  151.20
 247.64  132.20
 247.79  111.53
 249.20  145.69
 249.48  206.41
 249.48  206.19
 249.51  199.94
 249.91  177.21
 250.22   96.75
 250.40  108.01
 250.47  173.88
 252.27  124.26
 252.32  184.00
 252.98  130.85
 253.12  144.59
 255.83  210.05
 256.46  137.89
 256.53  206.38
 256.62  154.48
 256.77  167.76
 256.94  151.57
 256.99  174.21
 257.44  170.94
 257.57  110.50
 257.74  177.34
 257.81  119.57
 258.51   99.98
 261.61  116.98
 261.74  116.84
 261.78  112.55
 262.65  126.16
 263.32  119.35
 263.35  154.41
 263.55  151.53
 265.12  113.40
 267.91  140.01
 268.36  116.53
 269.61  186.11
 270.28  155.03
 270.30  120.14
 270.65  111.50
 270.82  186.49
 271.21  202.05
 271.28  186.68
 271.49   93.30
 271.73  152.33
 272.69  124.83
 274.38  198.14
 274.98  115.99
 275.29  191.67
 275.35   97.81
 276.08  120.38
 276.76  154.82
 278.62  115.82
 278.79  125.00
 278.98  122.16
 279.63   91.48
 280.26  113.87
 280.49  127.36
 280.51   85.90
 281.53  146.37
 282.08  151.86
 282.29  115.44
 282.65  211.94
 282.71  119.20
 282.93  126.14
 283.21   90.45
 284.42   82.64
 284.49  135.95
 284.54   89.76
 285.16   87.13
 287.05  200.08
 287.62  143.01
 288.25  173.01
 290.47  123.80
 291.36  136.49
 292.00   93.81
 292.52  132.70
 292.88  188.72
 292.96   91.51
 293.87  138.86
 294.29  191.85
 294.30  196.79
 295.05   70.23
 295.41  135.53
 295.84   73.62
 296.54   76.15
 296.66   98.84
 296.84   85.45
 296.88   86.56
 297.05  113.12
 297.16   93.68
 298.61  134.17
 298.81  125.88
 299.10  117.50
 299.61   89.40
 299.88  193.27
 300.61  149.79
 300.78  201.38
 301.18  120.24
 301.57  153.39
 301.66  139.21
 303.67  121.70
 304.47  142.63
 304.53  205.32
 304.54   94.21
 304.57   76.09
 305.71   83.44
 305.90  126.51
 306.72  203.27
 307.01  133.23
 307.19   78.73
 307.21  156.42
 307.40   74.12
 307.53  197.41
 307.68  143.51
 308.18  200.94
 309.63  129.14
 309.66   79.46
 310.01  125.17
 310.58  144.91
 310.69  114.94
 310.95   84.61
 311.00  150.29
 311.81  192.95
 312.47  186.66
 312.72   82.14
 312.78   77.18
 313.75  189.55
 313.75   65.66
 313.76  186.40
 314.98  108.81
 315.15   74.91
 315.31  128.17
 315.43   83.86
 315.47  109.41
 315.61   87.65
 315.72  153.46
 316.14  100.31
 316.36   56.64
 316.37  103.80
 316.59  195.63
 316.97   59.69
 318.41   94.08
 318.98   98.47
 319.20  107.87
 319.25  103.23
 319.50   80.83
 320.80  193.28
 321.53  133.33
 321.72   53.59
 322.55   82.96
 322.74  155.33
 323.20   94.66
