   8.51  179.79
   9.64   81.82
  13.36  134.29
  13.41  179.70
  14.52  122.31
  14.68  116.85
  15.89  133.91
  16.93   91.39
  19.05  128.64
  19.63  179.58
  21.95  182.19
  24.90  121.07
  29.55  120.79
  30.09  179.53
  33.09   82.96
  34.54  192.14
  34.97  143.12
  35.53   81.46
  36.80   86.08
  39.07  117.40
  39.49  108.82
  39.54   92.01
  41.02   85.07
  41.99  130.92
  42.18  137.45
  42.55  110.24
  42.58  108.75
  43.25  134.51
  43.87  118.72
  44.06   82.73
  45.05  134.10
  45.47   88.72
  45.66  128.95
  46.25  121.83
  46.39   98.22
  46.70  113.57
  48.24  125.28
  48.44  140.57
  48.93  132.02
  49.30  108.61
  50.80  117.51
  56.05  106.81
  56.77  193.33
  57.70  112.05
  58.27  141.89
  58.97  108.88
  64.85  109.22
  66.06  191.92
  66.31  179.85
  67.64  114.46
  67.92  141.20
  67.98  141.42
  68.21   97.26
  68.46  145.07
  69.10  106.81
  70.16  132.26
  71.92  126.13
  72.08  132.33
  72.19  179.94
  72.34  128.75
  72.69  122.99
  73.24  136.27
  74.45  142.21
  75.54  132.02
  76.10   96.70
  76.24  119.18
  76.80  139.02
  77.44  114.82
  78.48  123.57
  79.61  107.00
  80.54  109.58
  81.05  126.14
  81.09  114.96
  87.60  178.80
  87.89   98.62
  91.70  115.60
  92.09  129.32
  93.73  135.92
  94.02   92.92
  94.39  138.96
  97.22  132.57
  98.81   97.86
  98.87  129.45
  99.15  139.46
  99.43  183.03
  99.61  139.58
  99.92  100.47
 100.37  132.39
 100.55  177.49
 101.69  180.22
 103.96  109.23
 104.70  132.26
 105.02  129.42
 107.64  185.70
 107.82  131.87
 108.51  112.07
 109.81  137.80
 111.61  132.35
 111.65  113.40
 111.68  126.04
 111.97  109.98
 113.16  179.52
 114.53  119.45
 114.63  143.73
 115.39  131.93
 115.40  174.33
 116.97  109.06
 118.86  119.69
 119.12  141.75
 119.88  130.78
 119.98  115.32
 120.41  138.29
 120.61  172.85
 120.76  185.87
 122.07  170.27
 122.53  144.51
 122.54  144.23
 123.53  131.80
 123.72  176.45
 123.74  138.02
 124.07  183.61
 125.68  150.77
 125.88  168.82
 125.93  165.38
 127.52  119.81
 127.58  174.78
 129.16  182.89
 129.19   93.52
 130.37  170.41
 130.38  175.49
 132.95  131.11
 133.01  111.25
 134.19  138.96
 134.22  162.69
 134.73  152.35
 135.79  167.21
 135.95  100.51
 136.05  129.95
 136.46  172.06
 136.59  121.56
 136.73  132.84
 136.88  107.07
 137.86  176.94
 137.88  136.26
 138.83  180.36
 139.74  131.34
 140.40  125.18
 140.52  111.89
 140.57  138.82
 140.59  119.17
 140.64  171.60
 140.90  129.04
 142.08  159.55
 142.29   96.96
 142.49  147.39
 144.04  123.08
 144.18  132.73
 144.47  126.89
 144.70  116.42
 144.75  174.40
 145.98  143.08
 146.09   96.63
 146.75  101.31
 146.76  101.43
 147.09  118.88
 147.10  169.26
 147.76  131.28
 147.91  163.61
 148.05  158.34
 149.82  147.65
 151.56  159.83
 151.94  154.79
 152.88  146.99
 154.74  157.62
 154.93  112.98
 155.10  135.42
 156.80  180.45
 156.82  180.47
 156.87  161.89
 157.07  154.98
 158.00  119.16
 158.13  163.95
 158.70   94.22
 159.66  142.22
 160.32  135.47
 160.73  158.43
 161.06  177.87
 161.43  131.24
 161.69  162.01
 161.71  102.14
 163.00  182.90
 163.07  186.13
 163.16   99.91
 163.52  154.97
 164.38   96.63
 164.85  180.38
 164.87  160.03
 164.96  125.15
 165.02  130.43
 165.07  144.29
 165.18  156.94
 166.19  166.69
 166.32  110.03
 166.73  106.65
 167.39  145.59
 167.70  133.62
 169.00  155.22
 169.74  158.78
 170.72  175.74
 170.74  169.76
 170.82  138.13
 171.11   98.84
 171.50  151.30
 172.96  165.59
 173.23  176.93
 173.84   94.19
 173.90   15.98
 174.05  184.02
 174.23  166.70
 174.60   95.21
 174.76  126.57
 176.10  145.99
 176.87  177.70
 176.88  149.86
 177.36   97.71
 178.94  135.03
 179.01  166.60
 180.21  170.05
 180.22   18.46
 180.50  173.39
 182.32   23.95
 182.36   25.57
 182.49  137.14
 183.37   14.16
 184.07  181.74
 184.22  188.41
 185.77  173.49
 186.44   10.07
 186.55  144.50
 186.89  144.47
 187.32   13.65
 187.39  184.02
 187.71  170.64
 187.82  149.13
 189.30  177.68
 189.55  174.20
 190.30  188.61
 192.55  186.04
 194.17   11.02
 195.31   92.05
 195.49  176.84
 197.47  142.73
 199.84  185.15
 201.56  166.43
 202.11  188.39
 202.87  175.97
 202.92  107.59
 203.67  121.19
 204.19  137.21
 204.61  136.20
 204.71  168.72
 204.93  185.54
 205.17  104.85
 206.35  123.65
 206.70   94.87
 207.56  180.78
 208.81  161.94
 209.57   91.00
 210.54   23.01
 211.20   95.79
 211.98  185.44
 212.76  185.95
 213.21   26.87
 215.64  193.26
 215.74   16.40
 215.86  137.59
 218.18   86.97
 219.49   97.72
 219.71   25.44
 220.92  185.66
 222.82  180.52
 222.88   82.92
 222.93   77.52
 225.89   95.10
 225.92   21.37
 227.09  191.19
 227.42  147.38
 228.38   85.23
 228.40  183.93
 229.88  147.79
 230.32   15.51
 230.85  136.09
 231.02  185.76
 231.39   22.15
 231.54   88.66
 231.96  101.56
 233.01   93.00
 233.09  133.38
 233.26  193.89
 233.88   16.29
 233.94  136.09
 234.20   24.00
 234.62  140.37
 234.80   97.46
 235.79  144.79
 236.11  187.08
 236.55  148.23
 236.87  180.78
 237.12   25.26
 237.13   99.88
 237.43   80.81
 237.77  133.28
 238.64  136.01
 238.97   44.50
 239.69   20.76
 239.83   88.30
 240.32  118.46
 240.91   42.09
 241.45  130.30
 241.65  185.82
 242.45   94.48
 243.13  185.37
 243.26  185.32
 243.65   71.37
 243.92   85.50
 245.04   19.55
 245.32   32.29
 245.51  100.22
 245.85  182.43
 245.89   39.48
 246.46  158.69
 246.69  101.43
 246.79   28.91
 249.26   21.60
 249.87  124.47
 250.04  139.63
 250.29  127.86
 250.56   35.09
 250.59  131.61
 250.69  176.68
 252.95   92.42
 253.13  123.06
 253.17  126.78
 253.29  153.03
 253.61  101.91
 253.66  166.75
 253.67   87.25
 253.86   96.01
 255.04  187.11
 255.07   39.13
 256.17  119.49
 256.26  125.02
 256.48  132.31
 256.57   76.75
 256.58  111.40
 257.56  185.21
 258.41  188.73
 259.59   73.84
 259.79  101.70
 260.10   36.43
 260.17   77.99
 260.31  129.09
 261.15  177.13
 262.90   19.10
 263.51   29.03
 264.20  100.96
 264.28  180.39
 264.63  122.98
 264.64  122.97
 265.55  113.06
 265.85   96.40
 266.94  133.81
 267.45  180.91
 267.67   31.99
 267.75  108.23
 268.93   37.24
 269.03  103.25
 269.18   37.01
 270.52   95.48
 270.64   84.93
 270.86  178.84
 271.27   33.86
 272.50  131.53
 272.57   87.46
 272.74   90.99
 274.47  186.61
 275.07   37.97
 275.23  154.31
 275.27  132.77
 275.52  103.92
 275.89   33.05
 276.01  134.45
 276.45   96.12
 276.48   72.30
 276.96   42.39
 277.59   99.32
 277.79   75.25
 278.67  138.59
 279.38  102.65
 280.14  175.98
 280.43   78.71
 281.16  187.33
 281.41   63.05
 281.66   47.75
 282.56  106.82
 282.63  138.31
 282.98  110.11
 283.74   62.92
 284.09   44.67
 285.16  136.53
 285.17   57.10
 285.19   93.52
 285.21  154.33
 285.94  107.34
 286.11   79.21
 286.70   50.37
 286.96  134.56
 287.51  116.63
 287.62   68.86
 287.68   73.77
 287.74   82.71
 288.10  175.47
 289.31   87.11
 289.40  186.77
 290.15  155.76
 290.53  183.36
 290.77  153.03
 291.62  140.18
 292.13   58.08
 293.14  117.09
 293.74  191.16
 293.90   51.55
 295.04   45.06
 295.12   98.70
 296.42  183.07
 296.69  186.01
 296.88   93.50
 297.65   88.22
 298.01  122.45
 298.74   83.92
 299.00  100.99
 300.19  148.39
 300.45  100.58
 300.62   80.93
 300.75  117.76
 300.98  152.58
 301.25  122.08
 302.80  100.79
 303.75  179.99
 304.79  107.15
 304.88   73.90
 304.94   88.80
 305.12   71.87
 305.35  175.91
 306.22  100.10
 306.90  162.68
 307.10  122.14
 307.14  153.11
 308.73   87.06
 310.72  111.77
 311.08   64.93
 311.12  152.12
 314.27  179.98
 314.34   96.84
 314.42  107.07
 314.76   44.59
 315.92  104.12
 318.55  196.33
 319.72   86.98
 320.40   39.10
