   9.21  125.49
   9.77  161.64
   9.89  113.49
  10.25  147.58
  11.21  194.00
  11.41   98.62
  11.47   84.16
  11.71  158.38
  12.10  211.41
  12.12  147.00
  12.70   40.47
  13.05   58.94
  13.60  119.40
  14.36   88.82
  16.77   53.85
  17.00   88.94
  17.39   39.09
  17.56   62.30
  17.61   10.71
  17.74  139.69
  17.97   57.39
  18.26  162.84
  18.47   99.20
  19.61  160.46
  19.70   16.06
  19.74   84.24
  19.79  206.68
  20.23   43.27
  20.35   40.59
  21.81  158.31
  22.34   80.87
  23.16   92.67
  23.54   53.98
  23.56   13.85
  24.33  160.70
  24.45   72.83
  24.45  118.64
  24.84   65.84
  25.43   90.33
  25.97   11.63
  28.05   94.86
  28.40   86.05
  28.58   42.35
  29.87  100.77
  30.43   56.46
  30.91  128.44
  31.74  106.36
  32.23   54.78
  32.48   94.20
  34.73  127.85
  35.02   37.85
  35.42   96.21
  37.04   34.29
  37.70   74.53
  37.75  119.14
  38.00   89.06
  38.87   56.91
  38.92  112.47
  39.90  100.84
  40.46   42.15
  40.59  117.39
  40.84   31.57
  41.95   98.13
  42.75  106.84
  43.62   27.15
  44.68   35.27
  45.23  113.96
  45.96   98.62
  46.71  205.03
  46.84   78.50
  47.25   27.21
  47.36   71.30
  48.06   81.87
  48.48  193.45
  49.02   23.77
  49.39   41.23
  49.87   94.12
  50.04  120.42
  50.52   57.22
  50.72   66.54
  51.15  105.55
  51.37   52.81
  51.38   60.74
  51.62  115.43
  51.64   81.81
  52.78   97.77
  52.86   41.88
  53.32  189.68
  53.70   66.15
  54.11   37.06
  54.33   99.29
  54.38   85.13
  54.95   48.17
  55.16  120.57
  55.44  139.88
  55.93  110.38
  56.12   97.29
  57.16   11.63
  58.12   43.32
  58.14   65.49
  59.20  124.11
  59.25   34.48
  60.54  116.83
  60.63   10.19
  60.84  129.46
  61.21  206.79
  61.29  182.06
  61.55   62.65
  61.64  179.05
  62.23  150.77
  62.81   30.36
  62.89  190.62
  63.12   90.06
  63.15  110.93
  63.46   37.52
  64.66  193.44
  64.94   83.82
  64.96  118.09
  65.08  140.61
  65.97  107.96
  66.29   66.57
  66.47   46.07
  66.66   56.71
  67.08  209.94
  68.16   95.10
  68.27  119.34
  68.46  115.20
  68.52  179.14
  68.52  205.53
  68.64  180.86
  69.04   74.23
  69.22  183.13
  69.39   51.50
  69.65   16.72
  70.15   62.20
  70.98  193.25
  71.00  121.27
  71.32   28.28
  71.44  151.61
  71.73   99.67
  71.97  136.72
  72.20  198.06
  72.69  116.83
  72.87  200.69
  73.22   71.11
  73.94   55.86
  74.09  104.02
  74.34   62.41
  74.64   54.21
  74.68   62.84
  76.61   35.04
  77.55   96.94
  77.61  157.37
  78.22   93.46
  78.33   47.05
  78.56  143.87
  78.63  111.41
  78.66  128.98
  78.91   22.15
  79.00  121.48
  79.12   73.25
  79.30   82.72
  79.69  138.26
  80.13  194.61
  80.66   44.48
  80.79  121.95
  81.20  162.95
  81.52   86.91
  82.35  117.18
  82.56   92.32
  82.80   96.93
  82.82   39.04
  83.34  149.79
  83.47  102.43
  83.84  135.20
  84.42  194.01
  85.06  204.56
  85.12  197.97
  85.65  143.08
  86.11   62.08
  86.23   94.85
  86.65   88.89
  86.69   99.76
  86.85  139.04
  86.91  209.26
  87.78  120.14
  87.92   54.74
  88.61  133.02
  88.68  110.58
  89.49  101.22
  89.91   35.46
  90.67   85.82
  91.17   58.97
  91.53  136.03
  91.61  142.09
  91.64   98.40
  91.82  200.17
  92.16   93.17
  92.34  210.39
  92.38    8.85
  92.43   25.35
  92.45   48.93
  93.47  123.37
  94.24  102.69
  94.87  129.29
  95.35   30.69
  95.36   61.85
  95.58  157.65
  96.08  164.24
  96.21   53.83
  96.78   42.96
  96.83   37.10
  98.19   46.89
  98.21  145.99
  99.15   45.99
  99.25  132.34
  99.54   41.51
  99.78   31.31
 100.36   64.88
 100.44   87.46
 100.57   49.00
 101.14   78.32
 101.50  134.94
 101.59   17.78
 101.62  142.76
 101.98  150.73
 102.24  183.18
 102.27   44.11
 102.42  159.82
 103.38  155.19
 103.52   61.31
 103.98   57.94
 104.03   70.30
 104.31  196.96
 104.53  103.48
 104.56   73.99
 105.00  203.11
 105.40  170.13
 105.88   98.40
 105.99  116.06
 106.02   16.33
 106.04   80.34
 106.28   62.88
 106.85   46.37
 107.17  208.53
 107.27  127.92
 107.79  146.08
 107.90   76.39
 108.27   58.91
 108.53   82.46
 108.93   95.17
 109.17   15.01
 109.21   72.04
 110.01   31.09
 110.47   73.50
 110.47  130.94
 110.59  127.10
 110.82   79.39
 110.85  118.95
 110.94  199.55
 111.43   15.81
 111.56  148.10
 111.62  195.45
 111.70   21.56
 111.85   71.01
 111.87   64.53
 112.59    8.27
 113.02   96.26
 113.15   76.67
 113.22  129.38
 113.58  121.70
 113.77  211.46
 113.87   50.24
 113.92  137.45
 113.96  145.35
 114.29  189.86
 115.13  156.99
 115.24   23.24
 115.25   53.38
 115.44   37.15
 115.49   74.08
 115.67   68.29
 115.97  137.57
 115.98   92.22
 116.38  149.71
 116.73  143.55
 116.99  198.80
 117.03  202.38
 117.05  109.95
 117.22   30.35
 117.49  118.51
 117.64  194.21
 117.95  189.18
 118.02   75.56
 118.10   86.09
 118.36  130.78
 118.62   79.51
 118.87   97.36
 119.02   93.52
 119.08  146.71
 119.75   70.88
 120.23  114.00
 120.44  110.41
 120.85   20.96
 121.03  198.82
 121.06   76.14
 121.08  105.78
 121.10   17.15
 121.22   96.63
 121.23   90.36
 121.56  102.02
 121.76  122.26
 122.04  143.68
 123.36  139.88
 123.64  119.11
 124.10   60.44
 124.65   57.22
 124.76   35.93
 124.81  111.94
 124.94    7.46
 125.16  201.85
 125.18   88.76
 125.52  158.40
 125.90  186.00
 126.30   84.86
 126.44  117.49
 126.61   94.32
 126.76  102.77
 127.03  108.97
 127.21   70.21
 127.29  172.54
 127.63  138.51
 128.45   29.74
 128.74  203.67
 129.24    8.89
 129.75  200.92
 129.88   70.39
 130.05   85.01
 130.27   43.03
 130.32  157.81
 130.57   86.85
 130.76  108.58
 132.12   77.56
 132.17  127.98
 133.29   66.83
 133.68  154.19
 134.01  182.86
 134.13   83.06
 134.13   19.82
 134.32  114.55
 134.42  144.86
 134.63   75.75
 134.71  110.96
 135.48   87.08
 135.65  147.61
 136.81  152.77
 137.56  195.97
 137.62   25.62
 137.67   25.59
 137.95   76.73
 138.10  113.95
 138.69  141.71
 138.74   72.13
 139.04   80.64
 139.69  109.66
 139.70   54.25
 140.27  108.65
 140.77  210.88
 140.80  152.95
 140.93   67.84
 141.52  136.02
 142.85  129.75
 142.86  155.87
 143.32  144.70
 143.35   19.30
 143.98  112.73
 144.62  139.57
 144.67   58.49
 144.78  192.07
 145.00   33.52
 145.12  188.25
 145.24   37.14
 146.73   79.55
 146.73   53.40
 146.85  151.78
 146.87  139.61
 146.87  108.18
 146.89   67.08
 147.22  155.17
 147.31  117.55
 147.43   41.47
 147.78  136.42
 148.01   82.22
 148.02   77.12
 148.26   98.29
 148.59  122.61
 148.60   30.60
 148.68   75.14
 148.71  132.27
 149.06  194.74
 149.15  114.40
 150.52   39.01
 150.74   70.13
 150.82  210.47
 151.47   93.09
 151.92  130.16
 152.28  144.46
 152.58   61.54
 152.58  113.63
 152.87   84.01
 152.98  187.60
 153.17   73.16
 153.25  169.01
 153.35   76.66
 153.45  117.54
 153.91   67.02
 153.98  141.48
 154.67   38.10
 154.70  149.58
 154.94  171.74
 155.01  158.11
 155.04   48.84
 155.90   82.80
 155.98   57.44
 156.13  193.64
 156.41  175.91
 156.48  180.70
 156.89   51.91
 157.51  152.34
 157.95   69.80
 158.43   54.22
 158.72   76.17
 160.16  114.34
 160.83  154.66
 161.06   84.80
 161.06   59.28
 161.46  182.80
 161.49  117.84
 161.97   94.68
 162.37   61.76
 162.62   87.76
 162.86  165.97
 163.22  144.27
 164.39  152.27
 165.03  194.26
 165.21   86.31
 165.63  134.24
 166.36  177.42
 166.45  122.26
 167.09  179.77
 167.53   75.12
 167.70  198.10
 167.92  186.81
 168.62  173.44
 168.92  172.82
 168.99  202.16
 169.41  189.76
 170.17  207.51
 171.33  212.98
 171.75  156.98
 171.83   88.84
 173.19  166.66
 173.59  142.01
 173.63  181.71
 173.84  122.30
 174.15  134.56
 176.11  179.00
 176.75  210.34
 179.39  165.60
 180.85  131.90
 181.37   92.23
 181.81  148.08
 182.76  111.51
 183.36  142.80
 183.68   99.67
 184.78  151.99
 185.17   93.92
 185.67  177.74
 185.71  174.34
 187.26   98.44
 187.68  138.67
 188.67  122.84
 189.90   91.63
 190.99  143.57
 192.41  180.66
 194.69  178.09
 198.20  171.18
 198.33  181.44
 200.32   95.61
 200.85  155.92
 201.00  140.12
 201.78  142.69
 201.98  150.14
 202.02  178.46
 202.57  181.09
 203.07  175.62
 203.47  187.44
 203.74   97.62
 204.05  164.51
 205.51  146.07
 205.70  127.79
 206.04  136.91
 206.22   97.69
 206.44  179.60
 208.51  176.37
 209.74  171.35
 209.95  108.66
 210.17  138.89
 210.34  213.29
 210.45  149.86
 211.37  176.10
 211.44  137.82
 212.34  173.56
 213.55  147.02
 213.87  155.81
 214.18  133.33
 216.37  105.34
 216.81  135.90
 218.25  129.13
 218.28  139.39
 218.28  184.90
 219.00  150.45
 219.09  110.16
 220.24  146.89
 220.74  152.94
 221.17  106.85
 222.45  150.47
 222.51  191.07
 224.12  158.73
 224.47  139.55
 225.98  122.88
 227.27  155.71
 227.53  130.87
 228.51  104.94
 233.40   98.75
 234.33  148.71
 234.62  120.08
 236.20  127.83
 237.37  171.45
 237.43   99.53
 237.98  131.30
 238.74  109.22
 238.88  122.43
 238.90  181.29
 239.78  138.36
 240.48  150.47
 240.59   99.17
 240.91   92.91
 241.04  118.47
 242.48  132.38
 243.87  151.09
 244.14  137.57
 244.53  147.70
 244.98  157.73
 246.10   96.08
 248.48   90.32
 248.73  145.99
 249.10  137.28
 249.26  142.75
 249.81  130.83
 250.10  156.01
 251.47  174.05
 251.70  177.77
 253.04   92.29
 253.28   95.08
 254.89  152.75
 255.55  177.01
 255.57  130.18
 255.63  141.80
 256.74  112.77
 257.04  140.89
 258.12   95.70
 258.42  118.11
 260.05  139.39
 260.19  148.66
 261.06   89.34
 263.03  128.53
 263.06  115.18
 263.55  136.95
 264.37   90.32
 264.79  124.44
 266.06  140.39
 266.26  188.30
 267.18   90.20
 267.74  109.96
 268.07  118.60
 268.59   85.46
 268.82  119.53
 268.85  111.28
 272.88  153.87
 274.25  209.30
 276.38  102.58
 277.20   96.75
 277.41  109.82
 278.54  172.36
 279.38   96.00
 279.95  155.93
 280.31  174.92
 281.78  130.93
 283.76  171.54
 284.10  150.24
 284.20  150.90
 285.44  165.01
 285.86  155.78
 286.29  197.10
 290.27   16.46
 291.25  134.79
 292.35   20.17
 292.35   11.83
 293.01  202.35
 293.56   17.09
 295.64   21.52
 296.81  203.64
 297.52  168.82
 297.65  210.96
 297.91  196.48
 298.59   30.07
 298.90  166.24
 298.99  154.14
 300.09  206.16
 300.11  152.43
 301.05  183.67
 302.05   44.94
 302.08  160.11
 303.21  173.21
 303.56  169.29
 304.46   51.95
 304.47  118.70
 305.66  190.24
 305.97  181.78
 306.01  166.43
 306.14   19.03
 306.75   97.51
 307.50   24.49
 308.15  196.63
 308.20   66.66
 308.74  127.93
 309.36  166.76
 309.91   85.88
 310.02   78.34
 311.80   90.82
 312.47  140.97
 312.80  146.06
 313.34   91.54
 313.82  188.91
 313.84   99.73
 313.87  133.50
 314.08  127.13
 314.10  171.36
 315.32  112.08
 315.47  126.06
 317.35  129.31
 317.92  107.57
 318.18  110.95
 320.69  161.66
 323.27  173.23
