   8.95   24.62
   9.21  133.39
  10.27   97.02
  10.38  123.06
  10.96   17.41
  11.32  112.71
  12.25  140.45
  12.63   46.21
  13.32   23.34
  13.36   49.35
  13.50  131.28
  13.92   15.14
  14.00    7.78
  14.47   58.15
  14.50   26.14
  14.64  125.69
  15.40   46.91
  16.37   12.43
  16.53  153.23
  16.66  138.19
  17.90  156.33
  18.39   45.49
  18.82  124.82
  19.04  129.41
  19.36  137.18
  19.47   51.89
  20.53   17.29
  22.55  130.94
  22.68   12.69
  23.97  128.95
  24.68   49.53
  25.27   44.15
  25.73  116.39
  25.83   64.97
  26.12  127.29
  26.49   11.30
  27.19   73.23
  27.82  121.38
  28.43  137.18
  29.17  133.34
  29.32   31.29
  29.49    7.51
  29.78   38.72
  30.69   26.60
  31.93   66.86
  32.12   49.76
  32.52  121.07
  33.03   44.19
  33.52   65.83
  33.78    9.45
  34.15  169.38
  35.32   84.57
  35.43  102.47
  35.76   44.91
  36.12   73.79
  37.49   41.33
  37.56   41.32
  37.85   49.93
  38.18   71.22
  38.75   38.73
  39.33   33.65
  39.92   92.05
  41.38   75.65
  41.73   14.06
  41.81  121.64
  42.49  137.37
  43.34   80.11
  43.54   15.52
  43.93   12.75
  44.41   40.47
  44.71  142.52
  45.06   36.22
  45.80  121.97
  45.91  122.75
  47.14   79.07
  47.48   90.15
  47.57   38.97
  47.68  104.18
  48.24   21.08
  48.80  145.18
  48.85  124.37
  50.13  154.58
  50.15  146.92
  50.22  138.77
  53.82   98.55
  54.91  141.35
  60.73   93.38
  61.34  133.33
  61.71  122.76
  63.10  163.86
  64.63  159.49
  67.49  105.53
  68.05   97.98
  69.33  162.15
  71.49  116.84
  72.22  137.48
  73.02  133.80
  74.03  103.42
  75.27  115.55
  77.20  134.28
  78.25  137.52
  78.91  141.62
  80.62  105.01
  81.33  161.35
  81.67  102.93
  82.47   95.35
  83.14  168.52
  84.09  142.90
  86.98  159.65
  87.97  134.70
  89.47  137.34
  90.35  142.32
  93.57  163.79
  93.89  109.63
  95.98  113.31
  97.51  137.72
  97.78  119.59
  98.16  134.23
  98.69  120.29
 101.35  121.28
 101.39  115.93
 101.50  124.84
 101.57  133.73
 101.60  129.43
 103.79  126.92
 107.05  116.79
 107.31  127.70
 108.27  163.57
 108.90  168.82
 109.36  132.86
 109.88   77.93
 111.71  124.08
 113.48  115.34
 114.00  134.07
 114.32   80.78
 114.69  174.21
 115.00  116.96
 115.09  129.93
 115.38  137.57
 116.34   74.29
 117.28  134.50
 118.98  141.05
 119.01  151.83
 119.33   80.20
 120.43   73.77
 121.14   71.72
 122.63  174.42
 122.98   66.90
 123.31  115.72
 123.60  126.54
 124.27  135.58
 125.28  143.40
 125.60   69.18
 127.65   75.86
 129.48  116.09
 129.71  122.36
 129.80  128.28
 131.55  150.18
 132.57  144.05
 133.01  116.36
 133.22  141.08
 133.86  145.93
 134.02  155.55
 134.10   67.69
 134.54  115.45
 134.69  125.42
 135.85  138.13
 136.72  150.77
 139.09  164.54
 140.03  115.56
 140.19  140.50
 141.26  144.36
 143.61  116.30
 144.15  160.97
 144.51  151.46
 144.82  156.25
 148.32  140.80
 149.27  159.97
 149.31  142.24
 149.53   21.49
 150.06   25.95
 150.19  157.09
 150.60  134.37
 151.70   63.18
 152.86    7.97
 152.88   70.52
 154.11   20.71
 154.11  160.41
 157.57   25.86
 157.67  157.72
 158.23   11.48
 159.40  165.37
 160.37   24.67
 160.88  138.58
 161.89   66.95
 162.59    7.05
 163.98  169.83
 164.79   24.77
 164.99   24.88
 166.25  138.51
 167.99   10.42
 168.00   14.51
 169.80  138.42
 170.46   25.73
 171.21  164.17
 171.42  178.09
 172.93   18.60
 174.01  142.91
 174.32  142.66
 176.27  165.02
 178.55  159.83
 178.60   81.55
 178.93   70.76
 179.10  139.10
 179.43  154.47
 181.36   80.86
 183.96   91.43
 184.00  122.77
 184.00   82.63
 184.91  158.13
 185.31  118.43
 185.42  143.69
 186.28  160.60
 187.56  135.67
 189.90   96.32
 190.38  164.90
 191.48  115.92
 194.18   74.83
 194.74  138.54
 197.00   78.04
 197.61  106.46
 198.26  123.62
 199.53  133.88
 200.01  126.71
 201.34   74.92
 201.45   75.13
 201.62  179.16
 203.82  106.56
 205.26  164.63
 205.91  138.53
 206.05  144.01
 206.18  132.83
 208.92   94.61
 209.75   75.88
 209.87  112.77
 212.64  149.61
 213.42  170.21
 213.50   82.60
 213.68  116.07
 214.18   85.89
 214.62  177.12
 217.30  132.72
 217.82  168.26
 218.23  159.05
 219.61  144.79
 220.07  166.31
 220.53  149.85
 221.61  116.37
 222.30  164.03
 224.05  159.18
 224.34   84.20
 225.84   76.30
 228.10   82.40
 229.63   86.00
 230.74  158.39
 231.65  135.97
 233.56  167.41
 234.17   85.92
 234.74  138.25
 237.92   79.94
 239.33   89.63
 240.73  143.31
 241.22  158.78
 241.31  170.09
 242.77   80.37
 244.46   89.53
 244.85  163.43
 245.21   46.09
 245.96   96.16
 246.23  148.67
 246.82  154.93
 247.03   95.53
 247.52   38.93
 247.67   48.88
 248.20  166.65
 248.93   52.02
 250.84  180.05
 251.47  142.95
 252.02   38.74
 252.48   45.06
 252.83  100.21
 252.84   87.36
 253.67   35.37
 253.90   53.65
 254.27   41.15
 256.27   37.16
 256.37  174.18
 257.28  169.90
 258.12  137.80
 259.46   51.01
 260.30   37.42
 262.05  173.89
 262.20   48.84
 262.25  157.76
 262.79   90.62
 263.51   42.66
 265.59   39.19
 267.69   92.87
 267.72  161.81
 268.58   79.86
 268.61  173.98
 269.48  158.62
 274.81  168.04
 276.19  144.60
 279.15  140.93
 279.69   63.10
 280.75   58.34
 281.52   99.70
 282.42   64.50
 284.40   67.71
 284.58  154.82
 285.50   73.63
 285.53   50.39
 285.69   73.65
 286.31   88.94
 286.75  176.66
 287.43   60.40
 287.61   93.04
 288.03   70.41
 288.80   43.09
 289.35   35.27
 289.75   89.73
 289.97  100.86
 290.15   84.77
 290.28   84.73
 291.19   75.33
 291.26   32.36
 291.26   32.43
 291.34  173.24
 292.50   37.43
 292.79   69.68
 292.95   27.85
 292.99   21.75
 293.06   86.39
 293.56   81.07
 294.05   41.23
 295.96   45.52
 296.14   68.02
 296.15   14.30
 296.70   17.64
 297.54   25.48
 297.98  162.08
 298.64   33.44
 300.16  164.69
 302.29   15.42
 302.42  166.79
 306.40   70.63
 306.83  160.64
 308.74   26.65
 310.45   12.42
 311.96    7.00
 312.70   58.74
 314.33    8.81
 316.82  161.71
 317.23  172.97
 317.38    7.38
 321.88  162.41
