   9.45   21.47
  11.64   51.22
  12.81   18.54
  13.89   60.07
  14.49   44.69
  14.85   40.44
  15.27   73.46
  16.25  133.11
  16.27   17.18
  17.16   11.94
  17.20   59.33
  18.21   25.23
  18.38   21.12
  18.54   62.54
  19.11  164.72
  19.13   39.18
  19.80   76.50
  20.83  131.00
  21.00   43.68
  21.25   70.84
  21.54   64.74
  21.56   61.49
  21.73   50.96
  22.74   17.11
  23.01   84.50
  24.04   66.68
  24.30   59.78
  25.27   46.99
  25.78   44.50
  26.30  161.78
  27.18   61.94
  27.20   35.43
  27.68   73.20
  27.89  143.94
  27.91   64.80
  27.94   21.90
  28.03  147.20
  28.43   29.62
  29.51   60.28
  30.66   14.05
  30.86   56.98
  32.03  143.12
  32.07  139.93
  32.84    7.50
  34.21   29.52
  35.06   69.34
  35.52   14.64
  35.53   24.32
  35.64   53.76
  36.03   21.04
  37.22  139.80
  37.49   32.69
  39.80  144.41
  40.00  157.22
  40.22  141.57
  42.62   23.41
  42.78   74.44
  42.84   78.82
  43.00   30.50
  43.97  155.54
  45.54   74.83
  46.52  139.58
  47.10   18.69
  47.86   68.45
  48.64   72.93
  48.95  139.23
  49.86   26.23
  50.12   14.96
  50.56   28.89
  50.57  143.74
  51.25  192.27
  53.01  189.23
  53.10   17.85
  53.46   21.08
  53.66   93.57
  55.21  143.20
  56.75   44.77
  58.13  147.40
  59.10  157.50
  59.25   21.33
  59.72   71.66
  59.87  177.15
  61.43   47.14
  61.43   25.01
  61.74   17.41
  61.78   31.27
  61.98  141.69
  62.16   44.10
  62.54  175.46
  62.76  169.55
  63.62  180.03
  64.30   84.12
  64.34    8.97
  64.39   31.28
  64.60   26.24
  64.67  124.93
  64.76   15.48
  64.81   78.92
  64.88  184.54
  65.00  172.93
  66.24  122.81
  66.80  143.46
  66.89   29.91
  67.10  188.68
  67.74   21.21
  67.81  179.11
  67.92  185.50
  68.73   64.71
  68.79  155.11
  69.32  147.29
  69.47   27.29
  69.65  125.43
  69.77  189.70
  70.35   17.07
  70.69  165.89
  71.19   77.07
  71.22   31.01
  71.57   40.97
  71.71  169.19
  71.82  156.23
  72.05   12.71
  72.51   68.06
  72.67  193.21
  73.05  153.34
  73.18  171.84
  73.54   17.68
  73.57  140.47
  74.12  185.27
  74.17   26.71
  74.22  166.47
  74.40   34.10
  75.03   30.00
  75.90   14.90
  77.48   77.30
  77.60   50.46
  77.84  166.14
  78.80   60.97
  79.07   29.02
  79.38   13.47
  79.85  193.99
  79.87  142.30
  79.91  121.60
  80.03  128.60
  80.41   17.40
  80.77   50.85
  81.22   74.79
  81.43  147.36
  81.88   26.38
  82.26   42.76
  82.80   91.49
  82.88  134.16
  83.21   48.63
  83.64   13.41
  84.15   37.78
  84.26  125.68
  84.31  185.62
  84.51   77.50
  84.64   82.49
  84.68   55.17
  85.04   45.70
  85.16  189.71
  85.43    7.66
  85.47   20.09
  85.64  120.68
  85.93  144.42
  86.37  136.44
  86.71   48.83
  86.74   41.65
  87.02   26.81
  88.90   46.26
  88.94   52.20
  89.67   78.28
  90.52  122.59
  90.79   62.28
  91.50   42.99
  91.66   59.45
  91.82  148.45
  91.83   18.11
  93.23  155.54
  94.54   47.79
  94.68   39.98
  95.35   58.86
  95.47   43.27
  95.77  194.93
  95.82   51.51
  95.92   65.04
  96.01  128.48
  96.35  190.47
  96.84  128.85
  97.31   55.74
  97.95   82.93
  98.05  119.92
  98.60  193.05
  99.29   36.66
 100.02    6.69
 100.80  156.73
 100.90   36.82
 101.42  118.90
 101.45   50.22
 101.76  114.67
 101.88   12.59
 101.90   43.13
 102.35  189.91
 102.47  191.01
 102.60   33.01
 102.64   54.26
 103.21   64.00
 103.80  206.15
 103.91  151.29
 104.95   72.97
 105.17  114.68
 105.31  109.20
 105.66   49.63
 106.19  192.31
 107.00   27.60
 107.11   64.90
 107.16   40.78
 107.49   68.43
 108.46   50.35
 108.80   77.42
 109.28  158.02
 109.48  136.46
 109.56   16.27
 109.87  149.87
 110.03  152.27
 110.43  188.39
 111.12  119.66
 111.35   68.86
 111.38   20.66
 111.50  133.57
 113.00   84.96
 113.03   26.02
 113.21   47.01
 114.18  184.50
 114.22  191.75
 114.25   54.84
 115.34   50.87
 115.47  181.52
 117.11   20.07
 117.37   16.81
 117.52   68.47
 117.70  122.80
 117.76  188.18
 117.88   26.67
 118.74   10.48
 119.26  184.02
 119.54   19.62
 120.11  120.97
 121.18  180.04
 121.31  144.60
 121.62  190.95
 122.39   68.48
 122.63   53.71
 124.54  145.20
 124.55   56.57
 124.99  188.00
 125.51   40.45
 125.57  164.59
 125.62  106.22
 126.22   50.66
 126.30   28.86
 126.46  119.75
 126.63   64.15
 127.00  184.31
 127.04   25.85
 127.16   33.10
 127.74   47.83
 128.58  159.69
 128.76   68.36
 128.99  125.91
 129.03  140.49
 130.11  161.16
 131.37   87.36
 131.40  115.68
 132.18   35.57
 132.53   95.15
 132.75   46.76
 132.77  120.74
 133.17  136.13
 133.33  130.87
 133.83   40.15
 134.57   49.12
 134.61   16.91
 134.74  125.98
 135.24   12.78
 135.43  181.08
 135.63  137.90
 136.02   81.51
 136.48   29.87
 136.52   51.60
 137.33   60.43
 137.67   56.69
 137.70   21.10
 137.77  154.09
 137.96   67.30
 138.48  183.93
 138.72  150.87
 139.21  157.15
 140.02  171.64
 140.20   58.63
 140.36  131.99
 140.41   46.79
 140.62  105.65
 140.89   72.01
 141.01  174.80
 142.15  183.93
 142.15   52.79
 142.33   15.58
 142.69   36.92
 143.54   62.08
 143.96  157.54
 144.50   44.11
 144.63   68.94
 145.59  117.16
 145.68  174.21
 145.75   17.13
 146.40   25.26
 146.81   38.31
 148.06   33.00
 148.16  165.32
 149.71  163.72
 150.15   41.14
 150.24   57.02
 150.94  168.42
 151.08  187.11
 151.13   17.16
 151.32   18.73
 151.55  140.53
 152.70   81.63
 153.42  190.06
 154.14   92.70
 154.33   98.98
 156.42   65.99
 156.89  126.11
 159.62  117.49
 160.26  183.77
 160.52  164.57
 160.56  131.42
 161.38  173.03
 161.56  175.75
 162.06  104.21
 162.42   57.26
 163.31  167.76
 163.52  180.08
 163.90  161.01
 164.53  126.30
 164.66  163.55
 164.68  112.85
 164.72  129.33
 164.84   59.33
 164.97   50.02
 165.00  117.72
 165.92  157.82
 166.51   43.03
 166.62   58.93
 167.02  137.93
 167.58  132.68
 168.03   51.03
 168.33   65.63
 169.79  140.06
 170.09  172.88
 170.20  153.55
 170.35  189.94
 172.45   96.13
 172.56  170.52
 172.81  168.43
 172.85   91.90
 174.00  179.15
 174.26   63.43
 175.32  132.08
 175.59   28.97
 176.26   94.15
 176.42   45.35
 176.62   32.75
 176.67   32.82
 177.95  122.69
 178.43  169.51
 178.55  165.46
 178.88   60.29
 178.93  108.99
 179.29   25.57
 180.57   63.53
 180.75   53.49
 182.35   99.49
 182.41   21.14
 182.75  172.34
 183.22  103.31
 184.53   25.55
 185.05   36.54
 185.79   52.43
 185.80   43.73
 186.75  181.04
 187.14  122.06
 187.29  172.68
 187.39  112.75
 188.58  161.68
 188.92  162.64
 189.23   93.48
 189.55   96.90
 189.65   56.47
 189.82   46.75
 190.49   23.26
 191.13  175.89
 191.53   32.57
 191.85  159.53
 191.88  167.05
 193.83  148.16
 193.87   36.44
 194.19   94.55
 194.89   59.73
 195.20  180.32
 195.70  107.15
 196.29   52.05
 196.32  167.71
 196.92  168.87
 197.04  118.05
 197.37   91.63
 197.50  102.56
 198.17   35.67
 199.34  170.49
 200.40   25.80
 200.45  125.15
 202.38   43.45
 202.61   47.56
 202.80  116.32
 204.39  160.92
 204.56   55.98
 205.35  121.31
 205.36  103.85
 205.86  158.54
 206.46  175.03
 207.30   31.80
 208.18   53.03
 208.57  168.45
 209.27  178.45
 209.94   44.11
 210.81   34.66
 212.35  171.17
 213.41   34.06
 213.47  182.20
 213.70  173.95
 213.73   55.56
 215.17  163.79
 215.34   52.07
 215.46   65.00
 215.65   40.25
 216.79  117.42
 217.04  117.59
 217.57  175.17
 217.68  106.31
 218.80   63.58
 219.17  166.16
 219.24   49.07
 219.82   59.07
 220.38   45.35
 220.74  171.19
 220.87   59.96
 221.51  185.05
 222.35   48.37
 222.37   98.19
 222.59   98.75
 223.57  107.58
 224.45   51.45
 224.81  178.61
 225.12  106.24
 226.13  183.97
 226.66   60.62
 227.60   54.16
 227.74  181.33
 227.90  188.65
 227.95  123.87
 228.10  103.33
 228.24  161.61
 228.62   63.03
 229.64  164.57
 230.70  128.91
 230.80  128.57
 230.87  184.92
 230.91  106.52
 230.96  177.72
 232.31  177.89
 233.38  163.90
 233.68   16.14
 233.70  102.90
 234.05   91.39
 234.53   64.09
 234.64  188.85
 234.84  189.10
 234.90   12.63
 235.69  171.74
 237.24  159.58
 237.28    9.25
 237.50   51.72
 237.60  105.41
 238.43   59.84
 238.94   22.86
 239.08  165.57
 240.52  120.32
 240.64  188.75
 241.37  184.32
 242.37   48.06
 242.95  170.53
 243.00   58.41
 243.50  170.22
 243.61   11.28
 244.29  124.13
 244.30   25.55
 244.38   53.02
 244.45   59.89
 245.54  179.94
 247.08   16.95
 247.39   31.01
 247.52   39.19
 249.05  178.03
 249.30   45.81
 249.36   61.56
 249.47   81.43
 249.72  169.22
 249.95   53.78
 250.19   18.35
 250.83   40.83
 250.93  116.47
 251.14  187.37
 252.40  107.31
 252.46   21.75
 252.47   44.14
 253.09   17.11
 253.69   13.03
 253.83  175.79
 253.87   65.72
 253.98   35.88
 254.09  153.50
 254.15   26.83
 254.60   46.87
 254.95  154.77
 254.98  128.17
 254.99   59.56
 255.32  127.92
 255.54   39.86
 255.89  165.12
 256.20  110.65
 256.46  157.91
 256.47   50.93
 256.74   43.56
 256.85  182.99
 256.94   36.54
 257.33  151.58
 258.30   17.09
 258.32   27.89
 258.71   47.90
 259.58  186.68
 260.48  110.87
 260.94   33.95
 261.23   55.85
 261.32   44.92
 261.94  119.00
 262.16  182.83
 262.67   57.82
 262.72  128.64
 262.89   65.29
 263.41   52.56
 263.78  186.02
 263.95   49.01
 264.37  155.91
 265.28   18.84
 265.52   35.81
 265.74   23.38
 267.10  182.76
 267.42  185.95
 268.13  159.97
 268.26  101.83
 268.27   21.82
 268.41   64.63
 268.86  124.30
 269.13   32.48
 269.15   49.08
 269.95   37.67
 271.15   59.49
 271.53  151.48
 271.66   47.17
 271.68   68.84
 271.89   22.66
 271.99  156.79
 272.11   27.91
 273.01  127.38
 274.00   43.33
 274.57   49.27
 274.67  124.19
 275.03   64.35
 277.89   36.36
 277.95  148.54
 278.56   10.09
 279.39   68.88
 279.59  151.60
 279.86   71.30
 280.06   38.44
 280.60  123.89
 281.80  119.75
 281.87   34.59
 282.00  157.68
 282.28  162.65
 282.52  174.73
 283.03  127.00
 283.88  171.73
 284.26  169.06
 284.30   57.52
 284.59  151.93
 285.24   71.78
 285.34   34.56
 285.88  147.73
 286.11  184.59
 287.04   54.53
 287.30  167.60
 287.36  172.21
 287.72  178.26
 287.83   69.20
 287.94  171.97
 288.10  111.59
 288.21   35.69
 288.77   50.88
 288.94  175.35
 289.47   58.65
 289.50  123.89
 289.55   28.83
 289.57  182.08
 289.60  181.99
 290.42  161.94
 290.43   34.11
 290.57  131.41
 290.69   40.23
 291.31   31.50
 291.67  186.41
 291.73  168.01
 291.84  177.87
 291.94   51.49
 292.12  127.38
 292.74   43.85
 292.82  118.73
 293.22   57.33
 293.51  109.72
 293.62   34.01
 293.79  139.99
 294.17  179.90
 294.58   43.08
 294.69   72.86
 294.73  174.72
 294.95  124.17
 295.28  185.97
 295.39   48.29
 295.40   72.53
 295.43  185.67
 295.93   60.63
 296.00  166.36
 296.52  180.95
 297.00  130.03
 297.61   54.36
 297.77  123.05
 297.93  149.90
 299.08  113.12
 299.10  125.56
 299.23  177.21
 299.51  147.46
 299.85   91.02
 300.05  106.10
 300.10   47.26
 302.48  177.38
 302.70  162.99
 303.01  127.37
 304.11  170.59
 304.31  163.86
 304.63  183.60
 304.67  180.17
 304.99  121.12
 305.06  113.31
 305.55  144.05
 305.58   31.16
 305.63  120.14
 306.40   79.06
 306.54  150.59
 306.96   81.63
 306.96  109.91
 307.22   72.06
 307.97   18.29
 308.37  117.07
 308.86   76.00
 309.84  151.28
 311.39   80.51
 311.87   48.69
 312.38  154.07
 312.58   37.81
 312.63   69.48
 313.27  118.41
 313.71   53.73
 313.83  127.57
 314.36   28.20
 314.39  121.70
 316.34  157.14
 316.44   50.92
 316.86  173.84
 317.15  130.89
 317.56   54.21
 317.64   20.45
 317.94  166.53
 319.44   37.59
 319.57   31.71
 320.15  130.87
 321.19   73.50
 321.31  149.81
 321.94   40.05
 322.03   23.20
 322.17  104.86
 322.37   15.54
 323.33  125.70
 323.68  142.36
 323.70   19.04
