   7.46  172.42
   8.69  158.52
  10.10   77.08
  10.39   49.66
  11.14   14.86
  11.74   65.44
  11.90   52.71
  12.56   33.33
  12.68   42.54
  13.60   50.11
  13.72  160.15
  15.67   64.52
  15.68   64.61
  16.19   77.92
  16.20   77.60
  16.25  101.46
  16.39  167.76
  16.54   53.03
  16.83  161.52
  16.85   45.57
  17.14   54.84
  17.17   13.48
  17.17  143.71
  18.58  139.95
  19.54   55.15
  21.42   64.85
  21.47  162.09
  21.76   19.68
  22.33   54.80
  22.35  110.11
  22.83   12.46
  22.98  100.43
  23.04  144.48
  23.19   77.56
  23.60  162.49
  25.43  136.60
  26.01   65.93
  26.41   97.91
  26.95   17.18
  27.04  104.86
  27.32   25.09
  27.51  162.04
  28.97   60.55
  29.53  148.08
  29.56   77.16
  29.89  135.30
  30.00   65.49
  30.68  144.08
  30.84  157.14
  30.94   21.63
  31.86   26.04
  32.38   45.72
  32.77   73.02
  34.18   35.19
  34.47  147.61
  34.91  135.08
  34.92   39.82
  35.79   58.01
  35.93   98.73
  35.97   45.25
  35.99  101.42
  36.13   74.32
  38.37   71.96
  39.01   14.00
  39.16  160.12
  40.06   24.02
  40.31   28.55
  40.50  105.08
  40.59  143.52
  41.33   76.61
  41.40   81.78
  41.76   58.98
  41.80   34.43
  41.95  104.93
  42.14   70.74
  42.56  135.40
  42.92  112.38
  43.03   30.51
  43.10   55.66
  43.32   47.82
  44.28   75.05
  44.59   36.34
  44.66  166.66
  45.53   57.54
  45.85   18.36
  46.19   49.84
  46.27   23.30
  47.30   32.61
  47.91  135.01
  48.64   86.83
  48.75  156.92
  48.78   21.45
  49.07  147.49
  49.39   83.87
  50.19   87.98
  50.86   15.39
  51.38   44.77
  51.39  109.57
  51.53   38.59
  51.69   76.80
  51.71  163.85
  52.21   41.50
  53.19   22.85
  54.05   63.48
  55.33  144.68
  55.40   49.78
  56.09   16.81
  57.54   61.43
  57.60   31.38
  57.68   64.07
  58.41   27.65
  58.43   40.61
  58.86   27.85
  59.08   17.87
  59.31  146.83
  60.31   24.95
  61.08  138.32
  61.27   63.53
  62.63   38.86
  62.77  133.86
  63.37   44.76
  64.23  162.33
  64.28   27.45
  64.42  162.37
  64.55   33.30
  64.66   63.83
  65.03   39.78
  65.15   86.41
  66.01   66.97
  66.12   34.02
  66.51   45.33
  66.84  138.24
  67.37   58.90
  67.40   84.89
  67.49  156.37
  68.07  156.57
  68.81  156.57
  69.67   44.59
  69.91  101.67
  70.21  101.58
  70.29   22.88
  70.42  160.29
  70.54   65.60
  73.55    7.33
  73.63   76.63
  74.01   64.37
  74.14  107.80
  74.32  103.45
  74.44   47.17
  74.76   38.27
  75.18  153.30
  75.30  100.09
  75.50  167.35
  75.59   43.88
  75.92  103.16
  76.69   55.37
  77.81   49.46
  77.98  133.10
  78.06   34.80
  78.55  155.47
  78.69  100.56
  78.79   19.27
  79.43   76.60
  79.50   62.94
  79.96  143.06
  80.34   87.51
  80.42   34.11
  80.79  107.45
  80.80  137.96
  80.84   10.80
  81.73   16.16
  81.94   49.60
  82.84  103.99
  83.29   96.35
  83.47   64.60
  83.67   33.25
  83.71   38.91
  84.30  154.39
  84.72   61.91
  84.96  164.48
  85.49   19.70
  85.57  147.49
  85.96  100.70
  86.12   43.89
  86.62   73.92
  87.21   77.36
  87.30  133.74
  87.70   49.79
  88.30   58.77
  88.38   26.05
  88.67   36.08
  89.98  124.31
  90.11  134.36
  90.41   34.04
  90.42   29.96
  90.67   64.00
  91.12   56.82
  92.25   14.52
  92.26  157.73
  92.44  157.59
  92.86  105.04
  93.00   19.60
  93.16   76.70
  93.46  100.54
  94.73   71.41
  94.85   65.94
  95.10   47.82
  95.48   52.33
  95.99   34.21
  96.16   17.28
  96.47   21.82
  97.13   10.15
  97.67  111.00
  97.80  141.28
  97.91  101.08
  98.24  160.49
  98.54   14.58
  99.50  137.31
  99.79   77.12
 100.00  101.16
 100.97   29.91
 101.10   17.39
 101.16   28.45
 101.17  151.75
 101.54   54.68
 101.71  101.62
 102.32   69.44
 102.65  156.97
 102.99  114.51
 103.58  104.96
 103.93   65.33
 104.46  136.66
 105.10   36.51
 105.60   56.28
 106.07  162.04
 106.17   31.95
 106.54  140.27
 107.59   71.98
 107.75  166.23
 108.26   58.87
 108.45   67.17
 108.77  136.28
 109.36   58.59
 110.13   58.44
 110.67  122.42
 110.72   69.87
 110.73   76.85
 111.74   65.33
 111.74  139.65
 111.99  142.65
 112.15   30.43
 112.26  154.85
 113.12   25.09
 113.47   57.55
 113.50  122.58
 115.91   36.31
 116.04  118.22
 116.40   38.22
 116.45   81.04
 116.55    7.21
 116.67   70.86
 117.22   60.37
 117.36  119.66
 117.47  135.95
 117.53  116.64
 118.40  112.46
 118.48  173.79
 119.01  132.97
 119.61   25.23
 119.73  107.45
 120.41  129.52
 120.54   65.88
 121.09  138.95
 121.11  174.66
 121.16  135.90
 121.43   81.68
 122.25  121.33
 122.48   38.65
 122.71   94.88
 122.71   32.25
 123.81   85.78
 124.04  125.30
 124.22  138.88
 124.26   66.02
 124.76  122.41
 124.85   82.25
 124.87   62.32
 124.91   62.34
 125.47  103.92
 125.56  114.59
 125.67  176.08
 126.64  179.10
 126.89   72.50
 127.29  174.81
 127.65   42.29
 127.85  116.00
 128.07   18.36
 128.11  182.51
 128.26  108.17
 129.11   11.84
 129.13   95.29
 129.44   70.70
 130.79  137.95
 130.98   35.32
 131.04  124.87
 131.05   21.99
 131.54  179.98
 132.23  157.16
 133.15   79.89
 133.30   98.63
 133.38   40.15
 133.39   46.65
 133.59   89.76
 134.81    9.79
 134.86  104.72
 135.30   26.12
 135.67  111.11
 135.97   14.49
 136.33   12.85
 136.42  129.86
 136.79  125.87
 137.61   95.18
 137.67  180.08
 138.03    9.93
 138.88  109.74
 139.72  121.12
 139.82   24.69
 140.95  107.40
 141.01   19.48
 141.41  128.34
 141.53   44.38
 141.60  176.10
 141.85  116.33
 142.87   90.14
 142.98  123.70
 143.09  113.22
 144.38   21.44
 144.78   26.38
 144.83  110.29
 145.07   96.53
 145.55   45.91
 146.03  121.61
 146.53  130.95
 146.85  129.05
 147.22   39.60
 147.42   43.56
 147.84   29.08
 148.02  174.60
 148.52   22.75
 148.89   37.14
 149.19  135.45
 149.45   33.62
 150.64  110.57
 151.10  154.83
 151.53   12.29
 152.20  137.02
 152.42   24.12
 152.46   99.30
 152.48   18.31
 152.73   30.66
 152.89  160.31
 153.02   46.38
 154.43   42.12
 154.44  207.25
 155.20  167.50
 155.57  185.38
 155.80  132.76
 156.61  136.83
 156.74  114.04
 157.21  136.71
 157.29   97.15
 157.39  123.97
 157.43  200.85
 157.66  123.65
 157.88   25.90
 157.90   48.48
 158.12   20.11
 158.89   43.05
 159.26  154.22
 160.08  190.61
 160.49  136.29
 160.76  130.52
 161.46   15.78
 162.23   30.64
 162.78  204.77
 163.80  128.26
 164.38   48.32
 164.48  131.43
 164.57  109.73
 164.91  195.50
 164.91   19.79
 167.65   88.90
 167.74  113.62
 167.90  105.58
 168.05  122.34
 168.08  203.07
 168.08   98.30
 169.05   19.77
 169.36  119.41
 169.59  200.51
 169.96   52.75
 171.07  109.53
 171.13   90.14
 171.30  116.67
 171.35  102.07
 171.44  137.25
 171.64  141.06
 172.27   17.62
 173.02   25.24
 174.74   55.64
 175.37   88.14
 177.08  126.31
 177.59    8.53
 177.71   19.31
 178.32   55.30
 179.84  155.91
 180.48  126.55
 181.71   87.70
 182.06  197.49
 182.37  131.77
 182.75   11.35
 182.84  131.13
 184.49  126.40
 185.93   92.75
 187.90  156.21
 188.54  131.46
 188.57  141.39
 188.92  123.72
 191.53  151.68
 192.50   79.97
 193.41    6.84
 193.45  207.85
 196.08  156.39
 196.76  160.74
 197.34  136.50
 198.19  208.90
 199.40  129.73
 199.66   83.93
 199.69   88.05
 200.22   78.03
 200.38  171.44
 200.80   80.99
 201.99  137.51
 204.06  155.99
 204.79  180.99
 205.83   74.82
 207.01  131.12
 208.42   85.94
 209.05  139.43
 209.68  155.92
 212.44    9.58
 213.10  161.72
 215.27   10.91
 216.21  124.80
 216.23  199.02
 216.72  101.71
 217.88   94.55
 221.13  121.00
 222.22   95.83
 223.13   73.48
 224.10   93.11
 227.04   72.71
 227.51  192.70
 228.38  210.74
 228.72  124.82
 229.29  137.71
 230.32  130.88
 230.50   67.51
 230.68  101.62
 231.71  207.60
 231.78  125.62
 233.78  118.74
 235.89  187.61
 236.06  160.48
 237.08  137.38
 237.35  125.40
 238.66  133.02
 239.46   73.38
 240.42   63.45
 240.42  120.40
 240.49  166.53
 242.03   26.42
 243.24   11.56
 244.31  133.48
 244.49  191.27
 244.66   17.04
 244.78   76.08
 244.88  106.69
 245.74  168.48
 246.31   61.32
 246.42  182.04
 246.86  156.23
 247.81  128.87
 248.38  126.09
 248.43  159.20
 248.51  142.64
 248.85  195.08
 248.87   60.42
 249.12  118.96
 249.52  189.84
 250.89  172.79
 253.73  185.81
 254.03  168.14
 254.40   61.78
 254.82  192.93
 255.77  106.89
 255.81  179.32
 256.05  106.78
 256.31  165.12
 256.53   87.10
 256.69  134.06
 257.48  118.95
 257.50  122.47
 258.33   58.51
 258.67  169.70
 259.45  143.38
 260.36  163.35
 261.56  187.23
 262.58  128.46
 263.27  124.82
 263.48  201.14
 263.69   76.59
 264.22  183.37
 265.53  177.36
 267.49   82.73
 267.62  130.14
 269.48  190.74
 269.83  197.76
 270.85  138.68
 270.97   56.32
 273.53   85.57
 273.87  127.44
 274.13   53.38
 275.05   59.39
 276.25  176.42
 276.34   83.37
 276.56   87.86
 277.51  201.47
 281.57   52.96
 282.23  138.57
 282.49   57.59
 283.45  105.05
 283.54   83.72
 283.59  112.25
 284.25   66.55
 284.35   62.53
 285.64  108.23
 286.41  118.54
 287.49  133.48
 287.88   56.11
 288.17   58.61
 288.29  192.47
 289.35   76.62
 289.66   76.46
 290.30  120.91
 290.46   69.60
 290.54  173.13
 291.12   57.63
 291.32  177.53
 292.33  129.09
 293.17   61.31
 293.57  199.47
 294.10  121.28
 294.39  121.09
 294.41   60.08
 294.98  198.56
 295.79  133.12
 296.17   58.24
 298.01   44.91
 298.92  183.77
 299.96  192.64
 300.26   68.48
 300.32   77.65
 302.86  180.79
 303.64  202.65
 306.06   65.55
 306.86  183.33
 306.98   69.11
 308.18  202.40
 308.31   96.83
 308.39  109.45
 308.82   42.51
 309.64  139.42
 309.70  106.29
 309.93   38.05
 310.81  102.01
 311.04   79.84
 311.67   83.36
 311.90   33.33
 312.50  106.59
 312.91  142.08
 314.00  125.34
 314.00   90.44
 314.26  110.84
 314.31   28.73
 314.61   75.08
 314.87   83.12
 315.23  191.03
 316.01  177.59
 316.09   44.19
 316.39  102.90
 316.89   24.80
 317.31  106.50
 317.93   28.06
 319.23   35.21
 319.44   46.06
 320.09  101.71
 320.22  100.47
 320.52   15.62
 320.73   54.50
 321.25   82.73
 321.75   11.85
 321.93  109.11
