  10.54  101.10
  12.88   82.92
  16.12   82.43
  17.44   97.91
  20.11   81.34
  25.06  100.54
  28.05   79.78
  28.59   85.17
  30.33  100.50
  30.41   98.02
  32.65   83.92
  34.29   80.65
  35.54   75.71
  39.45   79.27
  47.62   66.07
  48.36   73.51
  48.58   81.79
  53.52   79.86
  54.14   73.09
  54.78   65.42
  57.36   59.55
  61.01   58.81
  62.07   77.27
  69.15   77.64
  69.87  145.44
  71.51  173.92
  76.00  154.29
  77.45  172.64
  77.90   88.31
  81.85  185.09
  82.81   87.78
  83.24   88.40
  83.52  185.44
  84.80  196.83
  85.13   94.02
  85.92  180.78
  85.99  150.33
  86.48   79.04
  90.11   82.94
  91.93   78.06
  92.22   78.13
  92.24   81.41
  92.38  195.93
  93.88  186.93
  98.73  137.67
  99.64   80.08
 101.52  184.19
 101.55   73.99
 101.73  168.56
 105.36  195.73
 105.65   73.74
 106.17  151.01
 106.28   78.21
 108.49  185.96
 109.90   73.89
 112.24  106.74
 120.03  174.85
 125.44   73.34
 128.42  120.35
 131.20   87.09
 131.88   96.60
 132.80  118.34
 132.93  167.72
 132.99  167.64
 133.45   68.01
 135.27   79.98
 135.45   86.99
 137.88  193.78
 138.35   95.66
 141.54   66.20
 143.41   68.74
 144.15  134.75
 145.48   73.12
 145.68  104.54
 146.10   64.31
 148.02   86.00
 150.24   64.44
 153.99   64.01
 154.93   63.84
 157.43   73.60
 159.96  154.98
 160.02  148.02
 160.33   95.86
 160.83  191.88
 161.10  114.69
 163.51  195.03
 164.71   86.25
 165.61  113.80
 167.34   66.95
 169.28  160.59
 170.59  105.44
 171.55  163.06
 172.22  190.97
 175.34  147.30
 177.27   69.36
 177.32  144.94
 178.32  190.59
 178.77  107.63
 180.48  146.96
 180.78   72.74
 180.79   76.18
 182.40  161.90
 184.63  127.70
 184.71  166.65
 187.06  161.71
 187.88  166.95
 188.58  147.25
 189.60   72.12
 191.67  171.15
 191.93   74.92
 192.36  161.81
 192.53  189.51
 194.11   72.61
 194.50  174.98
 196.60  160.15
 198.54  168.92
 199.26  193.17
 199.49   72.37
 200.35   78.56
 201.04  181.64
 201.25  171.31
 202.16  151.15
 203.45  179.57
 203.57  167.82
 204.94  153.55
 205.79   25.04
 206.06   20.07
 207.18  143.29
 207.37   28.49
 207.77  171.42
 207.91  150.30
 207.92  174.32
 207.92  187.20
 208.30   75.62
 208.63   74.77
 208.80  192.95
 210.74   14.92
 211.11   27.98
 212.12  146.55
 212.33   12.26
 213.53  106.91
 214.11   69.39
 215.74   26.53
 216.29   20.36
 216.56  178.99
 217.14  150.22
 217.55  146.13
 218.97  155.81
 220.15   24.17
 220.39   12.19
 220.90   66.62
 220.91   58.04
 222.63   87.60
 222.79   69.67
 222.94  187.42
 223.41  150.00
 223.67   23.40
 224.10  117.10
 226.44   69.95
 226.65    8.67
 227.76  120.32
 228.14   80.17
 228.32   47.29
 229.29   54.39
 230.97    9.70
 230.99   35.75
 231.15   68.15
 231.46   51.78
 231.69  120.08
 231.75   57.57
 231.78   39.95
 232.06   77.97
 232.23   28.55
 232.90   65.32
 233.56  141.17
 233.84   18.55
 234.11   43.01
 234.42  115.63
 234.79   62.58
 235.18   35.66
 235.26   46.00
 235.52   58.22
 235.91  182.21
 236.27   85.49
 236.50  177.50
 237.15   28.29
 237.86   96.51
 238.27  110.05
 238.78  148.90
 238.95   40.60
 238.99   50.39
 239.05   57.64
 239.18   33.37
 239.62  114.63
 240.32  120.42
 240.82  197.37
 241.86   45.34
 242.12   17.06
 242.57   68.55
 242.62  102.54
 242.82   39.35
 242.89  116.41
 243.30   26.21
 243.39  199.51
 244.35  196.28
 245.51   21.72
 246.64   46.13
 246.78  147.57
 247.08   17.45
 247.15  200.19
 247.71   39.41
 248.08   42.79
 248.83   38.19
 249.99   48.98
 250.01  202.87
 250.65   14.59
 251.70   84.81
 251.93  199.60
 252.03   11.21
 252.96   41.80
 253.32  132.26
 253.52  154.41
 253.61   59.85
 253.73   84.59
 253.77   50.99
 254.03   38.99
 254.04  115.54
 254.11   45.90
 254.58  146.98
 256.17   35.80
 256.51  142.89
 256.53   61.42
 257.32   55.73
 258.26  116.39
 258.80   46.51
 258.85   96.16
 259.15   85.29
 259.98   80.99
 260.89  113.95
 261.95  202.87
 261.97  202.16
 262.36  122.05
 263.45  106.20
 265.22  191.95
 265.39  146.52
 265.43   78.12
 265.76   54.07
 267.75  143.06
 268.02  125.95
 268.04  193.62
 268.42  173.98
 270.61   44.20
 271.09  202.68
 271.78   28.34
 271.99   67.80
 273.27  105.22
 273.28   68.49
 273.43  183.07
 273.69  200.28
 273.99  163.78
 274.03  150.70
 275.23  166.84
 275.53  189.09
 276.22  151.13
 276.45  202.59
 277.44  100.89
 277.76  161.20
 277.80   31.95
 277.93  155.39
 278.15   73.40
 278.82  189.13
 279.58   98.26
 279.83   44.74
 279.89  102.74
 281.24  146.85
 281.35  143.56
 281.75  137.22
 281.76   93.00
 281.84  166.12
 282.26  100.01
 282.81  140.23
 282.82  153.91
 283.04   63.09
 283.18  160.70
 283.66  181.92
 283.98   18.35
 283.99  201.17
 284.33   78.63
 284.84   94.26
 285.30   49.16
 285.41  163.60
 285.95  157.21
 286.23   75.95
 287.24  146.33
 287.32  169.13
 287.70   61.55
 288.04   86.52
 288.47  175.30
 288.63  154.05
 289.12  170.00
 289.44   12.08
 289.67   77.11
 290.25  143.72
 290.32  150.09
 290.32  105.41
 290.42  182.19
 291.11   65.37
 291.36  130.18
 291.66  101.45
 292.37   10.93
 292.65  146.97
 292.97  136.08
 293.07   98.44
 293.89   28.62
 294.00   88.31
 294.31  154.15
 295.11   17.33
 295.23  178.88
 295.38  175.18
 295.52  161.52
 295.75   76.15
 296.03   15.05
 297.14  183.95
 297.19   32.61
 297.54   27.82
 298.01  125.86
 298.15   29.32
 298.44  198.52
 298.66  116.48
 299.39  121.71
 299.60  111.59
 299.69  137.65
 300.21   11.16
 300.90  103.30
 300.95   28.18
 301.74  143.05
 301.84   35.58
 302.31   78.59
 302.42  136.64
 302.50   18.62
 302.57  173.51
 303.42  172.62
 303.53   30.62
 303.73  119.19
 304.14   15.43
 304.54  131.86
 304.68  111.32
 305.14  183.19
 305.29  183.20
 305.49   19.27
 305.76  200.31
 306.06   54.68
 306.12   79.05
 306.41   54.67
 306.75  127.15
 307.30   40.18
 307.59  172.18
 307.66  203.25
 307.80  169.41
 307.91  179.58
 308.27  186.46
 309.29  149.33
 309.49   36.41
 309.62   43.14
 310.31   60.51
 310.82  178.15
 311.32   30.31
 313.47   45.28
 313.75  186.88
 313.76   33.81
 314.60  184.31
 315.09   51.87
 315.26  156.37
 315.67   14.44
 315.88  171.12
 316.10   23.40
 316.13   31.31
 316.68   10.97
 317.30  160.36
 317.93   20.75
 318.47   24.83
 320.35  171.02
 320.60  188.19
 322.95  137.75
