   9.46   78.94
  10.18  145.41
  11.92  142.09
  12.76   78.66
  12.98  130.89
  14.20  145.45
  16.70   79.15
  17.65  142.60
  17.78   31.48
  18.56   41.53
  18.66  139.98
  20.65  177.88
  20.92  116.70
  21.37    9.49
  22.58  170.92
  23.06  147.77
  23.10   38.48
  24.86  121.38
  24.92  149.68
  25.27   61.53
  25.70  153.05
  26.35   25.31
  31.20  114.68
  31.45   86.01
  31.78  213.67
  32.94   77.20
  34.35  147.10
  35.99  177.01
  36.58  149.62
  36.67  149.56
  37.24   57.64
  38.28   28.29
  39.06  169.70
  39.50  146.57
  39.62   86.00
  40.00   34.48
  42.53  152.51
  44.58   86.60
  45.77   29.41
  46.65   80.13
  47.08  149.03
  47.95   73.50
  48.92   24.16
  49.11  142.62
  49.93   83.53
  50.60  113.06
  52.28  115.82
  52.84  161.68
  53.81  172.11
  54.64  157.71
  55.42   78.49
  55.70  123.27
  56.00  105.20
  56.88   87.87
  58.92   27.02
  58.96   31.54
  59.99  139.62
  60.74  121.23
  60.78   87.58
  62.48   27.35
  62.79   47.05
  63.01   83.63
  65.25  178.62
  65.73   79.74
  65.92  160.90
  65.98   24.03
  66.63   19.42
  67.56   73.86
  67.77   31.94
  68.11  156.57
  69.07  142.13
  69.36   78.30
  69.51  211.40
  70.31   23.62
  70.45   82.84
  70.89  158.53
  71.13   58.95
  71.15  111.30
  71.22   87.83
  71.34   47.57
  71.44   38.11
  73.66   25.15
  74.00    6.83
  75.15  175.70
  75.85  183.08
  75.85  173.05
  76.01  149.95
  76.10   14.60
  76.23   82.06
  76.67   27.23
  76.67  142.11
  76.95    7.25
  77.12  153.11
  77.47  177.55
  77.80   33.90
  78.45   87.05
  78.84    9.57
  79.14  129.02
  79.22  128.53
  80.80  152.01
  81.16   84.99
  81.66  140.62
  82.01  186.50
  82.69  124.74
  82.99   10.04
  83.24   20.18
  85.04   82.01
  87.68  184.78
  88.05  137.56
  88.91  137.58
  89.47  139.82
  90.12  174.34
  90.23   77.15
  90.41   44.66
  91.35  181.16
  91.40  113.86
  91.45  131.33
  92.05  187.54
  92.15   36.75
  92.62   62.82
  92.88  100.66
  93.65   21.01
  94.00   26.94
  96.17   30.42
  96.58  173.07
  96.80   37.91
  96.90  140.21
  97.42   19.98
  97.68   44.05
  98.48  154.08
  99.24   91.05
  99.44   78.44
  99.59   31.34
  99.78   35.35
 100.00  111.84
 100.31   83.77
 100.85  113.65
 100.87  188.38
 101.10  188.43
 101.15  118.89
 101.45   95.06
 101.58   39.50
 101.87  132.29
 102.19   88.20
 103.19  191.60
 103.51  157.87
 103.80  168.06
 103.97   79.46
 103.99   40.79
 104.73   45.37
 105.62  172.37
 105.69   86.75
 105.96   57.54
 106.01  118.63
 107.08  189.10
 107.34  138.67
 107.49   83.48
 107.89  191.82
 108.74  144.37
 108.75  116.22
 109.54  173.36
 109.55   88.60
 109.66   45.53
 110.45  125.97
 110.89   83.26
 110.91  176.25
 111.11  180.32
 111.55   75.03
 112.04  191.65
 112.85    9.80
 113.26  116.61
 113.37   55.93
 113.84  132.22
 114.17  148.12
 114.17   91.04
 114.49   86.14
 114.93   94.58
 115.62  136.58
 116.36  188.87
 116.47  142.03
 116.77  192.19
 117.04   11.98
 117.32   78.81
 117.34  172.91
 119.03   60.51
 119.14  150.55
 120.01   67.22
 120.02   69.89
 120.35  182.61
 121.32  192.03
 122.07  145.33
 122.24   15.22
 123.16  194.16
 124.47   86.23
 124.93  149.96
 126.36  173.50
 126.60  139.93
 126.75  111.83
 127.88   10.99
 128.12  134.84
 128.29  187.83
 128.62  170.00
 128.64  189.99
 131.86  140.53
 131.87    9.80
 132.78   94.70
 132.86  191.93
 133.19  175.63
 135.06  181.42
 135.20   89.53
 135.53   72.41
 137.35  169.14
 137.93  189.01
 138.26   75.14
 138.50   94.91
 138.62  111.26
 138.76  103.75
 139.35   72.56
 140.77   89.15
 142.02  189.16
 143.90  101.11
 144.03   75.06
 144.41  119.63
 145.79   88.13
 145.98  177.23
 149.00  107.37
 149.70  178.48
 150.46  171.60
 152.09  175.77
 152.32  163.54
 152.36  135.40
 153.22  171.97
 153.46  185.95
 154.89  111.51
 155.68  142.67
 156.28  186.86
 157.00  107.44
 157.60  146.03
 157.77  129.58
 158.20  172.91
 158.69  105.90
 161.24   75.79
 161.41    8.75
 161.43  185.61
 161.78   12.08
 162.01   73.46
 162.07  131.95
 162.33   93.49
 163.40  188.55
 164.60  136.10
 165.87   74.68
 167.06  125.73
 167.21  131.99
 167.56  129.13
 168.26  112.46
 168.42  100.14
 168.46  187.83
 168.51  187.57
 169.27  165.68
 169.51  128.07
 169.94  131.63
 170.09   19.22
 171.26  113.67
 171.36  183.61
 173.61  127.53
 174.10   21.79
 174.36  185.54
 175.59  110.43
 175.59   25.86
 176.41  121.64
 176.43  110.18
 176.64   98.14
 177.29  177.77
 177.99   21.69
 178.01  114.54
 178.86  108.50
 178.96  180.84
 179.42   25.24
 179.42  183.64
 179.44   24.43
 180.09   84.83
 180.29   33.49
 181.31  114.56
 181.61  175.03
 182.33  182.79
 182.70   66.03
 182.75   27.35
 183.93  161.58
 183.97  130.07
 184.56   29.60
 185.85   32.62
 185.98  112.77
 186.30  180.77
 186.59  138.28
 186.80   66.26
 186.90   69.65
 188.95  125.04
 189.54  164.56
 189.63   14.87
 190.07  181.87
 190.22   38.50
 190.59   41.54
 190.62  116.70
 190.97   68.40
 191.03   75.64
 191.58  152.80
 191.81   26.06
 191.82  131.37
 191.96   80.77
 192.10    6.77
 192.50  135.20
 193.07   64.14
 193.45   15.25
 193.87   77.83
 193.92  101.57
 194.28  111.71
 194.44   69.06
 194.51   42.89
 194.86   65.44
 195.89   35.55
 196.96  176.79
 197.25   57.24
 197.26  168.33
 199.44   56.71
 199.46  164.75
 199.93   81.16
 200.05   77.40
 200.48  120.79
 200.54   41.31
 200.66   72.83
 200.71  130.39
 200.72  161.58
 202.01  143.72
 202.04   51.09
 203.46   67.17
 203.63   40.74
 204.26   37.11
 204.99   55.08
 206.03  116.66
 206.04  155.22
 206.74   33.78
 206.80  163.45
 207.05  146.85
 207.24   85.33
 207.48   68.03
 208.20   70.86
 208.86   71.73
 208.94   29.67
 209.74   42.55
 210.24  130.11
 210.66  148.99
 210.67  165.02
 210.70  154.61
 210.83   34.61
 212.48   57.34
 213.22  118.86
 213.61   70.53
 214.32   36.45
 215.05   76.96
 215.36   53.55
 215.98  138.18
 216.40  124.91
 216.92  141.24
 217.88   83.85
 218.04  161.12
 218.11   39.83
 218.66   43.77
 218.78   55.88
 219.14  122.62
 219.91   51.19
 222.10  119.32
 222.47   48.55
 223.79  104.69
 228.06  138.10
 228.77  155.26
 229.36  126.79
 231.18   39.23
 232.97  140.12
 233.80  156.98
 234.23   89.69
 234.32  146.34
 234.89  138.26
 235.74   93.36
 237.13   80.45
 239.10  151.83
 239.33  139.76
 239.98   95.23
 240.04   28.02
 240.11   24.52
 241.13  148.84
 243.07   72.58
 244.11  129.43
 245.84  146.95
 245.93   33.80
 246.54   44.13
 246.60   56.05
 248.88   54.16
 251.20   35.52
 251.46  147.80
 251.46  157.03
 251.47   38.82
 253.50   15.19
 253.56   69.94
 254.03  140.80
 255.68  137.00
 256.54  150.94
 258.85   49.35
 261.01   58.90
 262.33  145.33
 262.36   27.58
 263.70   47.19
 263.89    7.58
 264.10   55.75
 264.27   52.36
 265.52   87.53
 265.78   21.31
 266.75   17.93
 267.70   57.21
 269.25   15.64
 269.98  141.26
 270.56  149.75
 273.17   11.95
 274.32   56.84
 276.03  151.88
 276.17   38.96
 276.43   49.42
 276.80  147.05
 277.00   38.68
 278.71   43.48
 282.83   42.99
 283.07  145.93
 285.02   24.28
 285.06   38.31
 285.39  125.37
 286.11   55.58
 286.82   31.93
 286.91   42.55
 287.81   26.56
 287.85   40.16
 289.92   30.11
 289.93  140.25
 290.44   78.05
 290.90  213.60
 292.18  125.93
 292.45  133.83
 293.35   21.61
 294.34   34.54
 294.61   55.27
 294.82  119.38
 295.03   67.03
 295.49   45.54
 296.24   37.79
 296.25   89.89
 297.09   21.42
 297.52   61.06
 297.58   41.47
 297.67  130.57
 298.27   57.55
 299.13  139.43
 299.13  127.30
 299.23  117.63
 299.43   36.45
 301.01   50.81
 301.58  114.76
 302.48  134.13
 302.81   44.10
 303.29   47.35
 304.08   50.53
 307.04   75.80
 308.65  128.07
 309.10   53.52
 309.31  172.00
 309.96   57.23
 310.27   68.79
 311.36  169.38
 313.68   52.99
 316.21   55.26
 317.09   49.84
 317.40  127.97
 319.35   44.45
 320.05   45.43
 320.45   72.60
 321.77   62.00
 321.89  107.69
 322.71   48.48
