   9.13  108.45
  10.46  133.59
  10.86  160.89
  11.38   35.39
  13.14  164.42
  14.25   96.08
  15.41  160.84
  16.03   38.41
  17.89  107.51
  18.98  125.92
  21.44  127.89
  21.56   33.88
  21.60   34.53
  21.63   65.03
  23.49  132.49
  24.33  100.90
  24.61   96.63
  25.93  130.29
  27.53   37.89
  31.92  129.22
  32.79   40.51
  33.80   91.21
  34.23  109.05
  34.79   53.79
  36.73   43.60
  37.03   81.37
  38.77   66.82
  38.77   49.08
  39.31   61.46
  41.40   71.93
  43.06   99.24
  43.55  112.88
  48.56   67.76
  49.21   91.82
  49.96   73.86
  51.80   62.44
  52.23  142.34
  55.34   63.85
  55.41  164.22
  55.75   72.18
  60.90  163.09
  62.96   72.53
  63.72   72.04
  65.71   77.96
  69.37  162.63
  69.41  113.47
  70.45   77.42
  70.55   99.29
  70.62  138.07
  70.82  160.20
  73.24  108.03
  73.62  162.52
  74.58   73.04
  74.60  111.13
  75.66  159.37
  76.28  159.20
  78.73  127.38
  80.24  109.91
  80.95  133.96
  81.26  130.16
  82.58   73.17
  87.04   94.02
  87.59  131.99
  89.14   96.33
  89.79   64.40
  91.05   93.89
  91.55  126.22
  92.62  161.00
  95.93  161.35
  98.44   57.89
  98.45   58.67
  99.39  135.83
  99.67   70.39
 101.10   69.93
 101.60   63.93
 101.91  164.41
 102.03   97.63
 102.95  119.68
 106.09  139.63
 107.62  165.08
 110.55  110.94
 110.56  137.60
 110.86   97.86
 111.41  119.35
 113.04  165.10
 113.92  110.55
 113.97   99.80
 113.99  142.63
 114.53   90.73
 115.69  139.90
 115.88   62.84
 115.90   93.22
 117.64  165.40
 118.12  124.97
 120.06   93.10
 121.05   55.77
 123.92  118.40
 124.89   66.82
 125.22  111.81
 127.50  106.95
 128.77  111.49
 128.89   90.72
 129.31   96.28
 129.99  118.39
 131.22  163.81
 133.09  112.31
 135.55  164.47
 137.23   67.83
 138.10  167.36
 141.88  164.49
 142.08  164.10
 144.03  167.85
 149.50  119.21
 149.70  114.56
 150.37  139.00
 152.79   63.87
 155.50  170.01
 156.02   63.00
 157.08  125.95
 157.92  166.84
 158.40   60.33
 159.21   62.94
 160.54  138.93
 162.39  167.42
 163.42   64.30
 163.48  169.79
 166.03  128.97
 169.04  166.75
 169.38   63.88
 170.74  124.90
 170.97   57.20
 172.72   48.77
 174.02   62.98
 175.93   50.19
 176.40  172.00
 176.78   65.81
 176.96   44.33
 177.00  126.66
 178.93   50.11
 179.52   63.57
 181.35   41.23
 181.65   48.82
 182.72  126.07
 183.92   42.84
 184.36  129.53
 187.01   57.60
 189.57  170.86
 189.69  129.72
 189.70  171.30
 190.09  130.29
 191.51   63.11
 192.34   94.02
 192.57  175.17
 192.63  127.58
 195.34   61.65
 196.19   81.62
 196.74   86.79
 198.11   84.21
 199.36  176.03
 199.77   63.48
 203.41  139.01
 204.32   60.31
 205.16   78.27
 206.19  177.42
 206.32  177.76
 208.68   58.65
 211.24   58.11
 211.34  107.86
 213.93  179.89
 215.09   58.64
 218.19   63.93
 219.07  104.87
 219.73  180.94
 219.91   26.18
 220.27  182.00
 220.37  110.24
 221.01   27.88
 221.09  117.89
 221.65  131.54
 221.88   94.04
 221.92   49.34
 223.04  131.00
 223.24  177.44
 224.87   39.61
 224.88   17.14
 224.98  128.58
 225.13   59.72
 225.14   54.88
 225.59  181.24
 227.09    9.46
 227.51   49.01
 228.11   43.21
 228.14   34.80
 229.53   57.73
 229.80  178.92
 230.35   59.92
 230.42    9.43
 230.97  182.77
 231.40   64.10
 232.12   83.49
 232.20   46.74
 233.24   51.92
 235.40  182.88
 235.68   36.70
 236.63  139.18
 237.69   62.79
 238.31   34.62
 238.47   45.44
 238.92   83.41
 239.34  131.13
 240.48   49.61
 241.04  184.94
 242.98   29.90
 244.19   51.16
 244.67   32.67
 245.64   37.90
 246.22   48.22
 247.32   41.73
 247.68  130.41
 251.63  189.25
 251.95   51.79
 252.63  129.18
 255.09   43.58
 256.79  139.47
 262.42  139.60
 266.21  139.67
 266.41   36.87
 270.19  190.70
 270.39  191.13
 275.38   66.30
 276.32   10.04
 276.91   79.86
 278.12  129.66
 278.65   70.99
 282.48   12.61
 284.47   93.72
 285.19  100.08
 286.79   38.05
 287.38   28.59
 288.86   36.02
 289.62   41.76
 289.66   31.44
 291.99  141.55
 292.50   33.25
 292.88   48.34
 293.53  128.13
 293.92   28.08
 295.07   54.04
 295.12  133.16
 295.58  140.46
 295.74   23.60
 296.34  142.03
 296.50   33.12
 296.88   41.99
 300.16   26.02
 300.60   70.76
 300.80   48.81
 301.59   19.15
 303.91   57.28
 304.02   56.98
 306.06   73.87
 306.99  143.16
 307.77  200.24
 312.59   64.50
 313.38   82.52
 313.45  131.73
 315.28  110.33
 320.34  111.12
 321.02   75.05
