   7.53  119.50
   9.53  203.30
  10.86  160.31
  10.95   69.67
  11.28  196.23
  11.54   49.45
  12.01  203.78
  12.89  199.65
  13.41   62.02
  13.89  119.69
  16.83   57.18
  17.98   14.00
  18.03  115.69
  18.63  193.86
  19.11  160.07
  19.75   49.75
  19.85  116.97
  21.68   12.95
  22.27   57.98
  22.95  189.51
  23.17  121.19
  23.97   52.81
  25.44   40.46
  26.15  117.27
  27.11   96.90
  27.92   89.68
  28.79  183.92
  29.31   48.67
  29.50  120.62
  31.88   35.65
  33.88   68.76
  33.92  117.40
  34.66   84.78
  37.42   80.35
  37.66   17.35
  38.72   80.51
  39.41   81.28
  41.34   49.07
  42.14   84.46
  42.29   88.77
  43.57   68.06
  44.21   10.71
  46.48   84.65
  47.48   72.23
  47.80   66.37
  49.05   20.70
  49.14   81.84
  53.21   95.57
  53.30   27.94
  54.09   37.10
  55.39   85.66
  58.08  122.08
  59.09   47.23
  60.28   81.02
  61.10   81.69
  62.26   35.23
  62.48  156.44
  65.11  118.59
  66.79   43.10
  67.38  113.46
  70.23   69.12
  70.97   86.13
  72.10   64.79
  72.79   81.21
  72.82   71.54
  73.34  114.67
  73.73   60.32
  73.81   68.48
  74.37   46.20
  75.69   84.66
  76.04  204.13
  76.47   50.92
  76.71  148.48
  77.27   71.50
  77.99   48.53
  78.44  122.42
  78.87  111.85
  79.04  194.54
  80.34   51.60
  80.84   48.44
  81.72   28.85
  82.94   22.87
  84.16  186.56
  84.73   52.86
  85.46   26.85
  86.71  204.71
  87.05   57.19
  87.15  207.97
  91.76  115.45
  91.79  109.57
  91.84  141.81
  94.97  117.61
  98.29  160.86
 100.60  138.37
 101.93   57.09
 105.04  102.93
 105.59   52.55
 108.18  114.49
 108.22   53.57
 108.39  114.30
 109.64  117.34
 109.88  133.84
 110.71   40.72
 112.21  159.17
 112.57   90.60
 114.80   86.38
 117.00   80.18
 117.60   47.15
 118.29  108.87
 120.08   52.44
 120.81   31.85
 120.91   61.45
 121.36   36.95
 123.39   85.83
 123.47   53.83
 123.53   34.97
 124.26   23.31
 125.87  110.67
 126.09   27.35
 126.85   90.72
 127.42  114.36
 127.51   28.56
 127.76   90.96
 129.32   54.52
 131.58   57.33
 135.98   57.38
 137.27   93.82
 137.40   97.65
 142.47  137.48
 143.66   53.86
 146.82   38.81
 147.21  122.68
 148.11  115.38
 151.35   86.71
 153.12  105.34
 154.32   56.39
 155.09  144.35
 159.89   25.80
 161.30   53.61
 162.21  103.61
 162.34  120.62
 163.49   50.02
 164.30   89.41
 164.91   60.91
 166.54   13.42
 169.99   17.76
 169.99  103.58
 170.46   49.54
 171.15  125.61
 172.95   99.64
 174.10  114.00
 174.13   33.35
 174.38  107.07
 174.76   49.92
 175.41   19.53
 176.72  119.71
 177.07  106.15
 180.34  125.67
 180.57  122.00
 180.78  102.42
 180.86   51.93
 183.60    8.47
 185.82  124.96
 187.34   53.38
 188.54  122.61
 189.92   47.90
 193.10  113.53
 193.54  125.29
 194.92  121.76
 195.21  117.42
 197.01  125.01
 197.40   86.20
 199.15  108.58
 199.17  100.93
 199.41  115.45
 199.49   22.92
 199.70  103.96
 201.51   53.02
 202.59   38.70
 203.26   20.56
 203.44   96.54
 204.57  108.29
 205.20   36.12
 205.77  115.90
 206.03   51.88
 206.56  123.89
 208.37  126.34
 209.03   37.49
 210.87   45.44
 211.77  113.65
 211.98  116.03
 212.55   48.51
 213.06  123.95
 213.32  119.46
 214.43  123.28
 216.12  106.77
 217.06   41.16
 217.74  114.54
 217.84  102.81
 219.42   97.90
 219.74   95.72
 222.19   43.27
 222.68  115.51
 223.24  127.82
 223.37  127.95
 224.60   93.41
 225.28  110.39
 225.75  104.22
 229.38  123.24
 229.96   45.91
 231.89   96.72
 233.60  113.28
 234.64   81.78
 235.52   94.01
 236.51   56.01
 237.10   56.36
 237.15   36.00
 237.82  124.84
 239.87   94.00
 240.42   96.56
 240.43   34.53
 241.74   99.64
 242.84  125.46
 242.98  114.87
 243.16  106.56
 243.28   34.50
 244.06   92.95
 244.16   96.72
 244.60  128.34
 244.91   31.30
 245.95  117.18
 249.12  125.56
 249.48   98.16
 249.52  125.35
 250.72  113.17
 251.86   27.43
 252.94   39.23
 255.37  101.14
 255.41  126.07
 257.71   25.47
 259.55   98.27
 260.71   44.80
 262.13   86.05
 262.43  118.43
 263.41   53.26
 264.27  109.31
 265.25  126.04
 265.53  120.98
 265.63  101.84
 265.91   31.85
 268.71   34.94
 268.82  119.28
 269.57   99.44
 270.08  106.24
 271.34   35.25
 271.50  111.79
 272.10   37.32
 272.42  129.70
 272.68   55.32
 273.33  100.99
 274.34  126.85
 277.40   51.51
 277.45  121.21
 277.75  102.25
 277.77   40.81
 278.05  117.92
 278.39   69.58
 278.51  106.45
 279.20   55.84
 280.49   32.11
 280.79   28.89
 281.33   73.28
 282.53   67.79
 282.65  127.08
 283.30  107.03
 283.48   33.70
 283.92   29.69
 285.04   46.27
 285.96   38.43
 287.72  114.71
 288.27  120.98
 288.87   22.82
 289.16  109.56
 289.76  113.25
 290.41   44.84
 290.93   44.52
 291.07  119.21
 291.76   27.61
 292.22   27.32
 293.75   32.41
 294.06   24.62
 294.63  122.22
 296.37  105.35
 296.79   19.64
 299.73  105.84
 299.90  101.88
 300.88  128.64
 301.26  121.59
 301.71  117.69
 302.97   21.50
 304.90  102.84
 305.12   95.84
 307.05   20.48
 307.98  123.31
 309.17  126.10
 310.91  100.71
 313.43  124.75
 315.67   20.22
 316.24  122.67
 319.33   17.70
 323.49   94.92
