   8.28  125.14
   8.93   60.91
   9.46   99.75
   9.47   12.42
   9.92  186.39
  10.05  189.14
  10.68  178.67
  10.92   84.40
  11.18  182.05
  11.92  143.24
  13.42  185.47
  14.98   70.37
  15.01   91.33
  16.26   47.73
  17.14   21.19
  17.28  145.16
  17.40   19.89
  18.56  191.55
  18.58  181.91
  18.59  191.47
  19.65  145.95
  20.82   48.63
  21.83   13.80
  21.83   17.22
  21.99  188.41
  22.13  120.17
  22.50  135.82
  22.98   78.97
  23.31    7.21
  23.69  176.83
  24.84   71.11
  24.88  184.14
  25.50   19.11
  25.88  130.45
  26.79  156.21
  27.06   40.89
  28.04  114.55
  28.85   45.78
  29.36   70.64
  29.47   70.65
  30.05  186.98
  30.13  112.11
  30.97   13.72
  31.21  181.25
  31.48  213.58
  31.53   80.66
  31.59    6.86
  31.71   50.09
  32.83   24.58
  32.90   10.64
  33.56   31.71
  33.86  186.23
  33.88   24.96
  33.94  121.74
  34.00   39.87
  34.17  113.15
  34.51   64.66
  36.28  181.50
  36.59   11.68
  36.62  170.57
  36.68   62.17
  37.66   20.53
  39.27   31.27
  39.57  191.47
  40.66   68.45
  41.91   83.07
  41.99   38.98
  42.14   21.23
  42.22   56.70
  42.28   62.59
  43.27  190.95
  43.36  161.17
  43.66   87.59
  43.84   25.57
  44.09   83.66
  44.49  168.89
  45.17  144.46
  45.70   77.93
  45.78  121.65
  46.17   32.95
  47.10  173.45
  47.67  125.54
  47.91   63.56
  48.48  169.34
  49.33   35.55
  49.73  150.59
  50.06  124.08
  50.16  142.62
  50.16  186.54
  50.57   65.92
  51.33  180.85
  51.77  166.89
  52.74   39.94
  53.95   44.56
  56.15   58.72
  56.54  109.28
  56.66   48.12
  57.27  101.93
  57.90  184.23
  57.94  139.14
  58.01  173.03
  58.08   36.66
  59.12   78.21
  60.33  175.46
  62.38  129.85
  62.76  205.41
  62.93  208.26
  63.66  121.33
  63.68  113.55
  63.94   43.21
  65.36   89.03
  65.43   49.78
  65.64  179.56
  66.16   56.72
  66.55  125.80
  66.80   45.82
  67.24   55.16
  67.64  133.77
  67.81  113.62
  69.92  127.29
  70.12   77.27
  71.08  202.03
  71.55   81.02
  72.31   77.02
  73.29  132.23
  73.64  120.40
  74.01  176.31
  74.48  200.55
  74.82   56.15
  75.55  104.88
  76.32   62.99
  77.22  182.70
  77.46  201.74
  77.76   60.01
  77.84  140.25
  78.24  121.99
  79.14  134.75
  79.89  145.04
  80.16  198.52
  82.01  200.37
  82.39   68.19
  82.89  147.24
  83.07  177.65
  83.40  134.95
  84.13  171.85
  84.29  142.27
  85.36  196.20
  86.28   59.82
  86.81   63.63
  87.13  105.81
  87.25  131.32
  87.42  147.83
  87.96  122.35
  88.44  197.67
  88.75  131.74
  89.41  194.40
  89.98   74.81
  90.07  174.96
  90.08  113.19
  90.11   82.32
  90.73  168.94
  91.26   65.73
  92.74   69.18
  92.84  153.52
  92.98  195.08
  94.40   87.97
  94.86  114.22
  95.98   63.48
  96.38  183.78
  96.49  140.07
  96.70  170.72
  98.79   66.71
  99.22  121.19
  99.53  109.56
  99.68  102.71
  99.75  144.92
 100.20  175.81
 101.54  160.65
 102.28  125.43
 102.32  148.60
 102.88  142.82
 105.19  112.20
 105.66   92.40
 106.04   69.05
 106.27  147.04
 108.32  110.39
 111.02   89.65
 111.26  106.45
 111.36   63.60
 111.70  119.25
 113.90   98.20
 113.96  103.98
 114.01  115.42
 114.62   92.44
 115.01  151.53
 117.25  109.30
 117.97   67.86
 119.29  150.95
 119.74  100.60
 119.90   58.37
 121.25  148.09
 121.90  121.87
 122.92   92.08
 123.26  109.50
 125.45  108.79
 127.23   57.93
 130.10  112.79
 130.16   54.49
 130.43  104.60
 130.47   54.17
 131.24   91.99
 132.48   63.50
 132.57  151.44
 132.66   97.27
 132.71  102.61
 134.99  114.04
 135.03   89.96
 135.26   92.89
 135.29  100.36
 135.35   97.71
 135.36  103.37
 135.97   66.32
 136.81  119.85
 137.97  104.83
 138.06  110.19
 140.01  103.28
 140.30   92.02
 141.14  107.27
 145.08   64.23
 145.33  124.23
 145.99   59.69
 146.98  159.48
 147.74  104.60
 148.10  110.10
 150.59   64.24
 151.08  160.70
 152.72  164.82
 153.99  176.15
 155.16   89.47
 155.81  159.44
 156.85   92.60
 157.57  100.73
 158.38  119.78
 159.84   90.67
 159.96  107.82
 160.83   82.70
 161.13   90.98
 161.91  105.03
 162.11  152.19
 162.11  100.15
 162.50  102.99
 162.95  164.66
 164.07   63.94
 164.96  151.27
 165.22   58.76
 166.37   96.96
 167.88   89.14
 168.78   46.71
 168.83  126.67
 169.56   60.87
 169.96   42.10
 170.28  107.43
 170.35  105.27
 170.69   98.92
 170.84   56.73
 170.98  155.87
 172.59   52.99
 172.81   90.61
 173.06   50.09
 173.68   85.16
 174.32  178.83
 174.56   66.29
 175.46  133.20
 175.64  116.34
 176.49   96.03
 177.05   92.07
 177.60   64.72
 178.98   55.67
 179.66   68.17
 180.41  131.47
 180.75   98.50
 180.91  103.61
 180.95   59.63
 181.30   64.97
 182.07   44.25
 182.17  103.08
 182.80   41.27
 184.09  124.51
 184.46   55.21
 185.20   36.45
 186.35  146.20
 186.77   47.98
 187.29  134.47
 187.70   43.91
 188.12   51.25
 188.59  102.44
 188.70   95.56
 189.88  189.21
 190.15  122.68
 190.42   58.55
 190.77  159.44
 190.97  146.08
 191.65   41.05
 194.90   78.57
 195.04   99.85
 195.75  122.93
 195.81  119.53
 196.31   95.86
 197.72   43.07
 199.43  126.70
 199.44   59.33
 199.52  116.72
 199.81   42.18
 200.52   94.84
 200.55  147.41
 200.60   89.42
 200.95  131.35
 201.44  118.69
 202.42  103.54
 202.95  114.44
 204.06   40.99
 204.08  112.52
 204.33  152.64
 206.38   45.37
 206.57  206.26
 206.78  143.18
 207.63  128.97
 207.84   93.12
 208.18  124.76
 209.56  132.68
 209.90  128.09
 210.36   42.36
 210.64   72.84
 210.99  117.67
 211.41  124.90
 212.09  111.61
 213.21   39.69
 213.75   58.46
 214.15  103.88
 214.38  123.64
 215.54  106.52
 215.99  164.08
 216.01  126.78
 216.97  103.42
 217.02   50.56
 218.41  141.20
 219.81  117.51
 220.46   96.72
 221.14   45.61
 221.33   49.00
 221.85  116.73
 222.04   97.60
 222.93   37.80
 223.56   45.60
 223.68  113.12
 224.00   58.76
 224.03  165.43
 224.27   42.64
 224.37   49.09
 224.95  209.89
 225.85  161.70
 226.19  109.29
 227.57   61.83
 228.24   93.46
 228.48  164.98
 229.17  107.27
 229.18   46.74
 231.65   49.57
 232.40   53.50
 232.65  107.49
 233.87   93.43
 234.17   25.23
 234.31  170.50
 234.42   37.13
 234.56   43.09
 235.22   69.64
 235.30   29.63
 236.24  105.60
 236.81  112.42
 237.38   57.68
 238.51   12.92
 238.69   42.36
 238.98  109.02
 239.14   89.57
 239.57   26.01
 239.83   64.31
 240.07   18.54
 240.81   70.17
 242.12   92.78
 242.33   14.85
 242.59  106.95
 243.76   18.25
 244.59  103.14
 244.90   75.66
 245.67   80.37
 245.70   60.37
 246.77   15.36
 247.15  106.29
 247.68   77.77
 247.93   77.71
 249.92   85.18
 249.97   28.18
 250.49   71.83
 250.54   56.25
 250.57   48.26
 251.57   57.82
 253.35   48.20
 253.76   72.61
 253.87   85.21
 254.79   24.59
 255.66   94.96
 256.74   30.10
 257.00   44.44
 257.38  102.83
 259.47   20.93
 259.76   17.10
 259.91   21.34
 260.43   70.28
 260.49   83.36
 261.38   61.36
 264.70   77.83
 264.72   68.91
 265.34   97.92
 265.98   40.05
 266.40   19.38
 266.61   89.48
 266.84   26.27
 267.80   84.19
 268.79   67.36
 269.23   92.97
 269.64   39.87
 269.96  102.94
 271.42   43.97
 272.02   46.06
 272.99   88.93
 273.02   41.89
 273.23   84.61
 273.68   18.09
 273.80   71.09
 273.97   57.30
 273.99  117.78
 276.60  161.33
 276.92  167.90
 278.53   41.57
 278.77   45.11
 279.12   49.66
 279.78   66.15
 281.62   41.70
 282.01   76.71
 282.11   72.94
 282.38   24.89
 283.97   38.79
 284.38   22.34
 286.13   17.90
 286.30   16.86
 288.49   46.21
 290.17   47.98
 291.64   48.85
 291.76   55.19
 293.57   23.10
 294.90   44.60
 295.83   52.64
 297.30   20.13
 301.87   53.49
 302.99   48.83
 303.98   41.41
 307.15   49.32
 311.04   26.73
 311.23  139.69
 316.73   51.84
 316.90   30.06
 323.05   37.25
