  10.56  211.45
  11.15  155.51
  11.42  137.07
  15.06  141.49
  15.89   32.30
  16.90   18.44
  17.28   34.09
  17.50  135.25
  18.62  196.04
  18.73  199.12
  18.87   13.42
  20.31  201.62
  20.40  213.67
  20.47   16.44
  21.86   23.15
  22.57   87.53
  22.66   84.91
  23.62   81.44
  24.14   35.29
  25.04  175.49
  26.28  184.19
  27.14  213.39
  28.12   44.97
  29.04  133.58
  29.14  186.84
  32.69  176.23
  32.92  138.65
  34.16  165.76
  35.37   80.91
  35.51  213.38
  35.80  133.44
  36.18  201.10
  36.92   70.01
  37.94  155.00
  38.06   21.45
  38.38   82.48
  38.75   14.87
  39.82   30.32
  40.19  210.42
  41.04  197.11
  41.69   10.79
  42.62  129.81
  42.89  213.19
  43.97  144.05
  44.23  156.40
  45.75   80.67
  46.29   17.07
  46.78  195.80
  47.07  178.51
  47.30   23.44
  47.77  152.96
  47.80  153.24
  48.07   82.94
  48.57  142.89
  50.04  156.82
  50.16   13.93
  51.97  142.16
  52.62  190.31
  52.94  138.40
  53.01  138.47
  53.49   63.64
  53.79  159.87
  54.81   83.39
  56.40  185.57
  56.48  141.49
  56.76   26.91
  57.38   81.84
  57.48   21.88
  57.77  163.21
  58.45  188.22
  58.75  130.57
  59.91  138.27
  60.73   27.03
  61.94   81.17
  62.24  125.54
  62.56   15.37
  63.07  212.14
  63.19   58.02
  63.77  119.78
  64.31  123.92
  65.67   84.22
  65.88   80.15
  66.22  210.08
  66.67  104.30
  66.75  157.58
  66.75   68.76
  66.89  138.46
  67.79   20.38
  68.61   59.42
  68.74   80.46
  69.06  116.42
  69.55   60.83
  70.27  133.30
  70.61  211.91
  71.54  191.60
  71.76  186.13
  72.45    8.67
  72.50   63.73
  72.80   83.32
  72.85  121.85
  73.30  115.85
  73.89  210.08
  74.45  152.94
  74.46  123.63
  74.47   78.73
  75.33  192.90
  75.35   24.92
  76.96  150.95
  77.65  211.39
  77.72   62.37
  78.28   24.52
  78.83   72.86
  78.91  117.16
  79.67  103.43
  79.70  158.15
  80.12  132.84
  80.20   81.73
  80.72  154.70
  81.45  138.64
  81.96   13.80
  81.96   63.57
  82.01  198.80
  82.21  187.17
  82.75  135.51
  84.29  142.00
  85.23  210.88
  85.74  192.17
  86.13  159.21
  86.38   94.03
  86.51  138.48
  86.71  171.30
  87.09  173.79
  87.64  185.64
  87.95  126.31
  88.77  182.66
  88.97   18.45
  89.24  179.04
  89.40  209.77
  89.56  157.89
  89.57   87.62
  89.67   77.93
  89.69  141.49
  89.81   77.78
  89.92  162.99
  90.27  138.30
  90.33  138.31
  90.49  155.19
  90.94   36.42
  91.49  133.42
  92.10   19.06
  92.22   13.31
  92.49  141.79
  93.18   86.43
  93.34   43.10
  94.44   17.16
  94.50  166.31
  94.51   48.09
  95.64  208.57
  96.52  138.93
  97.44  103.15
  98.03   44.94
  98.12  188.80
  99.96  166.49
 100.60  207.87
 100.69  136.39
 101.35   64.29
 101.48  160.12
 101.78  195.99
 101.85   16.21
 102.05  120.62
 102.38  112.91
 102.66   58.19
 103.15   22.19
 103.39   75.14
 103.64  209.94
 104.04  119.05
 104.15   35.01
 104.18  125.05
 105.05   49.52
 105.08  157.02
 105.12  136.20
 105.24   37.02
 105.63   72.55
 106.04  186.56
 106.17   70.02
 106.28  119.07
 106.32   79.90
 107.14  107.88
 107.34  211.30
 107.55   15.90
 107.63  150.55
 108.27  140.34
 109.89   16.38
 110.28   62.09
 110.53  208.24
 110.99  122.50
 112.28   55.72
 112.39  131.37
 112.93  156.25
 113.26  188.76
 113.36   59.98
 113.37  111.40
 114.45  210.59
 116.04  136.36
 117.59  161.08
 118.01   15.20
 118.81   98.62
 121.36  210.25
 121.53  136.09
 121.56    9.49
 121.57   91.72
 122.05   82.15
 123.79  205.68
 124.18   64.23
 124.35  101.77
 124.75  137.08
 125.21   96.80
 125.78  131.02
 126.38  125.22
 126.58   75.79
 127.51  158.98
 128.32  129.75
 128.77  210.02
 128.95   89.04
 131.50  115.93
 131.93   91.05
 132.07   96.51
 132.14   84.52
 132.82   99.71
 133.93  116.74
 134.77  105.02
 136.52  209.44
 138.10  109.67
 138.45  135.75
 138.83   91.15
 139.68   95.83
 141.35  105.47
 142.27  100.47
 142.29  186.74
 142.65   93.50
 143.52  128.11
 144.20  209.28
 144.20  145.00
 144.31  108.38
 144.95   55.04
 145.93   90.88
 146.31  190.63
 146.37   95.96
 146.82   63.93
 148.74   59.67
 149.77  124.08
 150.19  206.13
 151.13  109.67
 151.79  105.37
 151.80  209.12
 153.36   95.91
 153.98  121.64
 155.81  110.96
 155.86  100.54
 157.52   83.63
 157.74   64.17
 159.00  209.08
 159.69   90.35
 159.69   90.54
 159.77   96.53
 160.20  171.44
 161.64  109.55
 161.90  117.91
 162.73   50.35
 163.33  146.72
 163.54  101.09
 164.35  103.48
 164.60  103.58
 164.93  133.39
 165.01   93.28
 165.14  129.06
 165.91  125.78
 166.66  208.86
 167.08  121.19
 167.34  173.35
 167.75   44.34
 170.15   46.37
 170.26   40.72
 170.74   49.01
 170.75  153.66
 171.06  117.83
 171.17   30.37
 173.19   36.22
 174.24  208.64
 174.56  122.38
 174.99   89.52
 175.02   21.14
 175.11   13.57
 175.56   53.36
 175.91   42.95
 175.98    7.87
 176.45   24.54
 177.14  106.18
 177.47   29.34
 177.77  112.16
 177.79  115.04
 178.03   20.66
 178.06  206.89
 178.23   33.99
 178.26   34.24
 178.46   14.96
 179.00   23.32
 179.28   55.65
 179.61   63.34
 179.91   11.47
 180.07   17.93
 180.10   92.38
 180.15  102.04
 180.64  145.24
 180.74   40.93
 180.84  115.09
 181.06  212.12
 181.30  208.03
 181.90   21.22
 181.96   54.04
 182.06   89.78
 182.22   45.23
 182.51   31.75
 182.55  163.77
 182.70  204.84
 183.53   56.87
 183.54  171.54
 184.67   49.90
 185.55   25.65
 185.72   35.96
 186.44   42.83
 187.03   63.35
 187.42   46.97
 188.16   55.54
 188.23   23.33
 188.38  177.91
 188.90  207.68
 189.29   35.45
 190.49   49.79
 190.78    9.63
 191.11   21.38
 191.18   31.99
 191.54   63.67
 192.44   52.46
 192.96  105.71
 193.23  204.95
 193.71   81.01
 194.14  145.12
 194.46   39.93
 195.80   50.43
 196.82  123.03
 197.07   52.76
 197.79   46.87
 198.61   42.11
 198.95  211.61
 200.13  128.23
 200.44  148.46
 200.72   32.27
 200.82   44.42
 200.88  205.21
 201.22   60.33
 201.39   11.08
 201.97  107.56
 202.08   52.12
 202.78   48.77
 203.46  182.27
 204.13   30.45
 204.35   39.18
 204.36   17.91
 204.50  152.43
 204.55   83.42
 206.05  106.58
 206.14  213.65
 206.17   63.04
 206.45   28.37
 207.13  102.67
 207.58   48.52
 208.58   58.30
 209.03  117.33
 209.12   50.30
 209.68  116.75
 210.41   35.96
 210.54  189.65
 211.35  206.53
 211.57   83.54
 211.60  100.38
 212.20   71.40
 212.42  100.38
 212.52  130.15
 212.98  148.68
 212.98  147.48
 213.52  103.62
 214.11   79.78
 214.25  205.12
 214.95   56.81
 215.77   38.52
 215.79  144.86
 216.54  123.11
 216.63  126.67
 217.26  101.20
 217.29   76.69
 217.37  195.26
 217.76  141.36
 218.33  190.78
 218.47   65.76
 218.94  155.45
 220.06   79.19
 220.88  122.65
 221.19   60.79
 221.38   56.54
 222.49   52.03
 222.67   62.57
 223.14   65.97
 224.33  143.24
 224.59   69.96
 226.27  210.46
 226.71  206.89
 226.72   10.87
 227.17  213.24
 228.71   16.56
 229.92   74.44
 230.11   61.66
 230.25  132.10
 230.85   46.91
 231.39   10.96
 231.91   22.85
 232.86   93.53
 232.93   93.48
 233.53  206.40
 234.68  186.88
 234.71   78.83
 234.90   66.18
 235.10  148.81
 235.10  143.42
 235.49  140.78
 235.88  210.54
 235.99   83.58
 236.60  191.41
 236.92  132.15
 236.95   69.25
 238.34  186.43
 238.52  138.07
 238.77   10.28
 239.64  192.80
 240.28   29.13
 240.35  108.80
 241.05  206.51
 241.16  190.59
 241.34   70.06
 243.51  131.28
 243.82   33.50
 244.71  103.42
 246.58  145.03
 246.82  139.46
 246.88   20.03
 247.76  205.79
 248.26  141.45
 248.44   98.34
 248.48   34.38
 248.82  131.80
 249.90  137.12
 250.71   36.69
 251.07  209.87
 253.05  145.06
 254.91  131.38
 255.08  205.93
 256.11  140.81
 256.28  209.51
 257.04   87.83
 257.71  137.93
 258.97  204.11
 259.69  206.87
 259.97   95.49
 259.99  153.99
 261.25   92.53
 261.60  134.03
 261.74  137.68
 263.82  205.30
 265.13  111.43
 266.05  135.22
 268.49  118.66
 269.17  137.92
 270.49  204.87
 271.70  208.70
 272.15  141.68
 275.65  133.47
 276.05  136.62
 277.78  205.00
 277.82  147.94
 279.05  208.45
 281.84  203.67
 282.17  109.55
 283.11   81.91
 283.80  135.01
 283.90  211.77
 284.88   91.99
 285.20  208.69
 285.84  116.84
 286.19  111.17
 287.96  108.97
 289.96  112.07
 292.18   97.27
 293.76  208.27
 294.13  133.30
 294.22   55.07
 295.11  110.90
 295.89  152.60
 295.90  141.04
 296.47  148.81
 296.85  204.05
 299.90  146.81
 300.57  205.29
 303.83   83.02
 303.90  203.02
 305.45  149.24
 305.61   78.30
 307.33  205.19
 308.11  207.92
 308.73  134.24
 309.02   98.80
 310.63   42.74
 311.32  100.41
 311.81  145.92
 313.19  140.87
 313.88   75.45
 314.53  204.99
 314.72  133.02
 315.37  207.63
 315.78   89.93
 318.03   31.25
 318.06  144.53
 318.40  204.03
 321.49   88.24
 322.05  204.94
 323.05  207.53
