   8.53   18.01
   9.41   73.91
  10.15  175.62
  10.77  189.15
  11.00  172.12
  11.03  120.89
  11.70  185.69
  13.49  176.67
  13.64   75.09
  14.08   72.46
  14.27  178.71
  14.84   19.62
  14.96   63.89
  20.18   12.58
  20.29  175.80
  21.03  172.49
  22.44   60.68
  23.74   39.19
  25.49   50.97
  28.06   43.61
  28.58  181.57
  29.39   17.81
  29.46   63.62
  30.14   58.03
  31.44  176.40
  31.44  180.03
  33.25   23.73
  34.43  173.90
  35.08  176.84
  35.23   19.66
  35.25  155.82
  36.05   54.10
  39.73   62.54
  39.92   18.19
  40.03  159.50
  41.21   57.47
  41.69  173.11
  42.61   62.62
  42.95   11.48
  43.54   48.64
  43.82  154.95
  47.34   25.06
  47.65   28.40
  48.96   59.99
  51.12   27.10
  54.52  156.15
  55.43   39.95
  55.66  105.56
  55.72   34.42
  56.19  152.79
  56.28   25.23
  56.37  159.17
  56.59  205.98
  56.73   17.63
  57.21   59.55
  58.56   37.30
  60.09  177.99
  60.62   34.25
  60.67  213.28
  62.32   70.85
  63.08   35.76
  63.57  117.98
  64.12  207.07
  64.29   22.75
  66.00  147.14
  66.04   80.83
  66.20   59.25
  66.72  204.61
  67.00   25.37
  67.54   34.44
  67.69   34.37
  68.06   76.33
  69.07   56.22
  69.12  113.47
  69.24   14.67
  69.45  149.37
  70.61  211.02
  70.66  178.60
  71.28   43.02
  71.53   46.51
  71.55  121.50
  73.55   77.75
  75.58   19.60
  76.09  109.58
  76.72   37.75
  78.02   54.71
  78.14  199.24
  78.39   11.99
  78.41  116.43
  78.52  116.35
  79.19   84.41
  79.53   44.12
  79.98   98.93
  80.52  176.22
  81.08   31.60
  81.20  179.52
  81.89  206.04
  82.20   26.03
  82.29   13.89
  82.51   96.06
  82.61   81.66
  82.97  199.77
  83.16   56.81
  83.33   93.95
  84.18  202.49
  84.71   36.03
  85.41  104.40
  85.55  205.63
  85.64  151.01
  86.45   42.21
  86.71   99.14
  87.36  148.41
  87.42   84.38
  87.58   88.93
  87.60   15.32
  87.80  207.28
  89.23   40.92
  89.72  194.52
  90.00   86.91
  90.88  190.68
  90.98  187.73
  91.14   29.72
  91.55   44.02
  91.87  117.19
  92.88   84.40
  93.04   88.96
  93.10   93.74
  93.78   41.96
  93.99   25.73
  94.08   12.77
  94.98   36.69
  95.33  114.41
  95.45  114.68
  95.67  117.36
  96.74   96.54
  97.56   58.47
  98.00   23.07
  98.58  195.68
  99.32   49.33
  99.34   55.35
  99.62   36.87
  99.74  105.01
  99.88   78.49
  99.90  113.14
 100.02  152.02
 100.05   98.06
 100.08   83.79
 100.37   89.13
 101.89   45.02
 102.04   37.42
 102.13   50.29
 102.33   99.33
 102.42  106.28
 102.77   27.39
 102.94   33.58
 103.07  110.92
 103.30   39.95
 105.61   35.27
 106.23  143.56
 109.42  117.39
 111.13   98.37
 111.40   37.87
 111.56   31.23
 111.65  144.52
 112.48  117.07
 114.49   50.57
 114.67   28.19
 115.27   78.18
 115.96   83.52
 116.29   47.45
 117.00   34.30
 117.46   52.02
 117.64   58.88
 118.00  119.88
 118.66   39.98
 118.71   30.94
 118.93   78.13
 119.07   70.81
 119.34  116.85
 119.60   97.35
 119.94  108.78
 120.14   56.37
 120.18   73.99
 120.38  206.13
 120.43  147.50
 120.78   45.73
 121.52  144.23
 121.66  100.53
 122.40   34.68
 123.23   48.21
 123.38   93.83
 123.81   80.86
 124.98   12.54
 125.05  105.82
 125.30   19.62
 125.73   41.08
 127.38  116.17
 129.02  211.33
 131.24  183.04
 132.13   36.05
 132.48  141.10
 132.55   77.85
 132.74   39.14
 133.06   31.84
 134.28  205.96
 134.55   39.47
 134.68  181.96
 135.14  139.02
 135.44   12.70
 135.92   94.50
 135.97   83.08
 136.01  100.78
 136.04  212.45
 136.71  141.90
 136.99  112.49
 137.31   35.07
 138.63   98.34
 138.70   85.32
 139.22   23.67
 139.51   77.77
 139.56   28.25
 139.71  141.69
 139.89  129.90
 140.63  213.11
 144.58   12.83
 144.89   81.09
 145.24  117.75
 145.47  209.37
 146.41  198.39
 146.46   94.27
 146.64  117.17
 147.01   53.71
 147.39   97.35
 147.62   87.55
 147.69   94.10
 147.78  106.41
 147.81   23.92
 147.88   90.74
 148.12  100.70
 148.12   83.17
 148.35   46.83
 148.47   15.30
 149.39  135.41
 151.29   97.67
 151.67   85.93
 151.74   19.96
 151.83   74.53
 151.92  146.48
 152.41  135.44
 152.61  104.23
 152.67   22.70
 153.28   43.79
 153.93   14.69
 154.15   41.79
 154.82  177.42
 154.82   82.97
 155.08  116.08
 155.13  101.07
 156.06   41.44
 156.60  139.00
 156.67   51.19
 156.78  183.59
 157.38   80.25
 158.06   98.35
 158.12   48.33
 158.13   55.16
 158.81   77.48
 159.02  117.83
 159.47   41.95
 160.25  135.03
 160.29  170.07
 160.35   51.11
 160.91  108.08
 161.38  180.49
 161.41   83.40
 161.44   94.53
 161.53  100.71
 162.71  141.79
 162.77  151.07
 163.13   11.24
 163.70  147.35
 163.72   37.45
 163.87  192.59
 164.25   84.14
 164.55  212.12
 165.03  177.08
 165.09   53.14
 165.56  119.35
 165.99   49.27
 166.56  152.40
 166.88   83.18
 166.96  163.45
 167.06  100.69
 167.16   94.64
 167.34   37.12
 168.41  177.86
 168.78  174.01
 169.43   55.12
 170.12  102.28
 170.28   80.74
 170.40  149.41
 170.72   38.51
 171.18   12.53
 171.27  141.86
 171.54  117.77
 171.73  179.92
 171.84   58.08
 171.91   73.96
 172.47  189.30
 172.60  171.15
 172.87   36.02
 173.20    9.23
 173.95   12.43
 174.14  146.90
 174.14   39.47
 174.41  174.56
 174.76  152.76
 175.29   45.10
 176.11  113.80
 176.14  132.35
 176.38   98.03
 176.39  187.50
 176.44   84.44
 176.85  171.84
 177.15   79.95
 178.14   58.02
 178.35  153.92
 178.58  111.49
 179.06  151.19
 179.24  141.36
 179.25   82.55
 179.36   77.42
 179.83  183.92
 180.11  205.76
 180.56  116.88
 180.60   38.34
 180.84  210.42
 181.32   86.19
 182.17  121.68
 182.26  169.06
 182.72  152.30
 183.16   44.89
 183.92   57.53
 185.12  190.28
 186.70  177.13
 186.95  195.70
 187.42  200.76
 187.49   95.44
 187.65   44.83
 187.86  116.57
 187.99  198.63
 189.73  123.59
 189.97  151.62
 190.50  151.68
 192.37  172.98
 192.86   51.83
 193.08  177.78
 193.15  121.51
 193.21   54.72
 193.53  182.89
 193.66   43.98
 193.81   43.82
 194.80   78.23
 194.93  116.63
 195.83  197.22
 196.25  122.86
 197.56  158.34
 197.77  163.43
 197.84  163.45
 197.99  105.50
 198.60   48.62
 199.15   82.90
 199.49  208.54
 199.51  174.42
 199.84  183.07
 200.17   48.23
 200.30   54.40
 200.67  122.20
 200.78  178.94
 200.93  150.35
 201.46  145.89
 201.62  204.51
 201.69   88.78
 201.71  190.76
 201.85  170.07
 201.89  157.27
 203.44   84.87
 205.24  127.37
 206.37  202.09
 206.56  119.66
 206.85  187.55
 206.98   77.90
 206.99   73.37
 207.04   77.90
 207.08   73.59
 207.66  101.20
 207.92   94.94
 207.95  183.17
 208.53   83.22
 208.87  165.34
 209.31  192.77
 209.64  160.44
 211.05  176.23
 211.73   83.14
 212.26   77.23
 213.21  190.53
 214.57  193.07
 215.12  113.06
 215.26  187.54
 215.56  162.94
 216.06  184.07
 216.54  160.91
 218.23  176.62
 218.37  199.98
 219.46  173.68
 220.29  194.51
 220.44   74.50
 221.11  124.54
 224.09  178.82
 224.16  112.05
 224.55  193.88
 225.09  200.15
 226.18  134.32
 226.36  203.47
 228.10  205.11
 228.99  198.87
 229.25  179.78
 229.75  186.60
 229.87  172.52
 233.14  125.89
 233.24  202.33
 233.89  114.08
 235.01  208.38
 235.04  188.93
 235.57  199.93
 235.77   53.69
 235.81  180.17
 236.03  184.79
 236.97   50.70
 237.22  167.58
 238.05   47.33
 238.06  165.75
 238.31  193.39
 238.34   36.15
 238.78  175.98
 239.09  198.18
 239.18  171.93
 240.35  209.75
 240.47  205.73
 241.56  128.90
 241.66   51.75
 241.84  179.99
 241.87  198.70
 242.57  123.80
 242.99  106.25
 243.42  184.29
 243.71   36.65
 244.58    9.96
 244.88   46.52
 244.99  206.92
 245.45   56.47
 246.32   17.98
 246.63  201.78
 246.68   98.80
 246.72   76.71
 246.90  180.01
 247.14  129.75
 247.31  180.31
 249.40  198.14
 249.57   18.61
 250.38   49.89
 250.53  184.80
 250.89  190.20
 252.37   75.59
 252.61  195.77
 252.90   35.57
 252.93  102.58
 254.05   45.97
 255.56   81.87
 255.72   25.61
 255.77  209.55
 255.91   73.98
 256.21  127.41
 256.90   56.67
 258.19   91.23
 258.58   98.48
 258.65   84.79
 258.83   77.43
 259.01  188.42
 259.84   40.76
 260.46   70.36
 261.18  193.71
 261.72   19.71
 261.98  179.34
 262.14   27.09
 262.56  189.01
 262.71   24.11
 262.90   59.12
 263.22  189.21
 263.44   49.89
 264.00   17.88
 264.19  184.54
 264.20   98.72
 264.74   56.58
 265.11  131.08
 265.19   29.66
 266.19   33.15
 266.86  194.55
 267.34   59.13
 267.62  191.26
 268.62   24.72
 269.06   47.59
 269.53   98.86
 270.05  196.83
 270.28   77.04
 271.16  135.78
 271.25  129.14
 271.42  136.68
 271.62  200.80
 271.82  184.96
 272.37   59.53
 272.91   70.24
 273.08  127.69
 273.30   21.20
 274.17   30.78
 274.76  197.77
 275.15   49.33
 275.42   98.47
 275.45  129.40
 275.51   98.46
 275.81   91.46
 276.00   84.55
 276.03   77.17
 276.87   27.67
 277.31   44.00
 277.93  131.05
 278.26   70.16
 279.55   73.77
 279.91   78.21
 280.66   40.60
 280.86  189.81
 280.87  185.64
 281.07  179.61
 281.59  210.55
 282.82   75.53
 284.13  101.87
 284.34   40.71
 285.33  187.06
 285.65   33.91
 288.25   45.03
 288.55   99.22
 288.73   76.56
 290.00  200.05
 290.56   55.52
 290.82   37.39
 291.00   16.16
 291.15  184.77
 291.34   31.42
 291.58   50.72
 291.75  102.13
 293.73   22.89
 294.90   12.86
 294.90   18.71
 296.05   40.43
 297.29   10.37
 298.00   52.02
 298.37  187.35
 298.74  194.81
 299.10   33.41
 299.41   58.62
 299.51   33.54
 299.78   34.04
 300.64  125.16
 300.66  202.68
 301.39  200.24
 302.36  197.74
 303.15   43.01
 303.23  121.08
 303.31   57.21
 303.52  128.91
 304.07   25.58
 304.19   47.33
 304.76   47.25
 304.81  130.63
 305.12  200.23
 305.64   50.98
 306.29  204.82
 307.03  183.09
 309.17   46.67
 309.36   36.50
 309.52  186.91
 309.56  186.86
 309.75   59.14
 309.76    7.68
 310.12  210.56
 310.41   10.59
 310.65   20.41
 310.74   51.20
 312.16   39.28
 314.31   52.97
 314.47  190.74
 314.52   20.33
 315.27   32.82
 316.88  187.83
 317.36   77.60
 317.51   51.84
 318.14  200.60
 318.59   16.54
 318.86  209.66
 318.96   81.04
 319.05   60.71
 319.32   69.33
 321.79   54.66
 321.94  196.43
 321.95   82.00
