   7.16   81.39
   7.72  180.80
  11.88  102.55
  12.00  134.18
  13.68  172.87
  14.45  136.47
  15.63  126.71
  15.66  112.09
  15.85  134.74
  15.97  135.25
  16.90  130.41
  16.90   98.09
  18.29   88.80
  19.01  176.18
  19.86  174.53
  20.24  147.18
  20.70  101.94
  22.58  135.76
  24.05  123.60
  24.67  128.39
  24.89  111.10
  25.91  107.64
  26.14  141.05
  26.17  174.16
  27.18  119.46
  27.36  213.42
  27.52  102.50
  28.40  105.56
  30.02  100.42
  30.38  127.26
  30.42   83.78
  30.54  121.91
  30.79  111.35
  30.97   82.29
  31.51  137.06
  31.69  118.44
  31.95  211.37
  31.98   86.15
  32.56  196.49
  32.57  195.82
  34.23  176.87
  34.47  171.51
  34.49   81.13
  34.62  171.47
  35.28   95.58
  36.25  135.20
  36.47  199.43
  37.02  123.06
  37.67   80.23
  38.45  142.01
  38.71  196.77
  39.14  110.07
  39.41  122.02
  40.49  103.41
  40.89  195.60
  40.98  106.31
  41.02  115.43
  42.11   97.10
  42.12   80.88
  42.29  136.15
  42.56  141.09
  44.35  173.72
  44.52  125.93
  44.78  178.16
  45.13  169.67
  45.17   24.68
  45.46  120.51
  45.60  105.01
  45.84   20.35
  46.11  108.73
  46.58   83.21
  47.21   11.63
  48.09  108.77
  48.37   27.19
  48.54  114.27
  48.73   31.92
  49.47  119.03
  49.72  141.52
  49.84  141.46
  50.25  123.95
  50.29   79.22
  50.34   79.99
  50.62   91.88
  50.79  133.23
  51.07  165.44
  51.87   11.50
  51.92  167.21
  52.04   27.23
  53.51  120.68
  53.79  173.95
  54.40  134.06
  54.56  177.07
  54.60  134.83
  54.63   95.96
  55.26  141.12
  56.28   10.42
  56.45  122.37
  56.73  126.21
  56.89   34.56
  57.04   78.83
  57.40   87.63
  57.77   93.38
  57.81  135.87
  59.12   98.44
  60.51  142.08
  61.04  122.19
  61.28  118.83
  61.81   38.81
  62.56   92.71
  62.69  145.14
  63.13  101.62
  63.38  101.63
  64.06  154.04
  64.11  100.61
  64.52  127.63
  65.08   34.18
  65.14  136.05
  65.19   76.92
  67.33  134.44
  67.49  145.03
  68.00  140.80
  70.22   18.65
  70.81   25.55
  71.29  135.24
  71.43   30.16
  71.44   95.17
  71.62  176.95
  71.93  100.48
  71.97  131.59
  72.03  108.64
  72.11  126.98
  74.27   78.04
  74.64  127.36
  74.66   92.59
  74.68   16.05
  74.72  179.33
  74.91   92.23
  76.09  134.62
  76.92  119.00
  77.01  111.09
  77.22  140.85
  77.51  131.11
  77.74   96.17
  77.95   92.46
  78.68  142.51
  79.59   14.91
  81.43   18.40
  81.54   92.38
  81.98  111.85
  82.24   98.08
  82.62   76.23
  82.71  126.94
  83.00   10.35
  83.35   21.25
  83.48   95.98
  85.49   92.37
  86.44  142.67
  86.72   89.58
  86.96  175.12
  86.99   25.86
  88.40  169.70
  92.48   26.37
  92.51  173.12
  92.55   73.72
  93.10  128.38
  93.23  142.85
  93.66  163.41
  93.97   79.02
  94.16  155.17
  95.00   27.97
  96.31  133.51
  96.79  203.03
  96.92  135.46
  99.43  146.10
 100.10  175.63
 100.69  128.33
 100.82  128.45
 101.44  161.46
 102.27   21.35
 102.46  139.16
 103.23   89.59
 104.01  143.91
 104.30   21.83
 105.03  104.05
 107.93  128.87
 107.99   16.37
 108.30  176.62
 108.74   73.38
 108.99  171.91
 109.03  143.42
 109.57  199.52
 110.35  110.06
 111.07  138.69
 111.48  179.97
 111.84   98.65
 113.11   16.14
 114.01   70.32
 116.67  143.10
 116.70  171.92
 117.16  185.55
 117.33  131.35
 117.43   74.92
 117.58   76.38
 117.63   17.57
 118.83   16.48
 118.91  177.25
 119.05  181.00
 119.49   62.87
 120.76  183.37
 120.78   22.33
 120.79  189.87
 123.34   16.23
 123.64   56.25
 123.68   27.27
 123.69   32.10
 123.70   24.30
 123.77   46.06
 124.44   19.32
 124.45   19.43
 124.50   49.99
 125.13  179.17
 125.29   34.93
 125.31  174.76
 126.73   73.61
 127.05   16.20
 127.20    8.03
 127.33   27.10
 127.41  180.97
 127.86  127.78
 128.35   70.51
 128.62   37.81
 128.63   33.50
 129.48  134.43
 130.96   73.27
 131.56   61.64
 131.59  135.99
 131.69  148.06
 131.79   26.23
 132.12   28.85
 132.14  167.24
 132.53   75.84
 134.64  143.08
 135.80  134.11
 135.82  130.99
 137.23  175.80
 138.26   66.98
 139.75  136.33
 139.90  140.22
 140.01   95.44
 140.02  133.77
 142.46  116.81
 145.30  117.51
 146.52  201.30
 147.08   46.43
 147.46  134.55
 148.49  115.21
 149.13  130.44
 151.04  106.65
 151.20  102.36
 151.58  168.19
 151.63  152.00
 152.27   52.26
 152.64   55.83
 152.78  101.87
 152.97   47.90
 153.12  178.69
 153.21   44.90
 154.52   36.04
 155.79  101.77
 156.47   39.08
 157.66   52.21
 160.48  113.68
 160.66   79.50
 160.96   39.40
 161.12   28.20
 162.14  136.12
 162.33   38.60
 162.36  179.50
 162.68  201.67
 163.53  139.67
 164.22  173.10
 164.48  204.59
 165.07  119.97
 165.98  125.93
 166.42  112.79
 166.47  133.10
 166.84   36.71
 169.21  201.98
 169.53  144.80
 169.61  137.53
 170.10  153.69
 170.34  118.98
 171.14  114.21
 171.85  169.81
 171.87   28.45
 171.92   54.86
 172.98  109.68
 173.18   33.21
 173.19   86.35
 173.51  202.41
 174.06  163.91
 174.62  147.98
 175.84   48.81
 176.25  175.69
 177.42  118.40
 178.75  180.83
 178.95  147.88
 179.69   18.58
 179.71   24.53
 179.79   80.91
 179.87  132.48
 179.97  145.13
 181.04  160.34
 181.31   21.27
 181.39   49.55
 181.42  168.29
 182.76  139.93
 183.26   43.82
 183.58   65.66
 184.21   76.00
 184.73   11.47
 184.77   11.05
 184.96  136.21
 185.07   80.60
 185.34   20.45
 186.56   72.79
 186.85   16.58
 186.94  147.45
 187.02  144.45
 187.30  145.17
 187.68   12.84
 188.93  138.89
 189.89   42.12
 191.52   75.33
 191.73   60.75
 191.98   31.78
 193.03   19.99
 193.25   29.02
 193.28   41.20
 193.29  154.09
 193.75  158.09
 193.90   95.97
 195.76   83.70
 196.45   54.86
 196.71   41.19
 197.48   22.14
 198.22   13.56
 198.28  144.91
 198.63  181.06
 198.75   62.77
 199.63   63.33
 199.99  148.11
 200.11   17.03
 200.29   69.60
 200.94   28.46
 202.97  134.51
 203.35  156.02
 204.05  180.90
 204.10   96.25
 205.15   96.47
 205.18   16.39
 205.20   64.19
 205.30   55.78
 206.73   30.12
 207.50   46.92
 208.02  207.39
 208.54  172.03
 209.03  205.80
 209.64   58.09
 210.54   53.40
 210.56   48.52
 210.79   27.18
 210.81   27.02
 211.52  148.65
 211.79   42.49
 211.99  162.55
 212.08   68.08
 212.59  153.11
 212.71  144.92
 214.64  181.88
 215.10  163.16
 218.14  181.25
 218.93   14.16
 219.55   64.10
 220.25  158.22
 220.29   39.10
 220.63   49.75
 220.67  173.88
 222.19   61.05
 222.28  169.16
 223.75   35.43
 224.12   23.55
 224.84   47.98
 225.05    7.25
 226.80   17.14
 227.38   24.02
 227.73   28.87
 228.03  137.97
 228.43   61.39
 228.97   54.41
 229.03  175.92
 229.21  180.84
 230.47   28.16
 230.56  186.52
 230.89   21.02
 231.66   34.23
 232.25  145.58
 233.37   61.91
 234.10  177.90
 234.21   38.40
 234.99  185.56
 235.38   34.45
 235.97   48.71
 236.67   19.15
 237.56  169.91
 237.58   51.94
 238.64   59.47
 239.02  107.82
 240.00  185.41
 241.00   51.21
 241.21  186.04
 241.57   71.00
 241.63   61.87
 241.71   34.69
 242.20   55.73
 242.31  155.20
 242.40   47.73
 243.00   64.60
 243.18  145.17
 243.26   67.06
 243.29   64.32
 244.43  188.85
 245.64   55.81
 245.77   73.63
 245.81   70.19
 247.46   27.52
 247.50  159.75
 247.72   46.20
 247.91  141.02
 249.48   71.49
 249.53  145.87
 249.75   32.00
 249.79  170.40
 249.88   70.79
 250.16   38.39
 250.23   47.98
 250.43   55.57
 251.81   23.92
 253.47  149.03
 254.20   49.70
 255.25   53.71
 255.41   78.36
 255.47   45.69
 255.82  161.97
 255.96   58.80
 256.79  171.10
 257.25  159.52
 257.25  173.90
 257.40  165.83
 258.08   26.98
 258.48   49.12
 258.68   37.69
 258.82   31.87
 258.99   30.84
 259.08  139.40
 259.74  167.40
 260.20  154.02
 260.31  179.03
 261.13  157.30
 261.39   40.40
 261.62   73.94
 268.13   46.37
 269.07  159.99
 270.37   69.62
 270.72  165.18
 270.88  170.23
 272.49   75.91
 273.12   40.05
 273.60   46.46
 275.10  145.19
 275.46   47.83
 277.73  188.64
 278.24  158.59
 278.71  149.12
 279.13   52.97
 279.49  155.16
 279.95  191.07
 280.85  188.19
 283.76   51.12
 283.89   57.75
 285.28  150.23
 285.59   46.35
 286.33   55.65
 286.48  156.48
 288.13   40.46
 290.25   74.39
 291.46   77.19
 291.86  150.79
 294.75   73.60
 295.82   74.99
 296.51  156.16
 297.71  153.85
 297.97   56.31
 298.42  125.59
 302.02   57.31
 302.55   46.25
 302.83   63.61
 304.57   54.29
 307.92   55.47
 308.62   64.14
 309.56   59.23
 310.50   54.28
 314.58   54.61
 315.16  190.57
 316.22   65.85
 319.38   21.76
 320.23   12.40
 320.61  202.60
