   7.33  209.91
   7.60  125.16
   8.63  213.10
   8.77    9.24
   9.48   55.12
   9.49   20.52
  11.10   49.85
  11.44   87.34
  11.61   82.68
  12.39   94.59
  12.82   51.81
  13.26   23.47
  13.66   31.90
  13.68   83.71
  13.69  180.75
  13.86  202.48
  13.92   38.44
  14.19  132.60
  15.58  128.30
  16.25   13.17
  17.77  108.27
  18.04   90.76
  18.12   35.91
  18.30   96.70
  18.99   15.85
  19.65   54.70
  19.84   40.37
  21.38   20.75
  22.19  126.05
  22.25   32.52
  23.22   47.58
  23.52  120.07
  24.80   13.32
  25.83   51.70
  25.89   78.91
  26.01  125.60
  26.77  198.99
  27.26   36.05
  27.42   80.54
  27.89   85.17
  28.02   90.01
  28.18  123.00
  28.37  173.41
  28.43   56.73
  28.77  148.26
  28.96  204.78
  29.39   40.04
  29.55  112.70
  30.76   50.07
  33.17   86.85
  33.38  155.91
  33.40    8.98
  34.01  208.84
  34.06   73.89
  35.15  139.14
  35.26   26.69
  35.52  205.27
  35.77   52.45
  35.99   96.29
  36.13  110.69
  36.70   41.86
  36.78  152.80
  37.00   62.96
  37.36   15.66
  37.77   44.78
  38.00   90.28
  38.01   33.43
  38.23  120.30
  38.59   82.00
  38.68  207.82
  38.71   70.88
  39.43   86.60
  39.60  204.10
  41.05   60.37
  41.27   55.48
  42.85   24.28
  42.91  187.79
  43.13  104.28
  43.43  136.47
  44.14  174.16
  44.20   53.60
  44.71    8.40
  44.80  202.86
  45.39   64.46
  45.58  131.89
  45.98   87.01
  46.95  139.60
  48.67  198.54
  49.78   46.96
  49.89   85.18
  49.97  155.21
  50.40  195.62
  50.81   32.07
  50.84  100.46
  50.93  105.89
  51.08  111.12
  51.16   18.96
  51.65  150.42
  52.23  199.39
  52.46  191.05
  52.64   90.36
  53.62  153.37
  54.06   98.15
  54.61  195.87
  54.64  108.47
  54.75   85.56
  54.93  147.31
  55.00  135.48
  55.12  112.71
  55.16  118.30
  55.53  154.17
  55.75   34.50
  56.23  133.08
  56.30   60.46
  56.39  103.46
  57.54  198.23
  58.01  135.44
  58.01   76.64
  58.19   14.28
  58.38   39.03
  58.41    7.75
  58.62   83.67
  58.71   24.16
  59.53  124.17
  59.82   90.96
  60.50   57.25
  61.37  201.80
  61.46  201.71
  61.53   17.11
  61.69   60.32
  61.86  197.54
  61.94  153.05
  62.06   44.79
  62.37  207.32
  62.58   95.38
  63.15   60.73
  63.86   95.24
  63.98   97.78
  64.02   83.42
  64.33   32.62
  64.39  137.92
  64.91   64.27
  64.97   21.06
  65.72  154.57
  65.80   18.53
  66.88   93.99
  67.16  199.71
  67.36  120.99
  68.67  194.23
  68.77   96.89
  68.87   41.99
  69.52   82.31
  69.65  143.60
  69.91   23.40
  69.98  178.53
  70.17   78.59
  70.24   88.60
  71.10   38.56
  71.39  201.82
  71.50  198.78
  71.57  204.58
  72.20  145.96
  72.23  189.82
  72.34   55.74
  72.42   43.03
  72.42  139.34
  72.54   99.43
  72.73  104.46
  72.86  184.84
  73.82  170.90
  74.13  132.44
  74.28  207.91
  74.57   86.18
  76.31  181.06
  76.32   30.04
  76.63  113.36
  76.67   97.17
  77.08   90.41
  77.19   20.03
  77.50  118.83
  77.51   99.33
  77.52  133.96
  77.65  174.60
  78.18  188.58
  78.59   86.23
  79.24  198.82
  79.30  103.71
  79.74  137.65
  79.90  191.56
  79.91  112.03
  80.50   11.69
  81.51  131.26
  81.66  160.28
  82.07   78.36
  82.26  210.04
  82.28  115.58
  82.67   84.48
  83.02   46.52
  83.24  168.44
  83.32  171.48
  84.15   28.12
  84.23   36.22
  84.54   79.60
  84.79   24.76
  86.26   76.06
  86.68  191.27
  87.40   89.37
  87.53  200.21
  87.56   33.79
  89.40   17.45
  89.89  165.58
  89.93  121.05
  90.12  127.76
  90.72   21.85
  90.99   40.41
  91.01  196.99
  91.04   86.61
  91.43    8.02
  92.42   74.96
  92.93   81.67
  94.59   36.40
  94.81  146.33
  95.57  111.33
  95.87  160.17
  96.41   86.75
  96.97  163.19
  97.48  134.61
  97.67  202.42
  97.95   37.89
  97.95  193.73
  98.17   25.36
  98.22   82.37
  98.23  202.14
  98.27   82.28
  98.44  137.69
  98.68   52.05
  98.91  103.99
  99.15  107.84
  99.26   15.52
  99.31  122.67
  99.57  168.85
  99.94    9.58
 100.31  115.69
 100.52  124.18
 101.46  109.29
 101.77  160.88
 101.87  196.55
 101.97   19.11
 102.06   48.34
 102.30  154.98
 102.53  134.69
 102.59  134.60
 102.68  100.50
 102.88   67.09
 103.20   81.49
 103.41   16.84
 104.04  118.05
 104.33   91.44
 104.44  137.80
 104.52  107.05
 104.55  158.09
 104.58  185.89
 104.98   43.84
 105.11   51.65
 105.39  188.49
 105.86  200.35
 106.85  154.59
 106.85   33.89
 107.06   90.50
 108.40  126.99
 109.46   37.29
 109.51  151.85
 109.73  159.32
 110.23  134.72
 110.46   46.29
 110.59  106.79
 110.76   92.12
 110.81  184.41
 111.17   22.40
 111.20  101.17
 111.20   92.81
 111.68  108.58
 111.75   39.96
 112.06  108.53
 112.51  187.70
 113.18   16.13
 113.19  116.57
 113.62   27.25
 114.00   40.02
 114.24   62.93
 114.58   59.40
 114.65   68.43
 115.55  121.37
 115.58   79.00
 115.65  138.87
 115.68   33.42
 116.50  191.12
 116.89   61.78
 117.57  118.18
 117.61   43.78
 117.63  127.77
 117.95  124.72
 118.31  196.90
 119.41  202.80
 119.93  156.99
 120.58  133.08
 121.26  183.00
 121.59  118.12
 122.04   86.01
 122.15   62.53
 122.53  108.26
 122.71   70.06
 122.78   54.82
 123.51   82.04
 124.01   26.45
 124.29   92.90
 124.46  122.53
 124.46  152.63
 124.99  194.85
 125.11  116.45
 125.72  102.69
 126.21  150.11
 126.45  108.18
 126.56   82.56
 126.74   70.66
 126.96   24.78
 126.98  181.02
 127.39   55.36
 127.59  109.48
 128.53  200.00
 128.74   88.85
 129.02  131.95
 129.08  130.20
 129.69  187.63
 129.92   72.54
 130.05   85.73
 131.10  122.32
 131.11   91.54
 131.54   81.93
 131.95  117.46
 132.75  169.08
 133.77   56.60
 134.26   88.62
 134.45   30.17
 134.70  156.25
 135.43  194.14
 135.52  115.57
 136.15   48.52
 136.22   24.99
 136.75  100.44
 137.18  201.80
 137.22  107.85
 137.32  152.13
 137.42   91.20
 137.48   17.57
 137.70   30.63
 138.16  127.33
 138.21   63.07
 138.56    8.67
 138.61  198.67
 139.17   56.41
 139.85  179.83
 140.42   89.21
 140.44  120.59
 141.42  116.79
 142.53   42.17
 143.07   28.55
 143.43   90.55
 143.51   98.46
 143.95    7.56
 144.03  106.28
 144.03  189.50
 144.03  108.92
 144.22  129.86
 144.26  129.86
 144.88  117.21
 145.01  196.90
 145.58  136.58
 146.80   93.16
 147.33  167.02
 147.75  113.97
 147.78  158.95
 147.79  121.80
 148.29   45.10
 148.66   54.25
 148.88  125.67
 149.06   37.49
 149.36   31.46
 149.41  192.11
 149.89   90.26
 149.94   18.10
 150.32   90.37
 150.35   53.80
 150.54  101.41
 151.36  161.82
 151.70  174.01
 152.93  131.69
 153.37  149.28
 153.39  206.02
 153.73  100.15
 155.43   54.14
 155.50  187.41
 155.75   37.91
 155.87   61.62
 156.20  152.86
 156.26  164.85
 156.54   36.06
 156.56   42.03
 156.68   26.31
 156.95   86.10
 157.01  157.23
 158.00  167.35
 158.54  117.62
 158.58  161.64
 158.73   17.30
 159.10  130.48
 159.70  170.01
 160.13  173.87
 160.80  167.57
 160.95   87.47
 161.02   48.89
 161.23  172.03
 161.37  118.68
 161.41  212.09
 161.43  141.49
 161.73  156.35
 161.86  106.11
 162.05   27.97
 162.05   36.43
 162.62  162.75
 162.67  130.19
 162.72  151.19
 162.99  123.93
 163.32   22.30
 165.52   39.20
 165.64  169.12
 166.16  181.40
 166.28   68.75
 167.62   62.18
 167.73   95.84
 168.29  123.06
 168.48   89.52
 169.26   51.21
 169.33   56.13
 169.33   41.34
 169.56  152.00
 169.87   69.83
 170.03   24.68
 170.06   92.89
 170.13   98.40
 170.36   47.76
 170.38  109.06
 170.47  104.03
 170.83  100.29
 172.48  151.69
 172.65   41.97
 173.13   30.66
 173.16  146.19
 173.70  190.64
 174.04   39.96
 174.17   47.13
 174.31   89.13
 174.58   50.79
 174.96  155.08
 175.33   76.33
 175.53  194.91
 175.67   53.79
 175.70  175.21
 175.74  198.08
 175.84   21.25
 176.49   20.71
 177.40  110.91
 177.77   93.15
 178.27  104.07
 179.21   52.55
 179.63  108.13
 180.08  148.88
 180.14   89.21
 180.24  107.34
 180.40   42.04
 180.61   95.60
 180.87   64.13
 181.73  130.63
 182.98   68.36
 183.13   85.94
 183.85  193.14
 184.26  187.67
 184.73  104.95
 184.83  120.98
 185.06   48.98
 187.81  170.21
 187.88  139.26
 188.14  164.01
 188.28   54.29
 189.76  133.87
 190.49  158.78
 190.78  143.87
 191.00  129.38
 192.25  105.08
 192.50  148.08
 193.24  168.88
 193.33   76.98
 193.69  173.11
 193.99  211.42
 194.14  103.18
 194.74  175.77
 195.41  122.02
 195.97  131.23
 196.13  163.37
 196.30  131.74
 196.42  208.60
 196.62  194.24
 197.25  151.66
 197.25  197.32
 197.45  119.16
 198.19  155.53
 198.33  119.40
 198.86  168.16
 199.45  114.56
 199.88  200.91
 200.30  130.72
 201.84  163.63
 202.19  126.35
 202.46  109.38
 203.12  159.94
 204.40  153.75
 204.48  172.32
 205.08  116.64
 207.54  159.22
 208.15  202.47
 208.67  198.63
 208.84  198.62
 209.71  156.75
 210.33  145.05
 210.92  119.20
 211.08  114.42
 211.53  149.20
 211.71  153.30
 211.93  137.95
 212.21  167.73
 214.42  157.19
 214.82  146.70
 215.05  116.47
 216.55  162.42
 216.60  149.69
 216.63  168.22
 216.67  119.31
 217.50  113.72
 217.98  134.04
 218.13  171.23
 220.46  146.98
 221.73  116.25
 224.30  144.35
 224.33  113.14
 224.40  152.76
 226.11  140.68
 228.80  115.52
 228.97   14.15
 228.98  115.58
 229.59  142.22
 230.26   18.24
 230.86  106.30
 231.32  144.63
 231.67  106.90
 233.83   17.88
 235.72  120.13
 236.03   90.64
 236.25   97.22
 236.64  135.70
 236.69  210.85
 236.80   83.01
 237.26  104.82
 237.95  132.10
 238.54  141.72
 239.33   17.36
 240.71  141.38
 243.04   15.71
 244.95  132.38
 245.35   82.27
 246.61  145.81
 246.65   92.98
 246.72  136.17
 247.50   81.17
 250.09  115.57
 250.66   53.24
 252.82   44.30
 255.59  103.27
 256.37   54.58
 257.53  131.30
 257.85  116.33
 257.85  106.27
 259.78   33.26
 260.09  146.97
 261.44  136.14
 262.61   35.90
 262.90  120.56
 264.55  122.32
 264.91   60.89
 265.50  141.17
 266.58  100.46
 267.70  159.24
 268.19  153.30
 268.72  106.86
 268.79  156.28
 268.84  150.53
 270.49   28.83
 270.58  159.06
 270.60  113.55
 272.31   32.14
 274.88  144.69
 277.06   62.52
 277.45  111.92
 277.79  162.56
 278.15  116.34
 279.41  120.96
 280.00  145.28
 280.53  107.00
 281.06  153.46
 281.51  131.29
 281.95  134.28
 282.35  113.35
 283.05   58.24
 285.53  111.44
 286.53   59.43
 287.57  154.52
 289.13  202.60
 289.58  105.49
 289.86  111.21
 289.92   63.38
 290.73  112.69
 291.00  167.21
 291.40  107.11
 291.44  114.78
 291.94  166.44
 292.68   51.95
 292.91   27.30
 293.03  159.84
 293.05   79.02
 293.83  112.42
 294.78   94.48
 294.91   57.57
 294.99  104.44
 295.46   25.67
 295.82  154.42
 295.97   64.99
 296.15  144.28
 296.56  110.31
 297.00   25.34
 297.10  181.70
 297.33  115.00
 297.36  146.96
 297.77  120.91
 298.55   78.75
 298.55  176.36
 298.67  172.79
 299.22   32.65
 299.40  117.33
 299.49  169.26
 299.57   44.35
 300.35  163.55
 300.45   95.77
 300.89  148.73
 301.42  113.08
 302.69   86.98
 302.88  160.33
 302.89   57.16
 302.98   90.20
 303.00  128.00
 303.01  104.74
 304.06   68.06
 304.85  170.12
 305.29   85.63
 306.32   74.54
 306.38  129.96
 307.15  122.64
 307.16   68.65
 307.43  100.47
 307.66  145.07
 307.89  166.11
 308.51   47.56
 308.75   42.84
 309.01  159.48
 309.57   57.18
 310.19   83.36
 310.40  170.61
 311.47   22.94
 311.61  167.60
 312.34   96.17
 312.68   64.41
 312.71   60.92
 312.86   76.30
 312.87   41.15
 314.16   71.01
 314.59   23.93
 314.89   36.84
 315.41   97.66
 315.53   49.15
 315.95   58.08
 317.22   14.36
 317.71   29.93
 317.92  100.59
 317.93   52.71
 318.14   72.22
 318.54   19.63
 318.72  121.63
 318.86   46.89
 320.31   15.84
 321.83  152.34
 322.73  107.23
 323.17    7.20
 323.32   18.41
 323.36  132.38
