  11.21  158.43
  11.28  150.79
  13.69  164.99
  13.85  150.15
  16.77  151.28
  16.99  123.27
  18.56  149.17
  19.14  148.58
  19.27   96.14
  19.28   99.29
  20.19  129.13
  20.74   78.47
  26.19  128.33
  27.46   46.98
  28.00  143.84
  28.46  143.61
  28.68  135.49
  29.02   79.57
  29.79  150.41
  32.02  145.89
  32.17  160.17
  32.66   52.48
  34.65  145.92
  35.70   79.05
  37.21  169.77
  38.80  162.85
  41.75   64.94
  46.14   75.58
  46.66  134.96
  47.05  165.07
  49.61   88.59
  51.77   67.83
  53.04  134.25
  53.74  125.02
  54.43   60.31
  54.94   69.33
  56.85  128.67
  57.60  134.82
  58.15  131.53
  62.11  128.62
  63.93  134.54
  64.98  153.91
  65.28   74.43
  68.22  130.86
  68.76   71.56
  69.63  134.76
  71.98   67.28
  73.96  133.98
  77.52   68.28
  79.37   74.60
  79.92   65.34
  82.07   70.02
  82.72  127.34
  83.45   61.48
  85.38   68.11
  87.63   72.07
  87.92  163.13
  90.05  129.59
  91.38  134.64
  92.84  144.85
  93.16  121.19
  93.67   62.37
  95.74  130.02
  96.28  126.81
  97.38   65.96
  97.95  167.15
  98.10  206.29
 101.20  131.44
 101.77  149.86
 102.09  205.37
 102.32  128.22
 102.91  153.27
 103.69   60.62
 104.45  207.68
 105.46   56.97
 106.39   66.09
 106.44  144.35
 106.63   79.66
 109.24   72.03
 110.03  142.62
 110.61  151.72
 110.72  150.59
 111.97  189.07
 114.30  205.50
 114.84   56.38
 115.18   62.21
 115.46  189.02
 116.81  181.65
 119.58   56.83
 120.12  204.44
 120.80  127.27
 120.94   78.88
 122.48  135.76
 122.91   59.18
 123.44  143.02
 123.68  186.29
 124.03  102.28
 124.61  125.73
 127.26   55.90
 128.59   64.91
 130.84   95.98
 132.93  139.28
 132.96  139.07
 135.16   64.97
 136.86  136.12
 137.87   88.95
 138.06  131.80
 138.62   88.34
 138.97   94.73
 139.42  112.24
 139.54   87.56
 139.77   56.77
 142.41  135.28
 142.42  114.10
 143.70  140.29
 144.10  126.22
 144.74   66.13
 147.74  126.38
 147.85  148.48
 148.23   93.04
 148.56   59.09
 150.70   54.91
 151.06   94.68
 151.13   64.18
 151.28  139.44
 152.88   47.92
 153.28   46.23
 154.29  181.30
 155.65   38.17
 155.92   59.00
 155.98  101.18
 156.53   54.31
 158.28   47.07
 158.50   35.10
 158.98  203.64
 161.33  129.87
 161.93  134.22
 162.51   33.07
 163.95   52.40
 165.30  100.63
 166.03  133.72
 166.31   29.81
 166.44  133.46
 167.23   43.08
 168.00  184.70
 169.40   28.67
 169.97   63.65
 171.58  106.56
 171.62   96.88
 173.00   30.09
 173.49  184.19
 173.73   38.79
 175.12   95.72
 175.82   66.96
 178.49   88.48
 182.34  134.42
 183.15   69.61
 185.80  134.44
 186.19   95.64
 191.91  133.55
 193.23   70.50
 193.80   27.00
 193.90   78.40
 194.74   32.36
 195.48  203.25
 197.41   66.85
 198.86   23.63
 198.88   20.25
 199.85  132.07
 199.96   97.96
 199.99  108.08
 201.28  134.61
 204.13   88.87
 204.15   44.77
 204.95  107.83
 205.16  125.32
 205.31  126.42
 206.05  110.59
 208.39  136.96
 208.54   29.77
 209.12  132.79
 210.35  198.18
 210.45  192.71
 211.73   27.33
 211.80  207.30
 212.92  136.63
 213.29   67.29
 214.22  126.04
 215.45   63.73
 215.60  199.26
 216.40   27.72
 216.65  203.99
 217.02   55.57
 217.43  135.69
 217.53   45.54
 217.64  130.23
 218.50   40.31
 218.93   33.54
 218.98   66.22
 219.36   49.42
 221.37   91.66
 221.62  211.01
 221.74   91.22
 222.20  190.56
 222.60  134.03
 223.19   43.95
 224.15  200.45
 224.46   47.57
 224.72  193.05
 225.04  131.61
 225.84  136.10
 226.29   59.97
 226.52   39.65
 226.65   69.19
 226.83   43.94
 229.16   88.38
 229.87   68.10
 230.55  129.89
 239.18   61.12
 240.09  118.57
 242.89  197.80
 244.57  194.93
 245.13   66.17
 246.05   62.99
 248.69  200.33
 249.09   63.09
 249.25   96.80
 250.13  203.14
 251.61  164.29
 252.41   55.42
 254.54  179.91
 255.51  171.22
 255.61   58.98
 256.91   58.14
 257.31   65.48
 258.65  109.84
 259.11  175.91
 261.25  111.30
 263.27  183.11
 263.75  176.23
 263.89   61.99
 265.39   64.93
 266.91  107.61
 266.94  186.76
 267.51  186.83
 269.53   67.45
 270.10  175.88
 270.30  165.38
 270.35   59.43
 271.31   95.43
 271.73   68.18
 272.76  106.55
 272.91  123.88
 273.88  110.44
 274.01  174.99
 275.27   67.85
 275.66  191.45
 276.62  197.57
 277.96  193.07
 278.38   69.74
 278.78  182.13
 279.52  208.27
 279.74  108.38
 280.01  177.89
 282.03  129.73
 283.50  174.23
 285.35   67.93
 288.45  177.96
 289.00  193.85
 289.62  171.69
 289.80   71.29
 290.11   97.64
 291.07   69.50
 291.62   66.41
 291.91  180.83
 292.23   76.59
 292.49  174.66
 293.46  126.81
 293.54   71.52
 294.65   67.68
 295.14  205.92
 295.87   58.84
 296.43  200.52
 296.45  129.05
 297.29   77.58
 297.40  167.02
 297.95   71.59
 298.36  181.48
 298.80   51.31
 298.99  176.25
 299.07  195.09
 299.17  186.15
 299.23   51.00
 299.50   75.10
 299.83  110.03
 301.11   54.96
 301.85  168.04
 302.90   89.26
 303.22   60.12
 303.64   74.22
 303.69  189.33
 304.76   46.01
 305.17   38.54
 305.89   86.39
 306.24  131.60
 306.28   54.52
 306.37  100.09
 306.44  165.10
 307.43   78.71
 309.64  194.92
 310.67   37.16
 310.83  131.40
 311.07   30.24
 312.12  103.69
 312.16   79.22
 312.38  110.57
 316.43  180.23
 316.57   88.95
 317.85   84.08
 318.16   38.42
 319.64   59.30
 320.05  173.49
 321.92   62.39
 322.14  177.09
 323.02   66.25
