   8.53   92.56
  11.97   26.26
  12.62   66.39
  12.69   74.94
  12.78   30.21
  12.91   65.99
  13.40   23.68
  13.57   95.07
  15.83   22.10
  17.56   94.96
  18.05   66.19
  19.11   31.97
  21.45   23.10
  22.19   31.87
  22.32   94.88
  22.40   26.25
  22.67  143.96
  23.39   35.34
  23.55   73.64
  24.97   57.99
  25.29   65.58
  26.12   77.37
  27.10   94.55
  28.68   61.90
  28.77   31.71
  29.26   40.19
  29.80   25.34
  30.43  209.48
  31.61   94.67
  31.81   30.93
  33.97   28.43
  35.68   33.39
  36.29   94.63
  36.35  167.80
  36.69  213.36
  39.84   37.10
  40.95   90.84
  41.13   94.53
  42.63   76.11
  43.80   39.79
  45.28  195.34
  45.42   62.15
  45.44   94.29
  45.55   91.30
  46.07   69.92
  48.82   64.60
  49.02   77.36
  49.40   43.41
  49.51  162.47
  49.81   65.41
  50.56   94.26
  51.24  210.66
  52.88   56.23
  52.95  170.62
  54.80  167.75
  55.02   44.90
  55.45   93.99
  55.78   61.43
  58.05   48.97
  60.38   94.00
  60.86  166.79
  65.17   93.50
  65.42   61.17
  66.78  166.39
  67.10   48.99
  69.13   62.60
  70.05   97.01
  70.21   89.96
  70.55   93.81
  71.50  169.20
  72.62  164.10
  75.25   90.72
  75.39   93.62
  78.70  169.75
  79.04   78.66
  79.54   84.24
  79.87  109.63
  81.72  110.11
  83.15  172.44
  84.26   81.62
  84.32  129.10
  86.57   77.07
  86.57   55.40
  87.05   84.31
  88.36   68.49
  88.45  175.71
  88.98   95.36
  89.10  108.43
  89.73  114.49
  89.81   81.51
  89.87  186.63
  90.73   51.60
  90.92  123.99
  92.73   66.35
  93.87   56.16
  94.09   97.27
  94.30  182.64
  94.83  170.75
  94.94   51.45
  96.36   77.89
  96.38  116.68
  97.37  109.23
  97.98  104.41
  98.12  181.56
  98.25  123.52
  98.83   75.44
 100.16  174.94
 100.31   54.70
 103.04  171.19
 104.33  173.57
 104.84   73.31
 105.83   90.76
 106.42   57.49
 106.53   74.23
 107.21  124.29
 108.46  116.02
 110.08   51.92
 110.99   47.79
 112.32  178.11
 113.40   50.41
 113.94  126.43
 114.75   78.15
 116.28  172.42
 119.78    9.74
 120.72  126.50
 122.68   11.06
 122.93   49.24
 123.89   42.98
 124.16   20.01
 124.41   31.95
 124.51   26.44
 124.74   85.28
 125.11  137.94
 125.32   81.39
 125.79   15.30
 126.26   92.32
 126.32   48.54
 126.60  207.42
 126.86   98.67
 127.02   34.45
 127.91   23.14
 128.25  137.96
 128.26   51.81
 128.28  199.51
 128.32   94.80
 128.88  167.90
 128.91   45.05
 129.18  123.06
 130.25   79.68
 131.80  111.36
 132.27  127.78
 132.80  190.54
 134.53  124.31
 134.56   51.52
 134.73  177.40
 135.15  109.42
 135.30  205.71
 136.15   39.44
 136.19   27.06
 136.77   27.69
 137.62  124.30
 138.19   52.73
 138.65   22.14
 139.00   11.39
 140.22   32.03
 140.99   56.62
 141.49   99.90
 142.84  123.44
 143.78   50.37
 145.52  118.15
 145.54   10.17
 145.56  209.28
 146.47  113.90
 146.76   57.71
 147.07  205.11
 147.66   48.57
 147.79  170.62
 149.13   76.53
 149.51  176.23
 149.83   78.99
 149.97  109.03
 150.73   43.97
 153.11   13.84
 153.80  182.21
 154.37   78.68
 155.16   87.58
 155.19  104.27
 156.00   34.09
 156.08   81.80
 156.58   12.19
 158.14   85.06
 158.16   53.31
 159.69   75.60
 160.42   98.53
 161.92   82.69
 163.78  109.33
 163.85   87.05
 164.15  124.60
 164.35  177.66
 164.41  105.01
 167.10   28.46
 168.46  109.28
 169.03  178.67
 170.62   86.81
 171.10  104.81
 171.23   23.68
 172.09   97.42
 173.27   18.45
 173.82   19.93
 174.17   14.42
 175.48  179.67
 177.48   12.95
 177.70   86.66
 177.84  104.85
 177.89  182.26
 178.66  125.23
 178.72   82.29
 178.75   86.09
 179.60  209.79
 180.09   50.38
 180.51   75.22
 182.15  184.32
 182.18  113.01
 182.40  184.12
 183.31   77.74
 183.68  106.63
 184.02  122.66
 184.14  109.54
 184.41  211.01
 185.86    7.10
 186.26  104.05
 186.38   86.73
 187.23  194.92
 188.35  208.46
 188.59  101.47
 188.74  122.50
 189.50  118.16
 189.90  114.68
 191.17  131.43
 191.22  101.77
 191.56  202.65
 191.70  191.25
 192.06   94.94
 192.20  184.73
 192.20  125.87
 192.21   77.52
 192.28  112.40
 192.40  196.39
 193.22  180.06
 194.22  200.56
 194.90   22.18
 195.97  204.32
 196.61  123.82
 199.19  118.84
 199.20  122.97
 199.49  126.99
 199.94  198.13
 200.06  190.09
 200.38   25.42
 201.27  180.11
 201.70  211.17
 201.78   77.30
 202.32   99.39
 202.57  120.06
 204.30  176.22
 204.92   95.60
 205.16   98.85
 206.07  180.51
 206.15   49.79
 209.21  117.88
 209.27   50.06
 209.58   16.43
 210.50   74.20
 210.88  177.39
 211.35  181.93
 211.51   35.65
 213.74   38.72
 214.60  108.12
 214.67   92.44
 215.28  100.29
 215.99   36.48
 218.18   76.78
 219.46   79.20
 219.52  100.29
 219.68   51.39
 220.86  117.91
 223.44   50.52
 225.70   25.09
 227.10   43.71
 227.51  122.97
 227.93  119.03
 228.63  107.96
 228.67   99.09
 228.77   65.98
 229.47  113.93
 231.10   51.27
 231.79  125.78
 232.28  208.85
 232.29   40.56
 232.86  107.29
 233.50   36.82
 233.84   43.40
 235.29  114.74
 236.15  118.16
 236.32  203.63
 236.36  124.32
 236.70  183.65
 236.72   15.69
 236.85  129.88
 237.29  188.19
 237.42   25.27
 237.59   95.21
 237.96   19.68
 239.55  124.86
 240.89   29.01
 242.42  117.50
 243.03   45.52
 243.51  123.09
 243.53  128.44
 243.98  199.91
 244.08  178.26
 244.60  182.52
 245.64   52.98
 245.68  120.62
 246.20  188.37
 246.47  197.04
 246.94   89.26
 247.88  121.41
 248.54  132.20
 248.56  203.28
 248.78   51.77
 249.44   72.04
 249.71  200.19
 250.06  133.35
 250.20  175.00
 250.68   97.92
 250.99   83.90
 251.95  108.84
 252.38  179.83
 252.95   86.46
 253.10  111.73
 253.86   72.08
 254.21  125.20
 254.93   45.56
 256.90  108.56
 257.38  122.11
 257.74  204.56
 258.03  176.25
 258.10   90.31
 258.33  113.49
 259.08  181.38
 259.28  200.50
 260.39   40.61
 261.92  110.81
 263.72  108.69
 263.78   86.01
 263.82  125.37
 264.80  175.00
 268.45  171.69
 268.84   66.31
 268.95   88.75
 269.08   93.83
 269.12   68.45
 271.19  108.41
 271.33  125.62
 271.78   74.96
 272.59  102.32
 274.52   90.92
 274.58   71.06
 277.72   57.25
 278.31  166.67
 278.36  166.35
 278.47  125.50
 278.67   93.92
 278.94   99.67
 279.36   94.12
 279.43   71.47
 283.01  106.02
 283.74  125.84
 285.12  102.79
 285.17  174.06
 285.43   85.26
 285.49  102.59
 285.77   71.73
 287.21  125.07
 288.71   34.97
 288.71  169.25
 288.96   81.56
 289.56  106.07
 292.40  170.02
 293.32  110.96
 293.67   79.79
 294.32   32.06
 295.33  167.80
 295.93  103.18
 297.16  108.45
 298.06   83.01
 300.13   79.73
 300.24  125.13
 300.60  113.93
 301.93  118.49
 302.06  115.18
 303.64   83.79
 304.23  103.26
 304.95   31.28
 305.83  120.85
 306.05   70.58
 306.60   65.81
 308.47   35.14
 308.61  108.97
 308.85   35.27
 309.49   42.40
 310.05  124.41
 310.90  103.23
 312.04   95.95
 312.15  166.68
 312.43   70.92
 313.36   83.56
 313.75   83.39
 315.31  125.88
 317.02   90.26
 317.02   84.11
 319.30   89.05
 319.51   92.33
 322.86  125.77
 323.01   62.45
