   8.44   30.90
   8.48   17.97
   9.74   14.19
  14.31  195.00
  24.49  192.66
  44.98   97.12
  47.85  189.16
  52.72   65.45
  53.60   43.87
  54.22  160.95
  54.55   91.06
  54.86   53.23
  55.03  169.79
  55.61   52.98
  56.12   35.95
  58.45   50.08
  61.34   28.61
  62.28   33.29
  64.66   22.69
  66.82  149.65
  66.86   79.70
  69.09   24.06
  69.59  176.71
  69.75   75.62
  71.87  168.77
  72.40   76.97
  72.85  184.44
  73.25   79.26
  73.56  119.65
  74.26  108.44
  75.01  156.09
  75.33  126.65
  75.44  150.78
  75.54  151.20
  76.58   80.81
  76.73  160.41
  76.79  118.20
  76.89  183.92
  81.36  182.52
  83.66  166.75
  84.45   95.04
  85.17  159.28
  85.81   86.10
  90.35  166.57
  90.36   76.22
  90.72   79.69
  91.31  185.34
  91.56   73.06
  93.09  183.21
  93.38   76.35
  93.63  172.48
  94.15   79.08
  95.62  168.30
  95.97   71.39
  97.88  173.95
 101.21  151.24
 102.38  116.07
 102.51  182.19
 104.46  168.77
 105.02  159.88
 105.49   84.61
 107.11  174.01
 111.79  118.38
 112.71  169.15
 115.84  160.08
 116.63  143.62
 116.88   66.79
 118.07  181.92
 118.25  170.65
 120.38  181.09
 121.11  160.41
 121.34  160.48
 123.51  175.46
 124.19  164.86
 125.39  148.24
 125.60  157.07
 125.79  162.16
 129.36  182.93
 129.64  164.95
 129.70  160.56
 130.08  169.84
 132.90  155.95
 134.17  175.64
 136.31  159.38
 139.40   73.31
 139.73  152.97
 139.94  156.90
 140.95  117.10
 141.49  208.82
 142.04  171.11
 144.46  114.25
 144.97  150.10
 145.15  160.87
 145.16   61.47
 145.88   58.31
 146.33   68.03
 148.40  117.18
 150.02   72.98
 150.31  155.74
 150.59  182.56
 151.15   71.59
 151.21  118.71
 152.43  127.90
 153.67  176.56
 154.13  185.13
 154.55  152.47
 154.85  139.53
 157.06   58.59
 157.25  137.35
 157.41  119.21
 158.93  133.41
 158.99  181.94
 162.13  176.89
 163.09  184.48
 163.40  175.77
 167.00  118.07
 168.23  182.09
 170.28  177.55
 170.77  182.16
 173.63  177.61
 174.58  115.06
 175.78   64.03
 176.02   64.52
 181.05   73.70
 189.65  185.49
 192.67  119.06
 192.96  118.66
 193.64   71.08
 193.86   81.62
 196.42   68.39
 198.75  115.61
 198.78   72.49
 199.74   58.63
 200.24  118.59
 203.63  122.06
 204.31   69.76
 206.00  155.70
 206.35  170.24
 206.58   68.94
 206.88  124.26
 207.43  155.35
 207.51  118.57
 207.87  187.27
 208.47  185.86
 210.45  183.47
 210.46  110.69
 210.49  171.23
 212.01  165.45
 214.47  153.99
 215.02  176.37
 215.14  119.13
 217.07  172.05
 217.09  151.71
 218.61  183.48
 219.11  162.45
 220.38  176.50
 223.63  170.84
 225.07  167.62
 225.73  176.32
 227.06  172.93
 227.19  116.08
 228.42   77.66
 230.00  183.95
 230.54   74.31
 231.73  160.91
 231.82  178.81
 234.31  116.22
 234.56  116.32
 235.38  172.80
 235.48  153.06
 236.04  170.53
 236.29  161.21
 239.61  162.98
 240.08  178.38
 241.63  160.10
 243.27  183.36
 244.05  165.10
 244.30  168.09
 245.79  173.99
 249.09   70.29
 249.77  163.57
 250.14  171.08
 250.26  154.44
 252.34   86.26
 253.82   79.65
 254.18  178.95
 254.54   90.80
 254.58   64.93
 258.22  172.33
 258.87  164.14
 259.34   87.30
 259.89  168.40
 262.20   57.65
 263.01  116.71
 263.35  183.49
 263.59   73.03
 265.36  162.69
 267.48  113.58
 268.17  164.15
 269.28  162.14
 269.80   88.82
 270.84  173.02
 270.88  183.61
 271.64   71.08
 271.86  155.38
 274.63  164.22
 275.48   73.61
 276.26  159.23
 276.42  178.91
 276.57  168.03
 276.84   78.67
 278.73  172.98
 279.25  163.79
 279.48  163.87
 280.98  183.50
 281.56  171.10
 281.93   67.29
 282.32   90.31
 282.51  147.87
 282.68   79.53
 283.23   73.97
 284.01  147.09
 285.45  187.96
 286.77  172.65
 286.89  167.45
 287.46  167.03
 287.86   85.67
 287.92  185.24
 289.97  159.89
 290.66  167.49
 290.73  183.63
 291.43  175.43
 291.91   90.53
 292.73  126.20
 293.69  169.18
 293.71  158.13
 293.97  157.18
 294.31   80.11
 294.79   74.80
 295.63  155.46
 297.18  131.04
 297.33  179.36
 298.67  183.93
 299.23  177.50
 299.39   80.68
 299.81  116.88
 300.40  103.20
 300.53  189.00
 300.69  170.49
 301.65   87.37
 303.33  130.81
 304.46  173.67
 304.96   80.95
 306.09  158.41
 306.67  176.99
 306.72  118.08
 307.65   88.92
 308.71  183.09
 310.24   85.21
 314.01  111.73
 314.18   86.44
 314.23   86.34
 314.83  178.99
 315.23  117.93
 315.72  107.89
 315.79  174.11
 317.38  135.44
 319.22  113.35
 319.50  133.17
 321.33   81.98
