   8.70    8.29
  13.13   58.99
  13.67  168.80
  15.55   46.72
  16.39   93.69
  16.50   51.02
  16.97   56.22
  17.07   17.39
  17.77   67.73
  18.13   42.67
  18.27   95.02
  19.18   51.65
  23.37  174.03
  24.47   39.65
  26.07   49.46
  26.24   62.69
  27.64   56.68
  28.65   29.94
  29.68  174.20
  32.85   68.21
  34.99  181.41
  35.66   60.78
  36.66   22.79
  39.06  173.12
  41.41  170.54
  43.49   84.27
  44.36   19.28
  45.47   12.28
  45.56   16.35
  46.18  169.47
  47.47  175.27
  47.85   34.12
  48.59   42.90
  49.33   64.16
  50.14   92.99
  50.47   13.18
  51.09   20.78
  52.39   56.73
  52.59  185.73
  54.48   31.62
  54.82   36.25
  55.08   59.87
  55.36   46.65
  56.23  180.55
  56.90   89.54
  57.52  110.37
  58.94    9.47
  59.16   59.07
  59.34   35.15
  60.56  108.50
  60.64  185.21
  60.90  114.35
  61.66   33.08
  61.73  202.28
  61.83  177.67
  62.14   87.33
  62.21  143.75
  62.26  150.84
  62.32  147.53
  62.39  158.06
  62.69   43.39
  62.72  136.08
  63.69   76.15
  64.24  181.35
  65.19  178.27
  65.46   85.24
  65.64  173.00
  65.90  177.24
  67.30   57.89
  67.71  189.47
  68.09   70.44
  68.35  165.20
  68.74  107.29
  69.80  160.72
  69.83   38.84
  69.85  169.09
  70.12   42.39
  70.27   32.92
  70.31  184.17
  70.41   24.43
  70.48   33.09
  70.58   20.38
  72.51   18.18
  72.62  156.72
  73.28   22.58
  73.30  158.39
  74.00   40.47
  74.47  134.35
  75.41  160.12
  75.73   50.77
  75.88  174.37
  76.56  156.39
  76.66   84.88
  76.76  153.64
  76.85  133.05
  77.18  185.58
  77.30   33.71
  77.34   85.03
  77.79   60.49
  77.99   39.87
  78.86   77.30
  78.93   77.46
  79.34   81.68
  79.40   44.95
  80.17  185.48
  81.84   68.62
  81.84  130.70
  82.43  181.23
  82.65   54.80
  83.09   43.96
  83.18   73.84
  83.87  170.81
  84.91   47.44
  85.83   77.76
  86.47   39.28
  87.02  106.63
  87.28  177.71
  87.45  161.85
  87.88  181.08
  87.90   82.63
  88.35  188.30
  88.73   43.71
  89.71  174.29
  91.93   81.14
  95.74  178.71
  97.03   77.07
  97.30  170.70
  98.54   85.21
  98.55  180.14
  98.72   80.42
 101.98  175.18
 102.10  164.85
 104.10  180.58
 105.44  171.53
 107.43  183.24
 108.53  169.78
 110.81  189.51
 112.75  185.84
 117.01  162.41
 118.26   82.73
 121.13  107.70
 121.26  174.91
 122.08  186.04
 123.13  171.68
 125.85  179.30
 126.18  165.87
 126.32  188.55
 129.16  185.09
 132.03  155.14
 135.68   73.10
 137.19  193.95
 137.60  187.16
 140.46  182.87
 142.06   69.94
 146.32  180.48
 151.57   59.91
 155.71  115.51
 157.41   62.86
 159.74   65.02
 161.28   61.83
 163.45   63.60
 163.86  180.01
 163.99   69.63
 164.29   73.49
 164.89   60.20
 165.91  164.66
 167.60   55.89
 167.69   63.08
 169.98   60.41
 171.99   63.81
 173.12  178.88
 174.41  106.21
 176.62   62.34
 177.51  166.63
 179.93  161.27
 183.18  185.70
 186.42  192.99
 186.81  190.25
 188.24  178.89
 190.39  200.15
 191.01   75.51
 191.63  204.41
 195.47   74.25
 195.68   73.70
 196.01  115.31
 196.56   81.29
 196.87   78.18
 199.96  181.05
 202.77   81.48
 207.55  182.10
 207.81  105.06
 208.50   75.33
 209.20   85.33
 217.89  181.32
 218.10  177.03
 218.99  102.93
 220.59  170.01
 220.70  173.69
 221.91  112.26
 227.03  175.89
 230.58  174.15
 231.13  108.61
 232.73  169.63
 237.35  173.77
 247.27  116.43
 247.78   98.19
 248.49  172.97
 251.90   71.47
 252.02  120.76
 252.53   76.29
 253.46   86.40
 254.27   33.73
 254.87  115.43
 255.12   21.17
 255.44  111.29
 255.86   90.16
 256.65   24.28
 256.73  131.07
 256.78   31.75
 257.05  158.60
 257.67   36.67
 257.82   94.32
 258.61  112.48
 259.07   78.81
 259.29  117.59
 259.32   60.04
 259.48   89.35
 260.57   24.61
 260.88  157.90
 261.44   51.60
 261.45   69.27
 261.66  148.91
 262.16   31.73
 262.62  141.28
 262.65   41.12
 263.08  114.99
 263.90   64.95
 264.22  122.63
 264.73   98.45
 265.05   27.06
 265.32  131.20
 265.44   38.29
 265.94   44.98
 266.09  156.60
 266.21   52.77
 266.64  171.62
 267.90   68.98
 268.01   36.47
 268.16   64.51
 268.48   38.85
 270.21   25.61
 270.28   52.29
 270.30   61.25
 271.21   36.82
 271.28  130.65
 271.76  120.52
 272.19  116.86
 272.34  173.92
 274.49   34.99
 275.17  105.81
 275.42   11.75
 276.69  123.20
 276.78  123.08
 276.89  130.78
 277.01  173.92
 279.00   30.84
 279.51   43.89
 280.53  157.02
 280.99   47.24
 281.17   30.70
 282.39   70.16
 282.52  125.42
 283.55  170.54
 283.63   30.56
 284.26  119.87
 284.27  118.12
 284.61  131.29
 285.29  162.97
 286.28  174.36
 286.30  137.62
 286.45  160.76
 287.35   17.71
 287.56  103.82
 288.88  167.13
 290.03  112.99
 290.07   99.65
 291.00  137.63
 291.23  122.56
 292.06  170.31
 293.10  128.11
 294.71   94.61
 295.27   97.87
 296.75  181.74
 297.07  168.28
 299.45   28.47
 302.09  161.84
 303.45  127.61
 304.05   25.81
 306.38   17.94
 307.32   32.73
 307.56  135.41
 308.70   26.97
 308.73   25.60
 309.73   95.88
 312.25   12.78
 312.26   98.56
 319.43   94.59
 319.54   16.34
 321.40   27.56
