   9.78  213.51
  10.22   74.29
  10.24  192.73
  10.54   60.71
  10.58   28.05
  11.07   77.07
  11.70   57.27
  11.91   17.72
  13.09   38.95
  13.21  192.01
  14.14   77.17
  14.15  199.68
  14.25  171.93
  14.32  195.72
  14.80  168.05
  15.09  163.48
  15.12   63.05
  15.72   63.77
  15.92  177.40
  16.55   81.62
  16.61  184.65
  16.66  181.07
  17.42  109.59
  17.65   51.49
  17.88   76.30
  18.84  168.97
  19.05  147.31
  19.25  194.78
  20.31  106.83
  20.69  115.80
  20.91  112.54
  21.08   61.78
  21.11  186.78
  21.79    7.64
  22.43  102.46
  22.51  157.56
  22.98   51.34
  23.59   47.23
  23.74  183.13
  23.91  163.53
  24.42  159.56
  24.71  166.52
  25.62  112.37
  26.50  151.32
  26.76  156.66
  26.88  190.24
  27.27  143.18
  27.85  137.36
  27.92  195.52
  28.47   94.26
  28.90  161.47
  29.04  177.38
  29.22  153.79
  30.75  172.49
  31.27  116.03
  31.30  181.99
  32.95  116.07
  33.20  110.86
  33.37  109.06
  34.32  192.20
  34.34   72.91
  34.64   57.44
  35.42   97.14
  36.11  160.98
  36.39  187.24
  36.51  149.92
  36.74  170.85
  37.48   77.97
  37.55  146.15
  38.49  154.13
  39.29   71.27
  39.31  163.43
  39.60   78.40
  39.66  137.53
  40.22   84.11
  40.76   92.21
  41.71  106.20
  41.85  187.19
  42.81  149.16
  43.52   86.08
  43.80  158.41
  44.84   83.21
  44.95  151.72
  45.46  144.15
  45.55   96.38
  46.08  138.73
  46.47  100.93
  46.49  113.97
  46.73  118.34
  48.20  109.35
  49.44  158.18
  50.17  120.99
  50.39  167.46
  50.61  138.57
  50.87  152.04
  50.92  174.27
  51.17  144.59
  51.58  111.54
  51.86  127.51
  52.16   33.37
  52.86  132.12
  53.02  103.72
  53.10  183.72
  53.26  183.50
  54.03  122.45
  55.28   37.82
  55.40  179.74
  56.40   30.14
  56.91  125.24
  56.97  165.28
  58.30  138.26
  58.53  138.35
  59.05   28.32
  59.16   22.76
  59.50  182.48
  60.04  178.03
  60.43  156.92
  61.60   34.61
  62.17  171.85
  62.26  198.27
  62.86   11.05
  63.16  172.87
  63.90  182.78
  64.50   27.71
  64.69  200.68
  64.98   39.59
  65.12   23.20
  65.13   39.80
  65.14  178.24
  65.16   16.57
  65.56  193.21
  65.66  158.88
  65.76  161.57
  66.66   77.24
  67.73   59.91
  67.81   87.93
  68.00  176.46
  68.07   96.62
  69.39  180.44
  69.48   63.38
  69.51   36.53
  69.93   87.48
  70.15  141.81
  70.60  159.95
  71.25  155.47
  71.43  181.48
  71.50   74.50
  71.80   68.91
  72.26  163.00
  72.49  199.06
  72.87   33.33
  73.39   13.35
  73.50  165.48
  73.76  171.57
  74.59   18.05
  74.81  107.42
  74.95   80.17
  75.33   25.16
  75.34  107.14
  75.59   79.23
  76.21  112.72
  76.27   77.58
  76.39   56.86
  76.41  131.29
  76.51  152.92
  76.56   28.06
  76.81  161.13
  77.33   15.51
  77.95   27.45
  78.01  203.14
  78.02   39.39
  78.04  178.82
  78.79  145.80
  78.79   33.07
  78.90  148.98
  79.13   91.89
  79.84   55.98
  80.04   25.46
  80.30   72.98
  81.83  156.84
  82.48   36.68
  82.89   26.72
  84.38   76.43
  84.75  201.91
 116.30   88.05
 116.57   77.13
 116.58   88.22
 116.74   98.51
 117.98   11.85
 118.50   24.14
 118.52   31.76
 120.77   91.11
 121.08   91.02
 121.21  196.41
 122.16   13.55
 122.64  102.54
 122.71  128.98
 123.10   19.22
 124.33  104.02
 124.72   29.85
 125.39   27.77
 125.81   81.41
 126.65   20.91
 126.80   45.02
 127.41   27.21
 127.46   17.31
 129.40  212.55
 129.50   53.80
 129.76   11.09
 129.89   49.85
 130.44   72.52
 130.98   40.63
 131.76   33.52
 132.00  123.62
 132.46   16.95
 133.32   12.34
 133.43   50.52
 134.54   23.67
 135.20  167.36
 136.12    6.80
 136.58  141.96
 136.64  148.13
 136.71   72.92
 137.13  202.87
 137.42   32.93
 137.90  163.70
 137.91   72.26
 137.99  141.03
 138.20   72.00
 138.59  103.30
 138.89   27.80
 139.38  144.00
 140.04   52.25
 140.32   34.78
 142.34  158.41
 142.38   12.21
 142.44  143.77
 142.60  133.13
 143.51  109.04
 145.61   43.04
 146.33   14.54
 146.97  108.51
 147.15   21.06
 147.16  133.67
 147.52   75.61
 147.64  180.27
 148.12  205.20
 148.86   39.75
 149.26  182.89
 150.07  110.51
 151.99  180.08
 152.91   93.81
 153.19   60.75
 153.56  182.58
 153.63   86.24
 153.78   94.41
 154.03   69.48
 154.84   63.58
 154.98  175.92
 155.87   39.51
 156.26  108.24
 156.67   99.28
 156.75  131.29
 156.79  172.47
 157.60   43.71
 157.73   51.89
 157.75   92.81
 158.11  164.91
 158.17  164.92
 158.96   72.72
 159.05  154.40
 159.43  113.91
 159.54   43.08
 160.19   47.64
 160.38   47.78
 160.59   95.31
 160.93  187.55
 161.62   43.63
 161.71  141.94
 161.83   43.66
 162.65   21.08
 164.41   51.95
 164.61   70.23
 164.98  129.95
 165.51   25.84
 165.83   15.14
 167.05   11.85
 167.26  133.92
 167.52  207.28
 168.15   82.03
 168.22  171.31
 168.26   22.39
 170.65  166.30
 171.07  168.97
 171.28   68.33
 171.41   40.00
 171.57   89.29
 173.50   30.99
 175.29  113.62
 175.58   25.23
 175.82   33.26
 176.04   90.94
 177.50   38.53
 178.83   21.11
 179.27   92.18
 179.32  166.01
 179.44   34.50
 180.33   64.31
 180.98  180.65
 182.18   83.18
 183.11   93.66
 183.16   30.59
 184.13  114.56
 184.50  178.67
 184.86   76.92
 185.91   40.11
 186.19  118.15
 186.40   63.91
 186.41  181.61
 186.46  181.66
 186.67   60.52
 186.98  131.96
 187.07  124.68
 187.09  201.46
 187.16   92.30
 189.15  187.77
 189.74   72.45
 190.01   91.24
 190.22   10.20
 190.61   98.82
 192.63   73.58
 192.77   62.18
 193.21   91.61
 193.36  177.07
 193.46  199.30
 194.06   46.67
 194.21  108.18
 194.65  134.88
 194.82   32.62
 194.82  166.39
 194.87  189.19
 194.97  134.77
 195.37   24.23
 196.22  197.30
 197.16   27.37
 197.42   75.57
 198.33   65.08
 198.63   83.57
 198.76   33.73
 199.26  207.42
 199.87   92.81
 200.44  109.98
 200.76   24.19
 200.92   44.95
 200.99   40.39
 201.26   34.68
 201.67  164.06
 203.48  167.24
 203.55   91.44
 203.99  134.75
 204.06   43.64
 204.95  193.73
 205.00   17.48
 205.21   38.73
 205.23  194.57
 205.49    8.83
 206.61   45.99
 207.62   36.19
 208.11  205.31
 208.34  205.61
 208.54  196.48
 208.83  167.92
 208.93  194.24
 209.73   30.13
 209.79  200.33
 210.66   64.08
 210.94  144.63
 211.02   22.86
 211.39   55.17
 211.40   12.88
 211.79   69.47
 212.17  189.53
 212.73  194.77
 213.17  197.48
 214.24  209.74
 214.53  131.98
 214.67  111.62
 214.70   64.37
 214.92  132.07
 215.00   29.74
 215.04   59.95
 215.36  144.98
 215.60  108.40
 216.10  112.87
 216.13   71.02
 216.23  122.17
 216.79   12.73
 216.88   93.03
 218.08  189.53
 218.34   68.70
 218.53   82.83
 218.91   17.30
 219.10  184.21
 219.35  108.51
 220.12   95.91
 220.67   72.16
 220.83  111.08
 220.94  192.58
 222.29  190.23
 222.76  101.43
 223.09  128.38
 223.12  135.23
 223.87  116.42
 223.91   17.68
 224.14  208.60
 225.54   79.33
 226.38   85.42
 226.54  168.17
 227.38  199.66
 227.95   94.89
 228.68  144.94
 228.76   81.77
 228.87  113.08
 229.18   17.33
 229.52   31.41
 232.38   69.94
 232.48  168.51
 232.49   33.71
 232.56   82.15
 232.70   91.50
 232.77   74.00
 233.09  153.67
 233.15  131.79
 233.16  135.65
 233.18  138.53
 235.67   76.19
 236.10   84.26
 237.00   72.86
 237.58   59.10
 237.89  148.63
 238.74   66.83
 238.82   66.31
 238.94   17.20
 240.80   57.43
 241.39   21.46
 241.86   47.23
 242.88   23.72
 242.96  110.64
 243.22   12.87
 243.60  121.30
 244.58  197.54
 244.61  153.69
 244.82   55.02
 245.05  108.10
 245.27  158.85
 246.35  120.56
 246.81  105.13
 246.90   38.66
 247.23   70.34
 247.57   48.06
 248.01  169.50
 248.65   35.09
 249.05   18.05
 249.93   16.50
 250.12   41.98
 250.43  138.68
 250.92   40.79
 251.03   68.73
 251.65   22.47
 252.38   52.45
 253.09  107.52
 253.90  155.74
 255.17   64.61
 255.35  104.37
 255.36   64.20
 255.87   35.76
 256.43   41.02
 256.52   53.19
 256.94  172.11
 257.38   13.38
 257.61   70.40
 258.17  158.45
 258.35   97.93
 258.42   86.86
 258.51   45.08
 258.59   79.98
 258.95  101.82
 259.15   40.48
 259.48  200.63
 260.43  167.23
 260.80   84.97
 260.93  142.47
 261.45   59.09
 262.70  168.55
 262.86  172.49
 263.08   40.37
 264.09   97.10
 264.86   64.55
 264.98   85.97
 265.93   65.80
 266.02   72.31
 266.34  167.42
 266.70  177.45
 266.91  208.70
 267.43   38.66
 268.46   69.97
 268.53   46.45
 268.62   99.35
 268.68  166.30
 269.32  115.13
 270.52   60.05
 270.61   39.14
 270.90   29.80
 270.96  165.20
 271.07    7.41
 272.00  124.37
 272.01  161.45
 272.60  123.11
 272.77   55.58
 272.79  101.43
 272.94   68.12
 273.02  210.34
 273.17   74.12
 273.40   78.99
 273.58   41.35
 273.91  173.23
 274.15   37.80
 274.41   82.57
 274.45  133.72
 274.83  143.88
 274.92   50.38
 274.97  109.85
 274.99  159.91
 275.27   45.15
 276.00   86.59
 276.23  165.08
 276.81  179.43
 277.17  158.10
 277.22   66.73
 277.45  188.72
 277.48   57.83
 277.71   69.86
 277.81   79.41
 278.10   34.01
 278.11   75.93
 278.65  177.04
 280.23   43.59
 280.57    8.31
 281.09   11.60
 281.09   21.69
 281.82  123.20
 281.97   84.82
 282.26  170.26
 282.89   58.87
 283.08  193.10
 283.16   91.87
 283.68  110.56
 283.99   51.79
 284.53   77.77
 285.23  160.11
 285.57  167.46
 285.58  165.23
 286.38   54.66
 286.79   59.74
 286.83   92.16
 287.56   83.54
 287.74   71.31
 287.77   64.18
 287.99  136.72
 288.29   44.48
 289.50  152.50
 290.58  133.26
 290.72   37.51
 290.75   58.19
 291.39  139.43
 293.14    9.00
 293.22   61.57
 293.23   91.98
 293.38   95.48
 293.88   92.16
 294.04  112.16
 294.37  111.34
 294.73   92.82
 295.26  170.84
 295.64   42.51
 295.73   25.82
 295.91   48.12
 295.98   74.17
 296.04  134.07
 296.16  108.15
 296.19  157.82
 296.22  137.69
 296.82   69.71
 299.00   58.16
 299.07   39.86
 299.25   21.82
 299.28   26.42
 299.44  147.74
 300.78   15.08
 301.04  104.38
 301.14   49.01
 302.04  127.46
 302.29   95.57
 302.38   79.49
 302.75   23.97
 302.82  185.00
 302.86  171.31
 303.65   17.72
 303.85   51.97
 304.17  166.75
 304.50   19.50
 305.13  107.89
 305.21   59.74
 305.53  188.68
 306.05  151.49
 306.15   39.34
 306.69   51.60
 306.82   78.83
 307.19  158.10
 307.85   57.31
 307.96   12.56
 308.36  173.16
 308.44  176.81
 309.07  126.00
 311.29   49.99
 311.37  143.81
 311.95  120.95
 312.65  151.40
 313.79  110.12
 313.85  162.57
 313.92   60.78
 314.01  159.10
 314.16  136.92
 314.97   36.10
 315.21   28.59
 315.56   56.42
 316.04   14.32
 317.27   74.43
 317.32  114.94
 317.90  133.53
 318.74  131.06
 318.77   68.01
 319.06   20.94
 319.36  160.75
 319.44   78.22
 319.82   44.66
 320.90   74.18
 321.09   55.10
 321.40   40.81
 321.57  190.31
 321.73  115.68
 321.78   48.20
 323.61   51.40
