   7.36   87.40
   8.51   42.43
   9.44   74.65
  10.03   53.72
  12.01   88.28
  14.69  125.86
  14.93   96.15
  16.09   28.73
  17.18  152.99
  17.42  132.78
  18.18  128.52
  18.27   39.89
  18.36  115.63
  18.46  197.47
  18.56  161.53
  19.39  131.70
  19.69  196.60
  19.77  185.87
  20.13   48.99
  21.28   97.32
  21.45   45.44
  22.71  152.76
  22.80   51.38
  23.64   94.07
  23.93   83.77
  25.60  115.24
  25.79  180.59
  26.07  197.44
  26.58   48.28
  27.33  196.85
  27.60   42.45
  28.37   51.94
  29.61   30.57
  30.61   35.29
  31.28   60.07
  31.32  189.89
  31.61  115.96
  31.64  147.06
  31.78   49.79
  32.25   45.75
  32.33  102.58
  32.51   69.59
  32.69   40.20
  32.81   99.54
  33.79   64.64
  34.44   59.85
  34.54   56.60
  35.00  107.57
  35.20  107.78
  35.23  190.82
  35.87   29.84
  35.93   85.16
  35.97  177.21
  36.21   31.91
  36.87   91.09
  37.09   43.23
  37.31   16.21
  37.88   61.45
  38.09  188.60
  38.36  200.95
  38.44   34.54
  39.12  104.38
  39.30  175.08
  39.71   65.80
  39.72   31.87
  39.79  198.29
  39.96   20.08
  40.10   85.89
  40.11   59.29
  41.39   14.24
  42.00  165.96
  42.39   17.09
  42.59  126.80
  43.00   67.61
  43.03  193.66
  43.12  152.46
  43.83   59.91
  44.92   70.52
  44.95  175.55
  44.99  179.77
  45.04   34.99
  45.39   74.81
  45.42   16.23
  45.69   43.39
  46.46   20.25
  46.90  163.42
  47.44  159.65
  48.73  197.03
  49.39   63.49
  49.63  160.49
  50.09   46.67
  50.70   31.82
  52.37  191.45
  53.23  129.96
  54.61   62.55
  54.97   39.96
  55.31   50.39
  55.56  127.04
  57.23   58.53
  59.34  169.29
  60.83  169.35
  64.12  163.95
  66.23   49.71
  68.24  160.81
  68.49   46.04
  69.87  153.07
  70.74  124.45
  73.25  182.74
  75.34  124.63
  78.85  159.38
  81.33  124.54
  84.01  180.86
  87.01  163.95
  87.45   52.85
  87.50  125.15
  88.87  159.45
  89.43  156.23
  89.92  127.33
  90.06  179.42
  92.49  160.42
  92.53  162.75
  93.08  124.69
  95.06  153.38
  95.59  127.64
  97.21  158.10
  99.24   47.81
 100.31  153.78
 102.45  127.67
 104.87  124.88
 107.53  128.23
 108.23   49.45
 109.27  179.41
 109.84  163.37
 110.76   51.35
 111.20  191.11
 112.18  175.26
 112.33  197.30
 112.67  200.35
 114.31  176.92
 114.31  161.70
 114.52  128.32
 114.58  188.56
 116.37  125.05
 116.51  202.97
 118.17   47.31
 119.45  157.72
 119.69  179.84
 119.93  128.88
 123.05   52.58
 123.44  188.64
 124.48  182.47
 124.86  179.52
 124.98  136.38
 126.24  154.97
 127.04  132.18
 127.70  148.22
 127.73  165.94
 128.87  150.45
 129.59  130.79
 129.69  151.16
 131.35   51.45
 131.66  165.32
 132.39  169.76
 132.84  132.57
 133.36  203.08
 135.21   46.66
 135.23  175.30
 136.72   50.77
 138.04  163.62
 138.63  143.66
 138.88  152.89
 140.27  203.43
 141.36   42.14
 141.46  169.48
 141.47  185.00
 142.02  144.57
 142.10  166.32
 142.41  201.07
 142.50   46.69
 142.53  152.90
 144.82  149.10
 144.89  169.76
 145.60   37.07
 145.64  203.66
 146.50   42.53
 150.49   38.46
 150.49  128.31
 152.05  141.65
 153.47  130.79
 156.42   37.08
 156.50  181.87
 157.06  145.58
 157.12  165.73
 157.93  166.07
 158.15  136.37
 159.86   35.65
 160.09  194.57
 160.57  189.90
 162.04  184.14
 162.57  167.24
 162.76  130.86
 163.30   32.87
 163.44  204.04
 164.30  180.92
 165.14  162.96
 165.78  159.60
 167.07   31.61
 168.48  146.49
 169.34  206.57
 169.69  139.25
 169.82  112.11
 170.05  121.99
 170.24  182.25
 170.31   39.00
 172.17  179.40
 172.65  145.32
 172.82  110.96
 172.93  134.42
 172.94   36.13
 173.12  127.16
 173.20   35.45
 173.34  139.43
 173.40  122.10
 173.44  116.58
 174.03  187.91
 175.19  184.92
 175.63  183.05
 177.27  145.20
 177.35  139.61
 177.49  106.65
 177.80  122.35
 178.00  116.47
 178.02   36.70
 178.07  112.05
 179.58  203.24
 180.36  187.90
 181.10   53.84
 181.12  154.68
 181.25  171.06
 181.27   33.10
 181.41  178.38
 181.74  145.62
 182.00  134.98
 182.07  139.57
 182.21  122.44
 182.24  127.04
 182.49  116.71
 182.75   52.14
 182.76  196.32
 183.13  111.20
 183.84  187.83
 184.21  181.57
 184.64  159.58
 184.64   30.68
 185.34  139.80
 185.74  122.58
 185.79  163.48
 185.92  145.78
 186.09  134.78
 186.34   52.95
 186.34  129.38
 186.51  176.60
 186.65  113.20
 189.99  173.35
 190.10   53.41
 190.48  167.11
 191.17  202.33
 192.81  196.42
 193.04  142.48
 194.21   33.12
 194.24   51.68
 194.24  155.01
 194.95  160.27
 195.25  171.25
 196.62   53.59
 196.91  157.17
 197.09   30.59
 197.98  192.96
 198.27  205.52
 199.52   57.08
 199.87   50.59
 199.88   32.57
 200.09  160.12
 201.11  171.64
 203.22  202.52
 203.81   30.77
 203.94  109.29
 205.00  195.28
 205.33  149.01
 206.15  128.85
 206.91  168.90
 207.06  114.81
 207.69   32.23
 207.75  120.10
 208.43  147.66
 208.98  207.01
 210.10  162.29
 211.77  162.03
 213.75  157.70
 213.78  157.66
 214.84  207.00
 215.08  171.85
 215.27   55.97
 215.36  109.24
 216.56  149.52
 218.53  111.70
 220.14  196.26
 220.71  150.25
 221.50   48.63
 222.31  142.09
 222.50   59.73
 222.66  154.68
 222.76  171.96
 224.33  111.98
 225.12  158.49
 225.23  169.62
 225.61  131.03
 226.26   59.96
 227.47  172.17
 227.66  115.29
 228.73  199.69
 229.16  165.33
 229.39  199.73
 229.49  204.20
 230.02  195.82
 230.07  207.07
 230.38  128.04
 230.96  170.26
 232.25  187.86
 232.50  121.56
 233.78  204.91
 233.79  173.05
 233.87   52.06
 235.03  110.29
 235.39  201.37
 235.44  167.85
 235.73  154.53
 237.25  116.40
 237.99  199.74
 238.53  206.90
 239.46  202.56
 240.22  106.52
 240.63   54.41
 241.47  194.65
 241.55   49.09
 241.75  194.63
 241.95  122.62
 241.96  164.15
 242.82  128.57
 244.16  161.11
 244.34  109.57
 244.49   51.48
 244.53  204.65
 245.14  113.51
 245.18   47.60
 245.58   62.30
 247.96  173.72
 248.30   57.84
 249.22   60.75
 249.36  206.52
 249.66  120.39
 250.82   66.89
 251.18   52.42
 253.42   63.42
 253.76  114.06
 254.38  125.65
 255.16  161.08
 255.42   67.70
 256.57   72.56
 256.91  194.25
 257.04  111.29
 257.70   70.48
 258.53   78.89
 258.80   75.60
 258.83   85.14
 258.96   61.57
 259.37  164.82
 260.41  193.63
 260.46   78.16
 264.07   53.28
 264.61   82.73
 265.77  210.56
 265.92  185.89
 266.53  197.93
 266.63   80.18
 267.15  191.02
 268.50  163.95
 268.55  114.84
 269.36   82.44
 270.33  210.59
 270.60   88.51
 271.93  172.86
 272.25  117.07
 272.56  121.22
 272.64  125.32
 273.29  177.16
 273.84  204.54
 274.04  190.87
 274.20   83.46
 275.50  124.08
 276.27  168.68
 276.43  111.91
 277.63  191.45
 278.65  115.54
 279.63  103.73
 279.82  203.95
 280.30  101.33
 280.44  120.03
 280.45   84.81
 281.12  109.74
 283.03  113.26
 283.29  123.33
 285.06  185.47
 285.53  118.60
 286.07   93.15
 286.33  113.04
 286.47   76.33
 287.14  191.11
 288.47   85.81
 288.89  185.53
 290.18  203.15
 292.13   86.00
 295.28   98.57
 295.90  195.95
 300.00  111.29
 300.24  108.15
 300.99   72.08
 301.09   65.82
 301.10   61.98
 301.43  141.57
 303.53   96.86
 303.86   98.91
 303.94   91.38
 304.03  142.27
 304.35  204.18
 304.52   76.70
 304.99  181.09
 305.04  154.70
 305.12  104.99
 305.24   58.31
 306.21   70.12
 306.98   51.51
 307.09  199.66
 307.95  149.04
 308.35  200.39
 308.56   65.34
 309.12  194.89
 309.77  175.61
 310.85  185.94
 311.10  103.26
 311.13  205.35
 312.13   54.02
 313.73   97.88
 314.21   22.56
 314.22   59.95
 315.41   87.81
 315.74   51.05
 316.44   27.78
 317.04  204.90
 317.24   85.58
 317.50   13.04
 317.62   45.19
 318.16    9.45
 318.55   24.17
 318.58  199.10
 320.21   14.86
 320.46   34.01
 321.13   54.35
 321.56  146.17
 323.30   83.36
 323.72  190.04
