  13.58   71.17
  14.71  167.09
  14.77   68.48
  16.73  153.46
  18.47  128.32
  18.48   65.49
  18.53   68.35
  20.57   85.90
  21.93   63.94
  22.50  127.82
  22.96  172.25
  23.94  173.19
  24.23   65.99
  25.92  152.80
  26.69  170.07
  26.84   61.80
  26.90   61.75
  27.06   92.31
  27.88   87.03
  31.00  172.56
  31.27  182.26
  31.54   59.91
  31.67  187.31
  35.32   54.33
  35.71   58.17
  36.78  144.66
  38.86  117.78
  40.33  109.98
  41.32  147.80
  41.52  172.06
  41.94  135.69
  43.36  119.53
  43.59  112.36
  45.52  168.59
  45.57  101.48
  47.08   91.70
  47.62  103.78
  49.20  173.37
  50.07  158.57
  52.09   93.52
  52.89  153.55
  55.05   70.38
  55.39   75.34
  55.41   76.50
  55.89   80.24
  56.44  167.99
  57.61  165.12
  59.12  148.03
  59.13  175.17
  59.88  120.00
  60.78  183.75
  61.05  183.50
  63.75  173.52
  64.46  139.64
  66.00   81.15
  67.17  151.74
  69.60  122.34
  71.36   73.47
  72.12  152.45
  73.17  174.00
  73.85   77.89
  77.29  140.62
  77.33  152.66
  77.59  117.27
  78.76  116.57
  78.86  164.91
  78.94  142.94
  79.36  138.27
  79.43  177.52
  79.52  172.27
  79.56   78.12
  79.62   96.83
  82.09  145.50
  83.53   95.49
  83.63  109.32
  83.95   86.50
  84.03  167.88
  84.07  178.67
  84.42   76.28
  84.53  173.40
  84.61   58.22
  84.63  179.89
  84.89   71.29
  84.90  160.14
  85.41  153.37
  85.45   65.97
  85.78  142.73
  86.23  142.01
  87.03   96.78
  87.07  116.47
  88.28  171.59
  88.63  171.00
  90.20  163.33
  90.22  163.21
  90.23   81.88
  90.53  155.29
  90.60   66.17
  91.09  183.81
  92.60   54.33
  93.04  169.09
  93.14   69.57
  93.29  173.96
  93.67  158.04
  95.29  176.68
  95.90  122.67
  96.34  178.54
  97.12   82.28
  97.83   83.92
  98.01   62.50
  99.67  148.83
  99.96  139.16
 100.63  117.55
 100.73  153.48
 101.20  163.21
 101.86   81.50
 104.28  148.69
 105.19  178.14
 105.21  117.17
 105.55  139.51
 105.74  172.17
 105.80  102.80
 106.82   62.90
 107.09  151.48
 107.55   89.15
 107.66  165.99
 107.79  158.66
 109.50   52.81
 110.43  159.96
 111.26  163.96
 113.76  166.71
 114.99  129.30
 116.74  100.91
 117.88  163.30
 120.75  113.43
 121.19  113.66
 121.52  108.75
 121.86  119.76
 123.50  164.62
 124.31  111.57
 125.71  148.93
 130.85  120.18
 130.91  140.34
 131.88  114.32
 135.86  133.17
 136.49  139.94
 136.52  136.71
 142.65  139.94
 142.88  119.50
 143.24   63.17
 146.46   61.81
 146.87  156.14
 147.37  149.12
 149.03  107.12
 151.81  128.34
 152.10   63.51
 153.30  123.64
 153.30  115.53
 153.60  138.19
 153.96  143.18
 154.92  114.16
 156.33   97.17
 158.25  136.03
 158.34  141.10
 158.48  157.01
 158.74  107.76
 160.59  151.41
 160.67  138.40
 160.67  148.52
 160.68  129.94
 160.70  143.60
 161.49  128.87
 161.69  120.35
 161.78  109.36
 161.87  136.85
 161.90  100.93
 162.02  120.87
 163.06  141.01
 164.57  138.59
 166.00  149.84
 166.08  111.89
 166.14  125.75
 166.16  102.78
 169.29  183.86
 169.70  100.86
 169.85  121.25
 170.17  136.83
 170.99  180.90
 171.07  143.97
 171.32  133.71
 171.42  154.90
 171.44  138.49
 171.46  127.97
 171.80  188.65
 172.50  177.61
 172.87  141.03
 173.16  207.00
 173.74  107.95
 174.23  113.49
 175.13  180.49
 179.17  142.08
 179.32   99.86
 180.36  144.47
 180.76  149.30
 180.90  159.47
 180.91  152.72
 181.51  188.58
 181.71  128.43
 183.46  118.71
 184.78  107.89
 186.62  148.68
 186.69  155.85
 187.07  193.42
 189.30  119.50
 189.65  132.65
 189.86  140.06
 190.76  114.06
 191.52  157.54
 193.40  179.35
 195.16  137.47
 195.45  208.98
 197.83  134.15
 198.06   85.52
 198.67  182.39
 201.74  139.59
 203.10  175.87
 205.72  136.81
 206.93  111.58
 207.46  175.59
 207.63  159.20
 210.21  154.82
 210.36  108.73
 210.37  119.96
 211.84  113.96
 214.34  170.61
 214.40  192.36
 215.57   61.28
 217.02   97.65
 217.14   87.66
 217.15  128.96
 218.64  152.89
 219.14   84.42
 219.33   54.21
 219.69   64.44
 220.05   93.63
 220.80   57.46
 221.09   81.57
 221.54  168.03
 221.75   50.24
 223.67   46.78
 225.82  170.88
 225.86   31.77
 226.16   30.86
 226.24  102.21
 226.38   27.69
 226.64  127.34
 226.79   40.81
 227.49  148.32
 229.76  112.91
 230.13   58.36
 230.36  171.39
 230.72   45.29
 231.02  118.05
 231.21  139.42
 231.29  161.87
 231.52   87.06
 231.88   23.28
 233.15  153.51
 234.63  169.65
 234.89  164.88
 234.96  174.39
 235.15  122.37
 235.29   23.06
 235.83   71.65
 236.64  111.06
 238.91  159.83
 239.48   20.98
 239.96  170.72
 241.37  166.86
 242.00  117.41
 242.77  139.74
 242.91   21.18
 242.96   97.70
 243.29  116.56
 243.73  173.38
 243.90  131.71
 244.61   52.50
 245.11   66.37
 245.84   78.09
 246.25   88.88
 246.31  162.54
 246.33   95.40
 246.45   20.99
 247.57  109.40
 247.85  173.69
 248.40  143.96
 248.54  161.71
 248.73  155.27
 248.92  170.57
 249.61   21.09
 249.78   97.78
 250.16   30.95
 250.31  162.27
 250.35  119.74
 250.43  115.87
 251.80   68.35
 252.34  117.32
 253.02  139.77
 254.27   34.51
 254.67  164.63
 256.18  162.36
 256.57   22.61
 257.74   34.80
 257.78   26.71
 257.90  170.50
 258.00   60.52
 259.33  153.28
 259.82  122.41
 260.07   85.57
 261.83  171.23
 263.76  171.15
 263.97  138.32
 264.24  100.38
 264.27  154.45
 266.01   22.88
 267.44   58.60
 267.70  163.43
 268.47  203.51
 268.66   90.27
 268.70   26.54
 268.94  147.54
 269.22  176.71
 269.40   30.97
 269.54  134.92
 270.60   22.95
 271.24  123.17
 271.67  170.91
 271.74  150.92
 272.02   94.05
 274.05  153.55
 274.36   27.14
 275.67  172.46
 276.11  151.00
 276.51   88.74
 277.50  101.50
 277.74   30.78
 277.77   84.91
 278.31  142.23
 281.16   30.85
 282.71   40.09
 285.40  106.77
 285.43   89.77
 285.52  131.38
 286.03  135.08
 286.05  172.65
 286.14  139.07
 286.40  142.96
 286.98  189.35
 288.22  101.94
 288.41   49.60
 288.59  103.72
 288.92  116.05
 289.33   73.58
 289.38   47.75
 289.41  147.88
 289.80   88.48
 289.92   41.85
 290.23  173.28
 290.96  146.11
 291.68   85.56
 291.95   91.01
 292.93  120.95
 293.19  171.62
 293.76   87.60
 294.48   85.90
 295.54   92.62
 296.88   96.98
 298.10  100.88
 299.58  201.13
 300.22  196.12
 300.27   55.77
 300.40   70.04
 300.58  131.22
 301.10   47.88
 301.43  171.05
 301.67   50.99
 301.69  171.20
 301.76   62.67
 305.17   92.48
 305.98   96.02
 306.28   73.51
 308.40  171.90
 310.45   62.91
 316.83  174.12
 319.97   93.22
 321.38   55.33
 322.90   88.04
