   9.62  153.98
  12.15  206.52
  12.67  148.71
  13.13  104.85
  17.17  161.04
  17.57   25.45
  17.84   91.31
  17.85   96.95
  19.23   13.31
  20.41  184.17
  20.44   25.24
  22.20  173.04
  23.82  209.61
  23.83  103.77
  25.42  141.78
  25.81   33.85
  26.06  142.87
  26.12  185.59
  26.36   82.39
  26.48   20.64
  28.01  148.56
  28.09  156.10
  28.11  191.79
  28.31   94.72
  29.28  101.77
  29.53  112.13
  30.47  173.58
  31.91   30.06
  32.10  141.46
  32.20  103.73
  32.40   94.86
  32.49   16.00
  32.54   77.34
  32.70  188.14
  32.86  143.66
  33.57  184.74
  33.68  169.99
  35.02  112.68
  35.37  116.79
  35.41  120.37
  35.73  125.53
  36.51   22.05
  36.71   83.28
  36.76  148.31
  37.31  196.05
  37.68  187.86
  37.99  158.13
  38.09  134.36
  38.22  134.61
  38.29   98.30
  38.30  142.96
  38.60  192.16
  39.07  170.18
  39.68   85.65
  40.20  139.39
  41.26  143.81
  41.79  111.85
  42.21   13.62
  42.70  116.59
  43.11  187.51
  43.76  124.06
  44.20  169.04
  44.74  157.86
  45.66  197.63
  45.76  109.71
  45.79   85.47
  46.89  119.02
  48.59  182.52
  48.94  149.55
  49.54  105.54
  49.77  111.37
  49.78   85.72
  50.24  160.59
  50.31  100.24
  51.23  176.25
  51.48  179.66
  53.12   85.04
  53.32  125.39
  54.59  148.00
  54.77  141.60
  55.20  112.80
  56.63  111.23
  57.14   84.99
  59.32  137.08
  59.59  113.14
  60.29  158.33
  61.56  139.07
  61.71   37.86
  63.81   83.62
  63.82  106.46
  64.00  100.83
  64.67  157.27
  64.87  181.76
  65.30  136.80
  66.28  152.50
  67.40  159.09
  67.47  159.09
  67.68  133.62
  68.00  161.76
  70.19   46.57
  71.05  145.28
  71.56  188.18
  72.26  130.49
  72.85  135.13
  74.45  111.75
  74.94  134.27
  76.03  107.42
  76.11  158.62
  76.12  143.48
  76.82   64.45
  77.14  182.39
  77.34   48.64
  77.56   98.54
  77.79   80.60
  78.03   80.62
  78.43  125.38
  78.52   73.06
  78.55  112.70
  79.16  134.06
  79.45  190.29
  79.57  195.30
  79.67  155.33
  79.76   48.29
  80.45   76.39
  80.55   69.57
  81.72  150.28
  82.09  129.29
  82.76  133.23
  82.86   51.07
  83.38  113.27
  83.71   53.76
  83.74  158.00
  84.25  142.73
  84.57  195.29
  84.85  151.74
  85.47  170.93
  85.61  184.64
  86.22  188.61
  86.41   33.06
  86.69  148.45
  86.97   63.58
  87.16   71.45
  87.45   66.97
  87.69   60.23
  87.72   54.67
  88.16   72.09
  88.29  152.72
  88.48  159.33
  88.69  163.65
  89.37   97.58
  89.54   81.17
  90.00   49.42
  90.71  187.28
  90.86  170.89
  90.94  187.27
  91.50   63.33
  91.99   52.61
  92.78   72.46
  93.17  177.71
  94.66  182.27
  95.40   73.14
  95.64  187.10
  96.95   54.02
  97.01   81.81
  97.55   60.05
  97.62   27.62
  98.38  173.11
  99.89  148.75
  99.97  158.74
 100.47  185.22
 101.92  173.47
 102.63   25.56
 103.39   79.75
 103.95  158.04
 106.03   45.45
 106.52   81.15
 106.93   25.76
 107.57  154.94
 108.86  158.48
 111.39   18.68
 111.54  153.99
 112.24  168.86
 112.49  185.04
 113.02  173.56
 113.55   32.38
 114.26   45.67
 114.51   19.04
 115.58   19.54
 115.97  150.01
 116.02   35.04
 116.53   51.76
 116.62   41.17
 117.15  179.89
 117.39  154.35
 117.90  123.85
 118.10  112.09
 119.00   79.38
 119.23   79.10
 119.75   21.36
 120.71  128.33
 120.72   31.89
 121.09   75.47
 121.89  173.10
 122.85  155.81
 123.05   44.07
 123.74  159.08
 124.39   30.42
 124.53  150.18
 124.58   23.30
 125.02   79.06
 125.52  102.29
 125.82  162.61
 125.94   51.41
 126.44   26.75
 126.51   61.81
 126.58  177.67
 126.59  169.72
 126.60   35.06
 127.53  175.64
 127.95   19.03
 128.42   45.02
 129.29   49.95
 129.59  182.48
 129.60  173.16
 129.77  182.49
 129.96   39.20
 130.23   31.72
 130.58  128.38
 130.67  160.05
 130.98   24.93
 131.29  103.90
 132.24   60.53
 132.69  131.38
 132.72   37.43
 132.84   71.52
 133.11   17.89
 134.13  102.56
 134.43  175.66
 135.16  155.28
 135.65  158.88
 135.67   63.24
 136.29   64.16
 136.76  172.44
 137.29   52.16
 137.92  106.21
 137.96   13.40
 138.01   75.58
 138.15   71.03
 138.78  159.84
 138.99  183.06
 139.09  156.68
 141.00   77.84
 142.27  176.68
 142.38  176.62
 142.58  159.52
 143.49  178.54
 145.35   66.50
 146.36   77.50
 146.56   76.34
 146.70   64.53
 146.85  184.79
 148.00  157.40
 148.62  122.91
 148.92  160.43
 149.55   71.17
 151.20  134.79
 151.54  155.48
 151.64  123.04
 151.82  123.08
 152.57    9.54
 152.91  177.33
 154.03  160.88
 155.07  102.03
 156.00   99.52
 156.27  169.45
 157.45  138.55
 159.22  115.26
 159.77  161.33
 162.51  158.95
 163.74  174.48
 163.76  161.70
 163.89  115.20
 163.98  103.53
 164.07  108.34
 164.49  181.76
 164.56  136.72
 167.09  150.82
 167.75  104.53
 168.09  134.77
 168.16  125.42
 168.36  111.35
 168.61  129.71
 170.10  162.34
 170.43   99.68
 171.63  179.79
 172.35  165.09
 172.87  104.04
 173.80  108.76
 176.33  135.27
 177.66  132.38
 178.98  160.75
 179.95  115.04
 182.01   90.65
 182.16  154.66
 182.87  164.96
 184.23  179.02
 185.78  184.33
 186.97   14.38
 191.08   81.36
 191.70   21.94
 193.00    9.26
 193.76   73.53
 193.98  182.28
 194.15   65.16
 194.80   17.60
 195.03   26.57
 195.37   20.45
 198.06   11.87
 198.98   23.19
 199.50   32.42
 201.14   16.27
 201.79   46.29
 202.06   10.04
 202.17  188.33
 202.88  178.79
 202.97   86.68
 204.41   52.59
 204.46   25.43
 205.04   37.78
 205.29   17.92
 207.01  157.88
 208.45   34.77
 209.47   17.25
 210.49   42.33
 211.26   26.57
 211.63   13.71
 212.35   22.35
 212.40  158.72
 213.56   48.14
 213.67   10.84
 213.87   79.93
 214.88   79.34
 216.04   23.78
 216.69   22.61
 216.89   15.16
 217.21   34.60
 217.39   28.92
 217.63   38.94
 217.79   98.74
 218.15   42.53
 219.19   46.88
 219.35  164.34
 219.97   11.94
 220.21   19.45
 220.97   30.90
 221.14   36.12
 223.06   27.90
 224.25   85.62
 226.06  163.18
 230.05   77.17
 231.06   73.95
 231.19   69.64
 231.57   83.32
 235.43   51.25
 235.80   61.17
 236.33  179.13
 237.05  104.50
 238.43   75.64
 239.18   16.32
 239.83   63.26
 240.57   88.01
 241.87  133.28
 242.25   76.88
 243.03  130.21
 245.11  109.88
 246.08   83.48
 246.90   17.80
 249.04  129.17
 249.90   84.08
 250.70   73.83
 252.45  109.37
 252.58  184.52
 252.58  125.53
 254.39   85.30
 255.61  164.44
 255.64   17.97
 256.25  158.53
 259.76  103.91
 259.84  184.52
 260.90   74.50
 260.95   78.12
 261.15  201.99
 263.70  189.52
 263.90  147.78
 264.65  152.65
 265.13   26.31
 268.36  179.15
 269.41  158.66
 270.06  154.94
 270.20  130.38
 270.40   83.66
 270.40  137.20
 271.10    8.10
 271.68  183.67
 273.97  163.04
 274.31   28.22
 274.64  129.46
 275.21   86.67
 275.62  146.09
 275.69   25.19
 276.82  151.58
 278.05   77.01
 278.88   67.85
 279.04   82.44
 280.31   87.65
 280.81  165.52
 281.02   29.14
 281.42   21.06
 281.49   10.38
 282.25   79.32
 282.26  132.24
 282.71   82.35
 283.97  139.66
 284.56  165.40
 284.78   91.00
 285.51   31.16
 286.10  159.46
 286.65   81.25
 286.88  191.57
 287.40  181.62
 287.98    9.95
 288.44  176.70
 289.22  191.72
 289.72  152.51
 289.95   28.64
 290.12  164.61
 290.56  185.99
 290.98   11.52
 291.76  131.61
 291.92   80.19
 294.55  190.15
 294.88   77.24
 294.91  180.91
 295.17  110.57
 295.36  116.71
 295.63   84.30
 296.04   73.95
 296.06  134.73
 296.09   97.03
 296.34  139.51
 296.88  145.08
 297.28   89.06
 297.32  148.71
 297.57  187.57
 297.73   24.59
 298.48  158.19
 298.69   33.23
 298.77   76.70
 298.89  176.49
 298.90   31.47
 299.02   19.48
 299.85  151.71
 300.59   81.26
 301.57  146.86
 301.84  150.91
 302.82   25.88
 303.22  133.35
 303.26   17.28
 303.30   58.26
 303.34   66.18
 304.83   79.02
 307.00   58.65
 307.44   55.86
 307.69   16.39
 309.81   13.80
 310.35   51.65
 310.96   38.59
 311.19   61.80
 311.60   87.66
 311.96   84.11
 313.38  132.01
 313.39  135.46
 314.03  190.98
 315.51   43.66
 316.92  154.70
 318.20   77.95
 318.39   41.66
 320.01   68.89
 320.38  103.46
 321.37  177.68
 322.48  118.88
