   7.81  207.11
   8.89  143.25
  14.66  125.51
  14.85  162.77
  14.92  152.98
  14.99   87.01
  15.27  191.70
  16.59  138.82
  17.19  185.28
  18.09   79.60
  18.42   88.06
  18.46   75.51
  18.99  134.65
  19.60  128.33
  20.16  185.77
  21.20  170.75
  21.50  201.69
  22.00  155.26
  22.35  191.56
  23.84  144.81
  23.88  140.82
  24.02   74.51
  24.03  172.02
  24.39  127.37
  25.04  175.10
  25.27   20.86
  25.61   20.73
  25.82   69.74
  26.55   14.34
  26.70  129.15
  27.10  124.24
  27.16   74.02
  27.53  203.90
  27.84   67.70
  28.44  152.43
  28.65  127.94
  29.37  195.31
  29.97  212.85
  29.99   95.82
  30.18  141.70
  30.20   90.89
  32.63   20.89
  32.63  140.58
  32.74  145.13
  33.05  202.65
  33.18  132.08
  33.37   24.61
  34.73  168.54
  34.75  137.41
  35.29   91.69
  35.36  137.48
  36.11  196.97
  36.17  171.79
  36.18   99.47
  36.22   69.21
  36.24  104.32
  36.32   99.41
  36.92  126.43
  37.49   23.01
  38.04   29.47
  38.29   88.77
  38.41  146.60
  38.50  212.91
  38.68   25.77
  39.35  168.01
  39.40  141.37
  40.24  117.09
  41.50   90.75
  41.72   87.37
  41.96  108.63
  42.22  188.91
  42.25   23.70
  42.75  116.43
  43.50  122.15
  43.81   27.60
  44.06  145.19
  44.50  143.39
  44.94  135.20
  45.61  124.79
  46.36   29.92
  48.18  129.44
  48.47   84.94
  48.80  138.41
  48.84   29.72
  49.58   83.56
  49.80   88.46
  50.17  140.69
  50.20   15.84
  50.34  181.95
  50.94  110.56
  50.98  210.46
  51.65  195.04
  51.70   93.82
  52.40   33.04
  52.94  137.01
  53.02  134.69
  53.05  212.77
  53.38  198.67
  54.29  102.95
  54.33  110.25
  54.52   83.57
  56.05   22.43
  57.51  139.39
  57.85  173.02
  57.89   84.16
  59.57   26.33
  59.74  209.99
  59.92   20.44
  60.01  106.43
  61.17   86.15
  61.48   96.02
  63.14   96.49
  66.21   20.21
  67.66  171.05
  68.61  139.22
  68.85   19.88
  68.96   19.88
  69.55  210.41
  69.57   91.28
  71.10  198.44
  71.35  137.87
  71.83   26.63
  72.16  188.56
  73.03  150.05
  73.11  205.13
  73.31  139.65
  74.15    9.54
  74.79  100.31
  75.23   20.73
  75.79  202.71
  76.46  210.00
  77.95   24.36
  78.10  205.09
  78.44   18.54
  78.54  169.28
  78.98    9.32
  79.40   85.49
  79.79  170.77
  80.24  145.63
  80.61   14.62
  82.60  145.00
  82.78  213.10
  83.23  157.92
  83.31  138.49
  83.53   76.26
  84.43  141.52
  84.94  162.20
  86.74   27.39
  86.75   27.76
  87.51  165.81
  90.85  210.70
  91.04  142.74
  92.29   25.17
  92.50  175.05
  93.25   57.90
  94.02   28.48
  94.31   21.54
  94.36  137.08
  94.62  169.55
  95.05  172.94
  96.25  149.77
  96.53  158.50
  97.21   22.32
  97.84   12.21
  98.82   91.12
  98.88   45.91
  98.94   31.08
  99.71   15.47
  99.94  139.77
 100.04    9.43
 100.16   22.98
 100.60  163.11
 101.48  202.24
 101.76   47.34
 101.80  155.73
 102.08   39.80
 102.19   28.75
 102.25   58.53
 103.07  114.26
 103.10   32.65
 104.67   56.11
 104.93  201.83
 106.50  150.26
 106.60   72.60
 107.55  210.03
 107.59   32.18
 109.05   28.94
 109.43  172.39
 110.42   39.40
 110.58  168.21
 111.66  195.64
 112.65  131.13
 112.84  183.21
 113.21  158.00
 113.56   91.30
 114.19  138.79
 114.85  200.39
 115.35  187.56
 115.49  201.95
 115.61  177.92
 115.92  170.86
 115.94  174.70
 116.63   91.44
 117.41  149.25
 117.51   54.85
 117.92   68.46
 118.29   67.93
 119.24  203.90
 119.87  103.02
 119.89  189.13
 120.75  199.87
 120.81  167.80
 121.05  194.17
 121.68    7.06
 122.00  137.60
 123.64  153.64
 124.04   95.50
 124.08  149.99
 124.38  173.02
 124.72  183.20
 124.89  157.08
 125.58   93.92
 125.84   65.09
 126.00  187.07
 126.56  101.17
 127.41   52.59
 127.88   91.96
 128.05  200.98
 128.26  161.56
 128.30   52.60
 128.45   52.79
 129.77  167.63
 129.82   66.51
 129.95   34.49
 130.11   66.14
 130.96  210.25
 131.23  186.88
 131.23  172.15
 131.24   45.87
 131.39  103.71
 131.42   61.65
 132.51   63.42
 133.53   44.60
 133.69   94.16
 134.93  194.74
 135.96  188.05
 136.86  190.53
 139.30   31.44
 139.31   43.47
 140.64   43.22
 140.69  158.90
 140.86   46.34
 141.15  108.31
 141.20  175.53
 142.10   86.48
 142.61   99.55
 142.64  212.36
 142.94   62.98
 143.00  117.46
 143.04  182.00
 143.09  163.18
 143.52  154.78
 144.00   97.63
 145.05   28.94
 145.25  175.59
 145.61   55.53
 145.93  205.20
 146.49  114.65
 146.56   93.16
 147.21  101.14
 147.27  157.44
 147.54   33.32
 147.84   95.80
 147.84   43.56
 148.39  172.55
 148.72  185.32
 148.99  210.40
 149.14  154.41
 150.08  167.22
 150.15  149.69
 151.52   94.25
 151.54  157.88
 152.16  212.56
 152.88  168.88
 153.17  179.25
 153.44  113.10
 154.47   73.16
 154.82   40.06
 154.90  158.85
 155.67  178.28
 155.94   96.50
 156.17  151.07
 156.34  171.12
 157.23  186.91
 157.23   69.72
 157.24   63.00
 157.29   80.14
 158.38   78.82
 159.74   91.56
 160.00  162.63
 160.20   35.10
 161.07  102.64
 161.58   66.94
 162.58   37.55
 163.24  118.09
 164.50   50.61
 165.89   26.68
 165.92   69.55
 166.73  177.79
 167.55   56.31
 167.92   46.09
 168.09  102.68
 168.16  167.40
 168.82   87.30
 168.84  187.17
 169.01   33.16
 169.56  174.37
 170.52  193.96
 170.75   59.46
 171.45   50.84
 171.98  181.68
 172.04   41.61
 172.34  171.17
 172.38   43.47
 174.24   63.39
 174.39   56.28
 175.59  174.46
 175.63   45.73
 175.98   46.39
 176.03  171.28
 176.68   83.48
 178.36   81.68
 178.48   50.54
 178.81   67.39
 179.50  174.07
 179.75  117.82
 180.35  164.82
 180.68  210.08
 180.91  169.03
 181.38  100.36
 181.91  194.29
 182.74  201.24
 182.97   58.11
 184.39  176.64
 184.49   74.14
 185.01  169.23
 186.37   81.05
 187.56  209.28
 188.27  171.33
 188.68  197.39
 191.98   59.83
 192.01   64.37
 193.35  162.01
 193.50   71.42
 193.88  168.90
 194.12  173.89
 194.86  198.40
 195.17  164.72
 195.22  115.22
 195.29  191.13
 195.41   62.97
 195.75  151.93
 196.75  179.25
 196.96   68.64
 196.99  171.19
 197.65  108.01
 197.76  160.21
 198.37   78.84
 199.29  156.84
 199.34  169.04
 199.99   59.50
 200.08   58.00
 200.60  160.34
 200.62  147.35
 201.66  194.00
 204.63  157.27
 205.59  190.95
 207.12  194.97
 208.00  177.80
 208.12  174.25
 208.75  115.72
 209.20   70.57
 210.45  180.96
 211.01  166.58
 211.13  160.85
 211.15  194.41
 212.86  140.21
 213.54  121.40
 213.78  128.52
 214.31  169.17
 214.57   64.95
 214.59   82.71
 215.58   77.54
 216.22  179.57
 216.40   71.88
 216.61  140.53
 217.17  185.80
 217.32  190.46
 218.12   82.00
 218.33  181.60
 219.04   61.12
 219.23   55.99
 219.36  191.78
 220.03   74.68
 220.73  164.55
 221.23   78.59
 222.49   65.38
 222.75  183.58
 222.85   66.14
 222.96  120.10
 224.25  173.73
 224.97   70.30
 226.74  203.77
 229.01  173.84
 231.17  108.49
 231.78  196.57
 232.32   62.97
 232.43  200.06
 234.89  174.05
 234.97  169.76
 240.73  209.79
 241.21  120.50
 244.35  207.74
 244.49  204.13
 247.43  108.57
 247.76  102.45
 248.25  191.72
 248.61  207.67
 252.71   73.68
 252.98  115.93
 255.83   86.42
 256.71   88.25
 257.31  203.98
 257.82   76.06
 259.05  144.46
 259.45  178.19
 261.12  154.22
 263.42  108.76
 264.11  210.84
 264.29  178.31
 264.76  151.14
 266.80  168.78
 266.82  208.58
 266.96  175.35
 267.63  203.39
 267.90  127.39
 268.64  201.62
 269.76  175.51
 271.19  171.78
 272.11  200.44
 274.63   96.97
 274.98  211.32
 275.21  168.84
 277.77  198.89
 278.09  203.51
 278.70  122.25
 278.94  118.07
 282.45  200.40
 282.47   96.18
 283.13  119.94
 283.21   89.41
 283.95  164.22
 285.35  122.83
 285.35  113.25
 285.55  180.51
 287.12   91.42
 287.72  169.47
 288.02  204.08
 288.92  115.65
 289.00  173.54
 289.42   96.57
 291.44    9.63
 291.94  152.20
 291.99  100.82
 292.89  108.86
 293.20  104.04
 293.45  169.38
 293.75   87.88
 294.46  113.38
 295.22  130.48
 295.99  109.79
 296.31  119.50
 296.52   99.16
 296.65   13.02
 296.66   99.25
 297.38   86.57
 297.85   18.89
 298.06   91.00
 298.45  105.01
 298.83   18.37
 299.76  184.60
 300.45   85.42
 300.76   95.03
 300.89  136.22
 301.50  166.98
 302.10  171.43
 303.57  106.97
 304.75   92.70
 305.04   23.14
 305.17  165.10
 305.18  168.56
 306.53  163.77
 308.76  121.20
 308.91  127.71
 309.46   94.92
 309.55  169.45
 309.85   22.33
 310.01   91.84
 310.86   11.71
 311.25  196.58
 311.62  208.08
 311.68  168.82
 313.17   85.06
 313.90   82.25
 314.57  177.67
 315.04   11.61
 315.36   88.10
 317.26  208.68
 317.55   15.19
 317.87  169.36
 318.21   78.11
 321.70   94.52
 321.85  101.45
 322.12   79.50
 322.38  184.40
