   6.85   48.61
   7.38  203.62
   8.75  179.34
   9.85   83.94
  11.16  203.88
  11.34  139.54
  11.91  181.27
  14.72   80.68
  14.89   56.89
  17.72  196.53
  18.12  190.22
  19.08  184.72
  22.66   50.94
  24.28   28.08
  24.35  190.05
  24.59  203.53
  25.77   18.74
  27.30  172.06
  30.48  206.24
  30.51  190.50
  30.58  209.43
  32.86  123.66
  33.66  184.09
  33.71  193.85
  34.32  211.03
  37.01  208.92
  37.76  190.88
  37.88   57.54
  42.21   51.41
  43.48   12.92
  44.86  184.98
  46.32   51.18
  48.51  134.00
  48.75  134.07
  49.28   51.20
  49.78  130.94
  50.15  207.84
  50.45  189.51
  54.61  210.10
  56.93  204.72
  56.98  211.88
  57.42  174.93
  57.61  178.83
  60.66  206.65
  63.25  200.79
  63.50  181.13
  64.49  178.41
  64.55  205.38
  67.04  203.15
  67.80  202.09
  68.64  198.39
  68.64  185.34
  68.81   79.78
  68.83  197.99
  68.96  210.91
  69.42  205.63
  72.31    8.97
  74.41  118.91
  74.72  199.21
  74.79  178.09
  74.82  173.89
  75.13  210.85
  75.31  204.93
  77.46   16.42
  77.49  149.69
  77.53   47.18
  78.89  184.56
  79.11   95.77
  80.11   74.19
  80.14  146.39
  80.97  177.41
  81.32  210.51
  81.45  204.57
  81.54  125.69
  81.82   36.47
  81.88  198.56
  83.50  146.58
  83.52   30.27
  83.66  194.66
  83.83   50.59
  84.54  200.94
  84.92   54.81
  85.20  123.87
  85.28   45.76
  85.80   12.26
  86.20  192.91
  86.94  184.72
  87.50  210.41
  87.54  204.94
  87.64  196.61
  87.85  176.85
  88.13   33.87
  88.27  104.28
  88.37   23.37
  89.12   98.16
  89.54  191.60
  89.60   80.17
  89.73  187.88
  90.19   54.52
  90.57   75.35
  90.61   48.96
  90.72  201.50
  91.13   36.91
  92.07   13.27
  92.32   58.98
  93.41   24.32
  94.01  173.06
  94.16  196.70
  94.16  209.87
  94.25  176.82
  94.94   29.15
  95.06  191.00
  95.10   74.48
  95.71   77.92
  95.78   59.51
  96.26  108.15
  96.43   25.95
  97.15   96.10
  97.20   30.79
  97.28  102.20
  97.37   56.41
  97.79   42.62
  98.23  179.35
  98.24   82.62
 100.00   90.72
 100.72   51.31
 101.44  110.89
 101.76   83.26
 102.45   72.45
 103.72  167.02
 103.79   86.15
 104.13   23.88
 104.39   61.79
 104.46  108.54
 104.86  211.08
 104.93  186.21
 104.96  182.36
 106.93   13.68
 107.25   81.33
 108.25   31.22
 108.36  180.97
 108.42  204.87
 108.46  198.41
 108.52  175.84
 108.63  120.54
 109.29   69.53
 110.97  192.60
 111.39   85.33
 111.84   21.98
 112.31  183.94
 112.49   41.44
 113.44  172.32
 113.52  123.76
 113.74   74.06
 114.06  178.24
 114.07  178.28
 114.33  186.01
 114.45  213.28
 114.68  196.64
 114.89  206.14
 117.39  146.29
 117.94  172.41
 118.44  141.05
 120.21  149.32
 120.74  196.24
 120.75  208.21
 120.78  213.07
 121.09  145.24
 121.10  178.97
 121.51  116.06
 121.93   91.39
 122.09   88.48
 123.92  210.75
 124.47  176.92
 124.62   95.21
 126.42  212.98
 126.49  186.48
 126.95  179.32
 126.99   69.93
 127.65   77.82
 128.73   74.45
 129.64  183.92
 130.09   98.03
 130.57  104.31
 131.47  119.95
 132.18  178.81
 132.57  186.19
 132.92   91.69
 134.93  183.89
 136.17  138.36
 138.04  186.47
 138.23  209.10
 138.59  179.36
 141.12   66.56
 141.38   68.55
 143.59  106.20
 143.73  186.52
 143.78  179.18
 144.79   69.23
 146.08  151.21
 148.59  209.31
 148.78  106.12
 150.74   87.61
 151.43  103.52
 152.34  169.01
 152.78  187.47
 153.43  106.30
 155.55  206.43
 156.73  168.73
 157.46  151.17
 158.80   67.93
 161.16  174.20
 161.47  178.87
 161.62  208.77
 161.91   71.19
 163.06  151.07
 163.15  212.15
 163.70   81.64
 164.89  175.81
 166.08   67.83
 166.45  212.05
 167.00  179.30
 167.39  171.99
 172.54  178.73
 172.86  151.04
 174.04   77.12
 178.24  176.14
 178.53  211.68
 181.27  169.63
 184.48  211.57
 184.60  146.35
 189.18   57.71
 190.06  178.81
 192.75  145.77
 194.91   57.80
 195.25  175.10
 196.31  147.37
 196.95   50.98
 199.29  150.63
 200.70  178.76
 201.80  171.39
 204.41   64.46
 206.25   62.00
 206.29  178.58
 206.45  175.43
 206.86  200.36
 207.57   49.34
 207.95  147.84
 211.80  146.31
 212.23  178.51
 212.24   51.51
 212.45  199.30
 215.09   62.41
 217.45  146.46
 218.56  194.55
 220.09  175.25
 221.13  147.69
 222.40   43.32
 222.61  178.42
 222.73   60.99
 222.73  168.66
 223.90  192.10
 225.29  175.72
 225.62   55.61
 227.76  190.88
 228.60  177.60
 229.39   47.48
 229.85   29.28
 230.87   60.91
 232.53  210.06
 233.57  184.64
 233.71  176.56
 234.54  167.79
 234.70  206.78
 236.06   64.62
 236.48  195.72
 236.56  171.03
 238.03  202.16
 239.57  169.88
 240.06   20.21
 241.38   26.93
 243.37   72.63
 243.45  198.66
 245.08  170.22
 247.80    9.47
 249.05  167.00
 249.23  166.96
 249.38   74.77
 250.45   66.38
 250.79    8.61
 251.37  205.31
 251.89   56.44
 252.38   57.28
 252.96  198.94
 253.18  177.59
 253.82   66.01
 254.74  203.57
 255.15   71.40
 255.59  173.63
 256.22  165.87
 256.72   13.10
 256.91   31.92
 257.06  184.84
 258.09  181.90
 258.27   79.08
 262.46  138.87
 264.28   83.03
 265.82  174.69
 266.00  210.62
 266.68   81.86
 267.27  172.04
 267.39  178.97
 267.85  176.90
 268.53   20.00
 271.14  115.49
 271.61  199.14
 272.61   27.83
 274.23  119.80
 274.73  170.52
 274.93   70.88
 275.50   77.19
 276.03  137.60
 276.12   56.71
 276.64  177.04
 276.81   95.55
 277.19   32.46
 277.24   80.20
 277.44   89.60
 277.52  175.15
 277.62  193.97
 278.27  167.06
 278.53   68.24
 278.77   70.12
 278.96  100.53
 279.87  197.64
 280.33  130.65
 280.50  142.23
 281.08   19.33
 281.50   74.85
 282.35   60.24
 283.06   51.96
 284.09  163.77
 284.26   73.31
 284.43  171.65
 284.62   30.69
 285.21    7.71
 285.23   20.05
 285.52  109.91
 286.13   30.30
 286.41   51.60
 286.91   88.85
 287.12  176.42
 287.15  102.00
 287.84   82.06
 288.22   71.86
 288.76   59.74
 290.57   56.05
 290.76  168.85
 291.16   82.47
 291.31  108.58
 292.35   85.83
 292.54  176.12
 292.78   78.78
 294.17   54.01
 294.18   76.09
 295.00   97.33
 295.55   84.87
 295.73   68.01
 296.47  106.16
 296.82   29.57
 296.94  172.50
 297.39  113.40
 297.65  176.81
 297.87  101.85
 298.03   59.33
 298.46   78.34
 300.36   82.08
 300.47   79.89
 300.75   92.87
 301.11   49.12
 301.23   34.32
 301.27  108.30
 302.76   27.63
 302.83  177.23
 302.88  172.20
 303.65   65.02
 303.81   27.09
 304.03   87.15
 304.27  109.72
 304.38   74.95
 304.47   22.89
 304.90   38.27
 304.99   92.73
 305.34  170.13
 305.45  113.79
 305.62  175.44
 305.94   16.56
 306.59   84.66
 307.56   74.73
 308.92   75.36
 309.82   32.08
 310.22  169.96
 310.22   85.57
 310.26   65.40
 310.84   42.16
 310.99  102.98
 311.87   62.33
 312.29   97.68
 313.33   19.12
 313.48   42.87
 313.52  174.43
 313.88    8.99
 313.99   14.47
 314.31   90.14
 314.50  130.80
 314.57   44.78
 314.58   33.47
 315.12   52.65
 316.20  115.13
 317.92  103.82
 318.38   16.31
 318.56  178.54
 318.98  139.17
 319.03   76.01
 319.04   62.26
 319.07   12.93
 319.39  196.51
 319.69   29.02
 320.60   81.60
 323.70  179.06
