  13.66  160.68
  14.37   78.93
  14.74  151.32
  15.18   73.68
  16.40  146.86
  16.85   28.75
  22.09   75.75
  23.63  151.35
  23.68   32.78
  23.93   69.13
  27.05   33.57
  27.12   62.96
  29.14  116.85
  29.59   60.58
  29.73   68.91
  30.05   86.91
  31.63   76.08
  31.64   37.61
  32.86  117.41
  33.61   57.11
  36.22   43.92
  36.50   86.38
  37.90  212.93
  38.10   69.82
  42.06  117.02
  43.95   73.37
  44.29   57.03
  45.00  121.21
  46.98  112.89
  51.26  113.17
  52.13  165.70
  52.98  117.19
  53.31   68.92
  57.58  113.01
  58.00  165.71
  60.23  107.29
  62.71  113.02
  63.72  122.10
  64.60  117.07
  66.97  206.61
  68.12  112.88
  69.57  112.51
  69.81  112.43
  71.46  205.00
  72.04  117.58
  72.26  113.29
  74.47  116.02
  76.66  117.95
  78.50  204.71
  80.57   90.87
  81.57  207.37
  83.73  147.44
  83.95  210.65
  89.03  156.36
  93.75  197.72
  96.87  160.37
 100.41  143.90
 101.21   91.83
 101.56  141.40
 103.53  128.22
 104.95   86.95
 110.18   88.91
 111.50  133.94
 113.61  145.28
 115.24  184.41
 115.39  181.63
 116.79  159.72
 116.84  173.50
 117.08  173.57
 118.77  169.97
 119.36  175.45
 119.86   71.75
 122.34  171.26
 122.53  175.11
 122.93  159.52
 126.64   66.98
 134.94  166.49
 135.25   70.34
 138.98  166.38
 145.03  155.89
 146.21  166.59
 148.92  152.30
 152.93  172.08
 153.51  146.36
 153.87  185.34
 154.07  206.49
 154.13  179.81
 154.41  201.24
 155.03  169.89
 157.83  167.73
 158.64  138.74
 158.70   78.55
 158.84  176.97
 162.02  209.39
 162.10  202.05
 162.50  195.97
 162.61  180.31
 162.84  164.44
 162.93  195.65
 164.52  146.75
 164.67  172.32
 166.38  155.57
 167.51  209.84
 169.50  164.38
 171.40  167.26
 172.15  151.54
 173.01  177.05
 174.08   77.45
 177.52   74.43
 177.99   12.84
 178.65  211.16
 179.65   76.94
 181.05   17.76
 181.32   72.10
 181.79  170.74
 183.57   22.43
 183.66  143.57
 185.49  145.81
 185.93   25.42
 186.56   76.84
 186.67  136.38
 187.28  178.47
 187.59  104.00
 188.48  103.21
 188.68   62.46
 189.46   14.07
 189.82  172.45
 190.93   25.47
 191.15   20.97
 191.38   17.03
 191.46  151.92
 193.04  174.28
 193.56    9.63
 193.75  165.02
 193.82   11.32
 195.32   25.13
 195.53   62.08
 198.01  152.14
 199.92   23.92
 200.50   20.99
 201.71   27.57
 202.93  103.87
 203.19   63.50
 203.38  130.74
 203.66   72.18
 204.39  144.06
 206.29   72.22
 207.16  150.42
 207.58  163.33
 208.04   61.25
 208.19  142.54
 209.13  211.17
 209.40   36.60
 210.74  147.94
 210.92  140.15
 211.21   30.12
 211.97  211.01
 212.23   58.22
 212.41   62.43
 213.87  125.94
 215.31   27.07
 215.65  163.59
 217.27   58.09
 218.52  131.07
 218.65   77.99
 218.77   62.91
 218.83   32.72
 219.84   62.07
 222.51   58.03
 222.60  151.66
 222.63  211.11
 222.76   61.29
 223.52  124.48
 223.60  127.29
 224.82   34.22
 225.58   20.32
 225.70   59.21
 226.66   61.88
 227.60  202.55
 227.96   26.48
 228.33   18.12
 228.46   23.09
 228.56   80.13
 228.88  126.40
 228.89  169.30
 228.96  120.06
 229.22   29.44
 229.45   28.98
 229.70   29.96
 230.37   72.57
 231.32   32.14
 231.44   29.59
 232.09  116.79
 232.36   16.02
 233.16  123.62
 234.55  123.13
 235.44  119.93
 235.97  210.50
 236.88   23.95
 237.08    8.68
 237.16   27.60
 237.47  117.29
 237.57   13.15
 240.06   17.61
 240.28  116.15
 241.22   59.98
 241.30  120.53
 241.46   21.92
 242.31  110.89
 243.53  117.85
 245.35   15.43
 246.12    9.40
 246.50   69.97
 246.78  120.61
 246.81  123.85
 249.05  208.85
 249.15  111.22
 249.83   56.08
 251.49  117.14
 252.23   10.00
 252.40   62.11
 253.25   63.54
 253.98  209.74
 256.53   54.27
 258.68   50.19
 259.77   72.56
 262.67   44.29
 265.32   62.26
 266.28  119.62
 267.03  125.33
 267.15  130.56
 268.75  122.48
 269.46  127.10
 271.32   34.58
 271.99   38.34
 274.44   77.15
 274.50  113.60
 274.65   35.89
 274.87   65.77
 277.38   25.12
 277.51  129.57
 278.38   34.13
 279.13   12.03
 281.77   13.27
 285.26   22.36
 285.56    9.83
 286.70   14.47
 288.26   20.18
 289.51   31.80
 291.58   11.93
 292.20   16.41
 294.94  206.55
 300.53   91.64
 302.26  208.74
 307.12  164.73
 315.56  166.33
 315.79  170.41
