   7.52   51.04
   7.92  162.56
  11.45  175.36
  14.77  126.19
  15.06  104.10
  15.27  171.52
  15.89  146.62
  16.06  121.00
  16.40  115.14
  16.67  167.17
  16.93  130.08
  18.39  121.09
  20.60  123.70
  20.94   93.79
  21.07  126.40
  22.76  114.49
  24.36   95.53
  25.93  125.35
  26.68   98.69
  29.43  105.97
  30.14  142.89
  31.15   95.86
  32.34   93.36
  32.84  178.87
  33.11   99.70
  34.53   95.61
  34.96  108.42
  35.80  114.93
  36.65  103.65
  37.24   93.37
  37.27  172.19
  37.42   97.17
  37.63  172.44
  39.98  119.87
  41.07   94.11
  41.96  123.35
  44.71  171.04
  46.42   93.11
  51.15  179.80
  53.31  159.59
  53.47  159.80
  54.08  167.75
  54.85  126.57
  55.47  122.73
  57.70   93.53
  58.08  152.24
  58.51  137.60
  58.58  158.39
  59.12   91.03
  60.40   93.60
  61.61  137.93
  63.00  136.84
  63.46   90.92
  63.80  140.34
  64.10  151.62
  65.46   93.48
  67.04  170.49
  68.56  142.54
  69.96  111.13
  70.22  122.68
  71.78  154.32
  71.95   99.79
  72.38  143.52
  73.14  113.66
  74.19  150.26
  74.61  106.71
  74.63  106.76
  74.71  160.44
  75.55  170.09
  76.77   91.03
  77.95  115.82
  78.04  149.13
  79.14  161.07
  81.63  106.74
  82.44  113.68
  82.57  142.52
  83.22  179.26
  85.68  152.49
  85.69   99.98
  86.05  168.52
  87.01  112.00
  87.62  126.41
  87.74  127.36
  88.05  141.85
  88.26  117.08
  88.43  121.95
  88.86  131.69
  88.99  149.52
  91.10  114.28
  91.34  125.40
  91.54  118.99
  91.64   90.11
  92.09  142.09
  92.50  106.76
  93.71   93.99
  94.20  121.29
  94.64  129.44
  94.95  147.47
  94.99   84.14
  96.01  101.93
  96.30  162.59
  97.35  151.29
  98.99  106.91
  99.43  138.02
  99.63  118.42
 100.07  114.36
 100.29  131.90
 101.80  148.59
 101.99  123.46
 102.06  102.26
 102.99  132.31
 103.11  111.43
 103.31  157.53
 103.50   90.97
 104.76   92.37
 105.50   86.83
 105.99  136.39
 107.28  126.32
 107.38   82.33
 107.38  155.29
 110.36  112.21
 110.45  121.53
 110.93  141.80
 112.25  157.09
 113.56  101.62
 114.90   73.96
 115.31  164.13
 115.32  164.09
 115.37  115.82
 115.93  136.40
 116.63  142.16
 116.95  107.25
 117.00  164.20
 117.80  152.37
 118.11  113.81
 118.49  157.32
 118.53  121.21
 120.29  101.73
 120.63  139.69
 121.59  146.44
 121.65  131.98
 121.66  107.99
 122.26  157.02
 122.69   74.09
 122.73  133.03
 123.14  187.82
 124.23   93.30
 125.78  161.46
 127.17   99.93
 129.21  151.76
 129.49  131.63
 129.85  156.02
 130.74   72.64
 130.86  127.77
 132.16  123.27
 134.06  145.61
 135.95   88.74
 136.56  137.90
 138.02  124.00
 138.08  180.77
 139.70  185.37
 140.00  186.20
 143.64  180.38
 144.99  148.94
 145.43  183.10
 147.24  173.17
 149.26  175.86
 149.51  170.05
 153.13  179.42
 153.31  172.97
 154.18  167.33
 155.36  167.88
 157.65  159.05
 162.33  172.87
 163.05   97.64
 163.53  146.35
 167.65  160.38
 168.34   43.91
 169.02   44.48
 170.20  167.15
 170.30  172.87
 170.84  179.53
 170.95   59.71
 170.96   32.90
 171.20   53.19
 172.23   81.90
 173.04   47.61
 173.48   43.62
 173.99  160.36
 177.17   38.38
 177.20   63.52
 178.09   50.34
 178.64  168.58
 178.79   43.25
 179.82  159.70
 179.85   32.58
 179.90  129.89
 180.01  122.30
 180.25  115.07
 180.69  154.00
 180.83   59.25
 181.19   64.07
 182.82  167.05
 182.91  173.01
 184.07   63.96
 184.39   61.04
 185.06  176.10
 185.68   35.68
 186.17  136.66
 186.90   53.47
 186.94  179.70
 187.05  151.41
 187.20   32.54
 187.31   21.95
 187.82  132.20
 187.91  166.97
 188.77   48.40
 189.12  148.34
 189.57  183.02
 190.16   61.31
 190.83  163.08
 190.88   26.03
 192.34  154.89
 192.41  151.89
 192.78  166.61
 194.07  180.00
 194.36  146.78
 195.62  156.48
 197.34  138.08
 197.34  154.01
 198.31   26.60
 199.69   62.63
 199.90  183.33
 200.22   62.87
 201.46   36.97
 202.52   65.46
 202.62  158.58
 203.11  178.59
 203.13   41.71
 203.42   75.35
 204.35  125.44
 204.46   62.01
 205.60   51.93
 206.21   17.38
 206.96   76.47
 207.26  175.40
 207.79   38.11
 208.24   35.00
 208.31   12.07
 208.46  127.93
 208.48   87.33
 210.75   18.98
 211.21  104.05
 211.58  124.12
 211.74  140.63
 211.75  153.21
 212.04  159.23
 212.51  132.27
 212.64   57.78
 212.94  150.15
 215.79   79.90
 216.54   89.83
 216.62  159.46
 216.89  154.61
 216.93  184.49
 217.10   93.50
 218.05  131.05
 218.45   59.41
 218.69   23.05
 218.81   52.02
 219.05  146.76
 219.42   32.40
 219.58   91.43
 220.35   87.99
 220.54  161.41
 221.42  113.95
 221.71   45.82
 221.86   38.28
 223.62   19.25
 223.76   40.59
 224.41   54.60
 225.39  116.72
 225.50   58.52
 225.55  129.95
 225.80  139.61
 225.90   27.91
 226.24   63.68
 227.31   89.22
 228.37   91.91
 228.56  120.56
 229.05  146.25
 230.25  125.02
 230.68  135.16
 231.87  154.57
 232.60   59.48
 232.63   58.58
 233.66  131.68
 234.71    8.74
 235.18   30.27
 235.92   27.02
 236.18  177.56
 237.45   35.53
 237.96   61.24
 240.50  162.67
 241.36  136.66
 241.62  149.17
 242.15   12.08
 242.44  168.23
 242.83  146.60
 244.05    8.64
 244.99   32.21
 246.07  158.75
 246.13  116.58
 246.27  175.42
 246.31  167.91
 246.89  142.02
 247.09   21.84
 247.27  127.81
 247.43   96.96
 247.65  102.72
 247.89  154.30
 247.99  154.34
 248.60  147.34
 248.63   16.61
 249.85   31.07
 249.90   11.20
 250.44  132.88
 250.60  119.01
 251.35  160.72
 252.78   27.30
 252.95  179.11
 253.52   19.60
 253.56  148.72
 253.57  157.10
 254.29  115.82
 254.35  141.14
 254.37  119.78
 254.60   11.47
 254.84   30.78
 255.83  161.12
 255.99  170.14
 256.37   69.90
 256.54   85.44
 258.38  104.03
 258.60  151.34
 258.72  120.38
 259.08  160.86
 259.74  114.43
 260.08  126.28
 260.11   93.57
 260.22  131.07
 260.33  124.19
 260.49  110.70
 261.41  141.10
 261.98  148.12
 262.27  179.07
 263.02  173.98
 263.88   29.67
 264.90   85.38
 265.85  171.48
 267.43   37.34
 267.64  168.63
 269.15   34.57
 269.86    8.24
 270.56   37.21
 270.98  171.02
 271.08   22.15
 271.76   17.67
 272.37   32.13
 273.40  178.93
 273.91   26.75
 275.27  127.52
 275.57   22.06
 276.72   86.80
 277.25   35.40
 278.48  116.33
 279.59   51.03
 280.10   66.80
 280.23   60.18
 280.25   76.70
 281.04   70.13
 281.18   59.79
 281.25   46.01
 283.03   98.80
 284.01   58.29
 284.44   75.65
 285.02   60.40
 285.05   45.25
 285.28   72.11
 285.80   65.99
 286.46  112.96
 288.00  109.33
 288.18  101.16
 288.28   77.06
 288.76   97.69
 289.09  115.63
 289.44   91.55
 291.42  117.72
 291.49  104.51
 293.62   91.41
 294.27   97.41
 296.77  177.46
 301.68  115.94
 301.84  120.48
 304.51  159.54
 307.02  161.66
 307.33  129.97
 307.33  114.65
 307.56  122.46
 308.03  138.34
 308.10  143.15
 308.45  125.59
 310.44  148.33
 310.55  145.20
 312.60  133.14
 312.67  139.98
 315.39  152.60
 321.61  181.01
 321.78  109.41
