   8.10   82.59
  11.26   53.34
  11.36   39.15
  11.53   34.51
  11.57  161.45
  13.12   49.09
  15.55   86.35
  18.76  177.73
  19.48   59.89
  19.63  147.58
  20.85  132.01
  21.28   63.66
  21.78   36.29
  22.97   32.97
  23.19  158.31
  23.40   43.75
  24.49  170.43
  24.74  164.52
  24.96  139.53
  24.97   53.91
  25.23   61.61
  25.29   86.57
  25.32   79.48
  25.40   66.16
  25.45   30.72
  25.47   41.12
  25.50   36.41
  25.61  122.69
  26.29  177.47
  27.24   53.04
  28.20  146.16
  28.27   41.65
  29.63   65.65
  29.93  171.86
  30.96   20.10
  31.08   72.09
  31.34   39.29
  31.50   87.11
  31.82   57.72
  32.06   24.48
  32.60   33.79
  32.88   49.18
  33.70  147.32
  34.24   99.79
  34.66   45.47
  35.36  151.70
  36.56   36.83
  36.82   24.16
  36.85  102.33
  36.98  133.10
  38.21   51.23
  38.41   43.14
  39.73   38.72
  40.26  149.98
  40.97  119.19
  41.33   58.61
  42.71  165.26
  43.01   48.60
  44.01   78.27
  44.40   66.95
  44.41   26.50
  44.47   41.93
  45.65   84.57
  46.70   74.55
  46.95   34.01
  47.72   78.43
  47.95   62.62
  48.01   44.50
  48.24   46.48
  48.54   35.97
  48.91   52.37
  49.23   81.78
  49.62  101.99
  51.16   84.08
  52.43   59.36
  52.63   46.95
  52.81   53.92
  52.86   65.21
  53.85  141.42
  55.79   84.17
  56.13   68.58
  56.42   46.91
  56.43   64.23
  56.52  117.70
  57.97  105.62
  58.00   76.46
  58.00  105.59
  58.56   63.73
  59.39   92.58
  59.53  130.05
  59.96   70.90
  60.45  110.40
  61.24   85.36
  61.57   68.25
  62.46  115.95
  63.34   75.51
  64.05   86.34
  65.11   89.46
  67.37  108.24
  69.24   85.65
  69.42   77.22
  69.57   64.78
  72.67  153.57
  74.59  156.47
  75.11   81.38
  75.24  165.63
  75.99  100.76
  77.55   78.03
  77.67   91.90
  80.00   83.02
  80.97   81.24
  81.35   66.93
  82.75   96.26
  82.78   79.51
  82.83   70.18
  83.27   92.51
  83.45  159.51
  83.50  163.09
  83.94   96.87
  85.06   74.92
  86.28   70.83
  87.28   92.92
  87.57   88.54
  87.78  161.11
  88.39  167.65
  88.70  130.35
  89.11  132.64
  89.73  152.04
  89.79  161.69
  89.87  161.75
  90.06   63.73
  90.15  125.12
  90.43  118.61
  90.75  143.11
  91.31  146.09
  91.94  100.07
  91.95   82.28
  92.13   72.30
  92.19  159.59
  92.90  171.03
  93.94  162.58
  94.05  125.32
  94.55  118.18
  94.80  135.42
  95.60   79.82
  95.95  139.75
  96.35  167.73
  97.26  132.57
  97.61  150.87
  98.03  156.76
  99.87  136.03
 100.11  101.10
 100.43  123.07
 100.63   95.78
 101.38  147.42
 102.02  108.52
 106.42  128.23
 106.56  166.44
 107.11  156.61
 107.49  150.82
 108.12  114.39
 108.21  154.02
 108.53   67.77
 109.27  123.39
 111.41  156.65
 111.94  125.71
 112.51  141.24
 112.64  119.75
 113.15  145.71
 113.66  169.29
 116.89  110.70
 118.28  123.98
 118.28  118.78
 119.58  163.36
 120.81  125.61
 121.05  165.00
 124.25  121.55
 125.19   97.46
 125.85  134.36
 128.49  116.21
 128.72   93.08
 130.76  100.45
 133.60  121.75
 134.34  129.38
 134.73  108.46
 135.26  135.16
 135.50  143.70
 135.78  167.28
 137.77  172.30
 144.23  171.33
 149.33   73.74
 150.22   82.73
 153.37   73.99
 156.08   96.61
 157.31  171.84
 160.39  157.50
 161.85  158.95
 163.04  168.26
 169.25  156.08
 171.09  146.55
 171.12  146.62
 171.46  135.16
 171.54   97.91
 173.37  143.13
 176.83   94.04
 177.56  166.67
 178.04  142.57
 178.59  157.41
 179.13  136.53
 180.13  150.57
 181.99  158.28
 182.66  139.36
 183.34   96.79
 186.65  148.39
 188.17  144.79
 189.44  162.77
 189.48  174.14
 189.61  157.98
 189.65  139.01
 192.83  159.30
 193.05  140.33
 193.19  167.75
 196.15  120.15
 198.97  160.74
 199.37  138.79
 200.34  173.87
 201.08   71.53
 201.41  171.30
 202.22   84.19
 202.57  139.17
 203.54  165.69
 203.56  142.81
 203.81  174.82
 204.28  130.14
 204.29  174.37
 205.59  151.06
 205.69  142.11
 205.82  162.65
 206.54  144.19
 206.60  170.98
 207.06  138.55
 208.74  146.72
 208.83  142.49
 210.20  151.89
 210.34   79.85
 211.28  140.70
 212.30  157.71
 213.10  170.73
 216.66  138.55
 216.72  171.51
 217.61  135.05
 218.09  165.15
 218.16  153.24
 219.38  170.98
 221.51  150.18
 224.51  156.10
 228.46   94.13
 229.92   84.19
 230.03   99.53
 230.90   95.96
 231.72  103.03
 233.03  136.22
 233.43  118.02
 233.80   97.61
 234.19   93.01
 235.66   99.90
 236.31  116.77
 239.28  102.81
 239.29   74.96
 239.36  116.34
 239.83   84.09
 241.14   77.84
 242.26  115.47
 242.80  105.15
 243.32   69.30
 243.73  132.07
 243.98   65.94
 244.57  128.11
 245.96   99.95
 246.20   88.49
 247.68  120.64
 247.84   95.55
 247.92   54.64
 248.88   80.05
 250.81  106.85
 252.02  114.16
 252.05  100.10
 252.09   67.79
 252.76   71.10
 253.05   89.79
 253.32   95.25
 253.92  113.86
 254.62  120.78
 255.11   75.63
 256.51   61.09
 256.88  108.57
 257.51   87.22
 257.67  102.72
 261.20   96.03
 261.34   91.95
 261.78  167.83
 263.50  110.38
 263.69   70.72
 263.93   88.77
 264.30  101.43
 264.62   51.96
 265.39   46.64
 265.94  116.61
 266.05   92.63
 266.18  130.30
 266.73   49.81
 268.21  110.62
 268.32   87.28
 268.62  160.44
 269.19  165.81
 269.39   60.86
 270.12  109.23
 270.20   83.60
 270.58  100.50
 270.66  108.97
 271.73  116.25
 272.16   36.55
 272.86   43.59
 273.19  107.17
 273.52   52.47
 274.41   32.48
 274.44   32.22
 275.74   79.23
 275.87  127.99
 275.91   98.19
 276.03   97.79
 276.25   54.30
 276.87  118.45
 278.04   85.69
 279.40   81.99
 279.79  148.99
 280.47   99.77
 280.52   95.95
 280.78   64.23
 281.58   49.18
 283.46   66.68
 283.54   81.73
 283.76  120.95
 283.98   53.12
 284.07   98.87
 285.92  114.37
 286.07   53.58
 286.36   78.20
 286.46   91.75
 286.50  120.36
 287.54   69.97
 287.88   33.46
 288.02  163.97
 288.05   82.96
 288.46  113.77
 289.15   52.19
 289.16  123.06
 289.36  157.44
 290.00   27.03
 290.28  125.12
 290.67   42.99
 290.88  147.57
 291.35   87.48
 291.48  111.86
 291.73  121.32
 291.98  125.33
 292.49  161.05
 293.08   27.96
 293.24  153.36
 293.25   41.04
 294.43   83.31
 294.47   96.73
 294.62  156.58
 294.93   94.45
 295.61   87.54
 295.65   71.07
 296.17  151.77
 296.44   90.07
 296.46  138.55
 296.51   78.43
 296.76  142.73
 296.89  146.91
 297.91   37.13
 298.16  121.57
 298.96  165.94
 299.36  152.78
 299.44  139.94
 299.55  127.88
 299.67   96.74
 299.80  152.61
 300.32   69.43
 300.88   29.30
 301.41  100.25
 301.63   74.10
 302.04   95.00
 302.10  120.85
 302.73   51.08
 302.83   51.17
 303.29  131.58
 303.79   67.96
 304.05  103.37
 304.33  111.25
 304.44   98.45
 304.77  115.32
 306.53  158.42
 306.63   45.19
 306.96  174.57
 306.96  175.26
 307.14  106.43
 307.62  128.50
 307.73   98.20
 308.08   95.61
 308.25   65.88
 309.07   59.23
 309.34  154.55
 309.43  155.00
 309.63  151.26
 309.74  157.63
 310.65   52.26
 311.38  107.01
 311.65  132.27
 312.93  151.64
 313.38  135.06
 313.49  161.95
 314.01  141.08
 314.12   78.93
 315.72   59.25
 318.34  135.41
 319.42   81.81
 319.64   58.46
 319.72   79.03
 320.78  151.17
 321.07   71.61
 321.16  110.46
 323.08   61.89
