   8.52  119.60
   9.77   68.37
  10.02  107.00
  10.11   87.36
  10.43   95.13
  12.52   71.18
  12.88  104.32
  13.23   84.39
  13.71   75.27
  14.28  147.45
  15.20   87.92
  15.28  144.81
  15.30  120.29
  15.92   46.72
  16.94   69.88
  17.09  115.18
  17.11   95.63
  17.66  207.27
  17.75  111.47
  18.07  157.29
  18.23   29.64
  18.31   26.79
  19.16   51.30
  20.28   87.46
  20.80   98.50
  20.83   61.04
  22.08   77.62
  22.73  209.64
  24.61   67.10
  24.65   84.21
  25.80   87.01
  26.82  197.72
  27.02   60.95
  27.39  135.44
  28.12   84.97
  28.96   63.83
  29.15   69.31
  30.36   84.09
  31.10  108.76
  31.41  194.83
  31.78  123.23
  33.26   29.95
  33.63   95.49
  34.16  207.17
  36.21  210.40
  36.78  194.46
  37.60   22.72
  38.56   30.39
  39.09  114.03
  39.29  197.58
  42.59  100.96
  42.66   83.82
  43.50   25.05
  44.31   20.85
  44.50   14.98
  45.00  130.83
  46.12   77.91
  46.57  208.22
  46.79  208.29
  46.92   32.20
  46.97   35.68
  49.21   22.98
  49.33  210.46
  49.51   79.50
  50.62   28.60
  50.79   78.00
  53.50   35.50
  53.67   35.46
  55.76  133.29
  57.29   87.10
  57.33  209.92
  57.48  197.41
  57.68   82.43
  58.87   33.40
  61.82  208.50
  61.84  206.58
  62.71   34.81
  64.06  124.73
  65.01   87.50
  67.00   27.91
  68.08  119.68
  68.50  108.59
  69.68  202.42
  71.65   27.14
  72.54   87.13
  72.91   80.73
  73.04  133.01
  74.57  135.45
  76.46   21.91
  77.74   89.24
  81.11   24.95
  82.25  202.47
  86.44   82.87
  88.38  212.51
  90.92   20.20
  91.32  193.67
  96.24  126.29
  96.31  204.34
  97.10  208.45
 101.53   14.29
 103.98  117.62
 104.04  212.88
 104.29  104.09
 105.63  209.36
 105.69  198.72
 106.18  206.55
 106.49   13.79
 107.49  174.94
 108.61   95.67
 108.94  133.97
 109.61   86.42
 111.38   89.02
 112.11   68.58
 112.15  138.86
 113.73  165.53
 114.02  130.02
 114.48  121.74
 115.11   95.26
 115.12   16.19
 115.17  199.34
 115.34  201.06
 117.67  195.89
 117.96  206.42
 118.30  175.28
 119.58  198.94
 120.11  118.23
 121.45  134.28
 123.40   16.23
 125.35  122.57
 125.86  148.80
 126.72  199.58
 126.92   22.16
 127.36   21.54
 129.99  133.33
 131.78  205.76
 133.07   22.04
 133.32  165.92
 135.79  104.62
 136.86   21.28
 136.93  171.09
 137.94  205.98
 138.19   15.95
 139.55  174.04
 140.39  119.00
 140.83  110.82
 142.13  151.49
 143.64  158.74
 143.69  158.96
 144.30  167.64
 144.78  212.48
 145.10   18.08
 145.43  136.74
 145.72  162.39
 146.27  140.52
 146.79  123.38
 148.17  104.72
 149.93  134.19
 152.32  204.80
 152.78   18.52
 153.18  201.55
 153.69   91.87
 159.61  200.19
 159.96  196.84
 160.36   17.43
 161.41  189.35
 161.87  153.98
 162.26  113.61
 162.27  200.22
 163.13  211.19
 163.50   10.69
 164.25   88.88
 165.43   17.76
 166.21  174.02
 166.32  206.33
 167.77   46.15
 171.36  198.61
 171.66   12.74
 173.50   14.36
 175.48  204.27
 176.29  174.16
 179.46   95.54
 182.64   10.47
 184.82  151.75
 185.42  105.02
 185.64  184.99
 185.65    7.37
 185.95   88.51
 189.18  123.71
 189.92   91.14
 192.10  151.92
 192.65  111.67
 195.16   53.41
 196.01   56.39
 196.57  104.86
 198.99  176.77
 199.51   62.63
 199.92  176.11
 199.92  123.49
 203.10  122.76
 203.49  140.59
 203.81  171.47
 204.12  127.40
 204.38    8.38
 204.59  119.36
 205.37   71.09
 206.60   61.55
 207.96  116.97
 208.22  129.09
 208.54  177.84
 208.82   95.48
 209.42  178.56
 210.18   72.17
 211.39  183.60
 213.95  128.71
 215.42  140.60
 217.33   79.64
 217.51  133.00
 217.52  143.86
 217.54  187.99
 217.63  188.54
 219.90  128.08
 219.90  131.98
 219.98   76.52
 219.99  128.26
 220.94  135.74
 223.55  141.07
 224.02  131.70
 224.56  122.58
 224.78  173.81
 224.80  128.74
 225.44   87.66
 226.07   56.21
 226.14  167.02
 226.18   50.48
 227.00  177.94
 227.65  102.53
 229.05  133.16
 229.96  106.11
 230.13  146.60
 230.21   77.92
 230.45  120.94
 230.57  178.92
 231.19  134.44
 231.24   99.61
 231.27   85.75
 232.50   45.93
 233.14  142.62
 233.35  128.77
 233.36   75.00
 233.38  195.55
 233.46   52.06
 234.15   69.38
 235.19  146.79
 235.56  150.75
 235.64  100.50
 236.90  197.89
 236.97   46.05
 237.19  163.42
 237.29  180.26
 237.57  195.55
 238.63  141.66
 239.45  128.05
 240.98  187.55
 241.24   49.20
 241.64  195.34
 242.02   45.12
 242.43  184.97
 242.59  154.93
 242.91  169.42
 243.06   53.02
 243.66   60.11
 244.11  151.03
 244.12  147.23
 244.17  162.20
 245.53   89.37
 245.84  169.54
 246.54   57.68
 246.65  160.42
 248.27  151.29
 248.27  151.28
 248.96    9.01
 248.98   51.52
 249.05  135.91
 249.74  191.69
 249.97  108.74
 250.41  142.26
 250.89   46.83
 251.41  163.62
 251.68  150.25
 252.42    9.13
 252.47  155.55
 252.54   42.38
 252.56  163.70
 252.64  103.20
 252.91  112.28
 253.09  195.53
 253.12  166.97
 253.16  122.87
 253.17   93.24
 254.79   64.18
 255.49    9.90
 255.53  121.26
 255.63   95.47
 255.78  160.30
 255.95  152.89
 256.23  147.48
 256.27  142.03
 256.98    7.08
 257.14   46.69
 257.62  156.29
 257.82   91.17
 258.34  103.05
 258.61  123.60
 258.81  132.00
 258.87  138.95
 260.72  195.49
 261.05  107.21
 261.50  144.15
 261.94  119.79
 262.08   57.94
 262.71  126.31
 263.47  155.60
 263.82  109.79
 263.99  102.71
 265.24   48.37
 265.28  163.73
 265.65  123.77
 266.87  150.33
 268.22  120.04
 269.06  166.64
 269.62   64.52
 270.31  159.47
 271.83  197.79
 272.77  123.09
 272.86  166.96
 273.40  136.76
 273.50  201.56
 273.64  114.62
 274.91  150.09
 275.46  164.44
 275.59   73.23
 275.81   63.27
 276.79  143.44
 277.73  120.24
 278.40   95.59
 278.64  202.46
 279.05  159.92
 279.23  146.72
 279.55  108.56
 280.28  200.30
 281.16   97.77
 282.31  109.41
 282.48  206.03
 282.79   91.76
 283.35   57.73
 283.88   47.69
 284.07  117.41
 284.12  103.40
 284.56  111.41
 284.64  146.58
 284.86   98.10
 286.01   78.31
 286.89  142.72
 286.96  163.47
 286.98  105.30
 288.05   59.25
 288.47  167.13
 289.01  131.92
 289.02  101.42
 289.05   98.07
 289.31  101.42
 289.34   77.66
 289.65  160.27
 289.92  140.86
 290.19   46.15
 290.20   63.66
 290.81  164.28
 290.82   45.58
 290.87   36.52
 291.07  132.76
 291.35   37.23
 292.02  156.84
 292.36  102.11
 293.28  150.32
 293.40   80.41
 293.66   17.62
 293.98  164.15
 294.03   60.47
 294.37   13.00
 294.80  139.91
 296.68   16.02
 296.81   89.45
 297.70   98.87
 298.39  159.71
 298.68  166.97
 299.00  120.78
 299.88  146.79
 301.50    9.77
 301.51   99.05
 301.56  150.00
 302.48   85.62
 303.09   21.74
 303.64  129.25
 305.07   87.96
 305.31   11.92
 306.61  133.14
 306.78  153.36
 306.85  156.45
 307.17  134.36
 307.40  148.73
 307.59  121.56
 308.59  129.16
 309.91   32.15
 310.00  151.70
 310.55   11.85
 310.91   86.37
 310.99   16.81
 311.40   23.15
 313.63   98.14
 313.84   29.33
 313.90   88.15
 314.23   38.73
 314.36   22.83
 315.96  209.61
 316.02  160.15
 316.03  105.13
 317.18  205.90
 317.78   33.32
 317.91   56.27
 318.55  149.14
 319.16   65.60
 319.59  166.90
 319.67  163.03
 319.84   88.49
 320.62   26.03
 321.26   13.00
 321.98  135.64
 322.26   64.28
 322.98  156.55
