   7.81  150.69
  10.04   59.84
  10.70   62.09
  11.58  146.32
  15.37  150.83
  15.85  159.91
  16.37  170.49
  16.42   83.97
  16.60   71.42
  16.72   95.70
  19.13  101.05
  19.21  135.03
  20.16  152.15
  21.01  197.66
  21.33  146.83
  21.87  100.72
  22.05   93.14
  22.81  155.23
  22.94  114.33
  23.62  172.40
  24.37  152.26
  24.93  138.51
  28.40  100.28
  28.94  152.81
  29.85   92.29
  30.09  113.93
  31.50  166.57
  31.52  171.81
  32.35  157.13
  32.44  117.43
  33.23  106.33
  33.50   90.81
  33.52  140.36
  34.27  112.49
  35.00  135.67
  36.04  141.52
  36.73  123.76
  36.77  161.85
  36.93  189.87
  37.70  101.16
  38.99  137.56
  40.05  118.67
  41.36  187.06
  42.41  189.45
  42.49  148.69
  42.62  147.10
  42.88   87.25
  45.45  142.69
  46.17  113.99
  46.18  188.07
  47.03  159.48
  47.45   94.29
  48.41  154.00
  48.70  101.61
  49.05  101.48
  49.72  110.12
  50.53  148.34
  51.02  130.52
  51.08  190.06
  51.63  193.39
  51.89  130.92
  52.28  140.83
  52.86   96.89
  53.03  105.99
  53.69  109.33
  53.81  146.30
  55.14  143.08
  55.18  100.70
  58.22   93.27
  58.39  148.98
  58.48  197.97
  59.36  188.99
  59.89  158.87
  60.16  141.77
  60.61   97.97
  61.45  153.78
  61.98  100.99
  64.51   87.90
  64.77  150.22
  64.90  164.87
  65.07   98.44
  65.58  207.59
  67.84  132.80
  68.78  156.21
  70.01  148.83
  71.53  174.30
  72.12  128.08
  72.25  151.11
  72.48  146.59
  73.32  141.57
  73.57  159.47
  74.83  131.62
  75.08  173.10
  76.00  109.62
  76.93  124.84
  77.27   82.23
  79.47   75.38
  81.93   83.61
  83.15  112.88
  83.87   99.16
  84.72  133.22
  85.34  146.54
  85.52  150.71
  86.70   78.08
  87.23   82.42
  87.94   93.83
  88.13   89.72
  88.88  111.27
  92.78  121.45
  92.79   75.63
  95.81   96.01
  96.63  144.40
  97.51  110.42
  98.79   91.07
 100.00   82.83
 100.31   87.50
 101.48  136.63
 101.79  112.55
 103.02   73.48
 103.76  118.42
 103.98   92.04
 104.97  151.98
 105.06   78.35
 105.08   96.48
 105.57  121.19
 107.48  131.99
 107.72  146.56
 107.85   90.02
 108.62  123.31
 108.69  119.53
 109.27  154.85
 110.06  101.92
 111.28   93.61
 113.85   89.56
 113.96   96.71
 114.46   90.59
 114.83  150.97
 115.43   94.10
 116.93   91.58
 119.73  158.19
 120.06  162.62
 120.75  148.42
 121.91  143.69
 123.07  112.68
 125.44  132.53
 125.44  140.35
 126.06  150.15
 126.24   82.71
 126.82  166.21
 126.89   97.01
 126.91  161.82
 127.02   94.03
 127.99   85.07
 128.05  144.26
 128.13  120.06
 128.88  158.22
 129.68   93.92
 130.78  102.50
 130.87   82.46
 133.02   97.25
 133.12  141.39
 134.13  112.70
 135.55  172.20
 135.79   82.92
 135.98  142.88
 136.03  150.96
 136.51   80.49
 137.53   83.21
 139.55  161.42
 139.90  197.67
 140.45  202.48
 140.65   92.26
 143.22  157.65
 143.44   83.71
 144.54  210.28
 146.09   97.77
 146.52   81.27
 146.84   89.96
 147.75  197.47
 148.11  185.66
 148.33   94.29
 149.34   89.20
 149.97   78.58
 150.04  158.26
 150.64  200.20
 150.96  102.63
 151.79   97.78
 152.16  161.25
 154.06   82.78
 154.21   79.24
 154.71   79.39
 155.00  188.41
 155.34  177.20
 155.82  169.41
 155.85  165.89
 156.20   79.71
 156.31  161.32
 156.42   85.08
 157.15   75.96
 157.33  162.46
 157.71  211.90
 158.31  184.70
 158.37  175.30
 158.56  208.49
 158.65  167.49
 158.90   87.52
 160.43   76.96
 161.26   75.13
 161.39  109.22
 161.70   90.19
 161.88  208.56
 162.02  105.40
 162.31   80.90
 163.00  167.98
 164.06  108.53
 164.13  178.29
 164.31  176.61
 164.35  211.52
 164.84   98.24
 164.89   89.80
 165.22   68.99
 165.48  203.43
 165.71  166.36
 166.84   72.75
 167.82  182.34
 167.84  162.16
 168.07   93.19
 168.43  100.68
 169.71  211.50
 169.83  206.39
 169.87  144.79
 170.81   71.98
 171.05   98.38
 171.58  178.44
 171.59  165.65
 171.95  208.78
 172.56  143.75
 172.75   78.94
 172.90  162.18
 173.10   79.32
 174.31  153.71
 174.73  211.53
 175.49   98.66
 175.59  188.42
 175.67  165.74
 179.75  149.81
 180.54   84.91
 180.58   76.54
 181.14   80.36
 181.36  206.32
 183.34  156.89
 184.09   98.51
 184.51   93.59
 185.12  163.32
 186.20  209.02
 186.48  152.75
 186.80  139.03
 187.02   78.94
 187.32  148.87
 187.64   95.05
 188.97  169.16
 189.48   98.67
 189.50  164.96
 189.86  159.42
 190.48   83.47
 192.44   85.07
 192.70   91.94
 192.86  212.10
 193.96  167.54
 194.05   94.00
 194.86  148.68
 195.96   80.61
 196.96  164.06
 197.17   85.17
 199.02  206.06
 199.29  183.94
 199.42  151.30
 200.73  187.77
 201.86  114.48
 202.01  161.77
 202.37   98.99
 202.86  145.22
 203.32  159.55
 203.97  145.24
 204.49  211.80
 204.93   83.89
 205.25   88.72
 206.12  154.68
 207.24  198.63
 207.99   99.13
 208.24   95.79
 208.98  154.71
 209.66  164.66
 209.70   89.01
 210.00   84.83
 210.30  212.10
 210.65  162.36
 211.05  204.66
 213.72   85.84
 213.84  145.65
 214.00   89.35
 214.00   89.34
 214.63  188.90
 215.82  156.05
 216.51  186.58
 216.65   99.24
 216.70  152.37
 217.13  143.92
 217.15  172.50
 218.22  113.15
 219.04   96.77
 220.67   93.41
 220.72  164.41
 220.73  204.06
 222.10  104.52
 223.60   96.65
 224.51  169.11
 225.45  188.01
 225.97   99.42
 226.04  197.04
 226.73  161.93
 226.92   93.34
 227.68  173.56
 229.47  185.96
 229.73  104.82
 230.19  163.43
 230.73   95.50
 230.75  177.01
 231.30  183.98
 231.51   79.52
 231.59  169.71
 232.21   14.10
 232.25  177.52
 232.73   80.94
 232.96  196.91
 233.42   99.76
 233.67  189.54
 234.59   24.61
 235.71  198.96
 236.61  183.45
 236.70   98.30
 236.88   19.05
 237.31   99.55
 237.55   83.02
 238.68   91.04
 239.86  166.84
 240.07  160.50
 240.85   30.95
 241.55  168.05
 241.58  199.29
 242.31  137.12
 242.40   83.14
 243.17   78.56
 243.21   93.48
 243.39  153.57
 244.27   28.09
 244.50  166.39
 244.56  199.99
 244.96  191.77
 245.07  205.65
 245.17  175.84
 245.24  183.68
 245.46  160.54
 245.86   35.68
 246.19  147.50
 248.13  153.85
 248.71   93.17
 248.76   37.41
 249.18  165.97
 249.30  161.03
 249.40  182.96
 249.58  199.81
 249.79  149.21
 250.49  137.12
 250.53  165.40
 250.95   11.08
 251.22  177.62
 251.38  102.97
 251.68  108.30
 252.96   27.52
 253.55  172.10
 253.76  170.27
 253.98  148.31
 254.53  179.06
 254.93  167.48
 255.04  187.45
 255.11   40.29
 255.44   86.63
 255.81   34.15
 256.16   26.94
 256.20  154.54
 256.78  206.84
 257.83   32.20
 257.92  166.32
 258.31   88.85
 258.65  171.62
 259.17   79.92
 259.24  153.11
 259.32   46.19
 259.69  204.53
 259.71  158.43
 260.71   85.44
 260.71  116.21
 260.98  192.48
 261.11  179.09
 261.21   96.15
 261.76  166.24
 262.00   29.69
 262.25  150.18
 262.45   20.90
 262.54   50.42
 265.06   44.56
 265.23   53.68
 265.69   91.52
 266.28  102.71
 267.03  157.51
 267.95  194.91
 268.30   56.99
 268.35   10.42
 268.39  171.65
 268.87   85.52
 268.97   48.09
 269.03  192.52
 269.07  105.45
 269.28   18.11
 269.41  185.25
 269.49   65.10
 269.50   91.68
 270.73   53.11
 271.10  102.36
 271.81  155.41
 272.36  181.44
 272.59   61.11
 272.87  159.66
 273.11   72.38
 273.38   68.00
 273.72   45.96
 273.82   41.60
 274.05  175.90
 274.59   94.52
 274.68  105.56
 275.31   98.60
 275.35   50.20
 275.56  158.40
 275.56   66.90
 276.18   36.19
 276.33   78.60
 276.54  197.47
 276.78  164.94
 277.09   55.50
 277.14  177.48
 277.46   74.73
 277.89  197.68
 277.94   23.03
 278.00   51.68
 278.63   62.89
 278.93   87.74
 278.98    7.99
 278.98  190.26
 279.36  102.07
 279.63   42.93
 279.70   39.86
 279.70  106.92
 280.18  174.61
 280.30   49.10
 280.44   75.84
 281.94   25.26
 282.36   45.89
 283.35   67.99
 283.45  158.25
 283.48   60.42
 283.70  162.56
 284.40   50.03
 284.59  109.59
 284.85  196.91
 285.46   32.68
 285.73  113.49
 285.98   38.24
 286.61  102.96
 286.87  150.34
 286.97   57.02
 287.40  105.70
 287.63   42.37
 287.66   65.05
 287.68   12.67
 288.47   72.74
 288.79   60.90
 288.91   45.77
 289.09   83.44
 289.25   45.70
 289.47   34.44
 290.10   48.96
 290.14   27.97
 290.26   39.80
 290.33   48.84
 290.99   98.31
 291.14   59.39
 291.52   32.94
 292.03   83.29
 292.35   23.83
 292.59   37.28
 292.61   45.94
 292.92   64.99
 294.39   57.88
 294.43   70.62
 294.57   52.90
 294.92  134.44
 296.49    8.53
 296.52  144.58
 296.62   31.06
 298.08  139.82
 298.25   36.54
 298.35   64.53
 298.43   23.86
 298.46   18.95
 298.51   84.86
 298.56   47.90
 298.56   52.30
 298.78  152.78
 298.86  142.80
 299.06   71.16
 299.69  132.01
 300.53   58.13
 301.11  141.07
 301.76   32.40
 301.84  208.40
 302.00  145.29
 302.27   59.71
 302.34   89.59
 302.46   82.06
 302.87  106.65
 302.99   51.22
 303.55   56.39
 303.59   14.21
 304.43   76.04
 304.59  137.58
 304.81  130.58
 304.95   23.36
 305.00   21.37
 305.37  118.09
 305.74   59.48
 306.35   30.04
 306.35   89.48
 306.40  139.83
 306.50  109.69
 306.54  109.64
 307.09   50.03
 307.50   85.25
 307.53   68.43
 307.97  105.82
 308.81  203.03
 309.62   11.69
 309.80   76.67
 310.06   26.50
 310.27   61.29
 310.72   51.17
 311.37  140.41
 312.58  130.96
 312.67  134.52
 312.72  133.55
 314.39   57.83
 314.58  104.85
 314.62   21.90
 316.46   68.99
 316.52   25.34
 316.84   41.48
 317.40   58.03
 318.12   31.70
 318.75   22.62
 321.95   64.83
