  10.01   49.17
  11.38  190.91
  11.54   10.86
  12.53  130.19
  12.88   46.02
  13.40   24.96
  13.78  170.63
  14.10    7.83
  16.00   63.93
  16.25  111.61
  16.71  165.59
  16.91   46.21
  17.47  193.10
  18.53   57.02
  19.68   82.13
  20.73   11.13
  20.79  164.99
  21.91   14.33
  22.18   60.07
  25.57   19.20
  26.09  190.44
  26.24  199.03
  26.70  200.12
  27.50  177.92
  28.01   14.75
  29.44    7.73
  29.54   18.02
  29.93  149.54
  30.09  149.54
  30.84  190.59
  31.43   20.93
  32.06  196.21
  32.74   48.89
  33.29   16.85
  36.29   19.29
  38.02   28.28
  38.22   38.96
  39.04  177.22
  39.73  140.36
  39.79   17.86
  40.16  107.53
  41.10   25.57
  43.24  196.55
  45.19   35.89
  45.34   22.43
  45.72   13.51
  46.03   37.73
  46.36  144.08
  47.07  128.74
  47.58   65.89
  48.42  142.98
  49.07  171.46
  49.71  147.01
  50.75   51.53
  51.10   53.51
  52.04  190.19
  52.06  143.29
  52.82  124.30
  53.96  147.79
  54.58   78.34
  55.22   54.17
  55.58   59.72
  55.67   60.14
  58.18   69.16
  60.42   49.40
  61.06   15.27
  61.15  148.11
  61.35  141.15
  61.97   51.81
  62.76  125.05
  62.94   12.44
  63.49   46.98
  64.07   23.56
  64.71  123.85
  65.26  133.83
  68.61   60.44
  69.06   52.23
  69.90  118.26
  72.05  175.01
  72.15   28.95
  72.59   54.72
  72.88  196.93
  73.10  170.46
  73.66  200.90
  73.70   51.18
  74.63  125.27
  76.21   28.71
  76.37  109.92
  76.84   49.71
  77.24   56.60
  77.44  203.93
  78.39   32.79
  78.76  179.64
  79.53   98.10
  79.83   43.68
  80.40  179.17
  81.70  118.11
  82.34  201.53
  82.55  100.74
  83.82   78.72
  85.04  147.12
  85.88   25.68
  85.92   44.73
  85.99   61.10
  86.44   48.51
  86.75   65.14
  86.82   41.11
  89.11   55.50
  90.02   27.49
  90.50   31.95
  91.98  170.74
  92.02   36.35
  93.23  197.72
  93.51  172.58
  93.89   39.17
  94.31   82.40
  94.42   67.75
  95.66  187.48
  96.05   77.29
  96.50  183.53
  96.59   54.40
  97.19  102.93
  98.13   22.76
  98.33   73.58
  98.91   32.90
  99.01   79.10
  99.43   69.82
 100.98   58.69
 101.34  174.37
 102.62  121.60
 103.16  190.60
 103.40   52.99
 103.74  101.47
 103.85   30.36
 103.90   67.03
 103.99   86.97
 104.35   30.82
 104.97   61.69
 105.40   22.86
 105.57  155.31
 105.81   35.69
 105.89   44.57
 106.39   65.77
 107.26  182.89
 107.63   63.15
 108.95  186.12
 109.42  182.72
 109.55   94.64
 110.37   39.49
 110.59  104.55
 111.02  161.73
 111.16   44.80
 111.24  200.48
 111.47   79.20
 111.69   66.03
 112.05   33.61
 112.49   55.45
 113.71   73.29
 113.82  182.28
 113.89  193.75
 114.29   59.75
 114.32  174.18
 115.07   47.03
 116.13   90.18
 116.32  164.25
 116.71  186.13
 118.19  162.00
 118.38   78.44
 118.53  103.61
 119.11   43.89
 119.19  107.34
 119.26  107.35
 119.77  142.58
 120.13   84.64
 120.44   84.99
 120.53  134.26
 121.68   75.32
 122.35   99.15
 123.28  162.38
 123.40  185.35
 123.41  197.77
 123.80  171.46
 124.17  201.27
 125.49  118.44
 125.54  122.99
 126.00  143.62
 126.09   89.03
 126.14  123.92
 126.66  160.85
 127.96  157.16
 128.33  161.34
 128.81   87.51
 128.90  161.47
 129.21   80.28
 129.26  197.92
 129.47  187.99
 129.66  108.77
 130.04  105.82
 131.00  162.49
 131.19  201.10
 131.89   92.13
 132.43  173.73
 132.96  197.60
 132.97  117.63
 133.22  104.38
 133.31  150.07
 134.46   99.84
 135.03  126.92
 135.07  192.65
 135.16   86.57
 135.41  142.05
 135.85  157.10
 137.12  120.02
 137.58  189.43
 138.02  132.99
 138.06  144.28
 138.42  101.06
 139.05  163.41
 139.11   76.40
 140.27  188.26
 140.39  155.01
 140.86  153.53
 141.79  141.97
 142.16  102.02
 142.73  209.08
 143.55   92.50
 143.93   98.89
 144.36  200.25
 144.62  192.13
 145.53  193.84
 146.51  197.61
 147.04  184.61
 147.20  113.39
 147.61  109.65
 148.10   90.03
 148.16   82.95
 148.27  169.06
 148.33  141.46
 148.65   99.11
 148.98  165.57
 150.29   75.44
 150.34  153.19
 150.40   93.74
 150.81  142.80
 150.85  197.55
 151.45  200.76
 151.49  194.16
 151.60  194.19
 152.36  159.99
 153.93  148.13
 154.25  101.44
 154.70   79.52
 155.83  162.85
 156.62  156.91
 157.33  136.12
 157.36  124.91
 157.59  144.90
 157.63   84.14
 157.89  169.69
 158.78  152.36
 159.17  167.09
 159.52  137.21
 159.65   91.86
 160.75  110.08
 161.34   83.96
 161.77  124.90
 161.93  129.20
 162.02  154.31
 162.45  162.45
 162.48  141.28
 163.54   92.75
 163.73  106.37
 163.97  200.60
 164.29   81.01
 164.72  153.99
 164.79  158.87
 165.12   68.45
 166.16   97.38
 166.19   85.37
 166.50  104.73
 167.00  100.13
 167.34  155.04
 167.78  162.45
 167.99   94.74
 168.05  169.10
 168.16   54.93
 168.66   74.59
 169.06   89.24
 169.49  102.75
 169.78   85.51
 170.78   64.03
 171.87  112.04
 172.12   58.01
 172.53   69.69
 172.66   47.77
 173.02   37.79
 173.05   77.03
 173.86   81.17
 173.87   99.92
 173.95  105.68
 175.15  127.73
 176.07  198.11
 176.09  122.09
 176.16   54.01
 176.19  112.45
 177.21   67.55
 177.30   46.00
 177.68   74.18
 177.84   90.62
 177.95  109.13
 178.31   86.16
 178.82   49.39
 178.96  116.97
 179.98   99.93
 180.73  164.90
 180.84  198.28
 181.59   43.08
 181.76  120.57
 182.06  147.18
 182.24   65.52
 183.15  198.24
 183.82   72.40
 183.99   61.08
 184.42  162.45
 184.53   89.09
 184.78  112.60
 184.83   49.02
 185.18  192.86
 185.21   67.98
 186.10  166.12
 186.15   97.68
 186.30   40.75
 187.08   53.56
 187.24   74.19
 187.35   33.13
 187.46   87.19
 188.07  109.47
 188.55  158.29
 188.87   48.78
 189.14   93.77
 189.57   47.56
 189.95  193.62
 190.03   79.23
 190.56   26.04
 190.57  112.94
 190.72   63.61
 191.96   94.17
 192.53   85.60
 193.60  159.30
 193.77   33.42
 193.89   26.13
 194.57  108.33
 194.85   70.65
 195.92  112.17
 195.99   79.22
 196.05   23.48
 196.13  162.78
 196.56   36.05
 197.00  100.41
 197.12  151.10
 199.20   85.16
 199.20   29.88
 200.32   91.57
 201.06   66.51
 201.26   71.41
 201.39   59.52
 201.73   60.97
 201.85   60.83
 202.17  104.08
 202.49   26.83
 203.03  163.40
 203.87   52.82
 203.97   47.13
 204.14   75.12
 204.57   79.46
 206.18   41.13
 206.22   80.04
 206.45   30.59
 207.22  114.23
 208.95   38.57
 209.12   75.07
 209.47   86.12
 209.50  139.81
 209.99  109.16
 210.27  162.55
 210.84   12.55
 210.96  123.39
 212.22   45.70
 212.97  158.22
 213.03   91.88
 213.15   61.08
 213.32  124.65
 213.57   83.01
 213.74   56.63
 213.80   78.87
 214.30   88.23
 214.58   95.53
 215.00   18.27
 215.65  130.83
 215.88   41.55
 216.09  120.67
 216.37   77.54
 216.71  162.22
 216.75   28.73
 216.99   46.30
 217.06   57.14
 217.34  127.05
 217.97   85.04
 218.48   81.77
 218.55   90.96
 219.83  119.17
 220.02   95.43
 220.91   71.61
 221.27  164.58
 221.28  142.02
 221.43   85.04
 221.63  145.99
 222.53   59.90
 222.74  102.56
 222.81   56.54
 223.91   52.35
 225.04  148.05
 225.48   49.22
 225.51  164.84
 225.51   12.26
 225.87   58.10
 226.99  133.79
 227.83  134.33
 228.38   70.49
 228.42   10.08
 228.47   41.03
 229.33  147.53
 229.89   84.75
 230.56   44.11
 230.65   92.99
 230.84  100.10
 231.13   78.85
 231.26   61.30
 231.42  138.89
 231.88  116.85
 233.51   73.12
 234.28  146.69
 234.45  158.64
 234.75  130.77
 235.46   32.24
 235.68   37.89
 236.68   84.79
 236.72    9.77
 237.54  114.16
 237.97   59.10
 237.99   77.58
 238.35   69.29
 239.07   13.26
 239.43  145.46
 239.54   89.62
 239.62   62.82
 239.87   82.82
 240.10   38.05
 240.85   32.11
 241.06   98.28
 241.25   43.55
 241.26  100.22
 241.33   43.59
 242.09   17.58
 243.34  139.79
 244.52   66.20
 244.55  116.51
 245.02  149.44
 245.08   40.22
 245.23   82.94
 245.43   81.09
 245.69   53.91
 246.60  138.51
 247.31   68.45
 247.32  108.66
 247.62   31.56
 248.71  120.89
 249.15   71.14
 249.46  129.55
 249.59  131.81
 249.70   61.45
 250.29   38.38
 250.45   66.70
 251.18  115.86
 251.31  131.17
 251.83   68.55
 252.65  130.37
 252.67   42.29
 252.77  125.74
 253.09  165.68
 253.15  146.77
 253.49   60.29
 253.53   75.63
 254.60  118.46
 254.98   86.96
 255.57   10.18
 255.60   40.85
 256.00   70.57
 256.19  146.62
 256.75   13.85
 257.12  121.92
 257.34   76.13
 257.72  142.18
 258.09  150.18
 258.98   64.08
 259.02  162.81
 259.13   15.58
 259.51   46.90
 259.92   86.51
 259.97  165.46
 260.00   86.38
 260.32   82.29
 261.47  133.33
 262.86   49.61
 264.44   42.40
 265.61   56.14
 266.30   72.21
 269.06   81.54
 270.09   29.29
 272.07   79.91
 272.41  132.01
 272.78   69.32
 273.04   13.74
 273.19   50.13
 273.36   79.43
 273.37   56.65
 273.41   93.68
 273.79   44.55
 274.74   27.78
 275.10   52.11
 275.14  123.94
 276.40   11.61
 276.51   84.57
 276.78   94.27
 277.05   56.98
 277.25   79.98
 277.28   76.78
 277.42   89.39
 278.66   28.50
 279.47   46.60
 280.64   56.65
 280.82   50.03
 282.53  128.72
 283.09   81.51
 283.37   70.19
 284.06  121.65
 284.11   32.36
 284.50  136.76
 285.03   65.05
 285.85   43.87
 286.46   94.17
 286.67  160.37
 286.86   82.13
 287.15   14.56
 287.26   29.15
 287.30   94.34
 288.36   90.85
 289.25   88.98
 289.25   32.78
 289.42  113.96
 289.46   67.98
 290.05   39.25
 290.64   18.60
 291.10  149.94
 291.24   91.61
 291.30  108.63
 291.73   43.09
 292.18   44.70
 292.37   19.71
 292.61   28.86
 292.77  149.71
 293.00   74.51
 294.04   87.21
 294.22   65.75
 294.99  202.37
 295.24   94.25
 295.40   10.00
 296.37  147.74
 296.75   16.52
 297.57  162.54
 297.94   33.05
 298.65   97.13
 300.06   29.28
 300.31  153.87
 300.47   21.61
 300.59   18.06
 301.06  154.73
 301.90   86.59
 302.02   46.06
 302.56   51.44
 302.76   68.56
 303.57   99.98
 303.80   41.31
 303.82   35.76
 303.94   96.45
 304.05   32.48
 304.11   63.83
 304.15   43.97
 304.36  164.92
 306.33   18.45
 307.05   61.65
 307.93   92.97
 307.96   74.49
 308.08   49.29
 308.55   78.90
 308.84   98.41
 308.99  196.98
 310.14   57.58
 311.60   26.16
 311.85   51.91
 312.86   92.08
 314.20  164.68
 315.31   15.97
 315.37   31.80
 316.62   79.26
 316.76  165.85
 317.04   36.94
 317.60  106.07
 318.04   92.40
 318.08   82.52
 319.45   96.45
 319.75   13.53
 321.48  162.05
 322.28  104.80
 323.47  169.17
