   7.00   70.72
   8.33   50.75
   8.77  151.99
   9.50   53.88
  10.43   67.14
  11.75  189.15
  11.98  142.11
  13.95   22.53
  14.81   67.22
  14.92  126.22
  15.09  153.23
  15.68  104.84
  17.33  147.51
  17.45   79.11
  18.52   48.95
  18.60  111.28
  18.94  125.99
  19.00   37.86
  19.43   43.31
  20.53   76.07
  20.61  115.67
  20.95  141.75
  20.99   33.99
  21.08  151.94
  21.16  137.03
  21.60   86.32
  21.99  122.07
  22.09   91.35
  22.11   32.22
  22.42   41.43
  23.20  189.18
  24.41  104.38
  25.06   50.54
  25.37   34.27
  26.40   90.33
  26.45  151.77
  26.56   47.62
  27.55   95.89
  27.73  146.23
  28.10   29.51
  28.11  146.16
  28.29  133.23
  28.47  116.17
  28.50   54.06
  28.66   26.51
  28.87  170.55
  29.07   44.19
  29.07  136.97
  29.11   95.38
  30.48   74.70
  30.76   92.11
  30.97  175.19
  31.02   30.28
  31.07   42.40
  31.12  120.28
  31.40   50.14
  32.61  130.35
  32.68   72.21
  33.29   67.01
  33.66  124.06
  33.68   94.86
  34.44  169.22
  35.58  103.88
  36.67   47.73
  36.85   28.80
  37.07   81.98
  37.13   36.76
  37.18  108.46
  37.28   58.36
  37.53   61.82
  38.50  133.81
  38.75  100.95
  38.98  111.49
  39.53   40.73
  39.56  151.06
  39.72   49.22
  40.47   97.46
  40.83   58.99
  40.95  144.96
  41.25  211.49
  42.68   64.01
  43.21   10.03
  43.24  106.27
  43.50   46.95
  43.53  139.51
  43.89   96.13
  43.93   33.45
  43.98   84.13
  44.04   88.00
  44.12   65.79
  44.54  208.65
  44.82   17.04
  45.11   99.48
  45.39   43.87
  45.44   24.14
  45.63   55.93
  45.71  208.90
  46.13  131.04
  47.21   32.87
  47.45   90.42
  47.57   61.23
  47.98   96.95
  48.45  184.69
  48.68   30.97
  49.84  150.90
  49.86  181.36
  49.98   50.11
  50.25   57.40
  50.43   41.41
  51.85   35.80
  53.30   23.29
  53.42   67.15
  53.45   32.37
  53.71   45.36
  54.16   38.56
  54.82   28.68
  54.96  153.06
  55.23   62.15
  55.38   15.56
  56.48   57.25
  56.88  108.16
  57.32   39.33
  58.23   75.96
  58.37   54.02
  58.49   43.51
  58.53   88.22
  58.56   36.31
  58.78   74.45
  58.86   17.32
  59.46   83.57
  60.02  114.86
  60.05  109.30
  60.27   27.55
  60.29  146.23
  60.52   13.22
  61.42   60.70
  61.53   19.85
  61.90   55.25
  62.91   27.27
  63.00   66.80
  63.14   93.87
  64.10   97.81
  64.38  140.60
  64.83   30.99
  65.34  120.44
  65.39   24.78
  65.45   49.02
  65.56   43.10
  65.88  130.10
  65.91   96.66
  66.16  104.95
  66.31   69.48
  66.38  108.74
  66.53  185.73
  67.14   65.22
  67.34   32.12
  67.57   80.76
  68.74   74.09
  69.27  182.72
  69.39  145.20
  69.43  111.83
  69.83   22.02
  69.89   34.14
  70.02   25.09
  70.56   95.40
  70.78  184.06
  70.99  119.53
  71.72   66.23
  71.75  125.79
  72.10  149.28
  72.36  111.44
  72.44  179.57
  72.49   52.33
  72.78   52.35
  72.89   44.70
  72.97  140.05
  73.19   53.55
  73.51  137.50
  74.13  130.87
  74.19  104.09
  74.95  194.32
  75.62   30.60
  75.66  123.74
  76.05  135.42
  76.30   97.08
  76.54  189.02
  76.68  143.26
  77.38   36.11
  77.91  181.30
  78.47  104.39
  78.80  132.84
  79.95   45.47
  80.80   32.66
  81.22  113.48
  81.93   53.08
  82.14  125.01
  83.81  141.11
  83.89  121.97
  84.59  125.10
  84.65  165.21
  84.78   46.00
  85.33  145.42
  85.55  190.07
  85.79  184.68
  85.88  184.87
  86.30   25.09
  86.52  132.33
  86.66   26.36
  86.98  120.07
  86.99  102.73
  87.01   98.82
  87.36  177.41
  88.08   94.89
  88.52  193.45
  88.67  128.41
  88.77  114.13
  88.77   55.52
  89.00   47.62
  89.54   41.96
  90.28   98.82
  90.56  149.44
  91.22  118.84
  91.49   31.14
  91.75  109.31
  92.15   36.53
  92.90  118.25
  92.95  113.68
  92.97  122.52
  93.18   40.87
  93.28  139.85
  93.50  135.99
  93.57  144.21
  93.76  126.80
  94.05  200.50
  94.05   35.38
  95.05  181.63
  96.74   40.11
  97.08   58.03
  97.21  141.65
  97.26  135.05
  97.51  123.13
  97.79  130.54
  98.09  109.22
  98.17  198.77
  98.17  114.60
  99.40  202.01
  99.53   47.88
  99.60   15.95
 100.28  115.95
 100.87  104.69
 101.59  138.32
 102.03  184.69
 102.11  129.62
 102.14  177.60
 102.35   49.07
 102.38   56.90
 102.87  121.72
 104.05   32.94
 104.36  115.97
 104.36  132.10
 104.82  108.67
 105.04  145.01
 105.07   46.65
 105.78  126.91
 106.41  118.79
 106.62   61.57
 106.98   30.43
 107.48  191.20
 108.02  165.88
 108.52  134.35
 108.58  112.75
 108.86   96.61
 109.02   54.42
 109.34  113.06
 109.35   36.67
 109.40  121.84
 109.47   33.39
 109.54  143.90
 110.15   39.35
 110.64   44.01
 111.27  138.79
 111.36   59.28
 113.23  106.11
 113.75   11.07
 114.26  179.43
 114.43   29.53
 115.00   38.49
 115.19  146.51
 115.43   42.73
 115.50  122.53
 116.34  183.87
 116.80   51.95
 116.99  124.75
 117.05  109.02
 117.34   11.85
 118.99   33.84
 119.11  145.73
 120.25   14.44
 120.30   47.57
 121.49  141.67
 121.76  125.82
 121.94   52.17
 122.13  115.05
 124.25  174.32
 124.34   97.72
 124.43  119.67
 124.48   33.55
 124.99   58.54
 125.81  130.53
 125.82   43.92
 125.88  137.88
 125.90  193.20
 126.17  165.57
 126.85  107.03
 127.19   66.61
 127.37   66.12
 127.56  133.01
 127.82  171.21
 127.85  205.50
 127.99   52.94
 128.53   38.69
 128.56   35.09
 129.07  187.47
 129.89  127.32
 130.58  178.41
 130.77   53.88
 130.97   36.72
 131.11   66.05
 131.29   56.70
 131.30  107.65
 131.32  142.13
 131.54  131.31
 133.77   31.61
 134.20   39.02
 134.36  110.39
 134.37  103.63
 134.54   44.51
 134.54  119.46
 135.45   18.24
 136.05   28.23
 136.18  128.13
 136.71  142.20
 137.07   64.66
 137.21   58.51
 137.25  174.78
 137.27   62.22
 137.43   84.32
 137.69   38.45
 138.00  146.45
 138.05  171.35
 138.09   35.14
 138.24  101.79
 138.53  190.54
 139.34  136.83
 139.83  168.90
 139.98  110.26
 140.54   57.97
 141.73  143.14
 142.03   25.13
 142.44  107.48
 142.51   16.13
 142.65   71.75
 142.66   68.38
 142.75  178.84
 143.54   64.72
 144.91   74.40
 145.02  186.34
 145.24  147.11
 145.53  175.95
 146.24  164.58
 146.32  181.61
 146.71  115.95
 147.35  106.75
 147.53  123.99
 147.77  130.42
 147.86   20.23
 148.49   60.31
 150.11  119.52
 150.51  178.27
 150.95   79.49
 152.01  104.39
 152.30  191.86
 152.77   76.08
 153.49  123.99
 154.39  144.82
 154.41   13.76
 154.55  164.80
 154.70  126.59
 155.08  164.18
 155.44  191.01
 156.73   53.90
 157.07  147.71
 157.12  172.24
 158.18   74.91
 158.60   59.44
 158.90  174.52
 160.13  112.22
 160.25   96.04
 160.50  146.25
 160.78   98.32
 161.59  177.91
 161.64   67.64
 162.83   51.26
 163.12  142.03
 163.77  130.34
 164.15   56.37
 164.74   64.95
 165.26   70.06
 165.42  166.22
 165.99   73.53
 166.03   98.03
 168.32   66.95
 168.53  146.41
 169.54   42.92
 169.64  129.87
 169.82  124.30
 169.99  106.56
 170.05  103.10
 170.80   52.52
 171.55  107.62
 171.97  135.44
 173.98   71.67
 174.81  141.97
 174.88   58.89
 175.40  174.78
 177.09   38.74
 177.30  102.64
 177.41   50.83
 177.73  107.37
 177.93  146.71
 178.34   61.96
 178.54   35.83
 179.28   88.51
 180.72   40.35
 180.76  108.93
 181.04   53.62
 181.36  118.01
 181.66   50.15
 182.31  146.69
 182.42   25.41
 182.47  166.27
 182.53  177.37
 182.76  119.10
 183.71   50.66
 183.87   32.59
 183.92   57.51
 184.14   72.45
 184.72  190.41
 184.73   59.46
 186.12   97.79
 186.85   55.65
 187.17   33.00
 187.52   38.55
 188.82  173.51
 188.91   72.22
 188.99  105.60
 189.78  113.84
 189.94  138.51
 190.51   43.83
 191.77  112.67
 191.78   18.62
 191.86   83.90
 193.15  112.85
 193.40   25.72
 193.72   39.29
 195.44  142.05
 195.68   59.56
 195.74  167.03
 196.05   76.11
 196.28  139.01
 196.63  115.18
 197.10   85.60
 197.53   63.57
 198.52   17.54
 198.67    8.58
 199.79  113.61
 199.84   39.20
 200.11  118.35
 201.12   72.72
 201.55  139.72
 201.93   88.91
 202.52   24.17
 202.76  118.08
 202.85   69.44
 203.20   46.51
 203.38  101.01
 203.46  114.56
 204.77  143.75
 205.10  135.45
 205.13  148.20
 205.78   20.66
 206.38   61.98
 206.66   44.40
 206.71  124.28
 206.78  124.05
 207.68  167.47
 207.72  106.21
 207.86   77.22
 208.08  105.86
 208.28   43.58
 208.29   57.17
 208.30  143.54
 208.30   39.44
 208.81  110.32
 208.99  175.14
 209.01   73.39
 209.46  179.98
 210.03  141.00
 210.31   52.55
 210.51   23.84
 210.99   96.05
 211.71  152.52
 211.88   28.04
 212.15   55.84
 212.41   14.93
 212.78  117.93
 212.89   63.61
 214.05   83.63
 214.93  150.40
 215.63  144.36
 215.73  126.65
 216.66   56.77
 217.28  147.28
 217.58   50.98
 217.64   89.37
 217.78  106.69
 218.03   85.37
 218.09   61.55
 218.49   70.65
 218.57  141.55
 220.12   91.96
 220.69   66.57
 221.15  104.30
 221.36  175.07
 221.61   26.24
 221.92  149.56
 222.58  173.02
 222.64  177.68
 223.20  107.42
 223.88   86.93
 224.57   10.93
 224.90   64.33
 225.01   72.16
 225.36   25.35
 225.79  100.72
 226.11  148.15
 226.99   76.14
 227.48   13.19
 227.73   60.74
 228.33  180.36
 228.46   69.83
 228.93   89.17
 230.07   62.80
 230.48   31.64
 230.72  134.81
 231.20   10.29
 232.73   69.63
 233.05   87.15
 233.44   18.41
 233.64  173.41
 234.19   80.10
 235.17  142.47
 235.82   40.10
 238.33   83.84
 239.40   20.18
 239.56   60.65
 240.07   78.64
 240.30   61.61
 240.43   46.05
 241.35   92.50
 241.98  174.25
 242.31  117.70
 242.48   50.08
 243.40   71.77
 243.93   54.00
 244.22   94.58
 244.50   64.37
 244.58   77.01
 244.59   30.09
 244.95   86.51
 245.16   18.70
 245.46  111.63
 245.66  156.10
 245.88   34.24
 245.97   74.44
 247.02   42.17
 247.30  101.86
 247.31  151.45
 247.37   45.48
 248.01   21.74
 248.92   97.71
 248.93   49.42
 249.29  148.79
 249.61   53.89
 250.36  101.80
 250.46  176.02
 250.48   94.74
 251.95  153.63
 252.12  121.37
 253.78   35.77
 254.04   36.64
 254.17   48.03
 254.29   75.37
 254.53   75.60
 254.75  161.12
 255.36   82.77
 255.48   86.61
 255.84   60.61
 255.87   79.13
 256.49   65.14
 256.59   32.96
 256.87  155.43
 256.94  191.44
 257.22   36.92
 257.64  176.08
 257.73   94.90
 258.03   43.92
 258.91  162.56
 260.36   52.20
 261.01  124.23
 261.14   91.08
 261.59  161.24
 261.81  161.64
 261.86  178.94
 261.95   66.73
 262.41   71.65
 262.54   55.15
 262.66   33.08
 262.98   75.70
 263.01   18.89
 264.31   55.62
 265.72  120.12
 265.74  153.91
 266.18   77.69
 266.32  160.26
 267.17  123.30
 267.37  167.32
 268.13  102.18
 268.23   54.78
 268.40  174.83
 268.86   95.17
 269.19   89.67
 269.76  122.50
 270.20   16.76
 270.87  105.83
 272.51   85.56
 274.12   98.06
 275.44  112.11
 275.45  123.30
 275.52  179.65
 276.63  176.16
 277.26  120.98
 277.40  171.56
 278.96   18.45
 279.13  172.08
 279.17  123.77
 279.29   94.16
 279.46  167.12
 280.64   90.60
 280.90  129.25
 281.41   21.76
 282.48   15.93
 283.51  122.11
 283.97   91.28
 285.40   33.85
 286.09  169.45
 288.49  122.54
 291.00   29.54
 291.69  176.20
 291.73   75.25
 292.18  166.97
 292.70  116.07
 293.28   33.26
 294.01   15.12
 294.60  122.86
 296.24  169.68
 296.40  174.69
 296.66   38.98
 296.90  187.54
 297.01   11.85
 297.90  162.39
 298.16   27.73
 299.70  112.43
 299.71  173.53
 299.94  119.91
 301.13   38.88
 301.29  160.36
 301.30   32.35
 303.29   19.85
 303.41  117.60
 304.37  167.36
 304.63  177.11
 305.46  123.74
 306.72  113.64
 307.86  175.10
 308.07  116.33
 309.72   26.22
 309.89   20.31
 310.77   84.59
 312.40  174.21
 312.99  169.73
 313.73   26.70
 313.86  113.78
 314.24   83.57
 314.50   16.08
 315.48  119.57
 315.54  111.04
 316.21   49.04
 316.41  179.33
 316.82   21.64
 317.20   17.92
 317.29   18.11
 317.70   87.42
 318.77  117.06
 319.24   33.14
 319.29  110.35
 323.53   91.38
