   7.40  177.12
   8.41   59.44
   8.47   66.18
   8.71   71.08
   8.89  141.65
   9.33   25.06
  11.64  140.16
  11.95  129.60
  12.09  135.28
  13.21   26.69
  13.43  114.79
  13.90  176.98
  16.01   95.60
  17.36   30.46
  17.91   82.60
  19.05   64.05
  19.36   40.75
  19.45   90.85
  19.75  147.21
  19.79  125.48
  20.12   94.89
  20.19   28.10
  20.63   81.97
  20.79   56.59
  21.39  133.89
  21.40   88.32
  21.85   60.60
  22.05    6.96
  22.16  176.48
  22.27   92.99
  22.48   85.04
  22.67  155.28
  22.88   12.38
  23.07   33.19
  23.92  127.63
  24.83  136.59
  25.19  147.22
  25.54   23.63
  25.61   52.22
  26.35   91.73
  26.61  142.80
  27.03   85.12
  27.14   13.09
  28.28  133.88
  29.12  138.78
  29.46   91.67
  29.46  116.95
  30.09  136.01
  30.27   11.33
  30.28  106.59
  30.47   99.36
  31.06   18.12
  31.75   35.63
  32.04   45.66
  32.26  123.88
  32.42   24.83
  32.54  128.35
  32.74   57.73
  33.56   53.05
  33.59   79.40
  36.56  111.29
  36.63   22.29
  36.79   29.83
  36.96   60.76
  37.25   65.12
  37.32  151.67
  37.65  120.36
  37.67   90.22
  37.67   12.84
  38.16   68.33
  38.18   54.14
  38.33   71.53
  38.93   84.86
  39.07   34.54
  39.17  114.75
  39.22  122.87
  39.38  118.40
  40.28  205.76
  40.60  147.06
  41.06   50.70
  41.17   96.93
  41.68   33.64
  41.83   93.22
  42.44   23.17
  42.83   30.22
  43.11  113.77
  43.94  112.88
  44.87  140.69
  44.90   91.79
  45.16  122.58
  46.00   88.34
  47.46   61.22
  47.58   65.60
  48.62  131.20
  49.33   19.79
  49.35   18.04
  49.73   85.62
  50.20   14.49
  50.30  118.40
  50.39  162.70
  50.59  179.48
  50.99   67.44
  51.05   28.02
  52.38   25.02
  52.41   29.22
  52.82  150.16
  53.39   13.39
  53.54   76.59
  53.65   19.33
  53.74  174.14
  53.87   55.72
  54.51   73.16
  55.27  140.99
  55.54   81.56
  55.79   50.76
  55.89   27.49
  56.39  136.00
  56.42  113.92
  57.45   79.04
  57.50   68.98
  57.75   30.59
  57.82  133.05
  57.84   85.47
  58.22  179.27
  59.27   15.97
  60.38  115.25
  60.48   47.74
  60.52  134.60
  60.58   59.09
  61.28   90.00
  62.03  124.83
  62.51   24.51
  62.96   83.22
  63.11  107.06
  63.70  132.03
  63.77   44.85
  63.91  170.20
  64.02  115.32
  64.82   67.13
  65.01   29.99
  65.15   60.67
  65.29   13.45
  65.53   41.95
  65.70   82.53
  65.72   35.46
  65.72   53.71
  65.85   54.99
  65.85   65.58
  66.04   49.48
  66.25  172.57
  66.38  102.76
  66.72  107.88
  66.97  148.92
  68.05   97.92
  68.85  170.43
  69.04   29.61
  69.24    8.94
  69.71  135.93
  70.29   57.71
  70.71   60.43
  70.88   46.16
  71.03  130.50
  71.97   13.00
  72.07  172.33
  72.17  102.89
  72.64   56.19
  72.97   14.92
  73.80   52.56
  75.47  108.48
  76.14   13.20
  77.19  124.07
  77.23   61.29
  77.33   15.02
  77.55   81.71
  79.38   39.39
  79.63  171.09
  80.22  168.65
  80.41   50.78
  80.48   58.16
  80.50   25.83
  80.51   62.99
  80.83   19.99
  80.84   38.91
  80.87   44.53
  82.21   16.90
  82.68    7.70
  82.77  149.17
  83.66   29.27
  83.70   26.35
  83.88   63.64
  84.21   34.53
  84.71   22.27
  85.26   57.93
  85.86   35.56
  86.39   16.11
  86.51   61.31
  87.31   41.49
  87.32   82.87
  88.56  213.50
  88.62   23.50
  89.88   19.41
  90.32  187.58
  90.59   65.48
  90.87  126.86
  92.18   42.28
  92.19   49.05
  92.38   52.53
  93.31   39.47
  93.35  119.97
  94.62   65.90
  95.36   72.10
  95.41  148.95
  95.69  169.01
  95.80   55.15
  95.93  185.50
  97.17  128.98
  97.48   50.07
  97.62  116.14
  97.76  113.10
  98.22  151.24
  98.43   62.43
  98.51  166.35
  99.13  172.57
 100.22   81.45
 100.90   31.40
 101.23  174.71
 101.41   87.09
 101.68  120.31
 102.43    8.73
 102.69   52.93
 102.85   49.22
 103.43  148.94
 103.54   44.89
 103.94   27.96
 104.32   34.28
 104.81   76.20
 105.82  126.90
 105.89  185.46
 105.90   12.41
 106.07   49.23
 106.58  171.13
 106.77  211.18
 107.28   46.54
 107.34    9.01
 107.82   92.27
 107.97   42.85
 107.97  167.90
 108.49   60.14
 109.50  124.57
 110.10   20.56
 110.25   38.05
 110.33  170.79
 110.73   14.73
 111.31   65.47
 111.36   42.57
 112.72  163.90
 113.27  149.59
 113.31   62.97
 113.35   43.16
 113.37   57.11
 113.87   49.83
 114.26  171.49
 114.49   98.77
 114.57  107.64
 115.26   46.01
 115.38  169.96
 115.54  160.54
 115.70   54.65
 115.86  152.70
 116.25  160.32
 116.38  176.74
 116.59   66.69
 117.27   58.64
 118.26  166.33
 119.09   63.49
 119.74   34.81
 119.74    9.99
 120.03  169.34
 120.04   68.80
 120.25   48.50
 120.63   91.41
 120.76  131.40
 120.97   31.57
 121.21   39.00
 122.14   49.00
 122.25  103.93
 122.61  160.46
 124.90  205.94
 124.98  202.51
 125.55   31.90
 126.38   72.71
 126.43  157.03
 128.66  108.22
 128.79   76.67
 128.95   72.53
 129.96   64.13
 130.05   58.44
 130.06   67.52
 130.09   10.67
 130.53   17.71
 131.53   72.53
 131.99   20.81
 132.12  196.39
 132.27  163.34
 132.47   77.36
 132.53   44.15
 132.93   26.60
 133.13   49.14
 133.29   98.12
 134.60   37.80
 134.60  199.82
 135.03  195.46
 135.08   56.19
 136.51  203.77
 136.62  154.56
 136.66  157.74
 136.95   66.21
 138.14   44.38
 138.47  197.68
 138.56   64.02
 138.89   51.93
 139.02   35.27
 139.03   21.23
 139.19   77.73
 139.34  159.12
 140.72   14.86
 142.17   35.32
 143.06    7.90
 143.36   28.40
 143.85   70.75
 143.92   21.99
 145.82   30.99
 146.12   31.15
 146.30   45.45
 146.74   32.07
 146.77    9.06
 147.30   60.07
 147.87   36.78
 148.37   74.13
 148.72  197.55
 149.01  185.73
 150.68   42.13
 150.76   54.08
 151.24  159.14
 151.82   74.97
 152.69   36.96
 153.11  105.02
 154.90  202.21
 155.15  193.75
 155.40  156.85
 155.76   64.99
 156.12  198.44
 156.37   38.07
 157.10   50.71
 157.30  154.03
 157.42  145.24
 157.48   75.49
 157.68   17.06
 158.75   78.72
 158.99   17.51
 159.39  136.30
 159.48   87.38
 159.69  157.79
 161.09  162.31
 161.22   51.49
 161.22   85.81
 161.66    8.66
 161.71   54.86
 161.83  202.68
 162.55  117.82
 163.05  153.07
 163.24  152.85
 163.37  194.52
 164.01   40.20
 165.09   76.41
 165.19   48.16
 166.59   12.04
 166.71  191.75
 167.58  120.61
 168.29   61.71
 168.39  112.74
 168.62   40.22
 169.07   77.65
 170.51   48.96
 171.18   36.35
 171.26   45.03
 171.66   14.49
 171.97   47.92
 172.00   63.89
 172.02  196.55
 172.16   59.32
 172.22   79.97
 172.30  208.98
 172.56  186.57
 172.98  134.71
 174.02   51.01
 175.28   82.92
 175.66   39.88
 176.14  142.21
 176.19  180.27
 176.59  142.31
 177.36   46.69
 177.69  184.01
 178.11   52.03
 178.54   63.87
 179.30  121.35
 179.37   83.25
 179.93  134.01
 179.97  194.29
 180.19  139.99
 180.77  131.84
 181.49  108.77
 181.64   59.74
 182.26  199.95
 182.56  169.96
 182.64   50.13
 182.73   77.90
 183.19  213.35
 183.77  127.25
 184.84   43.86
 185.35  187.92
 185.67  133.55
 186.58   38.18
 186.73  183.24
 187.13  188.49
 187.96  125.22
 188.08  121.25
 188.40  121.40
 188.45   53.58
 189.15   68.13
 189.24   76.69
 189.80   55.00
 190.01   36.95
 191.08  210.77
 191.98   25.84
 193.38  194.96
 195.33   55.95
 197.34   21.70
 197.57   48.69
 200.08  132.23
 200.65  182.51
 201.00  163.01
 201.15   42.43
 202.52   49.34
 202.63   75.76
 202.68  206.91
 202.75   38.95
 203.45  212.43
 203.97  118.70
 204.19  106.67
 207.40  189.79
 208.17  199.98
 208.89  197.07
 209.32   33.66
 210.19   46.70
 212.69  189.91
 212.95   41.68
 212.98  114.74
 213.42   78.70
 215.60  203.34
 216.48  196.43
 217.23  141.47
 217.33   43.27
 217.68  117.27
 218.10   19.14
 218.34   23.04
 218.85  183.52
 219.39  127.74
 219.79   84.25
 219.87  120.93
 219.92   14.27
 219.99   30.61
 220.93  175.70
 221.14  191.58
 221.67  187.28
 222.01   36.72
 222.79  195.36
 222.80   56.23
 223.95  112.97
 224.52  150.87
 225.93  202.43
 226.98   81.44
 227.85   40.70
 228.55   45.01
 229.47  146.39
 229.72   30.98
 230.50   56.77
 230.50   31.17
 230.54  110.90
 231.00   97.97
 231.43  131.73
 233.88   18.84
 234.09   61.06
 234.15   17.29
 235.19  121.30
 235.24  114.62
 235.66   38.96
 236.01   32.21
 236.83   77.96
 238.14   56.66
 239.37  125.23
 240.58   41.32
 240.95   54.38
 241.06   55.01
 241.49  201.64
 241.52   34.37
 241.83   18.11
 242.47  187.12
 242.73  198.15
 242.90  187.64
 242.98   60.02
 243.04   49.52
 243.86  195.83
 243.89   41.08
 244.38   23.98
 244.56  206.50
 244.99   29.51
 245.06  154.03
 245.09   82.05
 245.51  131.29
 246.38   26.18
 247.30   31.76
 247.88   20.23
 248.33  112.12
 248.97  140.09
 249.69   26.18
 249.84   40.28
 250.79   16.87
 252.67  173.90
 252.67   13.04
 252.68  122.74
 252.96   59.19
 253.59   43.58
 254.06  201.13
 254.09   49.47
 254.20  139.37
 254.94  125.58
 255.54  122.36
 255.73  189.13
 255.88   34.20
 255.98  185.47
 256.13   20.99
 257.35   16.90
 258.03   52.72
 258.14   38.48
 258.22   65.28
 259.47  129.73
 259.77   40.66
 259.84   45.18
 259.90  207.38
 259.90   58.48
 259.92  111.12
 260.20   28.28
 260.66  196.34
 261.22  149.36
 261.50   63.66
 261.54   25.44
 261.58   58.98
 261.84   46.08
 261.93  199.87
 262.81   35.22
 262.82   54.90
 263.38   29.46
 264.01  103.19
 264.10   37.88
 264.51   51.55
 265.01  203.97
 265.32   10.40
 265.44   69.00
 265.64  209.92
 266.44   65.99
 266.93   29.85
 267.23   59.73
 267.25   23.32
 267.85  189.47
 268.26   82.20
 268.63  140.53
 269.22   71.45
 269.47   77.15
 270.19  121.84
 270.26  131.98
 271.45  102.29
 271.65   33.18
 271.96  177.62
 272.05   94.85
 272.67  138.55
 273.08  154.49
 273.23   78.19
 273.39  115.24
 273.63   28.32
 273.75    8.17
 273.89   59.49
 273.94   57.58
 274.26  210.75
 275.21   40.65
 275.48   25.41
 275.73   34.13
 275.80  106.26
 276.13  157.32
 276.91   49.45
 277.33  200.11
 277.52  127.64
 278.87   19.06
 278.89   37.98
 278.95   30.73
 279.49   51.77
 279.59  133.86
 279.63   68.28
 280.27  112.15
 280.31  104.52
 280.68   34.26
 280.95   44.85
 281.65   28.72
 282.18   72.53
 282.35   21.25
 282.74   61.20
 283.84  124.02
 284.04   54.33
 284.43  130.08
 285.82  115.90
 286.14   87.02
 286.63  142.57
 287.04   43.57
 287.60  125.88
 287.69  152.97
 287.85  194.71
 288.67   44.22
 288.68   61.60
 289.18   78.28
 289.55  145.57
 289.78   14.23
 289.80   19.71
 289.86   64.77
 290.02  122.91
 290.04   29.70
 290.10  109.48
 290.66   83.51
 291.00   25.99
 291.17  206.15
 291.26  183.43
 291.42    9.83
 291.80   57.20
 291.95   48.63
 293.26  207.50
 293.55   25.41
 293.69  204.33
 294.19   17.39
 294.22  100.87
 294.43   93.44
 295.02   99.08
 295.78  163.59
 296.10   48.86
 296.53   80.85
 296.55  135.38
 296.91  112.23
 297.03  111.47
 297.12  105.21
 298.40   51.51
 299.63  101.44
 299.79  101.24
 300.24  131.87
 300.97  178.22
 301.29   21.83
 301.31   41.39
 301.62  199.67
 301.87  118.02
 302.09  145.79
 302.33  148.62
 302.58  203.78
 303.68   44.17
 304.00  160.98
 304.63  140.25
 304.89  200.46
 305.03  108.31
 305.12   82.16
 305.14  129.47
 305.30  122.25
 305.46   76.93
 307.36  155.74
 307.91  168.91
 308.43  102.91
 308.93   93.20
 309.29  131.27
 309.51   69.75
 309.64  121.28
 309.68  120.94
 310.15  141.96
 310.52  187.90
 312.27  169.63
 312.50  109.17
 313.37    9.29
 314.29  154.94
 314.74  206.12
 315.09  157.65
 315.39  210.77
 315.66  146.12
 317.07   70.40
 317.17   70.30
 319.02  144.90
 319.37  164.23
 320.04  126.09
 320.56  108.81
 321.55  101.39
 323.00  103.99
