   7.52  170.79
   7.55   78.26
   8.00   70.61
   8.04  152.66
   8.10   26.58
   8.34  149.63
   8.78  188.53
   9.28   42.12
  11.04  185.92
  11.89  112.47
  12.47   96.79
  12.75  124.42
  14.23   33.23
  14.26   46.28
  14.65   37.20
  14.92  123.58
  15.23   14.20
  15.39   24.10
  15.79   75.44
  15.86  108.81
  17.03  128.79
  18.09   32.79
  18.35  184.74
  19.22   41.20
  19.29   93.20
  19.66  115.06
  19.82  124.40
  20.25   67.14
  20.31  127.15
  21.08   17.58
  21.16  120.81
  21.58   73.00
  22.25   34.31
  22.47  120.03
  23.54   48.14
  23.71  156.28
  23.94   16.13
  24.12  152.03
  24.17  177.98
  24.37  192.22
  25.29   21.40
  25.77   58.05
  25.94  125.97
  26.02  108.96
  26.36  113.91
  27.15   28.58
  27.15   61.10
  27.16  159.13
  27.38   68.87
  27.49  122.13
  29.16   73.17
  29.68   14.59
  30.00   64.18
  30.32  154.92
  30.71   39.72
  30.86   89.05
  31.01   48.03
  31.39  150.59
  31.84   15.05
  31.85  116.25
  32.31   31.72
  32.87   70.10
  32.97   66.48
  33.08  158.64
  33.62  119.34
  33.78  183.79
  34.52   38.92
  35.10   63.70
  35.19  190.56
  35.23  123.48
  36.24   33.53
  36.55   52.52
  37.26  150.10
  37.71   87.96
  38.45   37.30
  38.46   63.23
  40.62  154.22
  40.79  121.20
  40.98  150.36
  41.85   19.45
  41.90  119.42
  41.97  129.85
  41.98  114.33
  42.24  125.60
  42.25   67.40
  42.28  183.78
  42.68  195.53
  43.17   26.92
  44.28   68.09
  44.47   85.72
  44.48   71.37
  44.61  118.41
  44.75   14.22
  45.26  150.07
  45.95  128.05
  46.04  192.47
  47.47  119.96
  48.19   35.61
  48.19  139.51
  48.35  115.22
  48.44  132.16
  48.60   11.19
  49.11   66.05
  49.22  128.45
  50.67  135.81
  51.29  188.24
  51.32   25.50
  51.36   31.14
  51.67  152.48
  51.92  127.53
  54.10  115.47
  54.24  183.05
  55.33  121.57
  56.54   47.61
  57.97  154.58
  58.02  115.44
  58.72  187.73
  59.47   98.97
  59.76   11.66
  61.34  144.72
  61.60  118.41
  61.64  110.59
  63.06  100.23
  63.75   69.80
  63.91  120.77
  64.82   73.70
  64.98   77.43
  65.46  156.82
  65.48   45.59
  65.74   17.53
  65.77  123.61
  66.32   16.75
  66.41  117.45
  66.44   99.82
  68.98  123.59
  71.03   11.65
  71.05  136.30
  71.31  135.89
  71.49  179.68
  71.81   14.69
  72.26   97.64
  73.28  156.23
  74.27  103.75
  74.51   57.84
  74.97   18.94
  75.82    8.33
  76.00  141.57
  76.60   22.70
  76.67   33.82
  78.63  185.76
  78.76  104.72
  79.71   27.53
  80.91   16.17
  81.19   10.87
  81.41  112.72
  82.12  154.09
  82.76  109.27
  83.49  105.65
  83.59  157.45
  85.01   38.44
  85.29   38.30
  85.93  126.14
  86.30   33.29
  87.24   12.55
  89.23  112.36
  89.28  112.22
  89.56   39.01
  90.07  156.32
  90.11  179.46
  90.65   10.47
  90.71  104.60
  92.98  153.92
  93.42   26.73
  93.71  178.19
  94.03  116.47
  94.25   32.36
  94.48  111.88
  97.21  155.13
  97.61  179.27
  97.69   50.99
  98.93   27.84
 100.07   49.93
 100.40  141.82
 100.74   40.16
 100.76  101.24
 100.81   20.31
 100.85  151.61
 101.51   35.33
 101.65  112.20
 101.71   51.08
 102.23  135.83
 103.13   45.81
 103.16  117.86
 103.34   17.49
 103.59  151.48
 104.92  112.23
 105.54  121.00
 105.82   53.58
 108.05  132.56
 108.38  117.85
 108.53  154.67
 109.73  176.85
 110.05  177.31
 111.20   78.25
 111.83  154.27
 112.20   78.71
 112.42  114.82
 113.81   44.64
 114.28   21.83
 114.47  183.52
 114.71   35.89
 115.16   54.82
 115.31   50.42
 115.47  154.83
 115.68  177.40
 115.99   31.44
 116.70   47.57
 117.91   39.79
 117.95   52.95
 119.31   31.85
 119.59  139.85
 119.84   56.25
 120.01  116.89
 121.28  110.48
 121.35  176.05
 121.49  155.45
 121.52  175.87
 121.64   49.22
 122.97   15.70
 123.94   64.98
 124.65   16.18
 124.77  159.00
 124.92  120.10
 125.85   53.61
 126.44  167.32
 126.66  163.35
 127.17  155.87
 127.82   55.51
 128.42  102.44
 129.86  115.60
 130.35  101.75
 130.58   63.01
 130.73    7.82
 130.97   59.99
 131.46  107.35
 131.63  112.43
 132.48   67.01
 132.65  120.14
 132.71  133.12
 133.49  158.32
 134.40  167.05
 134.41  156.21
 135.01  137.20
 135.22  124.82
 135.28  130.74
 135.32  116.18
 135.36  118.45
 135.48   61.75
 136.27  159.87
 136.39   69.62
 136.92   16.86
 137.04   33.10
 137.15   27.53
 137.37  139.95
 137.91  127.25
 137.92   36.24
 138.18  113.16
 138.85   38.98
 139.64  163.23
 139.76  109.34
 140.35  164.64
 140.57  137.52
 140.64  130.82
 140.71  124.70
 140.72   90.65
 140.83  116.08
 141.51  151.56
 141.86  172.13
 142.55  112.72
 142.70  105.13
 145.04  138.05
 145.07  124.97
 145.23  129.55
 145.27  116.09
 146.55  154.61
 147.03  107.81
 147.35  178.02
 147.36  112.84
 147.66  127.20
 147.78  120.56
 147.99  127.81
 148.74   36.76
 149.83  130.90
 149.98  116.05
 150.08  151.04
 151.57  171.52
 153.42  113.13
 154.29  160.00
 154.42   99.38
 154.74   44.26
 154.76  138.15
 154.90  125.57
 154.95  129.75
 154.98  116.18
 155.47  155.68
 156.63  151.54
 156.73   56.16
 156.96   40.86
 157.46  107.80
 157.49  139.46
 157.69  170.63
 157.79  162.12
 158.02  101.13
 158.14   43.79
 160.23  137.89
 160.28   40.08
 160.59  130.44
 160.59  123.16
 160.72  116.70
 161.50  170.64
 161.87   32.21
 162.74   46.42
 162.77   46.10
 162.86   25.16
 163.32   43.09
 163.47  120.29
 163.54  126.61
 164.14  168.58
 164.21  167.02
 164.26  112.91
 164.41  103.21
 164.70   32.32
 165.39  161.04
 165.93   58.78
 165.99  137.41
 166.13   53.71
 166.16  115.86
 167.38   36.23
 167.60  169.36
 167.84   26.35
 167.88   41.58
 168.76  156.27
 169.35   17.41
 170.43   63.83
 171.20   50.35
 171.39   48.41
 172.39   40.75
 173.51  167.76
 173.54   38.60
 174.63  153.05
 175.32   83.90
 175.47   44.13
 176.26  132.52
 177.43   36.20
 178.99  165.88
 179.12  152.62
 179.14  107.59
 179.99   64.11
 180.47   60.06
 181.18  105.29
 181.32   56.99
 181.99  158.19
 182.27   42.74
 182.78   51.71
 183.47   67.10
 184.34  163.98
 184.48   62.49
 184.86  142.69
 185.80  144.21
 185.88   76.91
 186.11   29.74
 186.15  116.14
 186.32  134.10
 186.46   67.84
 187.81  149.32
 188.54  159.85
 189.03  123.51
 189.24  145.16
 189.71   98.57
 189.75  123.95
 189.83  123.94
 189.99   51.88
 190.29  143.94
 190.43  104.30
 190.49   26.75
 191.12  149.17
 191.14   39.25
 191.34  117.34
 192.03   58.09
 192.05   45.36
 192.30   61.26
 193.19  156.62
 193.22  109.44
 193.36   55.23
 194.13  163.81
 194.98   50.69
 195.02  122.67
 195.38   36.24
 195.59  141.11
 195.76   45.82
 196.55  106.56
 197.11  112.92
 197.36   43.60
 197.89   60.96
 198.31   75.96
 199.59  104.26
 199.77   92.01
 202.05  109.35
 202.08   58.83
 202.95  158.14
 204.57   48.16
 204.95   92.07
 205.52  146.57
 205.66  101.20
 206.36   85.71
 207.56   92.15
 208.25   66.42
 208.31   38.71
 208.72   96.60
 209.42   61.69
 209.81  147.93
 209.93   63.51
 210.26   55.13
 210.31   34.19
 210.82   44.20
 210.95   75.84
 211.63   78.96
 211.66  157.99
 211.81   59.49
 212.14   67.29
 212.25   74.10
 212.40   94.84
 212.95  152.02
 213.00   48.16
 213.08   62.13
 213.42   88.25
 213.79   71.14
 214.95  155.48
 216.03   56.22
 216.06   97.94
 216.20  133.94
 216.38   73.60
 216.45   67.70
 216.69   45.59
 217.05   63.53
 218.19    7.72
 218.51   81.32
 220.23   19.86
 221.01   86.94
 221.29   36.18
 221.57   60.41
 221.59   66.42
 221.92   93.34
 222.43  107.78
 222.62   99.69
 222.78   89.52
 223.12  161.22
 223.43   41.32
 223.57  155.67
 224.74   47.10
 224.98   84.52
 225.22  148.76
 225.24   18.29
 227.24  145.27
 227.39   75.80
 228.39  153.89
 228.65   38.71
 229.05  130.08
 229.24  142.37
 230.31   57.98
 231.40  157.57
 231.66  158.05
 231.66  132.22
 232.71  142.66
 233.29  152.90
 234.08   95.23
 234.25   71.91
 234.33   61.05
 234.74   13.29
 234.77  150.45
 234.88  130.66
 235.06   85.72
 235.45   40.22
 235.96   76.23
 235.96  101.77
 236.01   10.24
 236.21  109.30
 236.54   51.71
 236.95  105.68
 237.55   60.59
 237.91  136.44
 238.22  159.72
 238.23   83.18
 238.34  121.79
 239.32   51.22
 239.79   87.69
 239.97  131.27
 240.23  152.26
 242.43   49.88
 242.49  134.58
 242.74   11.26
 244.47   74.51
 244.73   40.80
 244.92  159.51
 245.07  132.46
 245.08  137.56
 245.18   55.34
 245.30   80.67
 246.03  162.82
 246.36   51.04
 246.40   10.80
 247.07  100.61
 247.89  107.22
 247.90  105.64
 248.04   85.98
 248.09   99.00
 249.14   84.53
 249.15   23.76
 249.35  134.97
 249.40   69.45
 249.50   71.94
 250.20   52.91
 250.66   17.24
 250.90  102.08
 251.05  142.19
 251.49   57.46
 251.63   92.46
 252.84   77.35
 252.88  105.60
 254.24  138.17
 254.44  115.52
 254.81   74.46
 255.42   10.88
 255.73  158.62
 255.77   62.63
 255.99  164.56
 256.22   68.97
 256.67  104.34
 257.29   26.72
 259.48  104.76
 259.96  164.50
 260.17  137.85
 260.36   79.17
 260.37  141.48
 261.45  161.32
 262.22  108.45
 262.66  153.84
 263.18  102.59
 263.21   83.12
 264.04    7.23
 264.05  141.84
 264.08  122.85
 264.79  114.98
 264.86  133.60
 265.98   70.74
 266.12  121.67
 266.24  151.19
 266.33   82.63
 267.01  165.71
 267.67   69.30
 267.91   80.19
 268.47  142.31
 268.53  120.14
 268.60   91.47
 269.23  110.53
 269.24  161.53
 269.87   77.26
 269.99  100.72
 270.04   15.65
 270.10   23.40
 270.53  123.59
 271.03   86.31
 271.44  105.57
 271.58  126.52
 272.10   68.05
 273.34  153.53
 273.73  159.82
 273.98   70.87
 274.05  144.49
 274.40  149.77
 274.99  120.75
 275.65  124.10
 275.68   86.09
 277.81   94.96
 278.11  126.97
 278.40  162.66
 278.52  126.47
 278.79   15.16
 278.79  154.20
 279.66  116.08
 280.06  114.71
 280.85   93.50
 280.90  112.63
 281.40   58.19
 282.14  164.85
 282.33  101.74
 282.47  109.08
 282.66  164.82
 283.39  108.82
 284.04  132.76
 284.52  106.93
 285.14   52.95
 286.25   60.27
 286.92  155.11
 287.04   32.24
 287.10  154.26
 287.36  159.22
 287.77   10.35
 288.02   97.23
 288.24   47.38
 288.25   28.59
 288.49  115.92
 288.50   82.69
 289.40  129.96
 289.86  138.96
 289.87   68.88
 290.34  102.28
 291.40  165.94
 291.85   87.03
 292.20   17.76
 293.22  145.97
 293.44   67.64
 293.87  111.47
 293.93  115.64
 293.96   37.53
 294.02  150.72
 294.31   42.91
 294.31  105.59
 294.72   91.24
 294.77   23.81
 294.87  156.96
 294.91  163.26
 296.45  120.37
 297.20   12.99
 297.33  130.77
 298.52  138.75
 298.54   57.95
 298.70   96.71
 298.84   23.90
 298.89   96.60
 299.04  146.68
 299.05   90.36
 299.31   61.37
 299.62  160.37
 299.75  103.60
 300.92   87.32
 301.70   39.31
 302.07   67.76
 302.36  161.74
 302.69   47.71
 303.22   71.61
 303.92   83.12
 304.28   39.94
 304.44   76.40
 304.57   59.41
 304.58  125.41
 304.74   95.56
 304.76  102.55
 304.97   20.69
 305.42  106.82
 305.56  152.32
 306.36  158.52
 306.64   53.93
 306.99   67.09
 307.01   77.48
 307.66  119.72
 307.75  171.35
 308.07  123.34
 308.36   34.77
 308.49  141.05
 308.53  155.80
 308.83  105.46
 309.01    7.66
 309.09   86.37
 309.34  131.73
 309.39   57.18
 309.41   48.87
 309.90   74.66
 310.21   69.60
 310.77  148.62
 311.62   60.08
 311.73   19.48
 312.29  120.13
 312.84   94.70
 313.54   79.66
 313.81   45.33
 313.84  173.25
 313.88  117.43
 314.46  204.90
 314.71   36.39
 314.74   56.47
 314.79   63.05
 314.88  168.61
 315.90   60.04
 315.93  133.88
 316.13   19.32
 316.85  140.97
 316.89  153.32
 317.13  123.39
 317.19   14.11
 317.63   38.67
 317.91  100.77
 318.47  136.59
 318.49  204.92
 318.52   88.50
 318.78  166.04
 320.27  124.13
 321.29   22.22
 321.30   90.46
 321.88   78.71
