  13.52   36.11
  13.87   26.69
  14.82   32.16
  14.92  164.51
  15.76   40.46
  16.91   35.47
  17.22  178.74
  17.23   80.92
  17.63  177.96
  18.78   17.42
  19.87   50.22
  19.87   83.48
  19.90   35.42
  20.03  168.19
  20.51   67.55
  20.95  194.22
  21.28   29.00
  23.30  177.14
  23.86  182.31
  23.91   33.22
  24.87   88.54
  25.28  133.18
  25.29   62.57
  25.59   43.96
  25.82    8.92
  25.84  176.07
  26.29  162.22
  26.34   84.10
  26.71   49.67
  26.72   79.79
  27.44   65.18
  27.76   75.36
  28.80  142.24
  28.96  173.53
  29.11   15.19
  29.26   15.49
  29.48  209.30
  29.51   58.46
  29.51  205.82
  30.10   86.47
  30.41  173.34
  31.15   82.32
  31.37   39.24
  31.41   48.15
  31.44   27.81
  31.97  177.92
  32.09   76.17
  32.26   79.25
  33.05   73.11
  33.21   35.14
  33.89   13.50
  34.17   63.48
  34.52   55.16
  34.65   53.33
  36.83  134.69
  37.38   90.72
  37.78   67.28
  37.84  195.56
  38.10  171.50
  38.70  141.67
  39.16   90.78
  39.68   98.51
  39.87   37.65
  40.51  193.06
  40.54   11.57
  41.59   81.24
  41.79   82.16
  42.22   13.64
  42.82  173.12
  43.26   29.29
  43.76   86.31
  44.01   86.25
  46.10  170.04
  47.50   81.66
  47.93  167.50
  49.97   78.37
  50.10   86.99
  50.13  112.84
  50.98  157.53
  52.28  169.61
  53.30   61.23
  53.66   65.25
  54.15   83.32
  54.45   69.33
  55.11   57.56
  57.35  186.33
  57.52   64.87
  57.83  157.18
  59.03   59.21
  59.16  201.67
  60.34   52.39
  60.61  201.82
  60.85   62.41
  60.99   82.88
  61.29  180.96
  61.70  119.63
  61.96   91.25
  62.95  201.40
  64.50   50.75
  64.55  164.88
  65.30   73.12
  65.51   73.79
  65.58  152.06
  66.08  201.25
  66.59   63.05
  66.80   63.69
  67.33  194.10
  68.15  170.99
  68.68   80.53
  69.57  161.25
  69.92   74.56
  70.53   43.77
  71.75   55.26
  71.79  193.22
  72.77  156.47
  73.41  207.20
  74.47   51.56
  74.75   74.31
  75.10   56.73
  76.68  161.32
  76.72  158.61
  76.95   77.90
  77.27   43.16
  77.31   59.79
  77.42   87.72
  77.72   87.74
  77.80   82.84
  77.83  209.99
  78.21   52.94
  78.24   48.91
  78.26  156.11
  78.28   48.76
  79.43  176.95
  79.89  149.71
  80.22  162.72
  80.39  166.16
  80.49   58.16
  80.53   41.43
  80.66   79.51
  80.96   73.59
  81.19  171.21
  81.46   70.22
  82.15  157.98
  82.49   54.79
  83.30  160.91
  83.55  168.53
  83.62   82.75
  85.16  155.24
  85.58  205.60
  85.98   62.35
  86.06   68.11
  86.64  169.30
  87.13   38.28
  87.36  157.96
  87.43   48.07
  89.39   68.17
  90.45  124.49
  90.83   60.32
  91.23   88.49
  91.28   47.66
  91.32   53.44
  91.71   91.84
  91.84  171.98
  92.26  153.60
  92.96   81.27
  93.26  149.62
  93.73  112.74
  93.96  162.57
  94.34  210.19
  94.92  104.17
  95.09  124.47
  95.16   52.35
  95.42  107.57
  95.42   60.14
  96.38  191.92
  97.90   74.25
  98.66   62.49
  99.56   45.93
  99.85   52.49
 100.05  102.49
 100.14   89.68
 100.52   76.34
 100.89  154.74
 101.66   71.82
 101.70  200.84
 102.16  194.10
 102.67   82.89
 102.67  193.34
 103.39  208.51
 103.50   51.37
 103.63   61.83
 103.66  197.74
 104.14   74.28
 104.32  124.06
 104.44  202.66
 106.17   47.49
 106.80   64.56
 106.99   54.77
 107.80  175.74
 108.00  178.34
 108.22   78.22
 108.74   48.13
 109.11  119.85
 109.17  160.77
 109.68   85.86
 110.52  202.12
 111.01  149.28
 111.33  149.53
 112.02  183.61
 112.10   80.71
 113.25  156.34
 113.54   78.09
 113.85   50.97
 113.92   53.96
 115.43   72.34
 116.01   68.82
 116.09  201.59
 116.63  207.75
 117.03   53.37
 117.08  149.65
 118.76   74.78
 119.24   60.41
 119.55  120.26
 119.98  133.84
 120.36  149.48
 122.05   92.63
 122.55   86.87
 122.65   68.52
 124.47   93.55
 125.21   60.63
 125.75   64.08
 127.56   87.60
 127.83  168.93
 128.28   81.35
 128.35   54.13
 128.87   91.45
 129.18   61.57
 131.34   96.17
 131.70   86.66
 133.36   70.90
 133.80   79.28
 134.40  141.76
 135.13   62.41
 135.20  203.32
 135.46  157.62
 136.66  168.35
 137.12  213.30
 137.50  207.74
 139.46   95.27
 141.28  205.60
 141.46  208.72
 142.55   65.54
 142.79   79.06
 143.77   73.54
 144.35  111.43
 144.53  162.53
 144.89  115.77
 145.05   94.15
 145.12  103.57
 145.13  176.36
 145.50  100.62
 145.57  107.69
 145.96   88.63
 146.17  202.32
 146.97  163.44
 147.05   74.20
 147.68   67.20
 147.92   80.95
 149.26   57.56
 149.42  197.60
 150.22  208.29
 150.34   88.16
 150.85   98.23
 151.17  148.18
 152.34  166.30
 152.92  156.77
 153.19  170.24
 154.57   61.71
 154.87   89.26
 156.36  147.78
 156.42   75.99
 156.53  148.20
 157.16  206.13
 157.36   93.88
 157.80  173.30
 157.85  209.17
 158.45   86.67
 158.50  212.03
 158.53  155.70
 159.38   55.67
 159.52   98.77
 159.59   79.88
 160.33  207.53
 161.07  165.25
 161.63  173.17
 162.22   58.87
 162.59  145.44
 162.70  186.31
 163.13  152.31
 163.35  203.81
 163.56  158.46
 164.17  164.55
 164.50  150.64
 164.78  155.21
 165.25   56.89
 165.71   64.48
 165.72   76.94
 166.23  179.55
 166.31  142.16
 166.48  141.85
 166.91  120.48
 166.98  172.86
 167.34   53.44
 167.57  165.36
 168.10   57.94
 168.12  146.33
 168.14  163.72
 168.62   96.31
 169.39   58.07
 169.77   83.45
 170.93  168.73
 171.20   90.89
 171.71  190.12
 172.44  154.46
 172.56  140.61
 172.56  145.34
 172.66   75.73
 173.04  141.92
 173.11  198.89
 173.80  151.84
 174.28  213.18
 174.94  185.87
 176.01   70.39
 176.33   58.86
 176.45   50.77
 177.33  141.98
 177.67  180.15
 178.38   53.22
 178.93  117.48
 179.52  179.14
 179.52   90.27
 180.87  154.18
 180.89  136.61
 180.89  147.24
 181.07   85.24
 181.10   50.88
 181.21  147.46
 182.19   67.67
 182.47  173.82
 182.50  143.31
 183.09  106.35
 184.31  101.28
 184.38  197.96
 186.13   51.49
 187.98  102.30
 188.09  179.07
 188.22   74.16
 188.23  184.36
 188.23   64.49
 188.31  188.56
 188.58   56.50
 188.95  110.94
 189.18   98.74
 189.80   51.16
 189.86   91.18
 190.08  181.44
 190.63  147.60
 191.39  123.53
 191.81  141.38
 192.09  115.30
 192.84   95.81
 193.19   62.53
 193.23  109.60
 193.35   75.05
 193.89  211.40
 193.89   60.36
 194.30   86.48
 194.56   69.94
 194.88  195.61
 195.36  105.34
 196.08   54.36
 197.22  211.64
 197.50   65.53
 197.55   98.08
 197.92  112.82
 198.91   69.63
 199.19  103.00
 199.21   91.59
 200.05  125.92
 200.26   79.14
 201.02  124.34
 201.63   64.16
 201.95  185.81
 202.04  146.03
 203.08   70.49
 203.31  143.57
 203.74  125.75
 204.02  128.56
 204.06  211.84
 204.89  138.98
 205.14  174.25
 206.42   79.50
 208.06  175.10
 208.30   58.74
 208.67  176.88
 209.09  187.16
 210.78   68.83
 211.62   74.51
 212.21  170.86
 212.70   91.29
 212.91   63.66
 212.96  143.10
 213.51   53.51
 213.72  168.08
 214.65  157.34
 215.35  161.78
 216.87   90.94
 219.80  151.96
 221.17   54.11
 221.95  164.31
 222.80  210.07
 222.96  159.18
 223.78  151.43
 223.99   90.05
 225.97   77.41
 226.51   67.92
 227.09   85.18
 229.60   98.67
 233.38   87.15
 233.52   64.25
 234.06  206.99
 234.14  145.64
 234.81   87.89
 235.45  166.80
 235.48   40.72
 235.58   58.89
 237.72   38.90
 238.25  180.00
 238.50  144.06
 238.65   76.08
 239.46   61.31
 239.70  167.57
 240.01  185.67
 240.27  161.23
 240.50  196.14
 240.93  171.72
 241.21  191.20
 241.84  145.81
 241.88  145.95
 243.88  193.88
 244.73  182.54
 247.23   47.67
 248.61  183.13
 249.40   40.88
 249.44  197.96
 249.74  208.81
 250.04  130.06
 250.12   83.55
 250.54  109.88
 250.98   69.64
 251.53   54.37
 251.91  147.02
 251.99  183.20
 252.59  129.23
 253.07   85.11
 253.72   13.73
 253.87   64.01
 254.04   35.49
 254.14  162.91
 254.23   72.53
 254.27   23.16
 254.62   61.55
 254.69  108.94
 254.77   85.86
 254.97  159.21
 255.64   40.15
 255.72  112.82
 256.07  164.72
 256.38   32.20
 256.44  129.58
 257.50   12.62
 257.61   77.60
 258.67   26.36
 258.88   46.78
 258.91   46.83
 259.04  126.29
 259.52   98.50
 260.48   78.15
 260.56   43.06
 261.03   51.60
 261.62   31.70
 262.81  115.59
 263.38   45.86
 263.44   39.31
 263.65  148.54
 263.73   85.86
 264.49   60.71
 264.69  129.52
 264.93   26.73
 265.43   89.67
 265.47   77.37
 265.88   50.24
 266.04  208.34
 266.39   10.61
 266.53  154.93
 266.55   57.30
 266.61   32.14
 266.73   38.79
 267.34   86.89
 267.42  108.28
 268.55  139.93
 268.89  187.70
 269.91   15.52
 270.86   88.99
 271.02   33.49
 271.26  212.48
 271.27   22.92
 271.46   37.96
 271.77  146.21
 271.80   22.87
 272.05  205.67
 272.28  149.62
 272.52  115.61
 273.94   55.34
 274.26   90.55
 275.08   79.84
 275.10   44.57
 275.28  212.67
 275.61   36.01
 275.68  208.91
 275.72  111.33
 276.11   83.08
 276.74  126.60
 277.07   30.96
 277.58   27.13
 277.71  109.27
 278.17   32.93
 278.86  128.46
 278.96  121.96
 278.97  115.25
 278.99   43.44
 279.38   85.32
 279.96    7.51
 280.11   56.86
 280.11  205.21
 281.06  110.01
 281.58  115.59
 282.44  124.91
 282.74  124.59
 282.89   37.29
 283.73   60.11
 284.39  140.28
 284.48  117.06
 284.67   83.89
 284.90  145.26
 285.09   41.80
 285.26   78.96
 285.80   31.65
 285.87  185.83
 287.73   39.39
 287.98   14.20
 288.75  140.21
 289.34   48.85
 289.81   58.93
 289.90   90.06
 290.13   33.77
 290.88  209.40
 291.40  143.57
 292.02  171.60
 292.13  139.82
 292.32   94.50
 292.38  139.26
 292.68  116.43
 294.00  210.63
 294.01  206.18
 294.02  116.25
 294.42   84.40
 294.70   90.17
 294.84   43.92
 295.02  146.71
 295.10  146.59
 295.42   34.81
 297.33   23.01
 297.99   90.38
 299.19   93.73
 299.52  139.55
 299.77   13.22
 300.97  143.05
 301.00   46.41
 302.41   61.32
 302.77   80.52
 303.29  207.47
 303.85   58.77
 303.91   75.34
 304.04  208.74
 304.91  191.23
 306.69  144.07
 307.22  142.68
 307.28   71.75
 307.59   25.12
 309.72    7.92
 310.97   23.25
 311.10  207.41
 312.00   92.36
 312.54  136.98
 313.18  211.22
 314.60   95.17
 315.18  143.86
 316.60   82.74
 316.61  134.54
 316.91  137.53
 317.04  161.88
 317.64   93.06
 319.93  202.42
 319.95  136.23
 320.10  196.41
 321.53  115.21
 322.91  135.53
