   9.73  207.17
  13.28  180.02
  15.52   80.53
  15.79   99.49
  16.27   75.79
  16.88   89.49
  17.28  105.99
  18.09   96.20
  20.28  195.74
  21.90  117.31
  23.40  121.75
  25.75  131.91
  28.95  138.87
  29.30  172.50
  31.57   75.88
  32.54  169.34
  33.00   78.99
  36.65  176.82
  36.97  172.81
  39.01  139.87
  41.67   79.44
  45.42  166.01
  46.46  169.39
  49.00  172.13
  50.00   68.73
  50.69  157.97
  51.04  168.64
  52.90  165.76
  53.15   75.36
  53.27  160.46
  54.46  157.61
  55.00   71.39
  55.58   89.03
  56.90  162.58
  58.22  182.14
  58.39  165.23
  58.60  159.84
  58.78  157.26
  59.26   69.63
  60.39  131.81
  60.55  162.10
  62.60  204.84
  63.20   66.09
  63.33  168.94
  63.81   95.34
  64.04   72.18
  64.71  165.58
  65.83   69.09
  68.49   96.03
  70.58   88.33
  70.95   85.93
  71.54   75.41
  72.46   68.32
  72.55  140.38
  73.53   77.85
  74.78  113.96
  74.90  114.30
  75.21   71.11
  76.52  105.67
  77.15  121.44
  77.61   96.28
  77.86  125.43
  78.15  138.82
  80.02   67.68
  81.86  118.46
  82.48  103.09
  83.50  167.39
  83.81  134.59
  84.55  102.08
  86.38  205.26
  87.72  129.63
  87.80  101.21
  87.91  110.08
  88.93  139.13
  89.50  132.34
  89.52  110.97
  89.86  127.21
  91.35  170.45
  91.49  118.69
  91.52  113.18
  91.84  105.42
  92.07  125.93
  92.23   93.35
  92.44   58.35
  92.45  101.04
  94.00   83.96
  94.75  177.91
  95.25  131.81
  96.21  168.85
  97.23   94.09
  97.50   64.05
  97.51   55.96
  98.07   86.89
  98.90   98.28
  99.35  119.45
  99.41  166.50
  99.85  205.85
 100.48  131.51
 100.93   93.28
 100.98  118.25
 101.30  105.38
 101.43  101.03
 101.70  125.76
 103.55   95.61
 103.76  163.04
 104.09   86.37
 105.85  132.24
 107.01  206.04
 107.11  202.88
 107.40   66.05
 108.86  165.57
 109.90  138.17
 109.98  165.11
 110.70  102.86
 111.16  202.80
 111.23  168.98
 111.76  206.09
 111.83  128.24
 112.61   77.51
 113.43   92.95
 113.91  137.77
 115.25  162.00
 115.55  159.75
 116.20  206.09
 118.31   95.57
 121.41  139.84
 122.69  162.54
 122.94  129.51
 122.96  132.93
 124.65  171.58
 125.17  119.35
 125.37   85.18
 126.10  131.46
 127.10   99.36
 129.82  165.28
 131.90  127.84
 132.86  102.62
 133.04  130.64
 133.42  109.19
 133.50  134.22
 135.56  161.91
 135.78  119.82
 136.19  101.73
 137.39  176.94
 138.79  137.65
 139.54   93.49
 140.48  202.93
 141.53  165.16
 142.97  205.37
 143.26   72.77
 143.51   84.76
 143.90  171.03
 143.97  110.90
 145.25  169.60
 145.41  158.73
 146.15  200.77
 146.24  100.46
 146.48  177.59
 148.00  207.67
 148.18   93.97
 149.08  129.84
 150.20  173.55
 150.58  118.06
 151.39  101.15
 151.47  106.43
 152.10  164.40
 152.84  144.66
 154.52  134.31
 155.07  195.31
 155.21  203.15
 156.63  100.40
 158.77  168.79
 160.37  126.06
 160.42  138.86
 161.01   94.16
 161.81  203.01
 162.89  133.05
 162.96  133.34
 164.23  199.27
 165.05  121.86
 165.59   91.76
 166.59  192.63
 167.68  120.88
 168.41  171.50
 168.58  203.00
 170.54   99.49
 170.79  195.85
 170.93  192.37
 172.65  126.20
 175.83  208.68
 176.77  137.74
 177.66  119.66
 178.52  204.96
 178.72  114.50
 178.96  106.36
 179.08  151.21
 180.89  104.99
 181.37  112.20
 182.61  161.48
 185.24  107.59
 186.35  164.94
 186.47  200.08
 187.14  104.42
 187.16  120.91
 187.27  204.95
 187.68  140.25
 189.08  107.27
 189.23  112.15
 191.03  134.39
 191.08  137.71
 191.66  110.21
 191.72  114.99
 191.75  120.36
 193.64  133.73
 194.06  107.75
 194.17  112.62
 194.28  118.07
 194.67   93.64
 195.68  171.00
 195.74  137.98
 196.29  111.65
 196.88  161.19
 196.94  133.46
 198.43  156.26
 200.65  110.17
 200.68  120.09
 200.72  115.14
 201.81  203.17
 202.31  139.90
 203.15  112.58
 203.23  118.57
 203.24  107.34
 203.94  142.59
 204.09  166.64
 204.37  199.36
 204.85   29.19
 204.97  104.25
 206.39   53.47
 206.50   25.06
 206.59   46.14
 206.78   27.22
 207.08   60.35
 207.24  107.05
 207.34  117.91
 208.23   15.93
 208.99  197.19
 209.53  140.01
 209.61   63.84
 209.68  193.31
 209.82  151.53
 210.12   34.22
 210.49  108.71
 210.71   48.95
 210.97  139.23
 211.65  120.43
 211.74   17.11
 211.91  104.95
 212.19   15.46
 212.25  123.52
 212.55   27.27
 212.60   27.34
 212.88  154.75
 212.92  212.51
 213.23   20.03
 213.62  129.93
 213.83  106.89
 213.95   36.41
 214.10  118.76
 214.28  204.10
 215.03  190.32
 215.05  161.11
 216.02   60.05
 216.34  170.04
 216.68  127.84
 216.73   65.34
 217.20   36.39
 218.20  138.89
 218.22   42.97
 218.39  194.85
 219.60  198.60
 220.06   26.40
 220.11  135.68
 220.72   48.76
 220.75  127.89
 221.14  152.07
 221.16  202.37
 222.06   59.52
 222.42  195.06
 223.87   53.51
 224.02  192.36
 224.15   28.54
 224.16  202.41
 224.47  118.72
 224.48   60.98
 224.93   40.74
 225.36   85.08
 225.39  207.93
 225.64  125.08
 226.29   97.57
 226.42   33.11
 226.45   79.37
 226.55   46.03
 227.04   93.93
 227.22  205.03
 227.50  121.44
 227.62  157.13
 227.72   57.32
 228.62   62.35
 228.64  133.87
 228.86   67.85
 229.64  118.97
 230.46   21.72
 231.22   46.11
 231.26  170.93
 231.91   71.22
 232.03    8.93
 232.30   91.77
 232.58   95.63
 232.71   50.70
 232.87  105.78
 232.94   12.80
 232.98   85.54
 233.04   62.67
 234.12  103.10
 234.60  197.51
 235.58  149.36
 235.88  131.74
 235.91   16.19
 236.17   53.48
 236.32  159.12
 237.00   38.51
 237.72  135.04
 238.04  139.42
 238.43  201.80
 238.59   87.54
 240.09   92.26
 240.76   67.97
 241.49  125.33
 242.38   88.14
 242.39   53.61
 242.49  111.94
 242.71   83.64
 244.37  204.47
 247.04  100.34
 247.04  194.70
 247.26   87.44
 247.53  108.40
 248.87  108.40
 249.25   72.80
 249.29  113.54
 251.17   69.82
 251.35   90.64
 251.63  197.65
 252.11  178.36
 252.80  127.12
 253.26  194.36
 254.21  105.62
 254.78  206.67
 255.67  136.86
 256.22  124.46
 257.14  100.06
 257.27  194.60
 257.35  213.58
 259.05  128.44
 260.48   72.32
 261.74   66.34
 263.11  199.31
 263.33  113.27
 263.46   74.92
 265.59  132.54
 266.18  143.76
 266.22  205.31
 266.77  192.72
 267.08   84.52
 267.16  109.89
 267.18   95.00
 267.20  159.91
 267.23  189.22
 267.96  129.08
 268.57  194.42
 268.65  165.20
 269.04   10.10
 269.46  202.44
 269.55   47.63
 270.26  152.81
 270.32  113.56
 270.37  141.36
 271.33   17.54
 272.34  139.15
 272.69  124.56
 272.75  127.51
 272.81   74.00
 273.29    7.05
 274.59   98.18
 274.92  149.68
 275.17   52.92
 275.45  167.53
 275.74  138.06
 276.14  201.02
 276.37   55.91
 276.53  141.73
 276.91  116.44
 277.81   75.11
 277.87  126.48
 278.06  133.56
 278.24   93.57
 278.25   67.38
 278.39   67.49
 278.39  102.75
 278.50   52.91
 278.83   91.57
 279.19  129.99
 279.51  126.91
 279.55   44.32
 280.36   26.50
 280.55  198.42
 280.84   77.42
 281.45  138.68
 281.81  135.07
 282.42  113.47
 282.47   21.84
 283.93   24.81
 284.16  146.86
 284.25  185.69
 284.38  212.04
 284.98   97.56
 285.36  100.78
 285.46   92.93
 285.57  195.52
 285.87  114.80
 285.92   85.31
 286.16  103.88
 286.48  151.72
 286.68   47.00
 287.90  107.29
 288.00   91.01
 288.47   33.10
 288.56   98.74
 289.97  144.04
 289.98  152.01
 290.02  131.32
 291.50  135.69
 291.78   82.52
 292.89   41.99
 293.58  144.56
 294.31  147.57
 294.87  107.84
 295.17  113.41
 295.28   50.79
 295.91  138.13
 296.74   79.34
 297.46   87.82
 297.95   91.40
 298.28  100.83
 298.80  108.15
 299.04  191.58
 299.08  154.36
 299.51   53.57
 299.57  141.58
 299.60  135.86
 299.98   49.98
 300.02   75.61
 300.58   81.96
 301.49  149.47
 303.81  147.10
 304.10  117.56
 304.38  107.36
 305.32  208.19
 305.57  153.95
 306.01  133.74
 306.14  184.28
 307.66   51.28
 309.64  141.12
 309.70  127.74
 309.79  104.92
 310.73  190.60
 310.78   46.93
 311.41  127.98
 312.39  185.06
 312.84   50.32
 313.56  109.03
 314.37  148.96
 314.42  208.05
 314.43  127.25
 315.11  122.62
 315.59  152.87
 315.72  130.60
 318.31  148.60
 318.44  106.78
 319.15  123.46
 319.38  128.60
 320.09   68.23
 321.61   77.50
 323.59  198.01
