  13.43   63.24
  17.29   65.03
  17.49   84.60
  20.20  105.65
  20.31  105.60
  21.85   51.54
  21.86   60.92
  22.26   57.18
  26.51   41.50
  27.39   92.36
  28.30  116.11
  30.58   65.71
  30.74   41.43
  33.04  119.89
  35.97   42.80
  37.52   50.54
  37.89   37.93
  38.72  116.60
  42.60   56.58
  43.69   39.99
  43.85   98.30
  43.98   39.42
  44.96   72.54
  48.00   38.48
  49.56   99.58
  49.59   81.92
  49.63   36.55
  50.21  114.38
  51.38   69.81
  51.47  116.85
  51.67  145.74
  54.20  116.23
  56.12  135.64
  57.53  125.54
  57.61   82.16
  57.78  151.01
  60.13   35.13
  60.21   46.36
  62.35   83.80
  62.61   40.17
  63.51  148.51
  64.86  141.98
  65.76  142.06
  66.59   41.20
  66.59   61.10
  66.71   74.05
  67.47   57.88
  68.37   80.12
  68.84  123.31
  68.88  114.33
  68.90   43.86
  69.26  110.62
  70.52   57.18
  71.27  148.83
  72.07   73.33
  72.22   66.43
  72.38   77.83
  72.78   46.53
  72.94   59.44
  73.02   46.06
  73.07   42.99
  73.15  125.47
  74.30  143.68
  74.90   70.92
  76.05   70.98
  76.29   57.51
  76.85   64.44
  76.89   80.40
  77.47   41.65
  78.74  102.12
  78.94   42.07
  81.00  148.36
  83.38   77.94
  87.06  127.63
  88.03  147.85
  89.56  121.98
  90.46   60.80
  91.12   52.19
  91.55  120.10
  91.67   55.00
  91.97  108.04
  92.66   45.48
  93.04   47.14
  93.30  143.55
  94.69   67.98
  95.02  122.60
  95.54   47.51
  99.95   51.22
 100.23   58.87
 101.60   77.41
 103.38  112.05
 104.76   56.24
 105.93   59.79
 107.41  117.40
 108.41  113.54
 110.93  120.84
 111.75  121.44
 112.36  112.09
 112.83  106.06
 120.05  116.98
 121.37  148.30
 122.51  120.48
 123.22  108.49
 123.44  187.37
 134.09  117.45
 134.54  138.25
 139.41  153.72
 140.05  150.28
 140.71  150.60
 143.40  153.83
 144.06  149.66
 149.42  106.85
 149.90  122.65
 150.41   61.64
 152.12  145.28
 153.64  127.43
 153.88  163.21
 153.88  155.82
 154.24  126.43
 154.56   61.31
 154.80  121.21
 157.64  104.62
 157.82   60.17
 159.31   61.05
 159.61  165.24
 159.82  177.40
 159.96  152.29
 163.24  108.46
 164.16  183.78
 164.54  186.78
 166.63  183.61
 166.95  122.95
 168.52  185.32
 169.39   56.21
 170.54  191.88
 171.98  122.10
 172.24  189.59
 173.44  128.33
 174.02  198.19
 175.09  123.44
 177.07  107.04
 177.26  121.62
 178.88  196.79
 180.38  137.63
 182.04   57.03
 186.05  148.91
 186.21  137.03
 187.48  202.46
 191.68  154.41
 192.08  163.21
 193.76  206.76
 193.78  206.64
 193.93  164.83
 194.02  151.38
 194.16  151.12
 196.31  161.01
 196.78  119.17
 197.00  161.39
 197.95  154.67
 198.66  151.86
 202.59   59.72
 202.72  167.91
 203.33   52.71
 204.27  172.67
 204.85  159.09
 209.32  210.85
 211.40  124.28
 211.73  211.54
 212.50  104.69
 212.55  118.03
 215.50  177.85
 216.01  109.54
 216.08  183.17
 218.82   53.65
 220.08  184.92
 220.08  103.07
 220.85  181.50
 222.60  191.20
 223.43  121.65
 223.71  102.45
 223.74  154.02
 224.09  185.01
 228.77  108.81
 229.15  116.13
 229.22  102.15
 230.56  194.14
 231.15  189.40
 234.28  102.63
 234.63  121.34
 236.32  112.51
 237.45  197.65
 243.46  124.53
 245.47  118.28
 245.51  105.46
 246.40  124.44
 247.83  121.88
 247.84  117.41
 247.98  109.13
 250.92  126.75
 253.05   66.52
 253.42   73.73
 253.55   72.80
 254.81  153.40
 257.69  210.61
 262.62   12.65
 266.24   13.27
 267.53   72.20
 267.67  206.62
 268.74   89.01
 269.32   17.90
 270.11  116.87
 270.66   30.79
 271.24  115.43
 271.34   99.41
 272.34   24.59
 272.53   40.27
 273.58  207.43
 274.84   31.08
 275.02   43.88
 277.17   22.23
 277.71   93.01
 278.18   35.17
 278.57   40.91
 279.18  207.23
 279.27   89.60
 280.83  149.12
 282.07   74.12
 282.52   90.11
 282.85  110.25
 283.27  119.18
 283.86   70.50
 283.87   70.49
 284.93   79.13
 286.03   38.84
 286.86  144.91
 288.07  119.65
 288.94   95.08
 289.46   42.17
 289.57   97.14
 290.90  126.23
 291.55   87.64
 292.34   40.22
 292.71   42.36
 293.12  207.36
 293.37  119.11
 294.47  210.10
 296.12   75.14
 297.55  118.06
 298.01  115.06
 298.48  151.62
 299.27   18.55
 299.88   35.07
 299.93   77.97
 300.27   78.00
 300.60  148.57
 302.05   28.70
 302.39  207.32
 302.62  110.58
 303.49  151.56
 303.62  154.50
 303.70  135.37
 305.24   25.64
 306.67  111.74
 307.80  151.98
 308.07  207.39
 312.32  131.59
 312.40  136.70
 313.55  150.40
 315.12  145.95
 315.70  107.34
 315.98   77.92
 316.36  207.31
 316.73   73.31
 316.86  140.89
 317.11  127.69
 317.40  149.01
 317.41   43.96
 317.49   65.34
 318.42  134.26
 319.46  114.50
 319.50  210.09
 320.02  142.14
 321.00  137.11
 322.03   44.72
