  15.18   45.61
  15.25   45.41
  29.26   48.53
  41.46  162.91
  43.68   47.57
  47.86  161.88
  48.03  165.31
  48.57   87.45
  49.12   99.38
  49.91   60.25
  50.63  197.24
  53.32  105.64
  55.66   68.79
  55.87   79.60
  56.55   56.86
  58.36   72.25
  58.43   83.40
  59.21  169.61
  59.64   72.64
  60.87   81.68
  62.75  201.30
  63.22  101.71
  64.51  179.79
  65.29  198.35
  67.64  122.02
  67.71  206.76
  69.60   74.87
  71.30  184.74
  71.80  181.10
  72.95  123.06
  75.50  172.18
  75.51  178.71
  77.78  124.00
  79.69  209.99
  81.33  172.04
  81.49  198.81
  83.36   86.60
  88.34  127.14
  89.28  156.99
  91.75  116.85
  97.96  161.93
  99.26  138.58
 101.38  131.71
 102.12  132.96
 103.42  153.77
 111.03  134.97
 111.99   83.82
 114.88  142.30
 115.66   84.01
 117.35   87.22
 118.52  113.89
 119.54   84.14
 120.79  210.26
 121.16  205.32
 121.24  134.99
 121.85  127.89
 122.09   86.87
 123.44   83.97
 127.41  164.61
 128.62  133.13
 130.02  197.31
 133.21  122.69
 133.62  134.95
 135.38  128.97
 136.63  137.29
 137.18  134.43
 137.77  150.41
 145.18  133.77
 147.00  128.38
 148.94  181.91
 149.35  132.07
 149.52  141.22
 149.75  194.83
 150.40  121.48
 150.99  110.21
 154.03  112.52
 154.91  185.94
 155.20  202.81
 155.99  129.96
 156.30  115.17
 156.57  114.76
 157.47  125.56
 157.61  111.03
 157.83  190.82
 157.95  121.28
 159.58  181.81
 159.92  194.84
 160.30  198.07
 161.95  121.38
 162.32  201.80
 163.79   81.65
 164.59  186.84
 165.17  154.12
 166.00  149.87
 166.09   84.62
 166.21  122.13
 166.24  172.42
 168.01  144.48
 168.79  203.71
 169.03   79.61
 170.00  185.56
 170.52  194.31
 171.34  150.58
 171.72   75.41
 174.53   81.23
 176.35   85.65
 179.47  201.42
 179.82  131.33
 183.56   73.61
 183.84  201.58
 183.86  150.72
 189.20  141.79
 189.52   97.92
 190.10  203.59
 190.50  191.96
 191.70  156.24
 191.83  198.37
 191.84  101.98
 194.13  176.07
 194.26   69.20
 194.57  207.27
 195.09  151.52
 195.56  103.92
 196.76  101.46
 197.05  119.17
 197.13  110.87
 197.71  118.80
 198.08  189.29
 198.14  185.61
 198.17   70.75
 198.31   95.46
 198.32  150.89
 198.43  156.69
 198.56   71.73
 199.53  108.16
 199.68  182.56
 200.02  153.04
 200.27  145.41
 201.77   70.06
 202.29  118.14
 202.66  157.84
 203.42   84.17
 204.03  125.82
 204.44  184.84
 204.60  175.50
 206.46   69.89
 206.59  138.59
 206.81  112.95
 207.02   65.13
 207.16  131.95
 207.20  131.81
 208.22  188.14
 208.57  141.13
 208.68  135.92
 209.52  158.56
 211.28  106.73
 211.65   90.28
 212.76  193.01
 213.08   64.30
 214.67   83.49
 214.89  190.64
 215.07  110.92
 215.40   78.23
 215.79  130.74
 216.88  190.19
 216.95   60.08
 217.88  133.78
 218.98   87.13
 220.95  112.12
 222.68  200.32
 222.97  121.74
 224.60  133.57
 224.94  148.08
 227.49  160.71
 227.63   77.05
 228.45  197.87
 229.12   72.41
 230.03  203.18
 230.26  165.54
 231.02  176.45
 231.05  193.68
 232.47   77.05
 233.17   92.43
 234.05  151.28
 235.15  157.08
 235.62  177.10
 237.17  167.85
 239.55  174.84
 239.96  128.71
 240.51  157.05
 240.66  161.00
 241.42  174.06
 241.78   80.93
 241.84  177.95
 242.15  167.14
 243.25   84.36
 244.92  128.41
 245.40  163.79
 246.10  156.24
 246.37  138.78
 247.27   78.89
 248.21   84.85
 248.53  151.48
 248.79  170.43
 249.22   83.45
 249.72  159.36
 250.68  209.26
 251.00  130.65
 251.75   88.29
 252.42  163.64
 253.11  127.94
 253.34  196.26
 253.99  147.29
 254.07  155.59
 254.45  193.12
 254.77  171.04
 254.95  155.71
 255.13  143.92
 256.22  176.61
 257.17  150.94
 257.45   90.99
 257.96   86.01
 258.72  158.90
 260.58  198.88
 260.98   90.48
 263.06  140.10
 263.52  162.60
 263.91  155.68
 264.12   85.48
 265.13  129.28
 265.46  200.14
 266.40   94.51
 266.59  149.70
 266.66  143.58
 266.77   84.68
 267.40  175.54
 267.95  150.13
 268.17  123.12
 268.56  104.66
 269.44  162.02
 270.06  157.69
 272.05  157.55
 274.51  131.14
 274.53  203.45
 275.07   98.12
 277.36  139.64
 277.75  160.14
 277.97  157.03
 278.32  150.08
 280.22   86.22
 281.28  100.03
 282.23  162.19
 282.29  138.40
 283.45  118.54
 284.62   80.97
 284.66  147.60
 285.48  133.81
 285.91   85.31
 287.06  155.09
 287.69   82.85
 287.86  150.63
 288.35  160.73
 288.64   87.33
 289.75  160.85
 290.21   79.88
 290.97   86.19
 292.55   81.20
 293.93  147.90
 294.58  186.26
 296.14  112.19
 297.50  137.19
 298.12   71.19
 299.19  118.07
 300.17   62.94
 300.24  148.22
 300.87  140.30
 301.39   60.56
 301.41   55.25
 301.62  106.09
 302.08  106.96
 302.46  155.79
 304.03  102.26
 304.47  136.82
 306.73   98.82
 308.58   69.83
 309.27  119.36
 310.21   47.60
 310.79  108.33
 310.88   43.31
 311.60  208.34
 311.81   67.03
 313.93   57.91
 320.24   84.16
 321.03  212.24
 321.40   40.40
 323.69  121.15
