   6.84   99.28
   7.58   86.16
   7.76   74.10
   9.04   48.80
   9.14  154.41
   9.59   51.75
   9.63  147.83
   9.94   87.88
  10.52   73.27
  11.02  144.48
  11.35   84.72
  12.93   49.53
  14.04   41.82
  14.59   93.04
  15.53   50.87
  16.46   36.18
  16.72   53.00
  16.83  147.78
  18.63   54.83
  18.75  126.45
  19.21   48.17
  19.79   98.56
  21.94   89.31
  22.58  209.95
  24.74  141.13
  24.94  150.96
  25.37   54.24
  26.28   47.72
  26.33   94.70
  26.63   41.02
  27.15   50.88
  27.26  119.37
  27.47  144.51
  27.56  138.58
  27.78  147.14
  28.04  111.60
  28.06  114.88
  28.70  157.03
  29.57   41.01
  30.45   97.18
  30.87   97.35
  31.48   37.62
  32.75  110.90
  32.90   54.80
  33.24   58.28
  33.86   46.07
  33.93   45.25
  34.27  152.68
  34.37   50.23
  34.85   39.16
  35.04   61.15
  35.23  119.74
  35.79  155.67
  36.03  134.71
  36.14  149.51
  37.48   44.25
  38.99  112.59
  40.27  154.53
  40.52   96.44
  40.53  120.70
  40.67  107.05
  41.22  193.64
  41.65   58.59
  41.99   44.24
  42.24   63.72
  42.70   52.37
  43.31  207.97
  43.80   48.48
  43.92  143.02
  44.46   89.43
  45.34  157.83
  46.47  102.19
  47.25   51.27
  47.75  142.70
  47.97   93.06
  48.09  123.67
  48.20  123.73
  48.80   55.21
  48.88  149.40
  49.42   50.44
  53.01  146.33
  54.17  153.77
  57.51  150.29
  58.67   97.95
  61.70  147.21
  65.36  133.11
  68.39   85.19
  68.48  114.55
  70.64  150.55
  71.65  139.07
  73.39  209.53
  73.91  193.23
  76.24  131.40
  76.63  143.65
  77.96   75.81
  78.19  147.62
  78.83  209.63
  80.24   87.10
  82.25   76.20
  82.93   83.75
  84.07  137.69
  85.10  146.50
  85.58   86.48
  88.53   86.08
  90.35  192.40
  92.35  205.89
  93.95  140.34
  95.13  112.41
  96.10  118.56
  97.47  114.82
  98.26   79.27
  99.36  113.48
  99.47  204.86
  99.56  137.00
 100.91  149.85
 101.52  110.23
 103.19  191.92
 106.71  115.08
 106.93  130.37
 111.45  192.28
 119.06  184.10
 126.72  210.21
 135.68  179.27
 135.88   75.30
 138.61  187.55
 138.77   85.91
 138.85  136.90
 141.02  137.50
 141.86  137.09
 145.06  139.99
 145.91  136.75
 150.75  206.00
 151.18  110.34
 152.83  142.66
 154.43  146.65
 156.60  143.57
 157.32  139.84
 158.57  146.41
 161.13  143.42
 163.04  142.93
 164.57  133.30
 170.90  142.02
 171.12  177.59
 174.58  130.05
 175.96  136.13
 178.24   95.58
 180.00   79.62
 180.07  185.40
 180.23  126.00
 181.70  126.23
 182.35  142.61
 183.38  118.78
 183.60  133.29
 183.74  176.96
 184.02  201.11
 187.80  129.71
 188.18  142.50
 188.48  142.42
 188.69  201.04
 189.73  177.76
 192.41  142.71
 193.54  185.46
 193.55   72.01
 194.90  101.93
 196.24  128.68
 199.57   99.49
 200.81  126.58
 202.48  139.82
 202.55  176.88
 204.32  135.83
 205.02  130.72
 205.12  130.84
 205.67  202.41
 205.70  125.83
 206.46  131.87
 209.26  135.73
 209.73  131.38
 210.49  129.10
 211.06   79.86
 211.96  174.23
 212.59   78.66
 213.10  184.61
 213.78  175.96
 219.11  183.90
 219.55  199.18
 220.74   77.36
 221.96   86.92
 222.25  139.87
 223.21  143.06
 227.49   80.78
 228.17   85.37
 230.21  138.32
 232.93  142.82
 234.64  124.87
 235.06  130.82
 235.79  123.50
 236.13   72.82
 238.19  197.50
 238.58  136.94
 239.39   83.87
 239.42   78.43
 241.37  119.48
 241.77  125.32
 243.80   76.37
 243.84   64.71
 244.58  182.52
 245.60  130.03
 246.48   83.87
 246.94  138.77
 248.11   79.33
 248.77   70.08
 249.22   65.30
 249.73   83.22
 250.35  118.57
 250.82   70.34
 252.68  121.67
 252.69   95.77
 252.90  116.06
 253.37   80.66
 253.73   59.46
 255.45  121.41
 255.80  182.03
 256.45   55.52
 257.90   49.46
 257.94  111.75
 259.84  136.35
 260.12  138.00
 260.80   58.65
 260.87  126.16
 261.08  175.60
 261.25  102.43
 261.39   82.18
 261.61   51.78
 261.74  181.60
 262.92   93.49
 263.05   99.67
 263.51   54.43
 263.61  110.05
 263.97   47.58
 263.97  116.59
 265.19  107.26
 266.16   81.48
 266.53   50.91
 267.84   98.34
 268.16  129.32
 268.26  117.85
 268.49   89.72
 269.95  138.90
 270.96   57.02
 271.63  134.03
 272.31  106.79
 272.40  110.35
 272.87  118.12
 273.69   81.06
 276.19   68.47
 276.34   86.08
 277.04   68.41
 277.72  105.57
 277.80   49.80
 277.82  112.95
 277.86   98.45
 277.94  133.16
 278.20  117.47
 279.98   45.85
 280.69  129.94
 280.97  119.19
 282.27  133.40
 282.47  180.85
 282.82  127.78
 282.97   94.76
 283.40   82.11
 283.54  116.93
 284.08   65.47
 285.12  129.97
 285.63  107.53
 285.65   45.53
 286.83  118.14
 286.91  136.96
 287.24  194.02
 288.69   99.70
 289.85  126.18
 292.16  118.43
 292.38   91.58
 292.62   78.28
 292.89  130.64
 293.34  113.80
 293.82   73.77
 293.90   43.46
 294.29   45.93
 295.24   56.60
 295.89   65.83
 296.78   68.90
 297.51   99.49
 297.56   50.14
 298.53  110.18
 298.88  104.33
 299.08   53.16
 299.56   57.19
 300.22   94.63
 300.32   42.96
 301.23  118.98
 302.04   70.23
 302.46   50.22
 302.90  114.55
 303.59   58.31
 303.79  103.96
 305.84  134.52
 305.93   54.79
 306.21  117.17
 308.71   67.23
 309.31   70.84
 309.52  117.12
 309.52  193.33
 309.82   95.76
 310.46   52.59
 311.70  108.58
 312.16   90.54
 312.94  114.75
 313.38   56.88
 313.57  120.81
 317.49   63.57
 317.55  125.28
 318.13  133.90
 320.12  115.17
 320.26  118.93
 320.85  118.67
 321.26  177.87
 321.44   97.92
 321.99  133.92
 322.39  108.42
