   9.56   80.68
  13.46   84.40
  13.55  142.45
  15.37  195.40
  15.51  145.60
  16.12  212.66
  16.82  140.93
  18.80  134.94
  19.03   89.71
  21.22  212.69
  21.32  144.72
  22.17  136.99
  22.62  148.55
  23.24   85.52
  24.96  139.40
  25.51  195.43
  27.29  190.85
  28.35   73.44
  31.55  144.79
  31.82  194.03
  31.97   99.41
  32.48  195.15
  35.31   78.95
  36.49  121.95
  37.24  130.16
  37.32   81.40
  37.47  135.19
  37.97  132.41
  40.33  154.32
  41.14  147.29
  41.47  152.06
  41.63  190.78
  41.63  194.83
  41.79  142.66
  42.50  101.91
  45.65  132.14
  46.89  150.63
  47.56  124.80
  47.71   87.50
  47.72  117.79
  48.34   98.90
  48.63  102.27
  48.71  140.42
  48.97  195.25
  49.99  131.29
  50.67   78.52
  51.26  146.11
  52.22  111.25
  52.50   81.44
  52.54  138.91
  52.74  102.68
  53.16   97.24
  56.89   97.41
  59.28  104.38
  59.92  112.11
  60.63   97.23
  62.49  101.86
  62.66  212.52
  62.67  105.81
  63.41   96.96
  63.60  110.01
  63.72  105.78
  65.07  149.85
  66.35  212.62
  66.39  157.26
  66.74  138.67
  67.82   90.44
  68.19  196.67
  68.46  101.28
  71.13   98.38
  73.84  150.13
  74.98  194.43
  75.23  101.92
  75.42  132.65
  76.69   88.57
  80.01  203.57
  80.03   83.81
  81.26  126.74
  84.17  193.42
  85.91  155.38
  86.27  203.91
  86.91  191.01
  88.20  129.07
  88.28   85.85
  90.15  202.39
  90.24   81.03
  93.69  111.74
  94.44  150.87
  94.62  124.15
  96.52  195.36
  96.60  114.05
  99.95  100.34
 100.39  128.53
 100.43  146.30
 101.43  203.07
 102.57  126.15
 103.26  193.95
 103.54  212.34
 103.58  149.00
 103.87   83.31
 104.39  203.82
 107.35  212.32
 109.38  149.41
 110.16  195.09
 111.81   99.52
 114.03   64.88
 115.46  149.40
 119.67   99.20
 120.61   95.85
 120.76  156.09
 122.09  128.10
 122.21   99.47
 123.58   66.29
 123.78  151.53
 124.91  194.89
 125.19  148.79
 125.42   93.08
 126.12  211.42
 128.36   69.53
 129.11   98.73
 130.29   74.37
 130.49  194.66
 130.80  101.65
 132.93   99.15
 134.05   64.32
 134.28  154.09
 134.45   99.29
 135.71   86.83
 137.99   78.29
 138.38  140.67
 140.53  202.77
 140.79   57.69
 141.04  150.15
 141.79  137.81
 142.50  123.73
 142.51  142.64
 144.56  195.82
 145.40  139.32
 145.53  148.76
 147.49  117.46
 148.34   53.62
 148.76  196.33
 150.27  102.28
 150.72   90.07
 151.02   55.26
 151.02   88.55
 151.99  151.41
 152.54  138.85
 152.71   64.20
 153.31  106.69
 154.06  188.95
 156.22   55.25
 158.41  131.44
 160.83  193.46
 163.03  108.86
 165.48  194.65
 165.64  110.74
 165.86  114.53
 166.19   57.23
 166.63  201.38
 169.88  197.50
 172.04   60.04
 172.63  194.04
 173.20   63.94
 175.38   61.54
 176.07   67.77
 177.03   55.24
 178.30  194.95
 182.89   52.85
 183.62  191.23
 184.14  212.01
 184.64   69.54
 185.02   57.03
 188.97   63.01
 189.52  194.54
 189.96   71.48
 192.19   56.22
 192.35   44.95
 193.43   72.05
 193.52  134.40
 193.98   46.84
 194.39   70.17
 194.99  137.63
 195.06  181.01
 196.72  150.14
 196.90   50.56
 198.83  140.44
 199.65  121.97
 200.20  104.98
 201.52   58.91
 201.59   62.48
 202.20  116.46
 202.54  112.75
 202.60  137.51
 202.76  133.86
 203.11  180.24
 204.21  101.78
 205.09  147.55
 206.39   71.55
 206.90   60.64
 206.93  161.16
 207.13  177.58
 207.77   44.79
 209.41   98.06
 211.32  101.32
 211.41   52.38
 211.59  148.24
 212.20   96.10
 212.39  105.97
 214.15  179.65
 214.22   43.53
 214.32   90.85
 214.70   53.34
 215.49  151.44
 216.07   55.47
 216.60   58.76
 217.65  117.90
 218.09  148.81
 218.22   77.39
 218.34  126.69
 218.44  101.61
 218.76  119.99
 219.51   65.97
 220.67   77.49
 221.52  196.14
 221.91  151.03
 223.21   43.49
 223.52  181.28
 225.27  144.00
 226.06   88.14
 226.38   80.16
 226.60   42.14
 226.97   24.11
 228.02  193.62
 228.02   16.43
 230.24   39.01
 232.44   20.43
 232.47   12.49
 232.74   90.36
 233.73  186.25
 233.99   34.14
 234.07  188.50
 234.11   31.45
 234.47  148.07
 235.87   24.90
 236.94  196.54
 240.15   11.98
 242.90   98.44
 243.04  195.22
 244.57  211.17
 245.07  138.62
 247.85  107.22
 248.23  135.46
 249.62   21.46
 252.82   26.24
 253.50   22.68
 254.11   99.12
 256.14  150.85
 257.45   17.49
 259.59   42.23
 259.93   20.80
 262.33  135.37
 262.47   26.00
 262.62  150.59
 263.73   19.87
 265.06   24.43
 267.58   49.45
 267.73   15.44
 268.74   23.00
 268.83   19.94
 270.48   10.05
 270.53  137.95
 271.05   26.08
 271.30   46.95
 271.52   65.94
 272.09   13.73
 272.11   87.65
 272.78   53.23
 272.78   59.20
 274.56   56.12
 274.88  152.26
 275.51   81.69
 277.68   33.74
 278.76   38.42
 279.37   96.12
 279.90   65.37
 280.77  152.62
 280.78   69.44
 281.48  184.83
 281.96   24.17
 282.32   72.33
 282.59   40.23
 283.05   42.30
 283.46  182.55
 283.81   64.32
 284.51  147.47
 284.55   36.58
 285.33   54.49
 285.51  150.51
 287.06   45.22
 288.24  152.69
 288.62   23.27
 289.34   25.34
 289.68  148.11
 289.72   90.68
 290.92   42.79
 291.33   35.52
 291.46  179.32
 291.50  152.72
 291.77   47.05
 292.32   30.98
 292.45   61.92
 293.09   92.68
 293.18   89.40
 293.44   96.98
 293.56   79.06
 294.11  150.49
 295.22   69.97
 296.76   86.57
 296.96   90.48
 298.15   41.22
 299.08   67.84
 299.65  130.05
 299.65   31.91
 299.75  150.52
 300.13   75.10
 300.27  131.04
 300.46   10.60
 300.50   33.05
 300.87   71.12
 300.88   48.15
 300.90  183.00
 300.97   16.55
 301.35   24.46
 301.73   42.61
 302.20   37.98
 302.40  134.41
 302.64    8.96
 303.01   52.96
 303.52   19.03
 303.86   89.03
 304.85   46.43
 305.78  142.54
 305.95   68.31
 306.35  186.84
 307.40  187.44
 307.76   22.99
 308.32   23.57
 308.35   61.32
 308.41  118.87
 308.49   18.75
 309.06   47.71
 311.31   74.95
 311.31    7.02
 312.76   74.77
 312.93   51.43
 312.96   55.07
 313.07  108.16
 313.34   57.47
 313.82   82.62
 314.27   63.54
 314.31  104.42
 314.41   87.65
 314.60   15.93
 321.31   18.38
 322.44  122.38
 322.85  125.90
