   8.05  161.26
  10.00  141.79
  11.59   45.66
  11.99  160.54
  13.76  148.90
  13.91  113.20
  15.03   85.33
  15.62  144.63
  16.37   64.86
  16.37   40.69
  16.98  108.73
  17.65  147.60
  18.92  142.77
  19.00   85.95
  19.17  150.92
  19.27  143.31
  19.34   41.34
  19.70   96.29
  19.71  113.85
  20.29   73.73
  21.55  129.91
  22.29   41.90
  23.12  158.32
  23.12   37.86
  23.95   46.08
  24.84  155.54
  24.94   44.48
  25.10   44.32
  25.20   72.22
  25.20   40.53
  26.43  163.12
  26.45   97.30
  27.15   61.10
  27.84   87.43
  27.85   57.09
  28.06   92.02
  28.19  131.39
  28.50  160.73
  28.81   78.92
  28.93   46.40
  29.34   49.71
  29.91   53.88
  30.38   96.84
  30.95   85.41
  31.06   58.25
  32.06   75.99
  32.40  134.51
  32.65   49.62
  32.81   45.30
  33.44  112.10
  34.57   60.15
  34.97   65.69
  35.38  145.03
  35.51  160.58
  36.12   80.89
  36.29  163.68
  36.33  134.92
  36.36   52.58
  36.90  158.05
  37.44  140.34
  38.12  142.26
  39.08  150.79
  39.26  145.11
  39.57   59.34
  39.90  154.50
  40.68  108.43
  41.26   83.50
  41.51   55.76
  41.71   98.96
  41.76   52.07
  41.76  135.38
  42.16   70.30
  42.18  144.00
  42.47  161.05
  42.69   93.95
  43.36  163.38
  43.38  137.12
  43.53  151.99
  44.97  114.14
  46.57   93.54
  47.06   72.77
  47.25   62.10
  47.53  131.59
  47.77  129.20
  47.86   67.61
  48.44  106.84
  48.56  145.27
  49.98   84.27
  50.76  138.99
  51.04  108.71
  53.02   74.59
  53.61  105.96
  54.43  136.42
  54.48  114.92
  54.86  112.37
  55.07  161.45
  56.79  105.89
  58.00   78.07
  58.28  152.75
  58.52   74.68
  58.81  145.29
  59.41  157.72
  60.18   93.24
  60.45  108.52
  61.17   90.21
  62.70  106.16
  62.80   83.40
  63.10  109.76
  63.49  152.55
  63.72  160.52
  65.45   93.02
  66.59  152.96
  67.31   71.61
  68.95   92.88
  70.38   84.46
  70.94   73.65
  72.74  121.75
  72.88  157.87
  73.04   87.86
  73.85  143.85
  75.45  153.10
  76.87   58.13
  78.73   77.76
  78.79  150.52
  80.75   71.12
  80.82   89.45
  82.04  128.35
  82.06  117.72
  82.32  106.08
  82.64   78.09
  83.13  161.20
  83.33  165.07
  84.17   29.99
  84.33   90.34
  85.29   55.64
  85.54  108.02
  85.55   59.52
  85.69  143.61
  85.86  155.03
  86.33   64.31
  87.09   40.91
  87.53   71.25
  88.09   33.24
  88.33  158.23
  88.42   33.82
  88.44   67.22
  89.20  157.39
  89.59   77.40
  90.55   62.76
  90.65  162.09
  91.19  113.61
  91.30   45.43
  91.65   54.15
  92.43   68.32
  92.78   29.81
  93.37   81.97
  93.55   47.52
  93.93   61.85
  94.87   40.56
  95.07   92.50
  95.58   47.34
  96.28   88.12
  97.00   53.87
  97.35  107.52
  97.62  117.89
  97.64  114.78
  97.96   70.74
  98.12   25.59
  98.14   30.49
  98.27   40.99
  99.00   91.84
  99.65  130.05
  99.78  105.47
 100.38   82.71
 100.54  164.64
 100.65   34.33
 100.68   34.41
 100.96   23.94
 101.08   87.17
 101.23   69.04
 101.44  149.49
 101.69   76.95
 102.66   20.20
 102.98  160.48
 103.31   55.69
 103.46  159.22
 103.71   61.50
 104.25   43.45
 104.52   87.98
 104.94  154.53
 105.03  115.91
 105.15   58.95
 105.17   52.43
 105.63   52.04
 106.14   22.47
 106.23   37.93
 106.47   27.23
 107.84   57.56
 108.12   71.13
 108.36   63.58
 109.26   66.29
 109.92   67.79
 110.67   56.18
 111.41  148.80
 111.58  159.90
 111.86   24.42
 112.40   43.96
 114.43   53.20
 114.66   59.67
 114.83   46.91
 115.39   34.07
 115.71   29.32
 115.94   25.88
 116.55  164.54
 117.15  128.58
 117.36   81.63
 118.25   50.73
 119.47   42.82
 119.80   59.11
 120.01   36.91
 120.44  152.85
 120.47  160.08
 123.54  164.49
 123.62   54.47
 124.73   66.26
 126.37   75.93
 126.91   90.16
 126.98  164.42
 127.75   28.14
 128.68  147.66
 129.19   21.72
 129.39   96.21
 129.66  115.17
 129.73  151.10
 130.09   59.62
 130.45   78.29
 130.57   39.73
 131.25  155.80
 131.90   49.57
 131.97   21.73
 132.45   61.55
 132.45  148.14
 132.57  143.32
 133.02  152.00
 133.03  112.62
 133.04   27.85
 133.29   80.86
 133.41   40.48
 133.78   71.52
 134.29   73.64
 134.40   77.89
 134.45  100.02
 134.57   99.88
 135.08   43.55
 135.25  105.01
 135.26  128.82
 137.42  147.26
 137.50  150.19
 137.68  164.37
 138.20   61.32
 138.48   31.47
 138.62  156.07
 139.06   48.28
 139.46   64.84
 139.46   45.27
 139.76  132.03
 140.51  101.52
 140.52   27.48
 141.03   98.39
 141.37   85.05
 141.38  135.91
 141.63  151.30
 142.67  111.52
 143.07   51.78
 143.54   39.52
 144.72   33.95
 144.94  140.64
 146.13   98.35
 147.57  152.06
 147.79   95.68
 147.79   46.45
 147.93   40.43
 148.32  157.64
 148.73  139.30
 150.43   41.68
 150.90   89.42
 151.41   79.76
 151.57   89.19
 151.60   57.37
 152.30   94.62
 152.38   38.45
 152.95   51.67
 153.77  164.83
 153.88   33.66
 153.93   35.14
 154.56   43.14
 154.59   48.09
 155.76  127.73
 157.00   27.40
 157.08   89.80
 157.13   93.52
 157.44   55.33
 157.62   39.11
 158.70   47.25
 158.96   82.35
 159.12   86.43
 160.24   44.62
 160.41  145.19
 160.53  145.16
 160.76   94.37
 161.75   43.79
 161.94  100.56
 162.21   49.49
 162.65   70.13
 162.70  134.04
 162.84  138.53
 163.56   90.68
 164.06   57.99
 164.66  145.16
 165.96   97.55
 166.95   89.44
 167.86  111.87
 168.29  105.52
 168.30  127.98
 168.50  100.67
 168.72  108.90
 169.04   78.49
 169.94  124.24
 171.01  104.68
 171.15   65.96
 172.69  124.57
 173.78   70.09
 177.14  118.76
 177.45  123.46
 178.98   88.38
 180.04   77.22
 180.87   88.33
 181.08   62.53
 183.67  165.62
 185.41   96.87
 187.51   93.70
 187.85   54.74
 188.40  166.02
 189.57  135.33
 189.64   33.22
 190.78   65.57
 190.94   48.20
 191.00   95.89
 191.11   74.99
 193.12   44.72
 193.17   43.33
 193.48   51.73
 193.70   70.63
 194.59   93.12
 195.40   64.59
 195.44   28.23
 195.50   19.16
 195.95   59.62
 196.00   23.72
 196.38   40.01
 196.38   75.52
 197.04   35.52
 197.66   96.66
 197.96   51.25
 198.88   21.43
 199.19   69.19
 200.34  164.33
 201.34   59.42
 201.57  170.76
 201.67   53.76
 201.82   35.62
 203.29   46.95
 203.32   62.15
 203.57   39.43
 204.00   56.62
 204.31   23.60
 204.37   59.53
 207.68   51.86
 207.76   24.23
 210.16   61.92
 210.32   40.04
 211.48   44.22
 211.49   22.73
 213.76   40.03
 213.83   16.94
 214.39   30.83
 214.61   52.84
 215.73   43.32
 215.98   96.58
 216.03  173.18
 216.17   22.24
 217.39   10.89
 217.84  115.66
 218.00   21.99
 218.59   36.06
 219.42   56.99
 220.06   64.31
 220.55   39.93
 220.87   80.51
 221.19  109.54
 221.78   10.79
 221.78   59.38
 221.89   23.82
 222.04  174.05
 222.23   15.00
 222.61   65.51
 223.16   62.44
 223.37  163.61
 223.49   33.59
 224.11    7.30
 224.32   68.88
 224.48   19.61
 225.51   58.71
 225.58   88.18
 225.94   88.40
 228.47   14.96
 228.67   30.71
 230.47   59.28
 230.82   89.23
 230.95   43.65
 231.07   18.43
 231.90   24.27
 232.36   33.28
 232.88   15.83
 233.77  175.36
 234.61   86.90
 235.72   89.84
 235.84   26.73
 236.92   38.22
 237.84   93.51
 238.04   49.85
 238.22   62.56
 238.25   56.81
 240.09   75.62
 240.19   33.99
 240.61   22.14
 240.97   80.93
 241.51   76.14
 242.58   46.00
 242.90  162.68
 243.16   59.26
 243.75   45.21
 244.18   74.15
 244.42   77.71
 244.60   25.50
 245.18   81.37
 245.36   62.44
 245.76   57.00
 247.52   43.04
 247.67   18.73
 248.49  158.00
 248.60  128.29
 249.15  162.60
 249.20   37.87
 249.39   59.68
 249.93    9.46
 249.93   90.44
 250.04   45.48
 250.93   50.03
 251.39   31.73
 251.41   54.23
 251.66   73.19
 252.20   28.68
 252.23  179.16
 252.63   45.16
 253.14   54.50
 253.98   25.06
 253.99   74.79
 254.53   90.26
 255.00  177.60
 255.52   56.23
 255.83    7.65
 255.97   20.42
 255.99   30.00
 256.06   46.58
 256.59   22.44
 257.14  123.37
 258.45  171.30
 258.65   32.52
 259.01   71.64
 259.42   23.48
 259.45   45.34
 259.73  175.41
 259.83   67.01
 259.84   47.23
 259.97   56.22
 260.00   59.05
 260.28   41.98
 260.30  162.02
 260.69   83.14
 262.08   75.50
 262.36   36.53
 262.59   29.68
 263.14   49.83
 264.03   66.61
 264.84   42.58
 265.04   70.73
 266.07  174.86
 266.26   49.82
 266.47  161.86
 268.49   79.85
 268.81   24.45
 269.36   16.57
 269.37   65.72
 269.74   74.47
 269.95   11.52
 270.42  122.01
 270.48  126.98
 271.45   30.48
 273.39   37.27
 273.48  161.92
 273.91  124.12
 274.69   21.36
 275.11   33.49
 275.30  174.60
 277.14  177.65
 278.42   31.23
 279.24   22.11
 279.84   75.79
 280.92  103.15
 281.63   11.96
 282.05  125.91
 282.33   38.12
 282.53  125.61
 282.82  172.40
 283.58   56.65
 283.78   88.21
 284.11   20.94
 284.79   88.91
 285.28   56.89
 285.35   98.82
 285.59   82.40
 286.49  107.94
 287.25   34.85
 288.26  121.41
 288.73  132.12
 288.83   69.29
 289.23   99.01
 290.00   85.68
 290.01   40.62
 291.08   25.30
 292.64   45.46
 292.74   96.18
 293.11   80.07
 293.35   54.26
 293.35   91.67
 293.87  115.77
 293.90  103.03
 294.03  138.05
 295.78  178.21
 295.79   97.08
 297.43   44.72
 297.51   98.94
 297.58   64.42
 297.92   78.16
 298.50   34.77
 299.02  127.85
 299.11   50.28
 299.19   40.42
 299.57  134.78
 300.79   72.80
 300.82   59.50
 300.90   70.71
 301.20  134.85
 301.44  162.12
 302.40   22.10
 303.49  128.01
 303.51  175.71
 303.54   86.33
 303.77   71.56
 303.86   77.90
 304.32   36.34
 304.49   82.97
 304.53   20.86
 304.57   67.40
 304.95  162.08
 305.12   26.08
 305.33  157.09
 305.83  116.59
 305.96  131.55
 307.65   83.58
 308.18   91.75
 308.64  180.46
 309.20   24.06
 309.45  139.19
 309.80   15.34
 310.02  122.75
 311.52   94.34
 311.87   71.44
 311.97   25.70
 312.05   45.38
 312.86   15.32
 313.23   76.64
 313.29   80.15
 313.29  127.02
 313.72  130.53
 313.91   81.18
 313.94   58.59
 314.12  100.56
 314.14   96.74
 314.38  116.84
 315.04   28.27
 315.36   93.14
 315.56   77.56
 315.67    9.76
 315.69  108.37
 315.86   85.58
 315.95   70.57
 316.61   35.27
 317.52  102.89
 319.30   15.97
 319.54   39.14
 320.24   33.93
 320.59   99.77
 321.89  173.11
 322.15   68.22
