   7.66  157.42
  15.60   81.19
  16.28   88.98
  17.72  146.48
  18.38  135.26
  19.07   99.86
  20.95  138.85
  21.45  146.96
  21.66  154.83
  23.04  135.82
  27.77  137.15
  28.41  157.30
  33.33  159.25
  34.18  117.09
  37.31  118.82
  37.79   14.21
  37.90  122.21
  39.86  124.73
  41.03   17.63
  42.42  121.01
  44.87  115.86
  45.65  139.99
  46.30  131.74
  46.71  122.79
  46.91  152.48
  49.57  160.41
  49.82  155.87
  49.93  117.94
  50.14  122.07
  50.96  113.01
  50.97  140.45
  51.33   24.34
  51.79  147.49
  51.83  135.76
  53.35   15.77
  54.80   97.31
  55.51  109.07
  55.75   91.08
  56.30  151.62
  56.90   44.19
  56.91   31.11
  56.92  100.00
  58.35  148.58
  58.63   39.83
  58.70   38.02
  58.91  124.31
  60.11  114.85
  60.38   34.55
  61.16   29.04
  61.77   43.54
  61.98  100.44
  62.10   56.75
  62.74  157.72
  62.90   17.63
  63.35  146.66
  64.72   84.50
  64.81   41.30
  65.14  100.93
  65.20   62.27
  65.89   22.11
  66.01  103.57
  66.19   75.01
  66.25   65.20
  67.09  159.81
  67.31   52.88
  68.51  121.07
  69.09  115.95
  69.52  151.20
  70.30  104.19
  70.40   42.41
  70.68   70.49
  70.74   62.70
  72.01  107.25
  72.63   22.38
  72.63   23.42
  74.74  156.62
  74.88   43.51
  75.21   38.04
  75.23  114.90
  75.89  154.00
  76.02  101.86
  76.36  113.97
  76.55   71.75
  76.78   50.71
  77.51   58.63
  78.18  143.24
  78.82   34.78
  79.06   49.02
  79.55   59.56
  79.83   59.53
  80.05   39.41
  80.41   74.68
  80.52  105.15
  81.34   27.53
  81.36   54.07
  82.25  153.57
  82.67   49.21
  82.92   98.63
  83.04   42.33
  83.16   86.63
  84.54   52.39
  84.94   26.51
  85.18   32.83
  85.55   83.18
  86.05   76.41
  86.08   57.04
  86.21   65.32
  86.68   47.87
  87.24  158.07
  87.99   28.61
  89.01   79.43
  89.34   32.06
  90.30   85.19
  90.39   34.91
  90.52   69.44
  90.72   75.32
  91.13   79.37
  91.42  141.17
  91.45   72.67
  92.83  109.05
  93.36   19.52
  93.87   72.98
  93.99   29.24
  94.08   65.43
  94.87  158.05
  95.03   12.05
  95.37   83.94
  97.47  119.31
  97.61   24.07
  98.42   77.34
  98.65  108.39
 106.26  157.72
 106.88   71.88
 107.63   75.72
 108.50  116.34
 108.75  134.66
 117.22  156.57
 121.31  117.41
 121.84  126.40
 126.68  118.92
 128.78  157.49
 129.41  115.12
 131.83  159.79
 133.11  115.02
 134.74  157.10
 141.54  108.54
 142.12  109.85
 145.79   65.14
 146.25  108.50
 149.48   64.02
 150.02   60.97
 155.22   73.77
 155.31   61.82
 164.20   58.90
 168.47   49.89
 169.28   56.12
 173.96   32.04
 175.76   38.14
 176.75   28.41
 177.21   32.74
 179.82   48.28
 179.90   40.02
 180.15   58.49
 180.73   51.51
 180.99   25.90
 181.16   58.42
 182.85   15.25
 184.19   33.83
 185.58   13.92
 185.86   23.69
 185.94   49.51
 186.17   38.74
 186.54   63.44
 187.09   56.70
 188.50   17.62
 189.57   52.03
 189.61  156.96
 189.62   13.92
 190.41   21.00
 190.96  157.63
 191.23   10.82
 192.32   63.21
 192.95   60.10
 194.79  161.67
 196.55    7.90
 198.10  156.26
 198.29   27.29
 199.68   79.68
 199.85   27.44
 201.66  157.71
 202.87   33.32
 203.05   91.52
 203.68   59.68
 204.82   41.84
 205.73  156.75
 206.93   73.63
 208.32   76.34
 209.27   27.70
 210.81   66.29
 211.36  165.05
 211.66  166.73
 211.75  156.72
 211.85   68.93
 211.96   75.28
 211.97  167.53
 215.39   33.07
 215.71   84.34
 217.71   73.61
 218.86  155.77
 221.72   69.41
 222.00   72.19
 222.80   14.32
 223.10   75.51
 225.69   77.96
 227.30  166.09
 227.91   40.97
 228.07   62.36
 228.43   69.28
 231.21   52.23
 231.66   73.19
 233.53   62.93
 233.87   41.61
 234.07   25.38
 235.97   28.44
 236.60   68.97
 236.84   63.77
 236.88   41.57
 237.26   49.06
 237.67   73.83
 238.30   23.50
 238.73   45.62
 239.30  167.49
 240.78   30.00
 241.93   75.58
 241.99   85.05
 242.03   10.70
 242.07   72.63
 242.26   54.53
 242.60   19.03
 242.90   43.42
 243.26   33.87
 243.98   80.40
 244.96   41.27
 245.45   77.07
 245.55  168.01
 245.91   28.23
 246.23   67.76
 247.61   78.71
 248.91   71.40
 249.35   28.52
 249.77   16.10
 253.02   15.18
 253.07  165.33
 253.27   60.60
 254.92   69.60
 255.01   16.13
 255.40   80.39
 255.50   25.04
 256.18   73.79
 257.44   50.32
 258.20   43.15
 258.50  156.62
 259.21   37.21
 259.51   71.82
 259.59   71.87
 260.57   66.72
 260.72   18.03
 261.16   63.07
 262.47   44.54
 263.38   39.37
 263.70   44.11
 264.90  167.18
 265.08   63.40
 266.41   25.92
 266.98   30.15
 268.00   52.23
 269.81   11.16
 270.27   74.06
 270.55   58.47
 271.95   14.56
 273.08   54.96
 273.22   38.90
 273.59   72.80
 274.54   27.96
 274.63   32.28
 274.80   59.44
 274.86  105.66
 275.02   59.41
 275.07  100.89
 276.36  108.14
 276.70   68.56
 277.06   33.95
 277.31   29.33
 277.73   24.53
 278.11   83.62
 278.83  104.88
 279.22   91.05
 279.37  149.85
 279.45  103.20
 279.85   68.06
 280.43   27.44
 280.50   41.37
 282.02   30.45
 282.33  169.44
 282.72   22.81
 282.87   64.31
 284.87   11.56
 285.06  107.14
 285.25   53.66
 285.33   67.91
 285.38   67.99
 286.97   31.57
 287.74  155.89
 288.88  109.19
 289.02   36.63
 289.81   66.58
 291.41   57.29
 292.03   16.80
 292.52   42.13
 292.55  173.87
 292.79   29.62
 292.86   71.65
 292.99  129.74
 293.23   24.45
 293.44   88.04
 293.62  158.55
 293.92   53.41
 294.64  138.20
 295.05  147.57
 295.20   62.72
 295.42  104.29
 295.55   70.76
 295.89   49.54
 296.06  107.98
 297.56  164.10
 297.74   45.82
 297.97   21.52
 298.13   52.13
 298.35  119.08
 298.52    9.98
 298.65   38.84
 298.78  169.09
 299.52   57.81
 299.71   27.04
 300.75   68.39
 302.68  104.72
 303.39   62.66
 303.45  158.79
 304.09   65.17
 304.12   65.41
 304.27   84.18
 304.41  143.61
 304.75   84.43
 305.32  119.87
 305.47  147.47
 305.62   59.46
 305.77   12.75
 306.09   71.87
 306.23   32.71
 306.29   77.41
 306.34  165.48
 306.50   44.39
 306.72  145.27
 306.92   22.76
 307.67   82.30
 307.98  155.39
 308.84   69.30
 309.31   89.61
 309.54  108.56
 310.25   50.64
 310.31   17.99
 310.80   23.32
 311.11   16.55
 311.79   46.90
 313.26   15.94
 313.27   62.35
 313.52   66.34
 313.57   44.10
 313.58   48.62
 314.03   43.64
 314.62   70.57
 315.91   85.14
 316.46   93.70
 316.64   98.97
 317.40   87.77
 317.44   77.59
 317.70   34.11
 318.03   73.48
 318.10   60.08
 318.27    8.68
 318.76  157.47
 318.92   24.50
 320.02   45.16
 320.50   52.66
 321.19   88.70
 321.21   80.49
