   9.39   33.54
   9.76  173.10
  10.24  180.58
  11.48   20.79
  14.66   46.95
  15.43   82.17
  16.87   63.64
  19.86   49.06
  20.91   33.71
  21.36   30.14
  23.78  178.74
  23.87   26.92
  26.77  178.57
  28.46   20.47
  28.53   51.26
  29.67   60.38
  36.21   18.62
  40.60   50.11
  40.74   77.57
  42.39  170.13
  44.13   26.62
  44.22   82.63
  48.25   25.47
  49.66   16.94
  51.50  123.94
  54.01  160.20
  54.14  125.47
  54.68   44.52
  54.75  175.38
  54.87   32.61
  54.96   10.61
  55.55   18.56
  56.28  205.68
  56.66   53.64
  57.21   62.38
  57.43  124.37
  58.28   69.49
  60.81   16.81
  63.23  190.04
  63.79   68.35
  64.39   23.94
  65.73  170.48
  66.23   20.37
  66.97   38.97
  68.52  168.40
  69.77   11.28
  70.21   58.90
  70.27  175.18
  70.42   36.10
  71.29   51.58
  71.88   64.46
  72.72   40.90
  73.58  103.56
  73.76   45.22
  73.83   60.07
  76.71  170.33
  77.19  190.65
  77.29  105.88
  78.43  122.26
  78.50   60.54
  80.71   30.95
  80.75  125.53
  81.40   11.51
  81.89   51.04
  82.28   60.49
  83.42   55.71
  84.18   42.26
  84.72  162.09
  85.50   58.91
  87.59  107.22
  88.35   54.50
  88.83   57.04
  89.13   16.86
  89.44   49.20
  89.93   12.08
  90.51   31.18
  92.02   15.82
  92.04   56.54
  92.27   56.42
  92.73   18.72
  93.20  142.72
  94.54   10.96
  94.62   31.74
  94.82   21.57
  95.15  163.90
  95.16  189.21
  95.49   71.58
  95.52  138.22
  95.78  154.53
  96.65   29.18
  96.69   52.83
  97.03  144.98
  97.51  140.63
  97.59  203.42
  98.86   41.28
  99.12  137.42
  99.46   26.58
  99.49  205.24
  99.82  131.61
 100.10  195.40
 101.05  197.75
 101.31   50.58
 101.68   35.50
 101.80  147.37
 102.00    7.59
 102.16  128.29
 103.66  163.10
 104.52  147.46
 104.74  147.55
 105.22  175.05
 105.47  189.89
 105.59  195.69
 105.62  168.92
 105.64   29.10
 105.79   44.88
 106.02   49.74
 106.10   41.01
 106.47   92.43
 106.71   32.86
 107.60  160.66
 108.11   59.62
 108.41  131.98
 108.58  185.21
 108.60   10.48
 108.80  181.57
 108.85  129.49
 109.82  141.75
 110.00   24.54
 110.44   65.57
 110.77  147.13
 111.08  136.86
 111.77   37.15
 111.95   31.17
 112.23   51.97
 112.88  183.51
 113.35  163.96
 113.55  140.79
 113.90   39.59
 114.34   17.22
 114.74   30.65
 114.91   42.31
 115.20   54.65
 115.24  132.71
 115.94   60.36
 116.34  196.23
 116.59  192.00
 116.66   35.32
 117.45  122.58
 117.51   38.88
 118.03  170.14
 118.26  139.48
 118.97  123.71
 119.17  147.03
 119.25  173.24
 119.31  137.08
 119.65   45.20
 119.74   90.70
 119.78   57.01
 120.55  132.14
 121.03  182.90
 121.31  143.78
 121.78   20.62
 122.51  168.64
 122.52  165.23
 122.68   98.50
 122.72  165.25
 123.48   40.85
 123.63   52.99
 123.72   25.24
 123.73  158.13
 124.27   98.04
 124.79  148.06
 124.86   13.78
 124.98   32.06
 125.19   23.42
 125.57   33.92
 125.67  139.28
 126.63  154.75
 127.53  117.63
 128.24  143.07
 128.36   30.60
 128.82  157.76
 128.88   13.86
 129.54   38.60
 129.65  160.95
 130.09  142.88
 130.86   61.76
 130.92   23.57
 131.05   29.78
 131.38  164.32
 132.33  167.15
 132.85   26.36
 133.49  157.47
 133.54  148.95
 134.07   12.44
 134.74  160.01
 135.21   48.72
 135.65   52.20
 135.70   40.73
 136.26  141.46
 136.65   90.88
 136.77   58.03
 136.94  204.44
 137.06   11.27
 138.22   23.63
 139.11   64.66
 139.71  189.69
 139.74  175.53
 139.81   19.67
 140.31  160.63
 141.84   47.46
 142.08  180.92
 143.54   18.05
 143.75  191.90
 143.81   88.56
 143.85  106.85
 144.73   48.98
 144.88   21.06
 145.27  154.84
 146.68  138.14
 147.72   47.13
 147.86  157.91
 148.77  167.42
 150.29   50.91
 150.42   91.17
 151.40  190.47
 152.20   70.49
 155.45   56.56
 156.50  195.70
 156.71  183.24
 157.62  176.56
 158.75  191.67
 159.04  125.05
 159.05  153.12
 159.05  153.44
 159.16   60.76
 159.26  132.04
 160.89  122.01
 161.00  154.49
 162.11  187.09
 162.30  124.99
 162.92  190.74
 162.95  136.60
 163.31  160.14
 164.09  197.02
 165.17  186.19
 165.80  176.58
 166.11   98.99
 166.11  124.49
 167.20  146.07
 167.62  197.90
 169.72  151.92
 171.17  147.56
 171.87  134.94
 173.56  121.24
 177.87  159.93
 178.05  155.99
 178.73  146.98
 179.42  157.54
 179.88   93.34
 180.41   11.47
 180.61   28.79
 181.12  151.13
 181.64   23.75
 182.05  128.80
 182.64  144.45
 185.05   67.96
 185.09   74.04
 186.01   24.92
 186.24   34.78
 187.60   12.78
 189.30  129.16
 190.17   38.81
 190.87   66.28
 191.30   28.96
 192.28  132.26
 193.03   11.80
 194.27  129.76
 194.73   28.05
 195.19  141.22
 195.22   71.23
 195.45   16.73
 195.52   39.77
 195.60   20.16
 196.53   26.49
 196.64  159.27
 197.12  175.84
 198.51  129.53
 198.97   34.74
 199.99  159.14
 200.23   52.26
 200.93  138.13
 201.13   20.85
 201.14   10.25
 201.47  180.37
 202.05  175.70
 202.50  134.99
 202.85  130.24
 203.33   29.85
 203.87  197.83
 204.15   49.16
 204.19   24.17
 204.45   56.60
 204.74  138.56
 204.80   73.76
 204.95  125.78
 205.60   66.49
 206.45   64.18
 206.64  153.60
 207.29   55.31
 207.31  106.75
 207.75   75.82
 207.96   17.37
 208.56   95.51
 208.62   22.28
 208.93  130.09
 209.77  156.12
 210.15  193.17
 210.64   63.40
 210.68   74.22
 212.54  127.59
 212.94   15.81
 213.16  147.59
 213.74   35.30
 213.97  196.58
 214.62  150.63
 214.63  123.51
 214.81  190.19
 215.19   61.55
 215.40   98.19
 215.71   53.48
 217.60  185.05
 218.16  125.83
 218.37  187.89
 218.69   58.37
 218.82   64.35
 218.90   70.39
 218.99   70.30
 219.15   78.97
 219.60  175.05
 220.11  174.85
 221.10   28.24
 221.79   97.28
 222.01  194.20
 223.24  154.73
 223.40   58.35
 223.73  158.28
 225.60   67.99
 225.74  154.77
 225.92  181.71
 226.08  125.36
 226.42  135.42
 226.54  135.37
 226.55   70.95
 227.82  104.37
 227.91   91.08
 230.23  117.78
 230.24  101.16
 230.45   75.98
 230.46  106.21
 230.89  178.55
 231.56  181.40
 232.05   19.60
 232.43   68.69
 232.46   93.16
 232.52   93.32
 232.78  186.38
 233.52  106.52
 233.64  116.23
 234.78  190.82
 234.96  113.44
 234.97   65.50
 235.11  158.42
 235.53  103.08
 235.84  116.25
 236.82   67.79
 237.28  155.54
 237.30  177.80
 237.59   88.56
 237.65  178.96
 238.19  104.89
 239.44  158.52
 239.94  154.10
 240.06   81.98
 241.14  100.54
 242.92   68.32
 242.94  147.12
 243.24   72.54
 243.27  179.64
 243.42  183.86
 243.57   19.77
 244.09  158.45
 244.73   59.55
 245.43   59.90
 245.53   18.65
 246.01   64.64
 246.93   63.16
 248.58   24.17
 249.39   83.31
 250.21   78.79
 254.18   12.20
 254.22  107.47
 255.98  154.60
 257.89   72.56
 258.63  129.70
 258.67  134.61
 259.46  158.43
 260.09   10.23
 261.31   13.60
 263.57  153.92
 266.71  137.41
 267.83   43.29
 268.15  129.56
 268.47  116.50
 269.83   11.09
 270.17  110.85
 271.14  118.18
 271.21  129.10
 271.22  109.21
 271.30   83.10
 271.48   20.28
 272.55   28.47
 272.80   43.75
 272.89   56.75
 273.17   33.34
 273.32   12.12
 273.60  108.32
 273.84  132.13
 274.01  157.74
 274.43  113.11
 274.45   24.74
 274.99   48.13
 275.06  153.55
 275.42   85.46
 277.19   45.49
 277.84   29.27
 278.48  122.57
 278.61  115.66
 279.16  110.07
 279.51  124.80
 279.70   47.79
 280.11  120.10
 281.18   67.30
 282.69  153.51
 282.93  106.70
 283.59  114.67
 283.76  114.72
 286.99  132.22
 288.10  128.92
 288.51  121.79
 291.96  157.06
 293.76  100.09
 295.80  153.61
 296.50  125.29
 297.53  109.96
 298.35  128.15
 298.97  100.47
 300.40   87.04
 300.57  113.18
 302.28  137.58
 302.48  155.22
 303.54   22.83
 304.61   22.96
 304.71  139.92
 304.76  118.79
 307.00  204.72
 307.66  112.03
 307.85  146.45
 308.15  157.48
 309.13  114.11
 310.25  118.55
 312.16  146.72
 313.88  149.56
 314.34  143.62
 314.53   23.62
 315.04  137.58
 316.31  146.79
 320.06  141.66
 320.84  151.86
 321.27  147.48
