   9.08  145.34
  16.30   89.57
  16.31   89.55
  17.05  141.71
  17.09  135.73
  17.38   84.88
  18.01  126.72
  18.08   73.36
  18.81   89.03
  19.23   67.79
  19.56  154.70
  20.27  136.52
  21.17  208.39
  21.21   82.88
  21.32  122.60
  22.33   78.35
  22.43  131.19
  24.34   68.02
  24.53  124.98
  25.30   63.44
  25.42   90.56
  26.57  114.87
  28.23   61.23
  28.47   95.36
  28.81  144.35
  29.26  101.06
  29.71   54.64
  29.77  123.94
  29.83  111.95
  30.68  147.40
  31.21   92.99
  31.42   61.56
  32.53  100.49
  34.38  134.25
  35.33  108.88
  35.63  144.12
  35.85  107.89
  38.39  127.16
  38.68  135.18
  40.80   53.67
  41.56  149.34
  42.07  136.35
  43.76  133.20
  44.33  157.44
  46.43  162.53
  46.92  119.14
  48.01  119.97
  48.64   83.76
  49.74  149.59
  54.30  128.51
  54.68   81.88
  54.69  103.22
  54.71   78.42
  54.92   98.44
  55.31   89.04
  56.71  139.58
  57.10  120.75
  57.37  159.82
  57.96  128.66
  57.98  108.17
  62.08  111.31
  63.10  155.07
  63.37  120.47
  63.40   47.93
  63.52  149.90
  63.64   97.96
  64.01  115.09
  67.06   86.33
  67.90   59.97
  70.67   95.90
  71.27  150.57
  71.60  130.83
  71.61   76.65
  71.71  138.34
  71.99  160.43
  72.16  104.87
  72.99   64.83
  73.59  124.09
  75.48  156.69
  76.24   65.84
  81.18  118.80
  81.42  126.31
  81.51  132.63
  81.67  157.24
  82.92  160.55
  82.97  112.50
  83.12  113.13
  84.54  145.52
  84.63  152.74
  85.20   92.69
  85.32  140.42
  86.26   61.95
  87.58   52.64
  91.26  100.88
  93.57  143.82
  95.05   55.26
  95.54   98.76
  95.56  151.58
  95.79   56.00
  96.22  160.24
 101.01  162.52
 104.06  154.21
 104.10   56.68
 105.46  110.89
 106.69   58.96
 107.37   99.58
 107.68  155.55
 107.81   93.16
 109.99  119.83
 110.26  120.42
 111.32  115.06
 111.97  135.89
 112.33  141.97
 112.35   81.43
 112.45  131.53
 112.48  153.94
 115.18  139.01
 115.22  135.04
 115.22  123.56
 115.58  149.37
 116.86  148.11
 118.73   81.07
 119.32   59.24
 119.67  157.62
 121.28  150.72
 121.53  130.56
 121.70   97.40
 122.04  162.80
 122.19   60.66
 122.61  136.26
 123.42   86.04
 123.78   88.99
 124.98   59.30
 125.46  157.19
 125.74  149.97
 126.24  122.79
 126.24   85.20
 126.27  141.66
 127.94  142.16
 128.03  146.23
 128.11   73.31
 129.90   62.04
 130.97  148.71
 132.01   92.11
 132.25  117.82
 132.76   99.82
 133.80  156.02
 135.74  109.48
 137.51   66.34
 137.61  124.03
 138.94  165.74
 139.97   59.06
 140.68   64.86
 141.66  158.18
 142.79   66.47
 143.56   63.60
 146.88   75.53
 147.53   64.60
 147.94  149.34
 150.13   73.89
 150.89   83.60
 152.33  123.88
 154.97  150.28
 155.50  146.41
 155.60  134.62
 155.82   70.37
 156.04  166.88
 156.85  161.08
 157.80  154.32
 158.90  141.63
 159.40  156.65
 159.55   59.05
 160.38   67.22
 160.67  152.04
 160.76  168.84
 162.94  154.30
 163.76   58.04
 163.87   71.97
 163.89  176.02
 164.88  109.47
 165.01   61.41
 165.17  146.88
 165.95  156.77
 166.17   75.92
 168.10   74.18
 168.91  142.47
 169.03   83.88
 170.55  157.22
 170.95   75.50
 172.74  134.89
 173.17  147.81
 175.26  123.27
 175.61  142.43
 177.60  148.61
 177.68  165.85
 178.59   78.97
 179.03  168.65
 179.98   61.75
 180.01  141.88
 180.87   68.30
 183.28  137.55
 184.16   69.90
 185.40  157.90
 185.69  154.96
 186.38   68.22
 187.49  103.91
 187.54   97.98
 188.14  139.27
 188.46  138.77
 189.49   93.00
 192.60  173.25
 192.95  142.10
 192.98  165.20
 193.58  152.88
 194.41  100.29
 194.48  113.30
 194.49  104.07
 194.93  127.96
 195.67  144.43
 195.69  168.47
 195.96   75.04
 195.98   89.16
 196.96   94.37
 197.82  105.85
 198.73  161.11
 199.23  150.04
 199.46   73.96
 199.47   91.57
 199.82  110.45
 200.14  157.01
 200.84  102.25
 201.77  106.93
 202.34   94.55
 202.61  165.51
 203.14   89.43
 203.38   81.49
 203.73  168.10
 204.17   99.85
 204.58   92.69
 205.22  149.71
 205.76  147.17
 206.21   80.93
 207.26   80.58
 207.34  171.32
 209.36  122.81
 211.57  155.83
 213.09   80.64
 213.31  157.48
 220.85  157.93
 222.76  205.67
 224.34  152.10
 224.71  109.68
 225.51  155.29
 228.50  165.52
 228.81  154.61
 230.33  157.28
 232.90   64.15
 234.29   70.40
 234.98   50.26
 235.45   67.51
 235.64   61.21
 235.92   64.05
 238.11   50.50
 238.38  152.37
 238.72  158.54
 238.92   58.49
 242.46  149.98
 242.99   51.50
 244.80  147.21
 248.40  157.39
 248.53  157.44
 248.58   53.78
 248.60   40.60
 249.19   30.35
 249.34  113.05
 249.63  108.23
 249.73  135.67
 250.36   43.08
 250.57   36.47
 251.57   48.44
 252.03  128.80
 252.09   53.45
 252.26  111.53
 252.30  140.06
 252.40   73.58
 252.49  123.57
 252.73   76.62
 252.76  118.31
 252.95   79.67
 254.40   84.61
 254.49   80.01
 255.56  132.76
 255.74  120.73
 255.94   38.31
 255.96  103.83
 256.33   58.70
 256.72   29.58
 256.83  125.63
 256.88   80.92
 257.36  145.70
 257.52  146.10
 257.65  167.54
 258.53  140.90
 258.62   76.99
 258.67  121.41
 259.65  171.41
 259.67  155.78
 260.53   93.69
 261.25   47.40
 262.20  175.07
 262.46   54.31
 262.50   58.87
 262.86   42.54
 263.94   89.60
 264.13  104.92
 264.78  115.80
 264.88   48.28
 265.19  122.96
 265.35  111.29
 265.83  159.40
 265.95   26.02
 265.96   41.06
 266.07   56.65
 267.73  145.15
 267.80  140.69
 268.08  117.46
 268.10  128.53
 268.64   44.68
 269.44  123.85
 270.24  146.30
 270.40  119.63
 270.78  115.86
 270.82  131.37
 270.95   46.47
 271.41  155.89
 272.56  167.89
 272.73  110.92
 273.22   40.41
 275.19   89.08
 277.48  153.89
 278.53  139.32
 279.41  118.90
 279.60  132.27
 280.02   80.79
 281.04  115.97
 282.00   91.99
 282.11  157.22
 282.39  123.93
 282.64  155.04
 282.95  135.04
 286.35  140.16
 286.59  141.56
 286.61  166.43
 286.81  146.52
 288.50  164.28
 288.89   92.67
 289.96   90.44
 290.38  159.80
 292.05   80.78
 292.88   92.45
 293.22  169.89
 295.88  163.70
 295.88   83.89
 298.00   77.43
 298.23  129.66
 299.77   79.59
 300.09  174.83
 300.46   86.04
 301.96   74.47
 302.72  163.62
 303.39   85.24
 303.52  143.66
 305.93  175.05
 305.98   69.61
 310.07   72.13
 314.88  172.12
 314.94  172.20
 315.63   94.35
 316.10  175.72
 318.13  168.11
 320.28  127.39
 320.40  172.77
