  12.77  108.48
  14.07  180.48
  14.08  180.50
  16.90  109.80
  18.31  104.40
  22.49  179.02
  23.89  194.88
  28.30  178.42
  28.46   95.39
  32.32  181.37
  33.54   82.47
  35.82  177.43
  36.67   93.67
  38.16  180.51
  41.08   87.24
  41.50   89.99
  42.12  175.29
  43.42  164.69
  44.47   84.57
  45.24  178.63
  45.40  178.54
  46.34  190.23
  47.36  165.26
  48.93  161.95
  50.14   91.67
  50.82  153.56
  51.39  153.84
  53.78  162.02
  54.30  200.73
  55.66  196.08
  55.82  197.80
  56.22   85.16
  56.75  156.40
  57.35  171.50
  57.42   89.87
  60.12  160.48
  60.74  171.92
  61.04   95.45
  61.52  168.51
  61.91  161.98
  61.99  139.85
  62.12  199.05
  63.79  160.45
  63.83  200.32
  64.03  163.82
  64.96  137.39
  65.04  150.09
  69.45  150.05
  69.55  108.05
  70.26  161.77
  73.25  110.61
  74.22  197.93
  75.76  143.84
  76.57  165.79
  77.01  129.42
  77.46  140.76
  77.96  157.86
  78.06  126.23
  79.14  149.71
  81.83  127.97
  81.86  171.69
  82.16  135.86
  82.30  178.52
  82.42  104.13
  82.57  195.66
  83.06  143.83
  83.29  182.99
  84.20  135.31
  84.30  163.43
  84.70  118.02
  84.94  139.98
  85.63  120.12
  86.02  143.15
  86.30  195.29
  87.09  171.44
  87.28  151.53
  88.02  165.32
  88.90  143.19
  89.97  146.77
  90.56  151.48
  91.57  166.79
  91.65  181.91
  92.60  158.30
  92.71  175.97
  93.13  180.69
  93.19  148.02
  93.24  144.21
  93.32  192.73
  96.52  116.53
  97.76  204.13
  98.78  180.88
  98.86  139.64
  98.89  120.73
  99.21  127.93
  99.61  176.39
  99.81  149.38
 100.41  153.44
 100.79  110.68
 100.85  157.15
 101.40  200.67
 101.51  116.43
 101.69  131.02
 102.01  185.66
 102.04  148.43
 102.12  113.92
 102.86  178.29
 103.77  169.23
 104.76  146.53
 106.66   96.96
 106.80  134.75
 106.92  178.69
 106.99  199.99
 107.26  147.23
 108.02  122.28
 109.60  175.54
 110.11  119.02
 110.28  113.42
 110.54  164.48
 110.89   96.94
 111.50  126.04
 112.02  179.29
 112.86   77.21
 113.83  150.75
 113.86  185.43
 114.19  203.71
 114.27  170.54
 114.54  171.77
 116.99  142.63
 119.80  145.83
 121.12  190.42
 121.81  173.95
 122.42  199.07
 123.18  191.18
 123.76  151.07
 124.00  195.85
 124.55  127.70
 125.02  147.66
 126.72  198.79
 127.11  174.83
 127.17  162.82
 128.13  194.71
 128.65  162.06
 129.70  143.77
 130.25  147.73
 130.82   88.12
 131.91  209.10
 132.05  195.09
 132.43  121.98
 133.06  133.38
 133.93   47.22
 134.48  154.98
 134.97   40.48
 137.09  132.67
 137.17   54.15
 137.28  144.63
 138.09  157.61
 138.29   99.76
 138.42  210.86
 139.89  100.66
 139.97  154.26
 140.02  166.61
 140.54  105.86
 140.77  159.26
 141.32  173.52
 141.58   39.13
 141.58   39.17
 141.84   65.66
 142.12   58.45
 142.35   48.78
 142.42  113.13
 142.93  158.95
 143.25  149.51
 143.49  176.32
 143.70  185.94
 143.99  166.47
 144.35   37.25
 144.67  106.67
 144.84   57.94
 144.98  101.00
 145.19  135.75
 146.42  165.91
 146.44  140.35
 146.64   48.87
 147.07   60.96
 147.17   56.00
 148.77   42.64
 149.70  147.56
 150.55  144.83
 150.82   59.87
 151.45   46.78
 152.22   50.78
 153.30  112.75
 153.74  151.95
 154.12  154.73
 154.14  142.26
 155.40  144.13
 155.50  155.80
 156.90  113.98
 157.37  185.71
 158.25  114.91
 158.73   60.06
 160.81  148.99
 162.13  203.88
 162.68  107.45
 162.80  151.92
 162.90  136.29
 163.19  211.39
 163.53  156.96
 164.31  118.01
 165.21  146.61
 165.44  150.94
 165.50   98.66
 166.41  105.94
 167.66  124.47
 167.91  135.01
 168.05   77.77
 168.50  150.02
 174.42  151.82
 175.61   80.47
 175.84  160.16
 175.96  183.00
 176.20  142.92
 176.38  134.95
 176.83   86.51
 179.82  151.65
 180.81   88.28
 180.97  172.38
 181.97   74.25
 182.59  153.49
 183.07  153.25
 184.77   78.11
 185.42   70.81
 185.61  100.77
 186.24  145.53
 186.26   77.18
 186.26  155.94
 187.62  163.61
 188.57  139.80
 188.69   87.82
 188.99   82.19
 189.74  161.37
 192.77   86.09
 192.82  149.13
 195.49   70.56
 195.56  183.62
 195.56   52.16
 197.18  157.95
 197.56  153.49
 198.51  138.11
 199.00   53.40
 199.46   65.81
 200.43  135.10
 201.90   55.28
 202.34   50.91
 202.51  145.00
 202.77   73.64
 202.96   67.26
 203.30  170.36
 203.55  123.26
 203.91  131.36
 204.14  153.02
 204.84  135.62
 207.13  106.08
 208.12   65.75
 208.60   75.69
 209.07   75.75
 209.15   81.68
 209.18  148.50
 212.60   37.49
 213.27   68.92
 213.43  185.96
 213.48   67.42
 214.11   43.01
 214.20   56.27
 214.27  177.94
 214.95   72.63
 215.32   48.72
 215.35   88.13
 216.03  141.23
 216.52  168.51
 216.99  155.20
 217.60   57.28
 218.51   39.99
 220.20   37.58
 220.51   56.29
 220.84   62.03
 220.93   47.26
 221.07  159.64
 221.17  127.52
 221.72   62.24
 222.11  183.08
 222.30   51.00
 222.48  150.35
 222.73  145.66
 222.88  172.18
 223.38  164.51
 224.53  168.39
 226.27   94.04
 226.77  101.27
 227.92  129.00
 228.33  169.40
 230.88  165.17
 231.53  140.40
 232.81  158.18
 232.85  158.15
 233.60   98.67
 233.62  107.18
 233.67  172.98
 234.40  109.67
 234.42  102.79
 234.64   83.20
 235.18  116.80
 235.94  169.97
 236.55  166.59
 237.07  142.82
 237.44  120.17
 237.75  125.02
 239.25   98.10
 239.33  139.26
 239.53  143.25
 240.75  128.04
 241.72  103.02
 241.74  162.01
 246.26  113.70
 252.25  153.52
 252.29  171.76
 252.82  155.52
 253.09   93.46
 253.29  142.60
 253.44  165.32
 253.76  131.61
 255.45  110.23
 256.08  135.88
 256.79  189.08
 257.35  128.00
 257.51  121.41
 257.63  122.23
 259.05  140.91
 259.09  168.16
 259.95  172.74
 260.79  160.57
 261.55  152.72
 262.56  110.05
 262.65  115.73
 262.92  145.62
 264.47  152.20
 265.01  163.93
 265.57  124.32
 265.73  132.14
 266.10  188.30
 266.78  113.56
 267.46  106.33
 267.96  161.19
 267.96  102.47
 268.37  146.44
 268.77  153.63
 268.99  120.58
 269.22  144.30
 270.91  168.24
 271.06  172.54
 276.62  172.08
 276.67  126.58
 279.39  161.64
 280.78  121.16
 281.78  168.77
 284.49  167.79
 284.58  171.15
 285.80  180.21
 287.28  117.02
 288.73  132.47
 289.71  131.42
 291.02  111.08
 293.84  115.59
 294.28  158.26
 295.30  134.23
 296.17  168.13
 298.26  164.61
 299.66  130.90
 300.25  136.83
 301.64  173.21
 302.78  165.09
 302.97  117.78
 305.69  118.47
 305.76  169.57
 305.96  155.35
 307.32  174.05
 307.88  128.69
 310.34  139.58
 311.38  107.79
 312.37  140.82
 314.98  100.81
 316.07  132.09
 323.52   84.37
