   8.65  108.05
  10.38  114.85
  10.68  103.21
  12.35  135.80
  12.38  117.99
  15.60  206.46
  16.04  122.16
  16.40  132.40
  16.47  139.03
  18.78  127.85
  20.12  117.61
  21.50  139.00
  21.96   37.79
  23.14  135.98
  23.20  134.54
  25.88   39.10
  27.26  154.56
  30.23  135.81
  30.33  152.73
  30.85   35.75
  33.78  154.15
  33.97  134.89
  35.60   17.52
  36.98  148.90
  37.67  165.97
  38.88  105.77
  39.88   32.04
  40.22  167.97
  43.59  105.81
  47.82  165.66
  48.18  175.75
  49.27  105.78
  49.49  118.08
  51.27  115.35
  52.43  118.16
  55.88  161.94
  60.13  126.90
  60.44   39.76
  62.94  160.50
  63.39   32.93
  63.43  170.71
  63.89  155.13
  64.83   24.35
  65.61   51.05
  65.89   48.10
  66.86  149.40
  67.51  170.95
  68.90  157.55
  69.11  112.36
  69.18   21.21
  69.20   51.46
  70.83   13.16
  71.11   16.98
  72.60   42.06
  72.65   29.47
  74.39   11.42
  74.42  136.34
  74.44  109.05
  75.00  117.95
  75.45   94.55
  78.61  169.11
  79.46  118.47
  79.96  110.71
  80.56  150.29
  80.91   33.67
  82.18  138.06
  82.29  147.56
  82.66  126.81
  83.64   97.76
  83.64   38.71
  84.86   35.08
  85.16   40.59
  85.19  148.97
  85.35  135.22
  86.13  143.95
  86.29   33.66
  86.69   27.01
  87.19  108.91
  87.24  127.04
  88.36   33.52
  88.71   21.92
  89.09   99.07
  90.20  107.16
  90.30  114.22
  90.49   90.99
  90.53  124.96
  90.93  110.42
  92.11  134.98
  92.18  191.78
  92.41  113.24
  93.03  197.46
  93.11  209.23
  93.37   85.37
  94.01   95.88
  94.64  194.32
  94.79   92.25
  95.06  206.84
  95.40   95.40
  95.61   82.58
  96.70  209.89
  96.72  198.54
  97.08  106.84
  97.85   76.75
  98.01   81.01
  98.15   61.73
  98.30  191.30
  99.37   17.42
 100.06   42.71
 100.29   35.60
 100.46   17.99
 100.55  139.07
 100.80  209.68
 101.66   47.16
 101.92  203.74
 102.07   33.15
 103.72   23.40
 103.85   18.73
 104.07   52.34
 104.51   51.91
 105.12  100.68
 105.16   72.15
 106.20   39.54
 107.38   49.33
 107.70  190.43
 107.97   53.87
 108.53  204.99
 108.58   72.56
 108.58  185.37
 110.50   51.73
 111.24   57.24
 111.92   62.82
 112.04   73.49
 115.15   25.20
 115.40  212.27
 115.67   64.27
 115.75   70.02
 116.67   61.55
 118.30  204.56
 124.07   50.10
 124.78   50.37
 129.45  207.07
 130.11   49.61
 130.33  186.91
 131.76   17.81
 132.56   84.23
 133.16   46.70
 136.10   26.46
 136.98   46.03
 137.06  182.84
 137.43   52.28
 139.38   43.00
 141.61   46.02
 141.65   49.98
 142.28   24.13
 142.77   43.98
 144.30   33.85
 144.59   38.34
 144.91   48.19
 144.95   38.58
 146.70  182.79
 146.77  212.03
 149.82   42.19
 150.01   61.87
 150.59   34.51
 150.62  213.73
 152.33   39.81
 152.63  191.68
 154.20   74.98
 154.36   54.89
 154.44   46.97
 154.67   51.15
 155.23   38.36
 155.55   57.18
 157.97   94.89
 159.24   43.80
 160.51   37.43
 161.54   82.57
 164.71   46.19
 165.20   70.51
 165.33   76.68
 166.28   92.98
 166.29   40.73
 167.90   35.80
 168.15   46.84
 168.44   80.62
 169.17  209.74
 170.35   66.40
 170.97   99.09
 172.09  153.40
 172.22  156.47
 172.83   34.76
 172.98  163.24
 174.63   23.53
 174.77   67.86
 175.11   52.45
 175.17  159.04
 175.24   31.17
 175.34  133.39
 175.90   64.94
 175.93   27.42
 176.46  154.74
 176.65  167.52
 177.21  174.06
 178.56   62.34
 178.65   22.40
 179.95  173.91
 180.37   21.13
 181.52  212.47
 183.98  188.96
 184.13   84.06
 186.87  156.87
 187.40   58.50
 187.40  152.91
 190.63  197.53
 191.59  212.80
 192.49   99.90
 194.28   39.78
 195.34  195.47
 195.55  117.86
 195.96  169.38
 196.62  120.91
 196.85  175.62
 197.48   43.97
 197.49  109.16
 198.58   99.94
 199.29   47.37
 199.57  162.09
 199.72  164.26
 200.09   65.32
 200.27  155.47
 201.29   37.15
 201.57   41.65
 202.36  182.33
 202.65   65.65
 202.67  160.82
 202.90   30.51
 203.34  173.18
 204.39   39.23
 205.49  139.04
 205.56   44.70
 205.88  160.81
 206.18  156.29
 206.19  105.61
 206.62   30.96
 206.86  164.68
 207.74   31.66
 208.03  181.11
 208.29  138.06
 208.33  125.88
 208.36   70.16
 208.49   25.98
 208.88  141.67
 209.10  133.12
 209.29  161.17
 210.17   37.59
 211.15  108.45
 211.38   25.04
 211.39  126.70
 211.39  139.40
 211.72   42.95
 212.40  160.81
 212.43  165.00
 213.46  105.87
 214.73  187.13
 214.95  142.28
 215.24  156.24
 216.36   47.71
 217.34  127.86
 217.35  129.94
 217.58  136.23
 218.32   40.39
 219.15  124.85
 219.79  160.87
 221.19  179.82
 221.20   47.14
 221.88  168.36
 222.86   55.81
 223.19  152.67
 223.69  178.01
 223.97  145.20
 224.18  174.22
 224.18  143.21
 225.51  106.84
 225.55  186.45
 225.82   75.14
 225.84  123.44
 225.87  134.71
 226.26  108.23
 226.86  166.75
 227.13   51.17
 227.71  130.09
 228.60    8.75
 228.85   73.97
 228.97   77.11
 229.98  149.73
 230.18   48.19
 231.43    9.35
 234.02  144.05
 234.25  148.82
 234.82  180.27
 234.98   55.81
 235.05  163.89
 235.84  160.03
 235.94   81.08
 236.18   66.58
 236.21  140.19
 236.29   63.89
 236.57  123.68
 236.71  185.50
 236.74  149.97
 237.89   61.93
 237.99  169.17
 237.99  157.41
 238.91  177.35
 238.92   65.46
 238.96   53.82
 239.62  180.15
 239.76  121.65
 240.00   61.75
 240.00   57.75
 240.90  188.76
 241.33  192.07
 241.85   64.16
 242.08  167.03
 242.09   67.39
 242.12  143.95
 242.98  189.42
 243.05  123.38
 243.36  155.05
 243.60   54.19
 243.77  176.94
 245.25   57.89
 245.65  157.11
 245.79   92.62
 246.21  125.73
 246.22  130.09
 246.34   50.74
 247.14  108.79
 247.35  162.90
 247.36  114.22
 247.62  171.39
 247.63  156.42
 248.03  181.03
 248.12  153.95
 249.19   93.36
 249.25  175.82
 249.71  145.07
 249.79  135.16
 249.84   54.89
 249.96   68.86
 250.00  131.70
 250.14  162.03
 250.43   42.68
 250.83  105.37
 250.98  123.90
 251.18  146.17
 251.19   58.81
 251.46  127.78
 252.06   50.45
 252.45   76.34
 252.76  169.50
 254.19  109.67
 254.65  143.76
 255.57   57.79
 255.58  189.84
 255.79  132.32
 256.38  148.66
 256.61  165.20
 257.21  194.64
 257.47   45.45
 257.71  140.95
 258.08  171.75
 258.21   91.51
 258.56   66.17
 258.89  100.26
 259.25  158.03
 259.31  162.11
 259.53  106.48
 259.84   42.25
 260.04  182.03
 260.46  129.41
 260.67   39.51
 261.22   54.24
 261.98  138.86
 262.02  174.84
 262.77   46.39
 262.97   60.35
 263.18  196.94
 263.21  157.00
 263.50  106.53
 264.55  172.24
 264.62   83.19
 264.63   54.74
 264.98   73.13
 264.99  129.57
 265.15  142.50
 265.30   59.17
 265.85  174.57
 266.08   55.05
 266.63  125.67
 266.64   48.03
 266.92  155.17
 266.97   39.70
 266.98  125.75
 266.99  158.22
 266.99  163.79
 267.36  195.54
 267.50   70.79
 267.52   74.25
 267.59  178.43
 267.69  197.96
 267.85  121.91
 267.89  182.31
 267.94  143.68
 268.35  119.93
 268.37  149.77
 268.47  178.14
 269.56   32.84
 269.61   47.38
 269.78   47.54
 270.32   84.06
 270.59  145.54
 270.93   80.97
 271.35  116.74
 271.47   42.95
 271.94  123.95
 272.42   76.07
 272.48   57.93
 272.52  111.36
 272.78  169.95
 273.17  155.36
 273.57  200.05
 273.59   28.57
 274.08   93.93
 274.58  163.01
 274.72   39.81
 275.00  147.17
 275.01  141.65
 275.84   33.29
 275.85   53.27
 275.88  181.79
 275.88   47.17
 275.91   82.80
 276.20  136.76
 276.47  132.13
 276.81  128.87
 276.87   68.84
 277.24   91.21
 277.25   76.86
 277.34   72.68
 277.44  168.46
 277.98   39.81
 278.19  143.61
 278.21  148.64
 278.29  151.78
 278.42   99.88
 279.26  202.13
 279.54   93.33
 279.66  119.43
 279.80  174.99
 280.31  181.66
 280.97   82.38
 281.04   28.34
 281.47  198.25
 281.97  153.47
 282.07   87.51
 283.11   99.26
 283.36  145.89
 283.43   33.54
 283.56  169.02
 283.59  134.52
 283.75  124.33
 284.72  118.84
 285.79   28.15
 285.81   97.42
 285.82  156.47
 285.83   91.59
 286.02  171.45
 286.57  146.78
 286.92  165.90
 287.34   43.08
 288.25  121.23
 288.48  155.99
 289.40  171.51
 289.47  199.93
 289.49  181.09
 289.56  115.58
 289.78   97.04
 290.58  145.86
 290.92  131.20
 291.04  112.67
 292.26  124.48
 292.37  176.67
 293.67  159.61
 293.97  148.75
 294.33  179.33
 295.31  145.14
 295.68  170.89
 296.01  175.91
 296.32  201.46
 296.86  131.33
 297.03  148.35
 297.03  145.23
 297.39  206.15
 297.61  211.42
 299.10  179.56
 299.18  142.17
 299.94  202.15
 299.96  159.55
 301.61  110.47
 302.46  159.40
 303.83  121.02
 304.15  129.14
 304.52  105.03
 305.28  175.05
 305.35  132.79
 305.54  167.90
 306.76  143.73
 307.62  101.17
 307.64  162.71
 307.77  109.57
 307.84  204.01
 308.23  205.52
 309.25  138.98
 309.34  199.01
 309.38  177.91
 310.16  159.03
 312.02   89.64
 313.33  161.97
 314.64  159.06
 318.32  173.79
 318.91   77.97
 321.87  209.44
 322.13   76.86
