   9.05  135.12
   9.79   85.18
  11.06  120.93
  11.60  108.69
  13.76   93.53
  13.95  132.49
  14.35  122.87
  16.50  115.65
  17.11  135.68
  19.60  204.98
  21.57  120.20
  22.04  109.75
  23.21  134.90
  24.52  117.27
  25.65  133.99
  27.29  113.45
  28.12  118.04
  28.63  141.33
  30.46  116.74
  30.51  130.74
  31.98  116.24
  32.67  153.57
  32.78  104.30
  32.99  114.53
  35.43  148.18
  35.52  140.67
  37.34  103.43
  37.43  110.53
  39.89  133.55
  41.05  139.78
  41.39   97.29
  44.24  142.58
  45.87  105.85
  47.16   99.53
  48.93  147.04
  50.40  210.27
  51.25   95.02
  56.22  134.59
  57.02  211.20
  57.78   96.28
  59.29  109.68
  59.32  115.35
  60.67  101.04
  62.65  109.54
  63.22  133.55
  63.72  114.17
  64.00  209.25
  67.08  118.59
  68.47  100.74
  69.86   92.97
  70.71  204.84
  70.89  106.07
  71.76  106.90
  71.88   97.87
  72.42  114.47
  72.53  202.17
  73.64   63.35
  73.71   76.96
  73.74   76.83
  75.22   95.37
  75.54   91.21
  78.04   59.50
  78.48   82.73
  79.16   56.45
  80.52  115.85
  80.68   62.57
  82.80  105.88
  83.71  103.67
  85.82   57.38
  86.15   64.26
  86.94  101.70
  87.27  113.16
  88.87  116.84
  90.99  109.78
  92.38  204.97
  95.45  109.40
  96.67   97.93
  97.74   51.03
 100.27  148.69
 100.62   54.64
 101.65   64.47
 101.82   55.66
 102.70   45.10
 102.83   40.41
 104.67   40.77
 105.33  115.19
 106.18  149.99
 107.28   52.13
 107.51  133.78
 107.82  108.87
 108.82   50.04
 110.24  113.32
 110.97  153.21
 111.68  119.57
 112.56   48.30
 112.93  150.43
 113.05   33.33
 118.99   98.20
 119.57  153.14
 120.80   44.00
 121.91  150.37
 122.08   55.24
 123.42  108.01
 123.91   28.92
 125.17   49.51
 125.18   45.09
 125.53   78.67
 126.17  166.50
 126.38  117.03
 127.74   36.90
 128.29   42.42
 130.05  108.08
 130.86   39.38
 131.17   24.32
 132.58   32.11
 133.72  170.27
 133.77   89.40
 133.80   50.60
 134.33   45.92
 134.37   21.52
 134.71  165.63
 135.48  102.27
 137.15   18.91
 137.45   24.00
 137.58   89.09
 137.61   33.74
 138.79   49.56
 138.99   47.00
 139.49   55.95
 140.04  171.01
 140.68   17.34
 140.88   34.23
 141.50  177.22
 142.84   51.66
 142.97  174.17
 143.06   12.29
 143.09   18.46
 143.55   44.26
 144.46   15.26
 146.21   21.51
 146.46   38.10
 147.00   38.09
 148.40  181.00
 148.71   78.52
 149.63   26.69
 149.74   96.12
 149.89   93.09
 150.28  159.29
 150.67   47.55
 150.72   37.51
 150.75  164.27
 151.04   42.07
 151.06   90.23
 151.26   57.63
 151.94  172.43
 152.36   14.42
 153.22  180.53
 153.43   34.59
 153.68   28.83
 153.87  127.63
 154.58   20.77
 156.42  156.51
 156.53   50.13
 157.30   60.26
 157.61  167.12
 157.66   93.68
 157.74  183.23
 157.91   71.06
 158.43  111.27
 158.83   71.42
 159.06   98.41
 159.49   56.43
 161.25   47.30
 161.47   53.14
 162.39  110.53
 163.11   64.16
 164.21  181.96
 164.63   57.00
 164.81   24.46
 166.07  101.40
 166.89   33.46
 167.42  185.04
 167.60   28.33
 168.06   53.09
 168.47   75.43
 169.00   69.42
 169.25  164.02
 170.03   46.16
 170.56  168.48
 170.64  175.65
 171.03   31.93
 171.05   51.27
 171.45  175.47
 171.48   62.26
 171.66   69.41
 172.68   73.51
 172.93   70.50
 173.44   77.84
 173.98   52.48
 174.40   34.18
 174.54   51.11
 175.31   14.52
 175.35   71.74
 175.95    8.92
 176.68  184.48
 177.22   81.32
 177.52   48.19
 177.58   56.66
 178.72   45.19
 179.08   16.85
 179.31   31.88
 180.06   67.23
 180.57   20.70
 180.81   72.75
 181.04  166.45
 182.64   64.82
 182.79   39.66
 183.51   36.43
 183.70  182.36
 183.75  186.62
 183.81  190.15
 184.74   27.69
 185.93  173.19
 186.58   18.35
 186.58  176.19
 187.27  175.39
 187.47  100.14
 187.85   74.24
 187.96  177.84
 188.47   22.73
 191.23  193.13
 192.65   15.89
 192.74   19.21
 192.91  191.43
 193.46  161.93
 193.88   26.65
 194.50  182.51
 194.75   56.58
 195.04   73.76
 195.09   18.58
 195.17   37.75
 195.42  172.77
 195.86   68.71
 196.09  165.29
 196.21   99.13
 198.04  174.44
 198.10   26.33
 198.99  200.68
 199.38  203.94
 200.09   36.32
 200.60  192.33
 200.85   76.70
 201.22  153.89
 201.41  161.43
 201.84   26.38
 202.18  164.50
 202.76  181.51
 203.18  173.63
 203.67  165.81
 204.00  177.84
 205.18  160.70
 205.72   76.40
 206.62  194.65
 206.72   81.88
 206.98  172.09
 207.09   78.26
 207.56  157.88
 207.91  169.06
 208.14   32.89
 208.58   36.71
 208.94   52.74
 209.04  175.67
 209.63   59.26
 209.66   22.77
 209.89   40.89
 209.93   14.87
 210.48  176.07
 211.94   79.61
 212.43  157.24
 212.48  168.15
 213.22   86.32
 213.79  190.90
 213.85   62.36
 213.97  194.21
 214.35   41.17
 214.57   61.33
 214.63   91.58
 215.14   83.65
 215.38   29.49
 215.41   50.51
 216.10   67.52
 216.40   22.06
 216.49  167.60
 216.66   13.76
 217.11    8.70
 217.56   58.94
 217.71  193.77
 218.67  190.24
 219.07   38.98
 219.53  187.11
 220.13   91.25
 220.26   70.18
 220.96   86.38
 220.97   86.22
 221.56   60.92
 222.24  185.84
 222.62   45.93
 223.14  181.90
 224.50  197.63
 224.62   47.92
 224.63   22.93
 224.91   57.66
 224.94   91.80
 225.02  193.11
 225.74   67.31
 225.97   45.78
 226.02   43.54
 227.12    8.73
 227.43   35.68
 227.48  197.98
 227.88  175.37
 228.45   27.40
 228.48  188.94
 228.56  204.05
 229.92   21.47
 230.17  185.07
 230.19   51.30
 230.36   55.48
 230.43    9.48
 230.61   31.34
 230.84   29.10
 231.21  100.29
 231.67   82.94
 232.20  169.72
 232.66  176.50
 233.79  199.48
 233.97    8.88
 234.63   18.44
 235.67   54.60
 235.85   33.54
 235.90   48.51
 236.01  178.04
 236.84   43.10
 237.74  195.79
 238.18  109.57
 238.21   23.15
 238.84  174.68
 239.94   14.65
 240.17  185.84
 240.39  180.84
 240.47  201.91
 241.30   57.83
 241.55  148.17
 242.34  179.64
 242.89  205.16
 242.97   11.41
 243.24  189.39
 243.30  103.58
 243.44   29.94
 244.27   21.49
 244.37  171.65
 244.69   15.12
 244.76  194.87
 244.79   53.74
 245.19   24.71
 245.68  109.46
 245.78  118.13
 247.65  111.63
 247.92   15.09
 248.52   38.77
 248.74   25.86
 249.50   44.89
 249.70   50.18
 249.74   19.73
 249.78   30.41
 249.98   58.38
 251.02  187.70
 251.89   37.11
 253.41   22.00
 253.89   51.11
 253.97   98.85
 253.99   26.61
 254.79  183.35
 256.52  151.50
 257.14  109.35
 257.27   43.57
 257.92  115.00
 261.45   31.79
 262.56  151.40
 263.06   41.52
 263.23   60.80
 263.44   24.38
 263.92  117.64
 265.90  195.91
 267.34   32.12
 267.34   36.31
 268.08   60.45
 268.23  116.76
 268.51  113.50
 268.60   83.71
 269.53  146.52
 269.69  189.77
 269.70   34.53
 269.83  185.04
 271.41  180.50
 271.47  175.45
 271.71   49.49
 272.30   11.86
 273.34   64.90
 273.59  186.09
 273.97  114.39
 274.18   17.30
 274.36   16.30
 276.07  177.29
 276.74  106.21
 277.53  119.18
 279.12   89.61
 279.26  155.73
 279.92  190.84
 280.32   25.45
 280.66   55.58
 282.23  178.79
 283.92  155.18
 284.93  189.10
 287.45  165.06
 290.72  202.19
 291.04  177.81
 295.14  175.74
 299.51   18.92
 301.07  186.83
 302.30   47.14
 303.20  205.39
 303.41   73.54
 304.08  189.19
 304.14   26.01
 305.47  193.65
 305.71  202.36
 305.72   64.00
 306.15   70.64
 306.40  120.94
 306.48   56.44
 306.50   56.59
 307.65  104.36
 308.74   15.28
 308.91   10.50
 309.60  206.98
 309.91  108.81
 309.92  137.47
 310.11  114.99
 310.84   70.63
 311.18   13.75
 312.76   10.65
 313.02  208.54
 313.27    7.56
 313.31   26.15
 313.54   43.47
 313.60   66.27
 315.06   78.24
 315.39   22.75
 315.59  181.47
 316.07    8.15
 316.24  111.64
 316.27  107.26
 317.21  155.42
 317.50  185.73
 318.31   41.79
 318.53   16.83
 318.56   13.79
 320.21  167.80
 320.48   66.14
 321.34   29.02
 321.53  164.87
 322.27   57.83
 323.09   36.79
