   7.62   43.44
   8.24   65.81
   8.34   53.07
   8.51  178.88
   8.83  113.29
   8.85   46.31
   9.04   32.10
   9.61   49.62
   9.97  161.69
  11.18  148.96
  11.32   85.36
  11.38   62.03
  11.49  129.24
  11.50  123.26
  11.52   67.65
  11.70   21.28
  12.68   24.45
  13.40   45.99
  13.75   73.41
  14.15  156.44
  14.83   78.94
  15.28   46.43
  15.33  147.92
  16.66  178.27
  16.80  119.57
  16.93  209.22
  17.05   75.56
  17.56  145.08
  17.69  113.46
  17.70  125.97
  18.17   27.11
  18.24  121.41
  18.81   39.40
  19.32  174.76
  19.41   77.86
  19.55   81.26
  19.81   81.16
  20.09  133.81
  20.37  185.39
  20.56   51.87
  20.57   70.78
  20.64   48.16
  20.99   46.35
  21.19   63.77
  22.05  199.12
  22.15  147.51
  22.37   56.62
  22.78   82.34
  22.97  170.57
  23.57   66.96
  23.90  134.08
  23.97  153.91
  24.09   76.62
  25.95  200.09
  26.42  172.24
  26.65   60.66
  27.57   66.83
  27.58  194.49
  27.59  182.40
  27.90  206.04
  28.77   39.90
  28.98  135.25
  29.07   84.94
  29.51   78.92
  29.54   19.77
  29.66  141.41
  29.69  177.59
  31.83  209.52
  32.17  140.70
  32.18   53.83
  32.33   14.50
  32.67   73.05
  33.81   65.24
  34.07  192.79
  34.35  207.32
  34.65   83.28
  34.70  180.87
  34.87   73.21
  36.17  211.00
  36.36   63.33
  37.22   17.30
  37.92  148.94
  38.37  144.00
  38.55  148.69
  38.58   73.47
  38.94  203.24
  39.13   76.66
  39.22  210.48
  39.46   88.59
  40.09  193.54
  40.30   55.80
  41.16  200.07
  41.79   63.04
  41.89  131.32
  41.93  183.00
  42.13   70.05
  42.71   77.43
  42.72   77.38
  43.52   87.49
  43.60   51.48
  43.71  194.51
  43.88   59.63
  44.00   81.30
  44.06  172.96
  44.29  153.58
  44.73  108.96
  44.74   23.69
  45.72   70.35
  46.02  197.89
  46.28  142.16
  46.45  146.87
  47.14  120.23
  47.18   84.99
  47.21  193.76
  47.23   58.19
  47.48  153.96
  48.07  101.58
  48.51   63.81
  48.60  128.05
  49.48  195.98
  49.73   73.98
  50.10  182.65
  50.25  142.34
  51.19  204.67
  51.84  193.99
  52.00  133.43
  52.03  148.20
  52.27  176.69
  52.29  141.12
  52.32  100.54
  52.58  144.69
  53.08  131.41
  53.84   80.15
  54.37  109.36
  54.56  206.10
  54.69  121.43
  55.00   73.49
  55.69   85.29
  55.73  153.78
  56.52  111.69
  56.94   41.59
  57.04  203.70
  57.89   74.48
  58.08  206.79
  58.41   97.07
  58.48  130.52
  58.60  189.42
  59.87   62.07
  60.27  213.20
  61.19   21.00
  62.14  193.18
  62.21  166.76
  62.33  123.90
  62.43  208.85
  63.64  188.47
  64.16   82.69
  65.78  193.24
  66.01  200.56
  66.24   47.72
  66.27  210.21
  66.42  154.76
  67.66  189.25
  67.80   66.13
  67.87   89.52
  68.20  123.85
  68.55   62.09
  68.72  149.56
  69.23   91.59
  69.61  196.70
  70.03  209.58
  70.45  192.31
  70.48  172.47
  70.69  177.37
  70.84   33.60
  70.95  181.87
  70.97   72.28
  72.57   61.97
  73.10  184.94
  74.53   57.95
  74.72   66.42
  74.99  193.55
  75.20  127.72
  75.31  201.33
  75.40  190.60
  75.70  181.32
  76.03   53.42
  76.23   71.66
  76.32  186.46
  77.90   78.09
  78.42   68.56
  78.43   61.18
  79.03  183.48
  79.27  203.46
  80.03  198.93
  80.40   55.40
  80.91  192.64
  81.10  148.99
  81.96   14.33
  82.50  174.14
  83.59  146.08
  84.03  134.27
  84.04   67.90
  84.44  151.31
  84.56  203.64
  85.01   57.32
  85.71   80.43
  86.37   64.17
  86.49  148.02
  87.01  102.45
  87.51   74.24
  87.94  205.95
  89.46  125.68
  89.56   90.02
  90.26  213.68
  90.30   98.71
  90.31  152.07
  90.38  106.39
  91.06  202.14
  91.39   20.13
  91.82   56.23
  92.21   63.14
  92.27  206.79
  92.53   51.73
  92.57   47.29
  92.76   67.18
  93.92   23.17
  94.34   66.70
  94.70   60.99
  94.82  168.52
  95.23   87.26
  95.46  210.26
  95.61   52.14
  95.92   99.56
  96.97  185.44
  96.98  109.93
  97.38  199.29
  97.98   49.10
  98.39  176.22
  98.55   75.15
  98.77  157.61
  98.92  120.76
  99.50  169.49
  99.64  193.08
  99.67  134.99
 100.04   55.03
 100.94  112.12
 101.00  108.36
 101.15   60.24
 101.41   86.77
 102.20   94.79
 102.96   71.61
 103.09  174.72
 103.32  130.47
 103.51  202.21
 103.59   53.29
 103.69  153.47
 103.90   75.35
 104.05   19.77
 104.05  194.72
 105.11   66.88
 105.91  198.76
 105.97  191.07
 106.71   72.91
 106.92  120.37
 106.98  169.24
 107.11   63.29
 107.26  149.85
 107.26   20.75
 107.33  117.24
 107.42  117.04
 107.87  158.09
 108.27  153.93
 108.76  164.43
 109.02  202.53
 109.76  126.92
 109.87  135.58
 110.48   74.75
 110.81   21.64
 110.82   64.57
 112.62   57.79
 113.15  173.55
 113.27   24.96
 113.40  157.65
 113.77   16.91
 114.04   65.58
 114.90  167.50
 115.03   79.30
 115.19  186.83
 115.27  204.72
 115.70  184.28
 115.85  208.92
 116.16   72.06
 116.29   61.84
 116.58   45.69
 116.66   60.04
 117.13  190.50
 117.36   21.92
 117.74   12.34
 118.02  174.44
 118.21  178.66
 118.51  150.50
 119.10   26.52
 119.23  154.72
 119.66  194.07
 120.02  164.35
 120.29  158.72
 120.33  173.06
 120.39   17.58
 120.53  207.02
 120.62   53.79
 120.91   25.58
 120.94  182.99
 121.40   48.92
 121.68   28.21
 121.97   65.03
 122.05   60.44
 122.08   32.94
 123.94   79.19
 123.99  147.80
 124.15  196.36
 124.29   32.32
 124.38   53.45
 124.54   91.79
 124.66   46.58
 124.75  151.15
 124.83  185.09
 125.07  162.97
 125.63   34.54
 125.83  131.62
 125.98   83.50
 126.03  155.72
 126.26  188.82
 126.57   25.82
 127.11  200.82
 127.27  156.79
 127.34  202.54
 127.54    9.71
 127.59   53.71
 127.62  202.60
 127.95  176.01
 128.13   37.92
 128.57  171.46
 128.58  114.06
 128.84   21.44
 128.97   41.54
 129.08  198.45
 129.53   97.98
 129.63   51.22
 130.27  184.11
 130.39   28.15
 131.02   76.04
 131.23  204.33
 131.28  147.87
 131.57  161.06
 131.87   32.24
 132.11   80.14
 132.26   46.02
 132.64  200.94
 133.22  150.63
 133.42   22.87
 133.56  172.24
 133.74  164.74
 133.93  177.38
 134.23  112.78
 134.35  205.53
 134.86   31.95
 134.90  107.17
 134.91  201.45
 135.51  180.00
 135.78  147.49
 136.54   83.09
 137.88  106.40
 137.92  114.03
 138.26  178.92
 138.47  197.06
 138.56  166.22
 139.03   24.22
 139.17  193.76
 139.69   35.06
 140.45   83.68
 140.59  186.61
 140.82  181.22
 140.90  171.42
 141.03  152.69
 141.12  109.68
 141.15  113.61
 141.21  161.07
 141.30  103.50
 141.73  147.65
 142.50  191.95
 142.55   84.36
 142.72  116.91
 142.92  182.48
 143.47  138.87
 143.82  124.73
 144.83  161.11
 144.83   77.60
 144.93  165.78
 145.15  113.04
 145.28  147.23
 145.35   41.34
 145.39   13.36
 146.31  155.50
 146.57  106.67
 146.99  133.47
 147.26  115.37
 147.49   86.93
 147.67   83.33
 147.74  104.07
 147.88  150.80
 147.96   97.14
 148.22  157.54
 148.27  196.07
 148.34  109.05
 148.45  162.56
 148.57  133.64
 149.87   10.90
 150.25   52.02
 150.34  128.87
 151.12  189.62
 151.46   84.03
 151.64  111.52
 151.92  107.46
 152.90   92.02
 153.10   76.90
 153.50  194.52
 153.80  203.48
 153.90  161.15
 154.07  100.55
 154.23   73.79
 155.31  150.22
 156.04   79.91
 156.24  106.45
 156.25  124.53
 156.97  103.55
 157.23  189.66
 157.86  201.46
 158.49   97.21
 158.75  120.91
 158.94  142.34
 159.38  154.43
 159.60  109.31
 159.71  163.16
 159.80  194.90
 160.31   82.90
 160.98   85.80
 162.02  145.73
 162.26  204.92
 162.39   83.86
 163.17   99.41
 163.77   88.95
 163.99  136.60
 164.51  120.90
 164.72  179.68
 165.12  114.29
 165.61   58.71
 166.48  113.10
 167.00  119.25
 168.02   88.14
 168.26  107.28
 168.27  169.39
 168.42  165.59
 168.54   69.81
 169.36   55.90
 170.23   93.87
 170.69  100.15
 171.70  117.90
 172.10  196.08
 172.39   55.42
 172.59  209.97
 172.63   88.25
 172.89  164.09
 173.19   59.97
 173.43  106.12
 173.49  100.30
 174.67   92.74
 174.77   75.86
 174.82  136.05
 174.95  111.94
 175.55   67.64
 176.66  205.42
 177.07   75.08
 177.56  194.59
 178.14  166.32
 178.27  161.04
 178.45   44.97
 178.91   91.48
 179.62  178.32
 179.87  198.94
 180.21  160.96
 180.27  155.07
 180.44  104.28
 181.17   51.71
 181.35   64.61
 181.46   85.66
 181.47   60.99
 182.40  206.61
 182.43   57.07
 183.08  174.43
 183.21  137.58
 183.84  162.69
 183.97  107.98
 184.19   76.87
 184.22   95.88
 184.93  199.85
 185.15  151.33
 185.34  203.34
 186.31   79.66
 186.60   84.20
 187.31   54.38
 187.66   66.55
 188.13  112.32
 188.30  156.90
 188.53  163.65
 188.58  209.15
 188.95   56.75
 189.02   83.53
 189.03  192.47
 189.67   72.70
 189.67   96.07
 189.76  116.34
 189.92  109.17
 190.34  197.31
 191.05  139.25
 191.89  160.89
 192.04  103.49
 192.81  210.83
 192.98  172.10
 193.04   79.14
 193.21  201.26
 193.41   48.68
 193.44   86.85
 193.47  178.49
 194.08   75.09
 194.38   59.11
 194.59  168.74
 194.86  194.37
 195.04  154.47
 195.50  105.00
 195.58  108.25
 195.75  184.08
 195.92  176.99
 195.99  138.59
 197.02   52.55
 197.17   82.79
 197.28  102.39
 197.72   93.03
 197.82   56.51
 198.11  171.98
 198.52  176.73
 198.92  142.13
 198.96  167.00
 199.14   98.43
 199.59  105.51
 199.99  196.27
 200.01   60.46
 200.23   65.59
 201.70   93.56
 201.98  175.48
 202.38   68.45
 203.34  168.19
 203.45  132.88
 203.54   55.08
 203.84  122.39
 203.85  101.76
 203.88  155.55
 203.99   44.64
 204.14  196.20
 204.27  172.83
 204.37   87.54
 204.41  177.94
 204.88  184.63
 204.95  145.94
 205.91   58.40
 206.19   65.51
 206.29   52.28
 206.33   38.26
 206.59   51.23
 206.61  198.20
 207.27  179.32
 207.44   42.39
 207.52  107.53
 207.52  150.66
 207.84  112.35
 208.28  127.38
 208.57  176.84
 208.75  117.39
 209.00  142.26
 209.09  175.86
 210.60   53.05
 210.67  180.60
 210.86   78.95
 211.14  145.32
 211.22  157.15
 211.67   94.58
 211.78   58.12
 212.78  134.62
 213.09  138.80
 213.20   72.82
 213.42  199.71
 213.44  126.76
 213.55  205.86
 213.72   64.16
 214.04  160.99
 214.14   84.21
 214.36   88.49
 214.41   76.95
 214.74  139.69
 214.91  181.09
 215.01   99.56
 215.19   99.92
 215.66  108.91
 215.90  155.15
 216.00   90.94
 216.25  115.17
 216.64  121.99
 216.96  183.70
 217.19  141.89
 217.49  127.72
 217.89  155.42
 217.90  190.35
 217.90  147.28
 218.04   95.22
 218.26   79.23
 218.35   75.40
 218.48   82.67
 218.48  172.91
 218.78  208.19
 220.67  179.75
 220.84   92.87
 221.10   50.42
 221.17   78.89
 221.65  154.44
 223.38  139.43
 223.41   63.00
 223.65   73.40
 223.83   67.03
 223.98   62.77
 224.03   84.91
 224.17  181.75
 224.24  179.37
 224.70  147.99
 225.04  106.55
 226.04   70.53
 226.18  142.01
 226.43   49.89
 226.67  183.72
 227.33  124.22
 227.38  173.58
 227.46   54.37
 227.91   58.14
 228.12   78.44
 228.29  176.94
 229.92  151.51
 230.71  105.71
 230.73   58.32
 230.81  133.04
 230.91   47.14
 231.60  123.29
 231.79   82.50
 232.23  124.03
 232.28   52.07
 233.02   77.76
 233.17   21.90
 233.27  174.24
 235.02   92.29
 235.19   97.31
 235.25   18.31
 235.37  110.39
 236.58  142.28
 236.76   89.20
 237.31   37.72
 238.13   63.19
 238.36   32.10
 238.83   83.59
 238.95   29.66
 240.06   74.35
 240.61   21.81
 240.69   48.54
 240.73   59.46
 242.31   88.16
 242.34    8.77
 242.63   32.62
 242.74   44.70
 244.27   70.60
 244.52   53.93
 245.70   31.35
 246.16   96.76
 246.25   48.57
 246.95   73.21
 247.31   14.69
 247.77   77.98
 248.77   84.10
 248.82  141.74
 249.39   16.80
 249.48   12.16
 249.72   55.29
 249.85   65.18
 249.99   81.43
 250.33  141.01
 250.34   68.97
 250.83   30.96
 251.39   48.84
 252.62   18.19
 253.45  104.56
 253.70   51.56
 253.71   27.75
 254.17   70.32
 254.62   11.81
 255.24   64.15
 255.50   19.31
 255.56   54.67
 255.60   15.66
 256.00   37.15
 256.08   81.24
 256.73   23.00
 256.74   44.53
 256.99  162.21
 257.20   98.72
 257.64   44.46
 257.65  113.79
 258.31  167.05
 258.79  110.07
 260.49  170.63
 261.48   20.75
 261.67  173.51
 262.68  148.61
 262.96  104.93
 263.17   41.70
 263.18  108.67
 263.48   95.80
 263.65   26.19
 265.48   42.92
 265.89  175.66
 266.08  175.54
 266.17  128.86
 266.21  162.36
 266.35  147.03
 266.89   37.13
 267.47  168.18
 267.59  158.65
 267.85   26.77
 268.47   44.33
 269.11    8.18
 270.80  153.70
 271.28  157.33
 272.82   42.38
 272.89   99.97
 273.39  168.65
 273.85  140.32
 274.70  113.26
 274.73  113.26
 275.59  141.03
 278.38  159.61
 279.05  175.72
 279.50  153.59
 280.64  167.43
 280.83  130.89
 280.89   73.01
 280.92  115.46
 280.93  172.96
 281.01   56.12
 283.10   62.79
 284.80  110.92
 286.53  161.45
 287.06   60.49
 290.11   75.91
 290.73   66.46
 291.36  149.18
 293.54  104.90
 297.49   57.74
 301.11   16.00
 301.76   61.25
 302.20  120.80
 302.30   97.48
 304.02   28.49
 305.63   36.55
 306.30   15.70
 307.31   23.64
 308.12   31.48
 310.01   99.52
 310.13   99.52
 311.57  117.24
 311.95   15.97
 313.38   99.58
 314.62   52.68
 316.07  166.06
 317.27  175.97
 317.52   25.24
 317.61   92.93
 317.97   16.34
 320.61  101.19
 321.26   89.30
 321.31   33.51
 321.52   10.31
 322.49   13.19
 322.51  189.28
