  10.78  175.31
  12.02  160.47
  12.82  163.02
  16.41  161.61
  21.25  178.46
  25.76  177.62
  26.40  180.61
  29.33  160.52
  32.15  155.72
  33.73  185.07
  34.18  105.81
  34.46  160.48
  34.86  161.06
  37.11  177.45
  37.67   70.74
  39.00  157.40
  43.72  158.17
  43.83   43.13
  43.88  175.85
  47.70  173.39
  48.92  178.14
  49.64  155.89
  52.29   71.16
  54.11  160.14
  58.46   89.37
  64.27  174.76
  66.16  171.84
  68.33  157.46
  69.14  175.27
  72.48   97.22
  80.98  137.12
  81.24   62.71
  82.67  168.61
  82.72  185.93
  85.19   64.05
  85.75   58.48
  87.13  156.84
  87.88  178.10
  88.19  161.18
  88.52  183.21
  91.50  111.75
  91.85   51.75
  93.12  137.20
  97.00  174.73
  97.70  175.57
  99.33  184.14
  99.89  124.52
 100.13   49.25
 100.56  114.91
 101.24  140.14
 102.01  135.01
 102.20  118.14
 102.42   37.42
 102.68   40.47
 103.82  121.98
 104.27   34.69
 104.37  129.44
 104.59  135.39
 105.23  141.84
 105.72   60.26
 106.12   45.75
 106.56   54.42
 106.71  157.39
 106.89  168.61
 107.07   41.75
 107.29  138.30
 107.93   33.81
 108.13  143.92
 108.72  118.40
 109.79  115.33
 110.46   38.14
 110.73   28.42
 110.98  155.83
 111.61  147.24
 111.86  122.96
 112.04  120.54
 112.75  158.02
 113.72  174.50
 113.76  137.19
 114.07   33.69
 114.60   27.05
 115.13  177.82
 115.16  124.11
 115.36   58.68
 115.43  154.85
 115.74   68.15
 116.39   28.72
 116.55   43.50
 116.99   53.60
 116.99  129.74
 119.71  179.91
 119.97   52.59
 120.06  144.35
 120.22  139.31
 120.73  121.48
 121.93   46.05
 122.04  132.40
 122.87   38.88
 123.28  176.69
 123.36  173.45
 123.47  145.03
 124.41   98.42
 125.03  102.04
 125.19  154.13
 125.66   18.70
 125.71  134.48
 127.26   58.35
 127.42  139.23
 127.46   20.01
 127.70   15.35
 127.92  132.58
 127.97  108.77
 128.64   55.98
 128.68   98.71
 130.32   96.34
 130.87  105.85
 131.02  134.88
 131.05  120.28
 131.17  171.17
 131.20   75.87
 131.88   41.23
 132.38   48.66
 133.30   17.87
 133.52   34.58
 134.09  127.18
 134.14   15.68
 134.31  175.45
 136.29   11.99
 137.89  171.10
 138.13  171.38
 138.45  178.64
 138.46   58.15
 138.74   99.95
 139.78   33.02
 140.45  176.51
 141.15   35.74
 142.83   31.71
 143.36  143.17
 143.80   59.73
 145.72  145.53
 145.90   57.80
 147.79  142.34
 147.86  173.54
 148.50   26.76
 148.73   61.79
 148.99   53.27
 149.36   45.36
 149.39   72.54
 149.62  114.33
 149.74   37.94
 150.41  186.27
 152.05  141.09
 154.09   68.45
 155.33  143.35
 155.34   29.93
 155.93   51.91
 156.45  146.10
 156.83   57.45
 157.85   46.15
 158.74  140.75
 159.02  180.85
 159.69   35.47
 159.80  185.37
 160.07  125.76
 160.54   29.07
 161.13  176.10
 161.28   61.67
 162.74  145.73
 163.83   23.18
 163.90   47.85
 164.25   65.24
 165.71   40.12
 166.41   68.88
 166.50   35.67
 167.52   54.37
 168.32   11.89
 168.64  146.44
 170.85   62.70
 170.92  181.05
 171.23   27.30
 171.82   12.36
 171.92  140.49
 172.35  185.61
 173.03   50.38
 173.85  146.91
 175.16   43.85
 175.80   74.93
 176.47  185.29
 177.29   39.20
 177.37  187.93
 177.49   59.12
 177.77   65.45
 179.36  185.72
 180.02   69.89
 180.05   74.78
 180.22  130.33
 180.25  204.27
 181.03  111.03
 181.76  125.98
 181.97  127.78
 182.59  115.20
 183.10  119.56
 183.14  101.02
 184.40   33.47
 185.11  183.73
 185.65   80.54
 185.68  132.30
 186.16  125.91
 186.36  131.88
 186.46  143.10
 187.04  108.24
 187.11   40.33
 187.49   96.02
 188.17  104.26
 188.49    8.44
 188.83  142.98
 188.84  138.36
 188.92   99.95
 188.99   75.08
 189.55  117.30
 190.37  107.91
 190.39  139.87
 192.73   95.10
 192.77   95.24
 193.62  112.39
 195.13  143.13
 196.71  139.93
 197.17  110.18
 197.32   66.63
 197.92   99.17
 198.06  105.55
 198.10  181.05
 200.59  182.81
 200.93  139.84
 201.37  126.63
 202.47   96.81
 205.82  186.78
 205.97  101.22
 207.64  132.13
 208.45  110.66
 210.01  138.99
 210.12  129.97
 211.00  100.95
 211.09  173.90
 211.16  143.76
 212.06  187.11
 213.16  183.64
 214.16  100.75
 214.55  108.00
 215.27  105.27
 215.43  177.76
 215.79  116.64
 216.69  130.06
 218.07  102.05
 218.44  126.51
 219.18  136.80
 219.56  186.05
 221.01   90.48
 224.06  103.13
 224.11  118.45
 224.75  143.82
 225.37  176.91
 226.27  115.32
 226.64  111.68
 227.27   99.11
 227.67  173.45
 228.87  125.56
 229.97  140.29
 230.85  180.52
 231.04   95.96
 233.04  124.76
 233.33  130.99
 233.89  174.16
 234.35  108.63
 234.75  104.88
 236.20  137.89
 236.20   95.91
 236.33  187.65
 237.72  147.12
 238.32  140.98
 238.85  112.30
 238.87  180.03
 239.13  134.14
 239.48   96.47
 239.57  147.34
 240.65  102.73
 241.14  177.06
 241.17  213.61
 241.45  182.51
 241.51   98.85
 243.50  173.08
 243.52  126.48
 243.68  173.14
 243.79  133.31
 244.00  139.02
 244.43   61.78
 244.95  132.24
 245.39   98.63
 247.42  140.22
 248.14   65.30
 248.77   58.56
 249.78  109.99
 250.00  107.00
 250.57  179.27
 250.98  171.44
 252.37  133.47
 253.76  113.22
 254.56  117.36
 254.74  110.09
 255.47  105.13
 256.12  129.84
 256.18  137.56
 256.60   91.40
 256.70  145.77
 256.86  123.87
 258.05   58.21
 258.08  115.46
 258.40  138.89
 258.95  176.16
 258.98  121.13
 259.05  136.15
 260.26  106.66
 260.34  127.01
 262.28  137.23
 262.58  112.13
 263.06   80.43
 263.08  103.38
 263.14  115.43
 263.53   92.55
 263.57   80.70
 263.75  140.08
 263.83   89.14
 263.84  126.92
 264.79  180.81
 265.44  146.37
 265.44  110.42
 265.71  134.97
 265.77  119.46
 265.79  123.90
 266.12   98.60
 267.09  101.87
 267.13   81.06
 267.42  175.86
 268.12  116.17
 268.53  121.19
 268.74  104.10
 269.28  142.51
 269.37  132.14
 270.56  108.43
 270.64  138.87
 270.80   87.55
 271.07   90.11
 272.11  203.44
 272.43  187.79
 273.03   81.20
 273.07   99.01
 273.37  118.27
 273.38  174.24
 274.22   84.60
 274.38   63.75
 274.98   96.36
 276.05  147.02
 276.26   67.06
 277.07   91.51
 277.77   86.72
 277.86  107.47
 278.76  177.77
 278.82  178.04
 278.98  113.80
 279.12  128.34
 279.35   61.13
 281.32   88.89
 281.59  104.21
 281.96  201.07
 281.97   64.23
 283.30  109.15
 283.49  113.64
 284.00   89.05
 284.05   85.72
 284.80   80.77
 284.98  175.41
 285.50  174.99
 285.57   81.54
 285.67   64.58
 289.41  139.92
 290.00   78.94
 290.36  115.49
 290.58   99.34
 291.68   61.13
 292.40   75.38
 293.19  203.69
 294.13  198.99
 294.91  176.17
 296.94  140.47
 297.73  153.11
 298.96  125.49
 299.20   57.10
 299.84  124.82
 300.15  143.58
 301.08   92.11
 301.45  205.72
 301.69  138.65
 302.16  175.96
 303.09  201.00
 303.57  140.85
 303.71  155.70
 304.15   78.26
 306.68  201.98
 307.09  206.53
 307.28   91.21
 309.10  158.18
 310.08   95.97
 310.74   75.93
 311.25  156.36
 312.74  208.99
 313.30  124.18
 316.71  195.44
 318.32  123.99
 319.84   38.65
 320.24  165.06
 320.40   34.92
 321.94   91.73
