   7.29  173.42
   8.91   10.31
   9.35  187.77
  10.17  190.44
  10.43  139.11
  10.50  174.93
  10.67  103.79
  11.76   64.98
  12.47  119.85
  12.53   10.95
  12.89  172.16
  12.91  146.44
  13.75   40.83
  13.76  149.95
  14.25  202.60
  14.64  190.83
  14.68   85.79
  14.89   81.84
  14.91   37.55
  15.58  127.08
  16.27  159.56
  16.53  208.96
  16.85  159.61
  16.95  179.26
  16.97  107.70
  17.77   40.84
  18.45   89.95
  18.47  117.04
  18.80   37.43
  19.31  100.54
  20.49   14.81
  20.76   56.72
  20.82   49.11
  21.32  156.28
  21.80  182.34
  21.87   35.70
  21.91   81.04
  21.98  159.41
  21.98   65.64
  22.06  104.01
  22.30   10.89
  22.40  178.11
  23.12  191.28
  23.21   77.70
  24.01  100.41
  24.04   57.72
  24.09   13.84
  24.17   67.48
  24.66  140.60
  25.17   73.22
  25.85  172.49
  26.02  185.65
  26.27   29.88
  26.27   43.25
  26.79   94.44
  26.93   98.01
  27.53  159.36
  27.60   18.57
  27.84  179.01
  28.00   63.83
  28.26  169.72
  28.28  188.73
  28.50  193.68
  28.62   58.02
  28.88   26.27
  28.95   13.45
  29.26  207.01
  29.37  182.24
  30.32  166.63
  30.45   12.99
  30.73   40.46
  30.85   47.24
  31.15   69.30
  31.19  174.33
  31.55  160.40
  31.69   57.20
  32.36   55.52
  32.70  202.24
  32.83  198.93
  33.38   29.75
  33.95  183.39
  34.09  180.24
  34.12  163.15
  34.22   38.76
  34.37   51.75
  34.38  153.36
  34.93   23.26
  35.10  127.91
  35.27  204.10
  35.57  209.01
  36.19  204.77
  36.82  130.70
  36.92  140.03
  37.10   24.84
  37.11  155.29
  37.20   66.40
  37.41   62.91
  37.47  120.83
  38.01  113.64
  38.36   82.12
  39.02  153.05
  39.49   45.28
  39.62   89.56
  39.69  116.14
  39.89   26.67
  40.38  142.03
  40.39   66.47
  41.25  131.94
  41.31  203.28
  42.06  103.05
  43.12   36.80
  43.46   25.78
  43.79   21.98
  44.46   47.92
  44.92   33.11
  45.00   92.26
  45.33   93.34
  46.26   33.73
  46.69   42.43
  47.12  111.41
  47.42   26.60
  47.49  201.03
  48.05   98.18
  48.45   19.58
  48.85  127.89
  48.92   64.48
  48.93   94.84
  49.40  158.96
  49.46  205.53
  49.62   15.86
  49.77  105.66
  49.99   45.68
  50.19   40.29
  50.25   77.51
  50.34  119.92
  50.46   40.27
  51.29   32.49
  51.39  142.12
  51.78   21.22
  52.66   42.50
  53.06  180.62
  53.07   65.48
  53.54   70.73
  53.56  170.49
  53.91  115.08
  54.11   37.62
  54.28  158.88
  54.31   99.67
  54.44   51.18
  54.49  121.81
  54.61   45.58
  54.81   80.01
  55.21  117.12
  55.27  175.86
  55.27  125.27
  55.81   25.95
  55.81   73.55
  56.19   59.85
  56.27   41.09
  56.99   34.60
  57.15   73.43
  57.19  112.60
  57.21  165.77
  57.21   47.81
  57.29  133.17
  57.77  176.65
  58.22    8.14
  58.28  129.68
  58.36   67.08
  58.79  124.50
  59.10  103.20
  59.35  159.50
  59.50  194.22
  59.82  114.71
  60.55   48.21
  60.74  209.75
  60.84   63.36
  60.90   40.06
  60.91   94.42
  60.95  159.69
  61.03   21.83
  61.52  121.00
  61.58   35.59
  61.83   14.47
  62.18  180.49
  62.41  162.13
  62.88   86.85
  62.95  108.04
  63.11  173.61
  63.20  173.84
  63.28   51.78
  63.91   99.99
  64.02  104.61
  64.15  198.25
  64.24   40.05
  64.52   61.36
  64.65  119.79
  65.49   15.47
  65.67  145.74
  65.75   35.83
  65.95   95.53
  65.97  153.98
  66.59  207.63
  66.59  199.52
  66.77  158.56
  66.98   26.67
  67.28  125.57
  67.38   78.23
  67.44   64.68
  67.73   30.95
  67.99   69.50
  68.12  104.07
  68.37   83.57
  68.85   22.86
  68.92  179.46
  69.05  117.52
  69.19   56.60
  69.35   55.19
  69.44   93.52
  69.61  203.57
  70.28  148.99
  70.36   55.00
  70.62  141.62
  70.74  163.02
  70.75  153.19
  70.93   39.92
  71.28    8.58
  72.18   68.59
  72.24  126.41
  72.35  192.60
  72.48   24.53
  72.49  113.94
  72.76  122.96
  72.83   65.38
  73.03  107.54
  73.16  147.00
  73.18   84.05
  73.22   71.67
  73.50   98.09
  73.81   15.34
  73.84  171.87
  73.98  198.45
  74.02   49.96
  74.24  156.03
  74.38  160.47
  74.59   33.03
  74.94  203.55
  75.06  207.57
  75.09  194.33
  75.16  213.31
  75.35   63.31
  75.35   33.71
  75.48  128.66
  75.60  118.02
  75.68   80.51
  75.76  124.09
  75.97  135.99
  76.09   22.20
  76.63   57.23
  76.83  110.34
  77.47  100.36
  77.47  179.67
  78.31   89.06
  78.52   37.60
  78.78  194.90
  78.79  158.97
  78.80  171.40
  78.85  136.38
  79.29  195.10
  79.34  182.75
  79.37  164.41
  79.38  132.86
  79.67  128.06
  79.69  174.27
  79.72   61.91
  79.84  149.02
  79.89  204.27
  80.00  101.93
  80.08  207.89
  80.22  139.55
  80.31   77.35
  80.53   47.90
  80.66  156.82
  80.68   97.19
  80.94   11.51
  81.43  176.73
  81.48  111.75
  81.59   23.67
  81.91   88.22
  82.20  180.54
  82.39   17.47
  82.95  187.18
  83.11   56.54
  83.37  195.37
  83.45  201.77
  84.33   59.85
  84.47   99.34
  84.48  113.49
  84.98   81.95
  85.12   49.10
  85.19  104.83
  85.37  126.64
  85.38  117.97
  85.55  131.15
  85.58   42.02
  85.58  175.62
  85.61   60.19
  85.62   68.48
  86.16  187.25
  86.75   37.09
  87.12   87.45
  87.31   87.94
  87.32   48.77
  87.58  148.98
  87.64   24.23
  87.98   95.90
  88.10  181.31
  88.22  122.47
  88.31  122.40
  88.32   63.71
  88.49  146.40
  88.74  136.07
  89.08  189.03
  89.11  155.93
  89.37  171.43
  89.88   74.57
  90.09  173.03
  90.18   49.06
  90.37  109.98
  90.42  198.71
  90.67  150.95
  91.44  144.91
  91.74  195.06
  91.75   27.43
  92.49   21.73
  92.70   57.00
  92.77  112.54
  93.02  203.50
  93.12  161.35
  93.19   14.63
  93.32   77.87
  93.38  120.91
  93.49   91.11
  93.76  157.22
  94.05   98.03
  94.41   59.72
  94.87   83.79
  96.03  184.16
  96.50   35.68
  96.57  191.54
  96.77   64.63
  96.78   75.39
  96.85  196.19
  96.95   21.41
  96.98   40.94
  97.03  136.77
  97.64  144.47
  97.81  186.05
  97.91  116.89
  98.03  113.15
  98.32   93.15
  98.46   98.73
  98.58   61.48
  98.76   68.45
  99.12  131.70
 100.19  177.13
 100.31  209.94
 100.38   26.10
 100.54   73.44
 101.00   90.69
 101.12   95.16
 101.22  115.19
 101.44   51.15
 101.44   79.50
 101.93   85.34
 101.94   59.51
 101.97   63.10
 102.72  196.40
 102.85  150.78
 103.57   72.59
 103.71  120.89
 103.76  150.94
 104.30   15.07
 104.38  137.06
 104.57   74.42
 105.48  117.36
 105.54   61.65
 105.73  195.23
 105.89  183.88
 106.39  142.08
 106.83   38.96
 106.85   80.53
 107.16   53.60
 107.35  112.43
 107.61   96.19
 107.69  135.46
 107.69  122.97
 108.23   84.01
 108.33  192.52
 108.76   70.38
 108.90  139.34
 109.06   27.61
 109.68  167.59
 110.36   34.81
 110.41  189.49
 110.42  158.15
 110.79   13.43
 110.88  116.53
 110.90   13.83
 111.11   87.02
 111.59   85.66
 111.61   51.83
 111.75   65.61
 112.04   40.36
 112.40   30.70
 112.48  199.69
 112.57   60.57
 112.80  199.14
 112.91   45.90
 113.52  188.14
 113.92   36.52
 113.93   42.81
 113.96  168.37
 114.30   72.73
 114.60   48.10
 114.83   25.29
 114.87   72.18
 115.40  117.86
 115.48   47.98
 115.54  108.14
 115.68   57.35
 116.00   38.83
 117.43   68.93
 117.67   29.04
 117.72  146.71
 118.73  128.99
 119.12  186.84
 119.15   84.92
 119.64  142.10
 119.65   32.53
 119.71   72.47
 119.80   58.72
 120.04  190.15
 120.69   21.30
 120.89   79.32
 120.92  200.10
 122.14   67.29
 122.59   42.28
 123.30   99.89
 123.31   28.93
 124.20  189.11
 124.48  106.99
 124.70   85.66
 124.81   42.63
 125.10   15.19
 125.60   76.45
 125.82  200.51
 126.02  157.86
 126.82   40.68
 126.92   99.61
 127.37   64.55
 128.57  118.50
 128.65   96.12
 128.66  190.54
 129.41   42.65
 129.54   82.69
 129.57   29.87
 129.94   56.26
 130.18   85.37
 130.61  128.73
 130.77  159.72
 131.40   80.10
 131.60  207.97
 132.37   60.12
 132.58  162.06
 132.77   60.00
 133.06   16.48
 133.24   35.75
 133.66  164.34
 133.72   26.72
 134.45  101.22
 135.05   55.89
 135.08  131.56
 135.82   73.43
 136.60   35.09
 138.54    8.19
 138.95  129.15
 139.04  125.03
 139.09  116.62
 139.33   86.03
 139.42  190.91
 139.45   81.57
 139.50   39.38
 140.07  134.78
 140.39   62.40
 140.46   97.35
 140.64   24.80
 140.87   53.49
 141.22   16.94
 141.28   11.11
 141.87  122.95
 141.93  127.11
 142.20   78.64
 142.37  110.25
 142.37  118.71
 144.50   82.52
 144.53   47.22
 144.83   75.46
 144.91  151.06
 145.02   51.70
 145.05   64.99
 145.37   14.21
 145.52   97.08
 145.58  129.47
 146.07  103.28
 146.34   78.76
 146.42  111.67
 148.05   53.65
 148.72  163.68
 148.89   73.88
 149.65  131.50
 149.69  113.15
 149.90  100.72
 149.93  105.11
 150.03  120.67
 150.20   50.21
 150.55   10.09
 150.62   63.84
 150.66   59.84
 151.26  134.74
 151.88   24.85
 152.29   44.23
 153.50   46.23
 154.11   26.85
 154.12  210.80
 154.94  100.70
 155.16   64.68
 155.32  133.53
 155.75   75.27
 156.01   79.82
 156.17  206.19
 156.23   58.87
 156.29  202.83
 157.42   47.59
 157.47   93.29
 157.65  135.55
 157.83  140.15
 158.91   51.51
 159.56  152.68
 160.10  118.53
 160.67  100.60
 160.85   17.49
 161.57  199.57
 162.00   80.76
 162.63  130.41
 162.66  207.90
 162.88  120.59
 162.95  101.62
 163.03   77.28
 163.21   56.55
 163.81   49.36
 163.83   66.09
 163.93   83.43
 164.25   73.81
 165.13  139.64
 165.20  198.78
 167.33  201.10
 167.51   55.26
 167.87   51.94
 168.11   38.98
 168.61   75.88
 168.97  127.71
 169.03   78.86
 169.69   49.61
 169.94  187.68
 170.29  125.21
 170.39  148.12
 170.75   58.42
 171.75   44.54
 173.61   33.08
 173.83  206.47
 173.94  134.10
 174.38   37.17
 174.52    9.02
 175.56   16.77
 175.97   74.53
 176.02  100.48
 177.60  149.34
 178.11  120.25
 178.26  186.03
 178.72  207.98
 178.85   41.77
 179.07   49.23
 179.38   78.30
 180.49   29.11
 181.69   11.84
 182.85   36.52
 183.49   78.23
 183.50  154.56
 183.79   69.25
 184.60   72.55
 184.65   63.36
 184.97   82.14
 185.03  140.86
 185.06   86.87
 185.26   47.88
 185.56  152.96
 185.82  149.19
 187.18  119.90
 187.48  160.30
 187.64   12.69
 188.31  164.56
 188.33   17.97
 188.44  144.66
 190.02  159.68
 190.31   14.53
 191.07   49.52
 191.13  203.11
 191.39   86.25
 191.52   98.57
 191.75  168.28
 191.77   11.91
 192.26  136.41
 192.30  136.19
 193.13   36.75
 193.20   71.96
 194.46   20.25
 194.46   52.36
 195.33  103.51
 196.38  151.31
 196.46   96.58
 196.59  124.08
 196.65  108.76
 196.80   14.37
 196.85   29.70
 196.86  141.05
 197.03   79.47
 197.30   50.71
 198.04   66.24
 198.09  132.20
 198.19   58.15
 198.33   92.82
 198.49   38.97
 198.78   86.68
 199.47  103.03
 199.51  109.54
 199.79   31.17
 200.33  184.28
 201.05  119.34
 201.13   87.50
 201.29  192.06
 201.33   41.52
 201.41  161.96
 202.30   50.11
 202.57   70.26
 202.67  106.13
 202.83   33.80
 203.15  145.12
 203.45  125.16
 203.98  198.45
 204.19   65.02
 204.23   39.02
 204.31  165.31
 204.52  188.00
 205.23   61.46
 206.69   45.17
 207.08  158.67
 207.22   55.82
 207.36  181.08
 208.04  196.99
 208.32   39.82
 209.25  120.00
 209.27   65.78
 209.84   36.63
 209.93   26.74
 210.25  161.98
 210.33  154.08
 210.57  116.82
 211.09   59.86
 211.28   55.26
 211.35   35.78
 212.34   81.38
 212.37  144.70
 212.51  159.38
 212.76   67.22
 213.19  135.71
 213.22   45.80
 213.25   44.04
 213.71   56.22
 213.77   36.48
 214.32   56.37
 214.64  195.93
 216.19  116.86
 216.23   77.48
 216.27   61.12
 216.48   41.45
 216.82   54.19
 216.96   27.41
 217.09  193.48
 218.67   93.14
 219.64   47.32
 219.84  197.52
 219.93  187.54
 219.96   55.00
 220.42  125.71
 220.46   70.33
 220.51   50.02
 220.56  209.89
 220.62  114.76
 221.08   27.38
 221.24  200.00
 221.69  161.80
 221.89   75.53
 222.03   22.99
 223.04   29.38
 223.39  193.04
 223.57   71.81
 223.63   41.73
 223.77   36.36
 224.62  197.03
 225.08  190.17
 225.33  211.91
 225.40   50.62
 225.57   24.15
 225.82   68.48
 226.60   24.26
 227.23  108.84
 227.25   42.36
 227.31  194.83
 227.61  209.23
 228.04   37.15
 228.33  146.54
 229.36  194.93
 229.56   35.26
 229.59   82.96
 230.29   50.17
 230.49  194.95
 230.56   68.61
 230.58   28.64
 230.67  109.05
 230.86   79.21
 230.92   79.07
 231.14   76.84
 231.47   45.18
 231.54   26.15
 232.48   31.61
 232.88  125.79
 233.24   67.13
 233.28   46.20
 233.37  153.82
 233.55  110.91
 233.57   96.13
 233.65   75.41
 233.67   64.90
 233.85  118.07
 234.84   70.53
 235.13   36.73
 235.15   56.53
 235.38  130.20
 235.41   42.96
 235.67  137.77
 236.78  190.91
 236.79   32.52
 236.79  118.52
 237.52   91.54
 238.53   29.95
 238.54  126.37
 238.59   63.47
 238.66  137.96
 239.32   34.07
 239.44  103.28
 239.61   61.27
 240.07  113.23
 240.12  117.99
 240.63  112.42
 240.74   97.97
 240.81  135.42
 240.99  200.48
 241.42   38.27
 241.72   61.50
 242.53   32.89
 242.79   67.45
 243.20  128.53
 243.33  190.14
 243.66  158.85
 243.77   99.75
 243.96  111.18
 244.14  111.09
 244.19   61.30
 244.27   28.24
 244.86  199.71
 244.87   21.88
 244.89  137.96
 245.25  120.01
 245.42  119.72
 245.92   40.55
 246.14   39.10
 246.36  156.45
 246.72  144.81
 247.48  134.16
 247.79  153.10
 247.95   62.00
 247.96  118.11
 248.21  113.27
 248.41   49.63
 248.44  123.99
 248.47  149.70
 249.20   20.37
 250.19  160.43
 250.47   36.83
 250.54   31.01
 250.58   70.55
 250.67  157.23
 250.81  137.73
 250.88   99.67
 251.67   26.85
 251.70  112.26
 251.75  179.30
 251.77  143.90
 251.97  107.96
 252.59    9.52
 252.62   40.59
 253.57   22.28
 253.78  176.84
 254.49  145.08
 254.54  134.58
 254.77  109.95
 254.88   96.46
 254.92  124.10
 254.98   37.62
 255.05  157.79
 255.29   52.52
 256.34  135.89
 257.11  129.88
 257.44  179.53
 258.42   24.28
 258.59  159.15
 259.49  113.72
 259.87  186.14
 260.10  109.20
 260.33   56.01
 260.41  146.03
 261.33  139.67
 261.49  191.07
 262.29   62.43
 262.32  155.64
 262.63   79.11
 262.78  125.82
 262.78   97.05
 263.09   52.60
 263.16  208.31
 263.23   96.59
 263.36  134.52
 263.49  156.45
 263.54  109.96
 263.60  110.77
 264.14  127.64
 264.59  181.58
 264.87  173.93
 265.31   68.58
 265.34  159.89
 265.73  213.39
 265.92  114.60
 266.13  144.72
 266.54  132.43
 266.89  177.68
 267.17  142.08
 267.65  191.91
 267.96  100.96
 268.90   65.08
 269.19  122.64
 269.30   33.44
 269.72   57.98
 269.81   42.78
 270.33  194.64
 270.42  129.63
 270.72  112.42
 271.11  163.21
 271.98   52.27
 272.39  145.60
 272.43  124.39
 272.62  202.85
 273.18  176.47
 273.69   54.82
 273.77   64.61
 274.12   61.31
 274.30  131.29
 274.76  143.23
 274.88  133.41
 275.85   51.90
 276.14  159.87
 276.50  200.70
 278.12  175.11
 278.13   65.84
 278.32  179.11
 280.26  125.67
 280.79  196.56
 280.93  195.90
 281.09   35.01
 281.30  166.19
 281.64  206.49
 283.32  149.36
 283.34  201.05
 283.65  160.06
 283.80  199.42
 283.90   69.20
 284.87  178.12
 285.08   39.84
 285.63   60.65
 285.65   72.60
 285.92   31.88
 286.47  173.86
 286.69   67.10
 287.40   18.57
 287.49   47.60
 287.97  166.96
 288.83   22.08
 288.87  200.34
 290.15   65.89
 290.51  157.33
 290.93  178.76
 291.04  198.35
 291.58   32.54
 291.63   18.88
 293.09   91.73
 293.87   92.27
 294.01  202.68
 294.01  196.43
 295.07  186.11
 295.62   34.03
 295.64   23.66
 295.96   86.41
 296.00   28.59
 297.07  191.27
 297.33   18.49
 297.94  170.23
 298.24   67.59
 298.25  180.43
 298.58  178.67
 299.78  197.27
 300.11   27.84
 300.37  155.24
 300.55   86.93
 300.74   20.77
 301.06   77.85
 301.28  156.11
 301.40   82.38
 303.39  191.43
 303.39  186.98
 304.52  213.08
 304.71  169.34
 305.17   75.07
 306.61  179.08
 306.71  156.39
 307.16  107.15
 307.91  171.72
 307.93  185.65
 308.47  160.82
 311.42  188.84
 312.46  186.03
 314.23  156.69
 314.75  152.74
 316.76  130.63
 317.71  166.95
 322.95  169.62
 323.24  105.65
