   7.32   91.87
   7.62    8.01
   7.97   66.83
   8.00   48.62
   9.06   52.30
   9.12  135.91
   9.25   72.47
   9.53  163.07
   9.74  211.28
  10.03   69.12
  10.13  147.27
  10.19  158.03
  10.38  195.04
  10.62  151.63
  11.34   19.88
  11.37  132.46
  11.69  173.46
  11.93   71.64
  12.28   79.10
  12.69  135.44
  12.93  196.32
  13.04   49.70
  13.25  161.24
  14.41   59.61
  14.53  170.46
  14.87  102.92
  14.96  166.98
  15.02  199.05
  15.72  136.60
  15.94   89.70
  15.95   66.83
  16.45  194.85
  16.84   82.43
  17.79   49.79
  17.80  102.10
  17.93   77.30
  18.08   87.22
  18.72  155.79
  18.76  187.77
  18.82  200.95
  18.98  152.05
  18.99   62.16
  19.09  204.44
  20.03  134.95
  20.09  185.83
  20.34  142.94
  20.35  165.91
  20.62  140.34
  20.83   91.01
  21.60  172.84
  22.08  137.47
  22.10  186.55
  22.60  205.52
  22.77  165.77
  22.79  108.27
  22.79  179.56
  22.82   63.27
  23.03  199.74
  23.13   73.03
  23.29   35.09
  23.30  209.73
  23.80  213.68
  24.09   76.50
  24.16  152.14
  24.67   90.50
  24.84   50.83
  24.97  187.47
  25.10  158.56
  25.29  155.29
  25.43   70.67
  25.58  175.84
  26.42   32.84
  26.63  167.72
  26.89  183.64
  27.35   10.24
  27.46  200.44
  27.74   95.25
  28.08   68.93
  28.76   90.18
  29.02  171.32
  29.04   78.45
  29.44  179.43
  29.46  112.68
  29.70   32.96
  29.96   65.11
  30.25  204.10
  31.05  118.95
  31.65  107.43
  31.77  107.58
  31.79  188.52
  31.84  144.48
  31.90  137.42
  32.60   82.52
  32.87   88.42
  32.98  207.57
  33.41  162.55
  33.47   60.19
  33.59  115.76
  33.68  156.45
  34.57  176.64
  34.61   65.80
  34.78   69.70
  34.88  136.09
  34.89  178.20
  35.03   73.66
  35.04  193.26
  35.14  152.28
  35.44  208.66
  35.87  144.21
  36.69  156.75
  37.21  197.47
  37.21   88.45
  37.25  113.44
  37.35  119.94
  38.01  201.93
  38.39  136.88
  38.47  189.47
  38.56  152.96
  38.87   91.58
  39.51  208.05
  39.67   65.66
  39.67  163.54
  40.30  106.65
  40.91  117.30
  41.54  200.06
  41.56  212.99
  42.51   83.18
  42.91  156.43
  43.33  108.97
  43.38   35.52
  43.59  170.04
  44.04  132.92
  44.05   68.93
  44.22  126.10
  44.54  195.09
  44.55   50.90
  44.61  198.83
  44.78  209.87
  45.20  192.43
  45.51  153.75
  45.77  110.02
  45.78  125.37
  45.87  188.07
  45.89  158.62
  45.90   73.57
  46.48  205.58
  46.61  119.56
  46.62  166.45
  47.12  176.18
  47.97   88.54
  48.14  199.10
  48.70  184.13
  49.17  156.91
  49.33   82.31
  50.14  204.55
  50.71  171.12
  50.92  116.85
  51.69  196.46
  51.75  191.43
  51.93  122.71
  52.04  159.73
  52.69  134.42
  52.81   74.76
  52.87  132.56
  53.49  167.56
  53.69  152.05
  53.74  172.51
  53.87   34.07
  53.89   82.90
  54.03   89.89
  54.34  162.80
  54.39  193.06
  55.10  126.18
  55.60  189.72
  55.72  181.97
  55.89   89.78
  56.12  154.68
  56.34   10.55
  56.35  202.07
  56.63  110.61
  56.88  148.88
  57.66   31.41
  57.88  158.61
  58.04  168.14
  58.32  134.09
  58.39  123.28
  58.72  185.29
  59.06  166.59
  59.25  172.20
  59.77   68.98
  59.83   27.71
  60.09  151.94
  60.39  162.12
  60.47  192.94
  60.51   64.62
  60.58   17.37
  61.53  125.88
  61.59   72.75
  61.73  181.07
  62.51  195.53
  62.68  131.04
  62.86  146.35
  63.17   80.10
  63.36  154.54
  63.51  186.36
  63.80  200.06
  64.45  183.59
  65.15  174.89
  65.28   19.32
  65.30  148.03
  65.32   60.95
  65.38   56.35
  65.78   84.94
  65.99  168.73
  66.64  154.35
  66.67  178.58
  67.16  181.56
  67.17   73.73
  67.34  165.85
  67.90  172.12
  68.16   77.08
  68.23  193.72
  68.69   88.78
  69.18   82.04
  69.56   38.05
  69.76  152.39
  70.22  121.95
  70.33  107.46
  70.51  135.63
  70.74  100.41
  71.04  208.09
  71.11  188.20
  71.12  157.21
  71.35  170.46
  72.31   20.73
  72.39  138.36
  72.77   73.36
  73.12  196.59
  73.29  118.30
  73.46  181.89
  73.75  107.76
  73.78   44.65
  74.04   28.29
  74.17  178.37
  75.22  175.36
  75.38  101.04
  75.74  170.24
  75.74  183.93
  76.21  198.12
  76.60   62.75
  76.67  156.03
  76.82   27.68
  77.20  131.00
  77.74   69.71
  77.93  107.04
  78.07  173.61
  78.22   79.71
  78.39   99.95
  78.56  122.49
  78.78  157.10
  79.21  165.14
  79.32  194.45
  80.32  146.16
  80.55  124.57
  80.59  186.51
  80.95  169.06
  81.18  172.50
  82.16   61.57
  83.17  201.86
  83.45  135.07
  83.50  205.06
  83.53  161.92
  84.46   65.09
  85.66  158.71
  86.26  195.15
  86.42  191.79
  86.56  117.82
  86.95  182.04
  86.97  108.85
  87.75  156.05
  87.81  140.14
  87.87   88.75
  88.78   61.60
  88.99  198.24
  89.33  178.89
  89.65  202.31
  89.97  122.42
  90.19  157.56
  90.46  207.23
  90.56  113.70
  90.70   70.78
  90.84  192.18
  90.93   83.39
  92.62  184.02
  92.93  145.68
  93.14  102.90
  93.25  196.39
  93.36  128.53
  93.43  202.44
  93.76  117.97
  93.79  117.91
  94.83   62.27
  94.86  194.74
  95.54  207.52
  95.71  154.76
  96.28   58.27
  96.37  201.78
  96.45   15.88
  97.62  150.28
  98.24   61.68
  98.31  135.81
  98.43  162.43
  98.60   79.96
  98.62  182.23
  99.11  107.52
  99.19  144.84
  99.49  125.79
  99.71   76.22
 100.06  150.84
 100.60  186.50
 100.70  131.10
 100.75  186.65
 100.86  195.42
 101.04  114.80
 101.24  201.99
 101.41  141.11
 101.66  163.99
 102.63  123.86
 102.95  198.50
 104.22  146.25
 104.42   42.91
 104.78  159.50
 104.91  104.48
 104.96  130.00
 105.23  149.40
 106.03  187.10
 106.07  136.70
 106.46  115.02
 107.66  166.66
 107.71  127.80
 107.73  141.45
 107.96  157.81
 108.33  159.51
 108.59  102.17
 108.65  154.41
 108.65  118.36
 109.00  182.95
 109.38   75.56
 109.38  109.36
 109.51  174.57
 110.11  130.89
 110.19   28.18
 110.98  211.91
 111.31   17.28
 111.53  149.59
 111.76  114.97
 112.17  189.16
 112.25   74.63
 112.53  189.32
 112.78  142.65
 112.97  193.06
 113.00   69.47
 113.58  174.16
 113.63  136.46
 113.64  136.57
 113.80  177.92
 114.17  146.04
 114.67  152.26
 115.72   76.99
 115.82   98.62
 116.01  207.19
 116.02  191.64
 116.11  201.23
 116.21   70.34
 116.43  164.28
 116.95  125.63
 117.28  152.21
 118.52  118.66
 118.59   67.31
 118.87  157.92
 119.44   93.96
 119.44  203.10
 119.85   77.39
 119.95  175.22
 121.34   83.81
 121.45  151.07
 121.55  160.77
 121.68  181.03
 121.99  166.55
 122.49   74.69
 122.68   71.98
 123.26   19.87
 123.43  157.46
 124.18  183.02
 124.24  173.77
 124.25   35.10
 125.16   59.72
 125.41  199.34
 125.59  160.92
 125.73   30.75
 125.78   72.92
 125.97   21.96
 126.49   65.71
 127.04  189.57
 128.49  164.29
 129.38  147.49
 129.38   65.83
 129.77   14.23
 130.40   79.31
 130.54  120.55
 130.63  160.54
 130.95  151.49
 131.10  199.77
 131.32   52.04
 131.65  177.87
 132.19  114.45
 132.20   38.56
 132.28   53.75
 132.37  155.03
 132.45   29.79
 132.61   20.01
 132.62  121.76
 133.09  168.89
 134.10   33.97
 134.20   42.55
 134.85   17.02
 134.90  162.68
 134.94  183.46
 135.03   62.50
 135.16   51.14
 135.50  192.38
 135.51   71.80
 135.70  159.28
 137.36  168.20
 137.56   30.04
 137.64   41.85
 137.93  165.27
 139.01  176.03
 139.37  182.89
 139.39   58.11
 139.43   72.13
 139.74  139.38
 140.44  170.41
 140.60  161.85
 140.63   33.86
 140.93  175.24
 140.95   78.04
 140.97   29.89
 141.12   62.05
 141.70  157.10
 141.96  174.48
 142.18   55.91
 142.22  182.39
 142.50   72.27
 143.21  165.75
 143.50  150.26
 143.50   38.66
 143.52  138.88
 144.18   59.87
 144.27  169.04
 144.54  184.71
 144.79   89.46
 145.12   66.89
 145.44  192.15
 145.98  174.25
 146.28  179.69
 146.41   52.75
 147.06  139.22
 147.34  163.57
 147.58   63.62
 148.00  158.77
 148.27   55.18
 148.63  195.75
 149.23   23.61
 149.51   69.38
 150.13  179.90
 150.68   33.78
 151.28   60.68
 152.46  198.31
 152.79  173.96
 152.87   59.91
 153.09   66.18
 153.79  180.80
 153.89  180.28
 154.02  193.42
 154.09   28.62
 154.39  148.41
 154.60  165.62
 154.85   54.37
 154.89   69.04
 155.01   59.03
 155.04   40.12
 155.37   72.00
 156.22  143.74
 156.68   47.38
 157.51   28.65
 157.75  162.20
 157.76   61.80
 157.78  166.22
 158.34   34.71
 158.36   13.54
 158.37   65.85
 159.23  138.55
 160.19   31.42
 160.24  146.79
 161.05   49.01
 161.37  168.37
 161.46   59.71
 161.55  186.82
 161.97  183.65
 162.12  159.34
 162.14  149.32
 162.30  198.95
 162.61   81.43
 162.68  135.80
 162.72  131.22
 162.84   20.85
 163.54   28.99
 163.60   36.41
 163.76  170.75
 163.82  152.20
 164.32  177.97
 165.03  187.36
 165.26  176.25
 165.38   81.19
 166.09  167.31
 166.15   30.62
 166.57   73.53
 166.66   59.81
 166.79   56.91
 167.09   11.76
 167.10  189.72
 167.19   76.73
 167.46  149.28
 167.82  153.65
 168.82   25.12
 169.08   38.82
 169.58   72.02
 169.92  125.85
 170.34   65.55
 171.65   68.60
 172.09   61.46
 173.04  148.85
 173.40  158.44
 173.47   21.63
 174.24   61.75
 174.34  143.20
 174.74  151.57
 174.75   24.07
 174.85   53.71
 175.41   71.90
 175.78   52.44
 176.00   31.39
 176.05   65.58
 176.56   79.41
 177.23   21.86
 177.43  201.38
 177.55   40.14
 177.77  155.73
 177.97   35.73
 178.26  197.44
 178.40  159.32
 178.40   85.67
 178.58  180.57
 178.68   17.79
 178.72   64.22
 179.09  196.83
 179.93   41.31
 180.04   12.79
 180.38  157.95
 180.71   76.40
 181.13  148.59
 181.19   61.89
 181.60   37.08
 182.50   80.18
 182.50   54.44
 183.13   27.31
 183.16   80.49
 183.59   68.28
 183.66  167.40
 184.29  162.14
 184.96   31.75
 185.14  191.56
 185.35  158.59
 185.60   54.47
 186.09  155.30
 186.39  146.18
 186.86   75.16
 187.54   34.00
 188.05  150.41
 188.05   61.32
 188.57   55.00
 188.70  205.24
 189.38   70.93
 189.63  201.91
 190.45  190.29
 190.52   19.88
 191.09   73.79
 191.13  142.62
 191.26  153.33
 191.31  156.45
 191.90   50.75
 192.25   84.90
 192.26   54.83
 192.37   60.31
 192.38   69.04
 193.26   13.76
 193.48   18.79
 193.48   26.51
 194.41  153.51
 194.59  147.75
 195.10  149.26
 195.26   33.86
 195.66   54.50
 195.78  143.14
 196.06   14.12
 196.32  136.29
 197.08   74.10
 197.74   24.16
 198.34   82.24
 198.78   69.10
 198.81  146.41
 198.89   48.00
 199.34  159.37
 200.01   20.50
 200.42   23.88
 200.42   55.35
 200.54   62.19
 200.57   41.47
 201.26   34.37
 201.67  142.66
 202.56  200.70
 203.08  131.44
 203.34   78.06
 203.35   74.05
 203.46   51.22
 203.88   38.90
 204.56  138.95
 204.58   31.84
 204.60   45.74
 204.87  147.04
 205.26   63.96
 205.41  143.89
 205.43  150.30
 205.97   71.91
 206.06  135.56
 207.10   46.75
 207.49  152.68
 207.94   81.09
 208.39   57.85
 208.99  150.51
 209.17  166.98
 209.23   40.83
 209.40  140.65
 209.55  159.43
 209.56   47.43
 209.91   75.85
 210.81  134.90
 211.03   37.77
 211.08   49.60
 211.18  154.55
 212.65  111.08
 213.08   55.68
 213.33   63.88
 213.46  129.59
 213.86   38.42
 213.97  139.65
 214.44  151.84
 214.96  118.59
 215.23   72.50
 215.44   75.28
 216.22  126.11
 216.92  133.33
 217.07  150.65
 217.50   48.08
 217.55  178.62
 217.56   80.70
 217.68   85.26
 217.71  175.46
 218.34  206.47
 219.02   58.25
 219.13   56.41
 219.61  137.94
 219.71   75.06
 219.74  181.30
 220.34  152.88
 221.71   81.30
 221.82   78.11
 221.90   53.10
 222.28  109.23
 222.70   85.16
 223.76   45.60
 223.82   20.82
 223.96  130.23
 224.20   78.71
 224.31  168.10
 224.40  195.63
 224.65  163.92
 225.08   36.41
 225.26  117.17
 225.37   14.29
 225.76   17.72
 225.92  111.74
 226.08  200.10
 226.78   50.21
 227.54  188.06
 227.60  139.82
 227.97  184.29
 228.07   24.02
 228.31   25.77
 228.46  138.04
 228.69  195.63
 228.73   33.20
 228.97  113.43
 229.00  128.56
 229.33  107.20
 230.91   83.92
 230.97  133.55
 231.02  110.30
 231.28   36.59
 231.32   43.80
 231.37   88.93
 231.73   24.98
 232.00  115.75
 232.14  141.79
 232.17  148.10
 232.81  130.67
 233.57  119.58
 233.72   85.52
 233.78   28.09
 233.81  139.23
 234.07   49.40
 234.54   37.81
 235.12   22.73
 235.89  126.73
 236.17   11.90
 236.68  204.00
 236.94   89.39
 237.02  185.17
 237.13  103.86
 237.79   27.73
 238.00   35.84
 238.10  135.66
 238.25  109.42
 238.98   24.61
 239.18  207.85
 239.59  139.73
 239.69  144.72
 240.25   20.45
 240.60   85.89
 241.28  185.21
 241.86   13.12
 241.91   34.08
 242.21  150.14
 243.62   20.59
 243.81  203.40
 244.30   96.67
 244.34   43.20
 244.65  147.45
 244.92   18.58
 245.23  150.67
 245.52   38.39
 245.56   48.48
 246.28  142.87
 246.35  138.58
 247.05  139.89
 247.43  145.81
 247.71   33.58
 247.89   20.26
 248.97   47.43
 249.56   82.14
 250.39   40.80
 250.60  151.87
 251.72   44.68
 255.03   14.32
 255.34   21.83
 255.94  187.21
 257.35    7.20
 257.62   48.24
 257.68   36.06
 257.88   18.11
 258.78   29.01
 258.82   41.50
 259.36   51.56
 259.78   12.47
 260.37   45.67
 261.95   53.62
 263.97   27.97
 264.05   50.95
 264.38   35.16
 264.52   37.86
 265.46   46.76
 266.95   47.51
 267.22   52.65
 269.72  148.28
 269.78   27.03
 270.28   52.83
 270.94  143.01
 271.52   48.98
 272.50   38.30
 273.06  138.79
 273.39  139.25
 274.26   41.40
 274.67   50.95
 275.06   17.74
 275.51   36.11
 276.22   10.57
 277.23   47.83
 278.58   44.52
 279.89   48.11
 280.70  144.63
 280.89   37.90
 282.53  186.67
 282.98   44.76
 283.19  140.54
 283.59   41.14
 286.18  135.88
 287.32  141.56
 289.51  184.97
 291.06  142.50
 291.49  182.40
 291.56   82.63
 293.72  139.61
 294.33   82.40
 298.48  130.65
 300.17  169.20
 300.47  173.20
 300.50  140.54
 300.69   82.98
 302.73  135.02
 304.52  104.21
 304.64   90.42
 305.24   72.93
 306.96   78.78
 308.74   92.07
 308.85  102.04
 309.30   87.28
 309.59   97.65
 310.24  104.97
 310.30  141.28
 311.66   72.89
 312.62  114.38
 312.92   90.96
 313.31   77.97
 313.38  119.10
 313.52  159.73
 313.99  103.42
 314.59   86.66
 317.47   80.22
 317.82  113.54
 318.18   99.23
 318.87   86.22
 320.01   92.68
 320.99  142.77
 321.08   79.50
 321.79  115.18
