   6.97  188.80
   7.60   90.43
   7.71  171.46
   8.22   50.80
   8.42   29.70
   8.77   18.01
   9.59   67.05
   9.65  211.39
   9.76  182.26
  10.27  105.74
  11.16   70.31
  11.49  196.25
  11.89  191.89
  12.13  145.14
  12.77   29.97
  14.36   37.70
  14.44  201.61
  14.60   57.59
  14.69   53.53
  14.85  211.84
  15.09  154.73
  15.83   68.88
  16.77  142.05
  16.87  204.02
  17.15   72.62
  17.91  209.07
  18.18  139.27
  19.67  189.87
  19.83   38.95
  20.42   36.50
  20.47   76.39
  20.63  173.60
  20.66  173.05
  20.73   72.43
  20.74  182.51
  21.10  202.87
  22.00  150.23
  23.14  139.21
  23.53  131.00
  24.00  193.58
  24.82  149.12
  24.91  182.69
  24.94  150.93
  25.17  141.34
  25.60  159.16
  25.62   36.51
  26.09  209.29
  26.36  185.75
  26.59  146.39
  26.94   23.20
  27.30   42.35
  28.05   49.41
  28.11  197.62
  28.23   80.60
  28.67  178.11
  28.97  139.95
  29.57  164.88
  30.13  133.51
  30.48  172.53
  30.53  170.83
  30.75  198.26
  30.80   66.07
  31.51  161.87
  31.63  187.82
  31.68  138.84
  31.75  102.56
  31.97  185.17
  32.36  133.53
  32.77   76.29
  32.98  130.69
  33.18  192.42
  33.81  197.52
  34.61   58.68
  35.60  146.88
  35.71  204.43
  35.74  157.34
  35.95  174.92
  35.97  188.60
  36.50  199.93
  36.84  130.59
  36.90   98.41
  37.63  139.63
  37.70   87.24
  37.77   82.26
  38.54  150.87
  38.64   71.49
  38.64  186.05
  38.85  169.98
  39.58  124.16
  39.83  172.87
  40.25  133.24
  40.34  130.12
  40.41  192.60
  40.94   97.02
  41.01   35.53
  41.25  200.22
  42.44  148.69
  42.81  132.88
  43.00  144.19
  43.48  128.20
  43.77  202.85
  44.66  167.94
  44.76   99.06
  45.61  189.51
  45.92   43.51
  46.05  108.46
  46.12  166.89
  46.87  119.29
  46.96  102.50
  47.14  169.76
  47.30  192.32
  47.33  139.56
  47.94  184.33
  48.21  180.95
  49.05  198.05
  49.22   68.57
  49.34  143.34
  49.35  212.38
  49.83  110.10
  50.26  179.58
  50.29  201.78
  50.54  175.26
  50.68  150.08
  51.05  147.20
  51.42  185.97
  51.47  138.29
  52.77  167.41
  53.09  106.34
  53.21  116.21
  53.50  102.28
  53.59  129.65
  54.42  109.78
  54.56  149.75
  54.65  153.04
  55.70  162.35
  56.23  193.95
  56.34  129.48
  56.40  139.86
  57.28  175.42
  57.66   86.52
  58.03  209.18
  58.07  136.12
  58.56   60.34
  58.76  125.98
  58.85  188.47
  59.06  204.89
  59.29   33.30
  59.60  103.81
  59.68   54.78
  59.82  124.97
  60.37  152.05
  60.70  138.41
  61.64  199.61
  63.55  168.04
  64.22   92.84
  64.44  178.51
  64.96  184.76
  66.72  172.28
  66.85   81.53
  67.13  139.19
  67.33  107.96
  67.43  101.12
  67.51  161.72
  67.89   96.49
  68.92  192.33
  69.60  195.92
  70.81   85.52
  71.03  100.64
  71.36  161.40
  71.43  201.20
  71.44  121.01
  71.50  140.78
  71.66  115.32
  71.71  165.74
  72.07  109.51
  72.67  181.26
  73.10  210.70
  73.10  185.56
  73.26  118.91
  73.26  203.84
  73.68  138.18
  74.26  103.47
  74.98  131.02
  75.03  115.30
  77.27  187.90
  77.82  155.51
  78.15  161.57
  78.83  132.21
  78.97  158.54
  79.09   80.53
  79.21  191.08
  79.26  115.16
  79.39   98.22
  79.91  141.22
  81.04  185.31
  81.08  162.09
  81.57  180.81
  82.21  201.92
  82.32  128.21
  82.43  196.72
  83.59  111.81
  83.75  138.10
  83.88  177.93
  84.24  180.74
  84.58  208.55
  84.71  186.73
  84.73  114.61
  85.15  142.37
  86.32  166.29
  86.51  194.82
  86.61  132.07
  86.73  183.58
  86.86  189.41
  87.27  115.13
  87.28  179.91
  88.41  109.36
  89.23  192.22
  89.59  150.00
  89.75  153.74
  89.98   88.65
  90.19  204.25
  90.23  185.88
  90.43  139.11
  91.10  125.67
  91.80  176.92
  92.30   82.41
  92.40  171.84
  93.33   88.55
  93.45  203.42
  93.75  193.97
  93.95  189.13
  93.95  171.56
  95.15  168.68
  95.41  184.02
  95.96  109.73
  96.03  144.16
  96.14  138.30
  96.55  206.91
  97.70  196.72
  98.36  211.19
  98.43  178.99
  99.25  174.73
 100.91  207.06
 102.96  182.33
 103.29  155.44
 103.34  180.63
 104.19  195.12
 105.03  131.39
 106.99  129.03
 107.47  170.66
 108.10  109.81
 108.12  192.01
 108.30   66.87
 108.39  182.02
 109.01  142.95
 109.57  131.65
 109.58  207.73
 110.13  184.89
 110.31  168.17
 110.75  138.59
 111.77  115.85
 111.86  173.81
 112.27   62.71
 112.41  199.95
 113.20  169.71
 113.24  182.60
 113.49  191.17
 113.69  137.12
 113.80  147.78
 114.23  118.21
 114.31  191.29
 115.16  132.48
 115.47  171.39
 116.05  157.54
 116.19  162.68
 116.24  124.03
 116.52  185.12
 117.38  137.70
 117.55  203.59
 117.89  199.53
 118.62  143.84
 118.68  207.29
 118.80  177.77
 119.09   90.68
 119.26  154.13
 119.33  196.10
 119.58  184.29
 121.17  111.22
 121.75  163.05
 122.22  147.99
 123.51  151.80
 123.68  202.03
 123.75  203.57
 124.38  150.04
 125.56  161.66
 125.73  137.40
 125.76  181.06
 126.75   65.33
 126.99  113.84
 127.37  211.20
 127.58  205.56
 127.98  146.44
 128.02  126.23
 128.40  118.03
 128.46  182.62
 128.53   98.68
 128.69   61.49
 128.76  189.34
 129.94   81.24
 130.12  157.78
 130.44  139.74
 130.63  116.09
 130.68  203.84
 132.29  188.38
 133.21  173.27
 133.23  124.62
 133.34  119.00
 133.39  211.39
 133.57  206.85
 134.03   84.75
 134.30  151.64
 134.52   61.38
 134.59   61.34
 134.70  182.09
 135.11  136.84
 135.98   37.19
 137.05  139.61
 137.36   97.74
 137.40   87.35
 137.50   80.05
 137.67  148.48
 138.55  182.06
 138.59  137.09
 138.60   74.06
 138.65  199.18
 139.94   85.55
 140.15  161.02
 140.19   78.64
 140.73  167.86
 141.32  122.79
 141.34   80.43
 141.41  182.44
 141.66  147.09
 141.83  105.81
 141.90  179.66
 141.94  186.30
 142.00  128.83
 142.51   61.80
 142.70   72.08
 142.77   91.59
 143.29  115.12
 143.60  137.38
 144.71  181.64
 144.74  156.83
 144.97  192.68
 145.26  168.06
 145.34   96.66
 145.46  200.52
 145.68  196.91
 145.75  145.87
 146.20   33.61
 146.77  203.24
 148.22   71.25
 148.38  113.85
 148.42   65.42
 148.54  119.84
 149.09  160.99
 149.13  166.72
 150.12  195.05
 151.12   80.41
 151.55  114.40
 151.75  208.89
 152.05  194.08
 152.64   37.28
 153.79  181.21
 153.87  104.09
 154.48  148.23
 155.01   44.97
 155.05   92.94
 155.14  176.99
 155.52  164.24
 155.54  185.09
 155.66  202.55
 155.94   56.75
 156.13  139.42
 156.48   47.88
 156.50  173.24
 156.70  157.55
 158.07  136.82
 158.46   96.82
 158.80   72.33
 159.18  206.40
 159.44  162.07
 159.80  150.21
 160.11  179.53
 160.31  142.29
 160.52  202.18
 160.70  191.49
 160.75  105.37
 160.97   99.54
 160.97   92.91
 161.43  112.47
 162.20   56.31
 162.26  179.77
 162.36  136.75
 163.13  164.44
 163.78  196.53
 163.96   83.29
 164.10   90.50
 164.17  175.79
 164.44  155.27
 164.65  112.87
 165.67  192.99
 167.66  178.91
 167.68  107.82
 167.83  103.40
 168.12  155.40
 168.51  112.21
 169.08  142.03
 169.38  185.47
 169.63  136.23
 172.07  198.67
 172.08  128.87
 172.60  183.26
 172.62  209.59
 173.02  152.27
 173.05  125.01
 173.35  121.92
 174.35  135.54
 174.66  182.07
 174.87  166.36
 174.96  140.73
 175.28  149.60
 175.41  170.20
 175.83  205.60
 176.01  174.37
 176.18  162.54
 176.90  188.28
 177.08  111.50
 177.11  132.53
 177.77  117.46
 179.01  181.35
 179.79  187.61
 180.08  135.40
 180.17   63.16
 180.33  131.83
 180.86  192.80
 181.88  181.90
 183.28  132.74
 183.72  144.58
 184.55  180.54
 185.23  201.31
 185.86  138.29
 187.05   95.41
 188.20   55.80
 188.36  121.16
 188.60  130.59
 189.27  163.55
 190.21  192.40
 190.24  190.44
 191.97  145.36
 192.16  176.45
 192.33  155.09
 192.34  136.36
 193.51  199.91
 195.10   55.23
 195.35  158.11
 195.41  191.79
 196.01  188.48
 196.17  125.51
 197.80  192.48
 199.47  123.93
 199.83  163.07
 200.29  210.21
 200.38  182.96
 201.50  198.57
 201.52   78.00
 202.20  186.21
 202.22  193.74
 202.52  138.45
 202.83   92.54
 203.94  130.03
 204.52  160.57
 205.29  196.85
 205.48  105.56
 205.72  170.32
 207.10  126.21
 207.44  101.70
 207.50  144.33
 207.55   87.48
 208.15   93.61
 208.24  100.71
 208.30  150.33
 208.70  107.69
 208.87  156.71
 209.27  140.64
 209.38  113.28
 209.49  197.40
 209.65  162.32
 210.04  159.42
 210.96  176.59
 211.77  201.56
 212.44  116.92
 213.23  203.06
 213.86  123.80
 213.90  173.18
 214.36  130.80
 214.50  134.02
 214.77  183.36
 215.15  206.32
 215.17  190.54
 216.49   98.27
 217.28  203.71
 217.32  171.87
 217.48  213.46
 217.82  165.10
 218.36  140.18
 218.62   83.81
 218.79  113.46
 219.03  175.99
 219.64  133.98
 219.67  181.53
 221.03  171.63
 222.49  116.54
 222.84  200.72
 223.32  204.27
 223.33   93.09
 223.33   87.26
 223.48  178.22
 223.65  159.97
 223.71  149.63
 223.71  106.94
 223.80  103.26
 223.86   99.50
 224.46  140.57
 224.57  182.73
 224.97  195.83
 225.05  128.00
 225.55  206.43
 225.58  187.95
 226.42  133.69
 226.73  139.69
 227.02  146.63
 227.04  164.68
 227.14  169.63
 227.99   95.94
 228.33  128.23
 228.51  184.40
 229.93  188.70
 230.11  207.01
 231.62  136.11
 231.80  198.96
 233.04  171.01
 233.68  125.65
 233.93  163.03
 233.95   77.59
 233.98  182.38
 234.08  202.38
 234.38  177.70
 235.25  160.53
 235.27  167.10
 235.45  117.30
 235.82  117.35
 235.86  199.09
 236.11  156.03
 236.19  107.92
 237.66  110.04
 237.80   86.12
 237.89  105.37
 238.23  145.23
 238.63  149.32
 239.15  163.55
 239.22  176.09
 239.33  112.05
 239.35  168.26
 239.86  184.43
 240.31  182.52
 240.54  157.55
 240.58  107.71
 240.70  160.52
 240.88  124.39
 241.67  116.27
 241.80  201.57
 242.10  130.71
 242.15   68.53
 242.17  205.54
 242.62   73.81
 242.90  170.06
 243.25  189.92
 243.79  127.14
 243.81  104.36
 244.01  196.49
 244.29  152.83
 244.61  166.78
 244.76  185.05
 245.36  192.51
 245.42  179.90
 245.80   81.15
 245.84   71.16
 245.97  122.25
 247.41  128.95
 247.48  165.22
 247.61  102.22
 247.88  150.59
 248.12  211.35
 248.60  119.61
 248.61  196.48
 249.02  181.76
 249.69  109.53
 249.77  105.89
 251.29  185.30
 251.48  212.06
 251.64  168.28
 251.72  136.11
 251.73  143.61
 252.11  140.11
 253.48  103.39
 254.10  160.11
 254.49  178.00
 255.46  174.56
 256.01  185.82
 256.92  117.95
 257.05  209.28
 258.03  107.65
 258.71  193.38
 259.16  163.06
 259.45  190.58
 259.53  167.87
 261.10  112.56
 261.44  213.07
 261.57  134.06
 261.92  187.28
 262.10  175.48
 262.27  198.96
 262.48  179.53
 262.69  151.23
 263.35  157.03
 264.28  209.99
 264.49  106.64
 265.08  103.35
 265.32  168.17
 265.38  174.89
 265.66  143.16
 267.49  179.90
 267.82  159.93
 268.18   57.82
 268.45  173.19
 268.80  140.93
 268.83  158.52
 269.12  103.54
 269.16  169.99
 269.50  200.73
 269.79  150.90
 269.96  156.49
 270.17  167.33
 270.98  106.58
 271.61  163.96
 271.77  139.57
 272.33  192.34
 273.25  122.42
 273.31  134.20
 274.08   75.29
 274.61  171.11
 275.30  204.48
 276.36  179.62
 277.32  196.72
 277.79   97.30
 278.01  156.83
 278.06  140.52
 278.22  169.50
 278.58  149.52
 279.46  112.79
 279.51  172.50
 279.79  116.83
 280.40  188.96
 280.54  120.24
 280.70  109.67
 283.03  106.72
 283.26   84.71
 283.58  200.50
 283.88   74.99
 283.93  150.13
 284.44  162.34
 284.51  152.86
 285.98  174.64
 286.27  149.64
 286.34  203.40
 287.09  118.95
 287.76  149.88
 288.23   85.92
 288.24  185.11
 288.41  109.08
 288.50  192.37
 289.24   96.99
 289.28  163.78
 289.52   91.70
 289.70  136.48
 290.10  213.66
 290.38  100.40
 292.32   58.24
 292.43  106.31
 292.53  198.81
 293.43  194.38
 294.30  203.50
 294.32   90.20
 294.99   86.01
 295.54  139.81
 295.84  179.89
 295.94  101.87
 296.02  198.16
 296.51  170.38
 296.58  189.07
 296.62   94.41
 296.90  164.56
 296.95   57.95
 297.71  176.90
 298.36  122.16
 298.42  109.38
 298.74  188.32
 299.07  104.49
 299.25   92.03
 299.36  169.35
 299.83  138.21
 300.16  116.17
 300.53  205.53
 301.51   98.66
 301.97  209.52
 302.07   92.70
 302.24   58.00
 303.04  125.97
 303.15  184.02
 303.24   85.36
 303.27  161.33
 304.27   92.78
 305.01  204.40
 305.05  116.63
 305.36  152.37
 305.45  188.60
 305.73  109.79
 305.83  113.88
 306.01   69.85
 306.79   85.45
 307.25   58.19
 307.27  156.90
 307.73  185.73
 308.13   88.65
 308.66  105.93
 308.99  134.57
 309.00  190.66
 309.34  163.57
 309.44  112.51
 309.59  153.79
 310.14  117.93
 311.66  169.11
 311.81  206.53
 312.00  193.85
 312.00  203.46
 312.06   62.93
 312.14  155.72
 312.25  130.93
 312.29  177.59
 312.41  133.45
 312.62   45.63
 313.13  160.49
 313.33  199.77
 314.27  173.90
 315.08  163.28
 315.21  210.05
 315.31  127.13
 316.94  176.93
 317.54  199.82
 318.10  144.14
 318.74  160.13
 319.38  211.78
 319.59   57.12
 319.69  105.63
 320.34  206.34
 320.39  182.02
 321.20   60.01
 322.27  168.24
 322.45  208.35
 322.46  163.35
