   8.20  128.40
   8.41  159.71
   8.43  111.06
   8.68  198.23
   8.91  201.70
  10.37  101.19
  11.33  213.19
  11.70  203.73
  11.80  168.10
  12.24  116.67
  12.25   98.34
  12.40  192.83
  12.45  111.09
  13.89   85.18
  14.07   94.71
  14.93   74.30
  15.63  135.32
  15.96   69.49
  16.01   79.00
  16.08  204.27
  16.22   82.16
  17.08  177.45
  17.72  140.57
  17.82  194.03
  18.60  204.65
  18.66   73.41
  19.81   67.21
  20.14   94.88
  20.34  109.10
  20.97   87.22
  20.99  176.10
  21.14  120.80
  21.26  127.01
  22.62  134.08
  22.64  172.70
  24.66  202.04
  24.90   63.65
  25.22   88.46
  25.34  156.95
  25.40   84.32
  26.04  197.70
  28.18   61.75
  28.64   56.56
  28.72  132.98
  28.82   65.94
  30.64   62.92
  30.89   96.07
  31.71   69.87
  31.74   92.85
  32.53  110.56
  32.74   63.57
  33.21  140.99
  33.47  136.34
  34.01   71.98
  34.48   55.95
  35.22  105.56
  35.44   99.31
  35.48  121.30
  36.58   15.04
  37.00  136.30
  37.08  108.58
  37.13   70.20
  37.25   92.04
  37.26  206.08
  37.73   59.72
  37.96   99.84
  38.42  128.69
  38.44  141.76
  38.66   46.83
  38.74  119.89
  38.90   63.33
  39.07   95.22
  39.34  202.35
  39.41   55.76
  39.50  198.75
  40.18   74.55
  40.30  106.29
  40.61  172.94
  41.95  118.25
  42.15   45.33
  42.66  125.48
  42.78   10.48
  43.35   53.81
  43.73  104.97
  44.36  134.08
  44.98   76.85
  45.04   47.16
  45.49  109.49
  46.22   57.55
  46.28   57.19
  46.36   55.58
  46.39   55.89
  46.64   73.27
  46.81   18.57
  47.51   45.13
  47.51  178.48
  47.54   96.05
  48.05  139.45
  48.21   88.80
  48.22  115.67
  48.31   99.27
  48.43  136.99
  48.61    7.08
  48.63   33.09
  48.80   85.65
  48.83  128.90
  49.37  198.44
  49.41   10.74
  49.47   60.03
  49.56   59.22
  49.66   61.91
  50.14   79.63
  50.45   94.58
  50.49   18.77
  50.65   52.43
  50.93   48.50
  51.23  124.47
  51.78   97.35
  51.96   74.13
  52.77  140.27
  53.36   20.68
  53.42   29.30
  53.84   10.86
  54.11  119.60
  54.23   82.85
  54.60  101.77
  54.67   17.98
  54.74   48.88
  54.95   57.75
  55.04   91.19
  55.08   39.39
  55.97   22.52
  56.01   76.39
  56.37   81.22
  56.42  174.02
  56.48  109.17
  56.62   14.56
  56.75   45.95
  56.79  129.42
  56.84   49.08
  56.85  201.44
  57.52  113.51
  57.57  102.91
  57.92  177.22
  58.08  159.95
  58.41  151.17
  58.76   18.20
  59.03  100.24
  59.06   35.82
  59.19   39.32
  59.41  165.08
  59.68    9.91
  59.71  145.95
  59.92   93.18
  59.95  157.62
  59.96   23.22
  60.56   28.47
  60.99   22.66
  61.15   99.80
  62.19  144.55
  62.25  127.38
  62.61   45.52
  62.93   40.40
  63.06   22.57
  63.13  163.15
  63.31   91.54
  63.50  196.11
  64.02   84.93
  64.57  138.19
  64.62   52.39
  64.97   48.47
  65.09   17.27
  65.38  166.53
  67.04  197.29
  68.16  162.52
  68.51  150.03
  68.97  135.74
  69.38  200.28
  69.42   16.35
  69.56  203.83
  70.21   90.74
  70.39   85.08
  70.75   50.06
  70.92  154.12
  71.62  132.82
  72.11  139.43
  72.20  198.93
  73.83  149.77
  74.35  203.70
  74.87   85.98
  75.46   14.95
  75.54  147.29
  75.81   33.76
  76.78  200.58
  77.28   19.44
  78.53   13.06
  78.82   83.87
  78.96  129.74
  79.13  139.64
  79.17  135.05
  79.63  119.02
  80.06  208.08
  80.42  151.39
  80.56  145.17
  80.91   11.43
  81.80  212.90
  82.34  137.23
  82.81  146.92
  84.23  140.57
  85.78  113.71
  86.41  145.40
  89.25  183.08
  89.64  153.77
  89.88  149.68
  89.89  202.54
  90.09   77.95
  90.77  162.84
  90.92  197.77
  92.51  113.82
  92.74   72.98
  93.19   76.53
  93.57  150.35
  94.21  194.72
  95.82  157.59
  95.88   69.02
  96.31   83.56
  97.76   74.47
  98.24    9.37
  98.32   96.90
  98.66   91.46
  98.93  160.23
  98.97  150.73
  99.12  146.30
  99.27  206.29
 100.02  167.97
 100.80  156.27
 100.81  156.27
 100.90   66.66
 100.95   19.56
 101.25   69.35
 103.38   87.99
 103.43  146.64
 103.45   91.74
 104.14   14.62
 104.27  208.57
 104.38   22.15
 104.86   70.73
 105.17  203.68
 105.17   26.41
 105.98  194.02
 106.17   10.52
 106.71  196.64
 106.75  146.71
 106.84  146.25
 106.93    9.47
 106.97   28.79
 107.14   32.71
 107.58   24.56
 107.86   17.18
 107.88   69.00
 108.99  206.02
 109.84   28.58
 109.99  172.02
 110.15   27.85
 110.49   63.49
 111.92  199.51
 112.88  212.53
 113.09  196.19
 113.11   12.36
 113.33   28.88
 113.48   60.61
 113.63  202.90
 114.69  155.54
 114.74   19.00
 115.02    9.76
 116.25  113.15
 116.40   64.78
 117.42  200.63
 117.70   24.43
 118.61  193.92
 119.65  138.13
 119.86  175.71
 119.93   63.29
 120.53   11.99
 120.88   23.27
 120.95  207.59
 121.06  181.66
 121.30   26.85
 123.05   13.84
 123.18  113.42
 123.68   61.41
 124.11  114.03
 124.22   21.24
 124.42  200.01
 126.86  164.24
 127.11   59.66
 128.49  202.87
 128.76  117.77
 128.83  133.74
 129.61    8.14
 130.63  164.33
 130.84   57.82
 131.31   29.10
 131.78   36.51
 131.78  114.06
 132.51  113.20
 132.68   53.86
 133.73    8.93
 135.23   55.65
 136.18   34.95
 136.20   12.84
 136.42  138.62
 136.52  175.57
 139.20   53.97
 139.21  146.74
 139.57   18.65
 139.67   47.61
 141.57   26.65
 141.95   45.60
 142.50  128.23
 142.74  199.62
 142.80   64.20
 143.29   69.40
 143.43   79.81
 143.46   48.49
 143.75   20.71
 144.34  101.97
 145.58  205.15
 145.79   44.28
 147.02  212.87
 147.35  209.23
 147.41   56.96
 147.56  138.71
 148.05   37.63
 148.12  206.29
 148.44  203.14
 148.86   29.95
 149.16  204.43
 149.44   19.26
 149.54   65.45
 149.79  175.67
 150.04   24.37
 150.07  134.86
 150.19  112.14
 150.35  139.29
 151.14  155.83
 151.44   35.01
 152.21   15.81
 152.41   76.07
 152.65  207.82
 153.90  210.57
 154.39   22.61
 154.56   51.09
 154.85   69.53
 154.98   79.53
 155.15   36.41
 155.27   44.21
 156.18   17.36
 156.82   64.20
 156.95  198.03
 157.08  210.61
 157.68   14.35
 157.70   67.12
 157.70   82.17
 160.71   39.99
 161.68   24.76
 162.16  123.98
 162.79  209.81
 163.26   28.19
 165.34   10.61
 166.47   79.69
 167.55   53.07
 168.43   36.52
 168.92   24.68
 169.52   49.66
 170.22   69.55
 171.20   35.30
 171.47   76.71
 171.61   80.45
 172.70   26.84
 173.36   30.82
 173.56  211.21
 174.31  153.98
 174.76  111.73
 174.77   55.96
 175.30  204.87
 175.40  138.92
 175.57  200.37
 179.68   48.43
 180.08   18.50
 180.10  202.57
 180.33   42.52
 180.35   29.75
 180.94   14.56
 181.46  180.38
 182.41   39.19
 183.15  113.38
 183.25  136.88
 183.71   55.03
 184.65   13.60
 184.90   48.44
 185.49   19.13
 185.87   59.05
 185.92   28.54
 185.96   61.98
 186.21   50.82
 186.57  144.12
 187.04   41.95
 187.79   18.67
 188.88  205.70
 189.05  211.52
 189.23   54.85
 189.92  202.30
 190.27   49.28
 191.77   57.83
 192.06   29.44
 192.68  169.12
 193.14   22.75
 194.43    8.47
 194.50   34.60
 194.51  197.08
 195.95   63.46
 195.99   29.78
 196.16   55.90
 196.49   46.02
 196.56  125.58
 196.69   60.83
 196.88   47.44
 197.35  212.58
 197.64  195.51
 198.39   10.29
 198.41  203.32
 198.68   41.10
 199.09   43.83
 199.70  112.72
 199.70  138.34
 199.92   29.73
 200.54   37.97
 200.62   22.25
 201.00  193.15
 201.78  201.02
 202.05  135.83
 202.37   60.08
 202.99   27.16
 203.68  115.92
 203.71  201.50
 203.78  197.79
 204.79   44.06
 205.01   30.04
 205.21   52.59
 205.73   48.44
 205.92  208.99
 205.99   25.73
 206.28  213.38
 208.00   95.63
 208.10   50.03
 208.21   89.67
 208.88   34.38
 209.35   19.31
 209.68   58.77
 209.76   82.01
 209.84   66.40
 210.18  203.48
 210.51   54.28
 211.81   95.79
 212.94   25.82
 213.19   57.49
 213.50  123.64
 215.22  205.25
 215.47  211.14
 216.00   70.87
 217.40   29.06
 218.45   70.80
 219.10   77.64
 219.13   24.17
 220.08  196.91
 221.68   68.51
 222.30    8.59
 222.72   76.61
 223.45   72.96
 224.79   21.83
 225.29   15.00
 225.38   29.89
 226.91  203.29
 228.25  205.49
 229.18   16.44
 229.67  200.49
 230.78  209.28
 231.83   86.01
 232.53   54.57
 233.10   50.82
 233.33   21.63
 233.99   42.53
 235.31   49.90
 235.39  213.31
 235.70   14.89
 238.41   76.81
 239.39   22.64
 239.68  186.80
 240.55  191.70
 240.72   23.28
 241.19   22.38
 241.49  208.97
 241.61   20.62
 241.84   64.39
 242.13  196.30
 242.78  201.76
 242.89  201.76
 243.50   17.65
 244.04  211.80
 244.33   67.83
 244.88   72.34
 246.95   61.22
 247.53   97.14
 247.78  130.43
 247.78  126.96
 248.41   66.80
 248.53  133.57
 249.59   22.56
 249.59  106.17
 249.70   74.36
 250.24   66.34
 250.44   25.78
 250.65  102.86
 250.97  139.66
 251.11  116.65
 251.24   16.85
 252.09   31.32
 253.41  110.29
 253.44  126.10
 254.73  187.05
 254.81   16.01
 255.17  104.05
 256.00   89.94
 256.42  110.73
 256.59  147.04
 257.02   34.21
 258.08   26.21
 259.51  121.38
 259.81   42.49
 260.81   37.25
 262.36   20.88
 262.88   74.66
 263.58   17.25
 263.96  107.78
 264.13   67.67
 265.27  187.21
 265.52   13.66
 265.56  115.81
 265.76  195.88
 265.93  157.81
 266.78   22.89
 266.84   75.44
 266.95  129.97
 267.49  151.02
 267.61   26.10
 267.84  161.71
 268.12  198.77
 268.35   61.31
 268.78   53.80
 269.84  153.11
 270.07   98.19
 270.61  186.95
 271.11    7.17
 271.20   19.78
 271.23   25.16
 271.28   38.27
 271.81  161.20
 272.38  190.58
 272.46  165.60
 272.91   57.87
 273.02  106.76
 273.24   44.62
 273.55  102.68
 273.78   17.41
 274.76   64.30
 275.24  195.59
 275.64   77.15
 275.78   21.45
 276.06   52.76
 276.36  193.09
 276.77   36.81
 277.22  112.99
 277.25  115.99
 278.69  159.22
 279.32   48.27
 279.39   99.89
 279.66   30.13
 280.49    9.01
 280.86  123.17
 280.92   34.58
 281.54   24.42
 281.69   54.29
 281.86   63.85
 282.04   93.73
 282.20  129.92
 282.21  163.32
 282.43   39.63
 282.54  112.15
 282.70  109.54
 283.13  108.56
 283.16   18.40
 283.83  119.70
 284.11  137.92
 284.28   10.76
 284.62   84.13
 285.50   36.20
 285.74  186.82
 286.11   44.98
 286.11  124.80
 286.24  187.86
 286.26   93.05
 286.50  102.95
 286.56   23.02
 286.75  131.94
 287.01  135.63
 287.28   93.20
 287.50   51.36
 287.59  175.02
 287.66  103.21
 288.27   16.43
 288.41   30.20
 288.43   46.87
 289.32   10.39
 290.40  160.48
 290.54   24.91
 293.28    7.96
 293.41  186.07
 294.45   91.96
 295.16   24.83
 295.40  130.13
 295.79  135.97
 296.08   75.68
 296.13  121.67
 297.39   19.88
 297.64  125.74
 298.04  156.95
 298.87   93.72
 300.26  116.86
 300.77  136.50
 300.88  149.73
 301.06   26.71
 301.71   90.41
 302.61  157.37
 303.23   95.17
 303.68  182.29
 303.71   59.22
 304.64  124.88
 304.70  154.91
 305.08   96.06
 305.38   84.40
 305.47  141.61
 306.04  186.26
 306.44  135.05
 306.70  128.73
 306.93   63.09
 307.40  186.39
 307.41   67.87
 307.91   28.22
 308.30  143.72
 309.38   54.46
 309.40  152.37
 309.79   87.37
 309.80  188.66
 310.55   71.84
 310.98  158.14
 311.31   78.51
 311.47  142.08
 311.49  197.53
 311.58   25.15
 311.73  185.82
 311.91  109.26
 312.02   96.61
 312.43  148.58
 312.70  153.22
 313.07  147.78
 313.12  165.40
 313.25   69.99
 313.28  188.71
 313.35   14.36
 313.35   18.16
 313.46   60.54
 315.59  186.09
 315.90   23.36
 316.11   17.25
 316.44  125.53
 316.61   75.46
 317.08   12.50
 317.97   81.91
 318.00   99.26
 318.84  213.33
 319.23   33.53
 319.41   94.18
 319.87  109.44
 320.21   28.58
 320.63   62.46
 322.01   39.29
 322.31   46.70
