   8.49   22.62
   8.81  121.37
  10.52  113.33
  11.71  118.50
  12.63   51.82
  12.72   22.82
  13.45  113.48
  15.22  127.03
  15.57   52.97
  16.51  163.18
  20.41  108.47
  20.94  117.99
  21.16  123.50
  21.44  114.76
  23.05  197.48
  25.75  161.27
  26.67  120.16
  27.60   70.65
  28.25  148.23
  28.34  196.92
  28.38  112.95
  29.90  125.36
  30.60  130.32
  30.94  130.22
  31.20   94.77
  31.87  134.49
  33.07  118.57
  33.09  158.33
  33.35   90.21
  34.33  102.18
  34.33   74.21
  35.07  128.55
  35.89   97.38
  36.26  125.66
  36.75  138.24
  36.92  104.46
  37.08  133.98
  37.20   69.30
  38.24   73.22
  38.85   66.25
  40.17  130.72
  41.11   62.77
  41.29   97.33
  42.67  127.74
  43.00  106.29
  43.45  119.08
  43.98  102.50
  45.30   67.67
  45.45  135.34
  47.20  128.87
  48.17  118.43
  48.66   72.84
  49.53  196.40
  49.76  109.78
  50.34   59.46
  50.65   81.39
  51.22  100.55
  51.75   96.69
  51.86  119.05
  52.02  115.00
  53.47  137.42
  53.59  110.98
  53.71   56.36
  53.72  153.66
  55.19   67.59
  55.30   91.47
  55.44  103.06
  55.85  143.96
  56.65   71.27
  57.05  111.80
  57.76   94.76
  58.52   61.88
  59.04   42.96
  59.30   48.29
  59.51   89.58
  60.04  139.41
  60.41  116.95
  61.31  143.17
  61.77  106.67
  62.83   42.00
  64.52  129.31
  64.68  111.15
  65.49  123.36
  65.55  106.99
  65.71  151.03
  66.34   96.02
  67.02  120.73
  67.24   98.82
  67.78  129.66
  68.06  195.65
  68.26  138.58
  69.63  132.40
  69.79  150.59
  69.87  111.82
  70.44   35.34
  70.83  124.25
  70.87   95.76
  71.36  121.73
  71.50  101.90
  71.66   99.13
  72.30  114.42
  72.32  118.31
  73.33   42.50
  73.57  144.20
  73.83  133.47
  75.67   86.30
  75.74   86.38
  75.92  110.45
  76.72  201.09
  78.72  195.02
  78.92   99.41
  78.98  107.82
  79.04   77.46
  79.80   39.15
  81.65  106.72
  82.88  100.69
  83.36   47.07
  83.99  134.87
  84.77   80.22
  85.63   76.52
  85.84   99.86
  86.02   72.08
  87.61   52.83
  88.13   97.08
  89.03   69.57
  90.48  114.16
  90.83   99.82
  91.36  194.89
  92.69   37.93
  93.40   69.85
  93.49  197.39
  94.02  115.09
  94.16   93.44
  94.65  129.97
  95.67  194.89
  95.80   96.74
  96.31   36.85
  96.38   84.53
  98.91  106.18
  99.89   96.26
 100.55   38.34
 102.66   35.99
 103.47  134.92
 103.84   77.04
 103.98   80.87
 104.16  194.25
 105.68  126.89
 107.49  136.93
 108.06   45.96
 108.60  121.57
 109.45  106.24
 110.26  112.63
 112.37   58.20
 112.66  125.92
 113.16  140.21
 113.41  117.11
 113.93  113.17
 114.88   98.21
 115.02  122.79
 115.13  100.77
 115.69   59.28
 116.09  116.76
 118.35   58.96
 119.42  200.78
 121.14   77.69
 121.35  124.62
 121.82  118.28
 122.40  135.23
 123.45   98.48
 123.46   58.41
 123.74  139.36
 124.12   62.78
 124.87  107.59
 125.03  117.10
 125.07   75.33
 127.10  134.40
 129.16  129.04
 132.22  135.68
 132.77  142.68
 132.80  123.82
 132.82  142.56
 133.01  113.84
 134.19  130.18
 134.58   75.95
 135.71  192.72
 135.80  118.33
 137.47  107.51
 137.55  125.52
 139.94  116.22
 140.29   83.86
 140.86  122.49
 140.90   96.53
 141.43  132.12
 141.54  139.34
 142.65  113.38
 144.46  142.26
 144.63  127.48
 144.74  150.82
 145.27  105.00
 145.57  192.61
 146.82  132.75
 146.96  139.70
 148.39  138.14
 148.81  114.46
 149.37   97.29
 149.48   85.04
 149.80  142.38
 151.14  192.07
 152.14  142.34
 153.65  129.50
 153.80   84.45
 154.49   86.08
 155.37  199.81
 158.56   94.92
 158.58   80.36
 159.16   97.82
 159.43   83.10
 159.50  191.95
 160.23   83.15
 163.53  120.44
 163.61  113.69
 163.78  131.00
 164.99  106.97
 165.35  138.40
 166.37  192.31
 170.35  121.30
 170.53  101.43
 171.19   85.34
 171.86  138.35
 172.72  194.84
 173.58   81.23
 174.44  125.30
 175.34  198.55
 175.83   79.04
 176.66   79.86
 177.32   81.14
 177.78  144.80
 177.81  120.61
 178.41  130.25
 178.68  194.99
 180.71  115.12
 182.33   84.72
 183.15  144.44
 184.54  120.60
 185.49  133.10
 186.55  126.22
 187.16  195.02
 187.73   81.46
 187.83  194.51
 188.84  132.05
 189.35  191.06
 189.39   80.70
 190.25   84.71
 191.37  136.73
 191.39  196.36
 192.43   84.89
 194.17  140.48
 195.12   85.98
 195.28   82.45
 195.87  120.91
 195.94  144.94
 197.75  112.54
 198.00  141.98
 198.79  113.31
 199.79  128.74
 199.88  128.67
 202.64  124.29
 203.51   75.12
 203.92  146.44
 204.38  127.34
 206.13  142.34
 206.20  137.51
 206.25  124.36
 206.43  190.34
 206.93  131.04
 207.60   83.48
 212.03  125.67
 212.55   81.77
 213.24  144.96
 214.64  146.98
 217.22  130.14
 217.24   91.66
 217.62  126.18
 218.47  142.15
 219.08  135.67
 220.22   81.04
 221.60  189.97
 222.03  129.06
 223.27  122.66
 225.16  118.14
 226.07   87.66
 233.64   81.85
 235.85   85.43
 237.86  136.31
 239.88  148.90
 243.86   89.38
 244.07   80.41
 248.64   81.19
 248.69   81.10
 248.92  143.77
 254.22   79.77
 256.67  188.40
 259.14   73.64
 259.89   75.52
 260.06   79.22
 262.21   69.44
 262.57   64.05
 263.98   73.15
 264.06  188.01
 267.34  188.08
 267.61   64.57
 268.96   69.58
 270.08   84.13
 272.89   80.24
 273.48   56.75
 276.71   68.06
 277.17   60.71
 280.35   78.61
 280.96  153.83
 285.07   41.84
 285.43  186.84
 286.28   75.95
 286.70   82.40
 289.09  154.78
 290.47   76.52
 291.16   52.34
 294.10   43.27
 294.86   38.71
 295.29   74.56
 298.39  189.80
 298.52   53.77
 299.09   85.60
 300.98  152.35
 301.30   45.19
 301.34   36.20
 301.52   65.67
 301.77  186.31
 301.79  156.40
 303.22  193.20
 304.75   76.29
 307.32   59.05
 307.87   69.50
 309.34  156.96
 309.52   31.28
 309.94   63.39
 311.45   40.41
 313.19   65.39
 314.73   30.76
 314.76   42.35
 315.41   27.75
 315.51   24.85
 317.48   38.84
 318.44   23.14
 319.89   45.09
 321.40   60.21
