   9.19  115.12
   9.64  150.71
  10.35  138.47
  10.55   45.95
  12.96  134.44
  13.88  141.80
  13.92   77.87
  14.20   94.59
  14.60   40.91
  15.30   91.76
  16.92  164.77
  17.14  158.85
  17.20   97.01
  17.46  134.05
  19.52   45.39
  20.44   70.18
  20.63  102.70
  21.21   66.21
  21.45  133.40
  21.64   98.30
  21.72  149.84
  23.35  172.75
  23.59   94.77
  24.23  105.80
  24.98  130.02
  25.01   56.44
  25.98  115.83
  26.03  121.71
  26.28  171.49
  26.58  160.43
  26.70  168.49
  27.11  103.88
  27.17  156.38
  27.73  108.25
  28.41   99.17
  28.83   52.62
  28.90   97.58
  30.95  131.85
  31.07   75.22
  31.25  158.48
  31.92   87.70
  32.88  166.16
  33.70  172.24
  34.79   95.66
  34.87  134.19
  35.35   92.40
  36.52   74.87
  37.06   90.41
  37.19  167.94
  38.05  160.59
  39.69   84.27
  40.79  132.89
  40.84  152.77
  41.43  167.74
  41.96  147.54
  45.72   42.43
  45.87  153.40
  45.88  167.67
  45.98  159.31
  47.83  171.37
  49.13  156.41
  49.20   77.06
  49.31   51.78
  50.40   70.18
  50.82  166.40
  52.46  180.01
  53.26  168.98
  53.65  175.46
  54.03  138.13
  55.08  133.98
  55.36  135.43
  55.47   74.47
  55.78  165.36
  56.00   87.04
  60.61  168.88
  60.82  151.04
  60.82  165.19
  62.63  155.01
  63.18  142.66
  63.66   75.81
  63.70  169.32
  63.73   94.60
  63.80  163.38
  65.32  133.95
  65.35  168.45
  66.10  174.77
  66.57  150.60
  66.59  150.70
  67.52  147.41
  68.14  128.27
  68.28  104.14
  68.31  160.21
  69.57  107.65
  69.93  149.99
  71.38  152.70
  72.37  140.63
  72.56  104.09
  72.97  168.51
  73.17  133.73
  73.18  156.64
  73.57  132.17
  73.88   78.51
  74.20  137.35
  74.29  111.04
  75.13  162.99
  75.27  145.56
  76.06  166.04
  76.51  135.53
  77.24  158.57
  78.08   81.15
  78.08  151.30
  78.24  146.14
  78.25  155.63
  79.23  143.45
  79.30  167.95
  79.72  178.79
  80.16  132.92
  81.12  139.10
  81.62  159.70
  81.80  160.53
  81.95  165.59
  82.12   81.69
  82.77   95.16
  82.78  130.38
  83.22   77.33
  83.74  136.30
  83.90  151.33
  84.91  145.56
  85.45  148.48
  85.91  141.02
  86.21  140.95
  87.70  162.60
  88.41  168.10
  89.69  159.15
  89.71  160.72
  90.02   76.48
  90.66  133.61
  92.01  166.85
  92.44  150.77
  92.64   86.62
  92.81   98.61
  94.37  171.95
  95.59   94.17
  96.12  140.50
  96.45  140.46
  97.48  169.87
  98.70  133.29
  99.77   90.58
 100.88  143.72
 101.54   85.61
 101.69  135.75
 102.71  148.80
 102.89  144.65
 103.71  160.94
 105.93  142.69
 105.97   69.95
 106.28  152.92
 107.51  146.12
 109.38  166.16
 110.18   87.90
 110.23  164.32
 110.44   78.00
 110.81  168.80
 110.93  168.78
 111.06  143.22
 112.82  156.31
 112.98  140.30
 113.52   73.35
 119.67  149.12
 119.72   81.01
 119.83  161.77
 121.55  151.90
 122.64  130.35
 122.88  130.21
 123.31   63.41
 123.31  148.89
 123.98  172.60
 124.15  155.38
 124.50  161.50
 125.13  169.55
 125.32   81.79
 126.85   73.09
 128.39   57.10
 128.99  160.81
 130.00   81.34
 130.20  167.68
 130.78  156.26
 131.10  127.24
 131.60  142.36
 131.90  160.46
 132.57  146.16
 135.25   60.28
 135.90  160.27
 136.23  151.23
 136.85  157.07
 138.85  149.57
 139.47  159.78
 139.72   77.36
 141.05  165.16
 141.98  157.57
 143.44  115.32
 143.58  153.85
 143.91  144.02
 144.08  146.87
 147.04  125.01
 147.31   77.99
 149.72   51.88
 150.12  118.36
 150.52  102.11
 150.65  136.46
 151.95   75.81
 152.05   82.33
 152.29  148.93
 153.42  144.47
 154.38  146.14
 154.55  167.83
 154.62  152.37
 154.71  138.03
 155.33  158.34
 155.52  164.33
 155.53  164.64
 157.01   76.08
 157.18  134.07
 157.82  147.12
 158.04   82.05
 158.22  157.31
 158.58   53.20
 161.03  131.59
 161.32   78.71
 161.44  159.27
 161.92  144.20
 162.00   50.94
 162.19   61.43
 163.25   54.35
 163.28  146.53
 164.02  135.86
 164.05  127.77
 164.37   45.64
 164.89   59.17
 165.00   62.97
 165.31  112.79
 165.81  121.54
 166.27  136.23
 166.32   51.72
 166.33  153.14
 166.38  153.41
 166.53   67.85
 167.41  145.77
 169.08   54.66
 169.47   77.43
 169.86   61.41
 170.52  157.00
 171.04   66.77
 171.67  130.07
 171.96  141.24
 172.68  133.63
 172.83   72.67
 173.21  149.17
 173.29  125.53
 174.34   60.63
 177.79  135.69
 179.11  115.22
 179.20   52.08
 179.54  103.32
 180.23  120.97
 180.75  157.52
 181.37   78.89
 181.40   75.54
 181.78   55.32
 181.94  158.08
 182.74  153.28
 184.05  127.21
 185.17  137.19
 185.75  144.51
 185.94  150.56
 186.22   49.05
 189.21  148.42
 189.47   56.05
 192.75   57.32
 192.87   51.70
 193.45  130.79
 193.99  126.97
 194.46   79.89
 194.58  145.92
 194.61  134.21
 194.86   63.55
 196.23   60.31
 196.30   56.85
 196.33   60.31
 199.79  135.58
 202.34  145.58
 202.92  132.09
 203.03  136.46
 205.02  129.49
 205.24   79.97
 206.51   68.70
 206.63  132.59
 206.67   50.37
 209.16   52.55
 209.26  142.84
 212.05   55.66
 212.65   76.10
 213.34   59.27
 216.08   53.74
 217.16  145.54
 217.45  134.43
 218.88  150.33
 220.65  123.93
 221.57   50.22
 221.75  125.81
 222.94  137.81
 223.32  145.89
 223.65  129.03
 224.46   96.31
 226.08   75.28
 226.48   58.61
 227.36  142.76
 227.52  127.32
 228.52  123.77
 228.87  147.29
 229.38   76.59
 229.72  150.16
 229.94  130.84
 230.07   55.30
 230.60   96.59
 233.41   76.74
 233.57  126.38
 233.80  146.38
 234.17  149.93
 234.92  137.26
 235.05  130.49
 236.46  142.32
 238.14  103.26
 239.76  144.91
 240.31  148.49
 241.95  134.27
 242.09   42.94
 242.71   49.01
 243.48  124.51
 243.84   76.47
 243.90   71.41
 244.60  124.40
 244.96   49.15
 245.08   95.80
 247.83   42.80
 248.07  137.09
 249.92   42.06
 250.44   46.06
 251.20  129.86
 252.03   39.27
 254.85   47.24
 258.45  145.36
 258.78   77.12
 259.32   48.35
 260.00   81.41
 260.66   80.61
 260.85   86.43
 261.33  124.31
 261.78   84.35
 262.26   47.02
 263.71  143.40
 265.17   42.28
 266.50   47.01
 267.21   44.82
 267.65  143.61
 267.66   83.55
 269.59   42.96
 269.68   82.44
 270.80  130.04
 273.67  129.80
 274.19  147.48
 274.56   39.50
 274.57   35.03
 275.69  147.90
 276.56   86.24
 276.71   86.38
 277.52   57.24
 278.24  147.11
 278.48   38.27
 278.62  143.62
 280.37  138.65
 281.09   39.75
 281.43  134.31
 282.60   34.46
 282.96  141.15
 283.07  121.78
 283.60   52.03
 284.11   38.68
 284.38  146.38
 285.53  143.51
 285.55   49.53
 286.41   45.42
 286.54   45.41
 286.75  118.17
 287.98  130.46
 288.01  106.99
 288.89   86.19
 289.63  138.22
 292.26   54.62
 292.31  102.74
 292.44  142.65
 294.11  133.54
 294.79   51.88
 295.49   55.01
 297.14  136.03
 298.78   55.23
 298.99  143.48
 299.24   60.60
 299.59  100.96
 303.57  142.90
 304.06  135.43
 304.43   60.54
 305.13  101.68
 306.38   56.04
 308.70   97.39
 309.32   92.70
 309.51   64.31
 309.58   67.64
 310.13  102.91
 310.43  142.61
 311.54  131.85
 312.45   53.31
 314.39   94.34
 316.17  120.89
 316.31  145.58
 323.45   52.37
