   7.31  117.50
   7.72   50.18
   8.64   56.19
   9.18   77.98
  12.28  172.51
  14.08  119.21
  15.29  122.91
  15.52  108.87
  17.93  115.17
  19.23  174.59
  19.84   98.27
  20.91   76.12
  21.24   82.49
  22.18  107.55
  24.52   86.29
  25.05  105.81
  25.92   75.89
  26.25  177.47
  26.93   42.12
  27.74   49.67
  28.43   88.24
  28.48  108.56
  29.27   56.73
  30.51  143.96
  30.81   43.59
  30.99   97.14
  31.07   97.45
  32.17  180.21
  33.73   72.59
  33.81  105.05
  34.92   82.63
  36.21   79.87
  36.79   68.89
  37.10  123.86
  37.10   91.69
  38.13   81.04
  38.80  183.26
  38.94  108.31
  39.33  124.42
  39.51  176.20
  39.76   62.97
  39.81  167.35
  40.25   94.43
  40.64   78.14
  41.34   71.02
  43.84  115.05
  44.27  123.84
  44.75  123.51
  45.68  183.38
  49.72   69.83
  50.86  174.20
  50.94  118.71
  51.93  125.36
  52.60   63.09
  53.30  148.63
  53.80  185.68
  55.64   63.80
  55.74  119.22
  56.66  123.11
  56.99  133.17
  57.02  149.49
  57.66   63.58
  57.93  171.73
  59.77   70.56
  61.20  150.79
  61.62  177.52
  62.12  171.64
  62.71   68.21
  63.41  174.38
  66.30  174.23
  67.19  154.79
  67.53  151.79
  67.63  131.05
  68.13  114.52
  70.20  104.45
  70.28  141.96
  70.57  116.46
  70.63  138.23
  72.25  155.61
  72.29  114.02
  72.55  118.51
  73.50  148.26
  74.13  167.85
  74.25   68.38
  74.76  120.87
  75.10  116.63
  75.59   77.54
  76.06  152.18
  76.71  155.65
  77.02  103.08
  77.45   94.63
  77.97   77.06
  78.18   77.01
  78.36  147.33
  78.77  178.71
  78.86   90.16
  78.87  129.39
  78.99  121.16
  79.57  152.34
  80.01  132.81
  80.10   69.00
  80.21  138.29
  81.33   98.98
  81.33  148.11
  81.35  171.50
  81.87  101.63
  82.19  163.86
  83.16   95.58
  83.24   73.39
  83.30   84.09
  83.64  155.35
  84.09   92.42
  85.68   98.66
  85.78  142.00
  86.03   76.56
  86.70   98.49
  88.93   97.58
  89.52   88.87
  95.28  155.28
 103.93  171.48
 104.28   89.51
 105.93  155.39
 106.22  177.58
 106.59  177.29
 109.07  170.39
 117.99   95.84
 118.52  159.58
 119.67  152.42
 122.37  102.28
 123.65   99.81
 124.14  159.63
 124.16   93.69
 125.30   85.27
 125.37   85.26
 125.86   96.86
 126.09  102.57
 127.47   93.76
 127.60  161.62
 128.00   99.99
 129.84  121.43
 130.22   99.41
 130.51   99.20
 131.62   89.90
 132.01   95.82
 132.85  115.27
 133.00  104.31
 133.77  103.39
 135.33  167.94
 139.32  172.49
 142.10  168.53
 143.51  140.85
 144.82  146.56
 145.38  138.03
 146.86  162.00
 147.83   75.22
 148.14  146.76
 150.23  138.85
 150.79  152.66
 151.16   69.90
 152.17  147.12
 152.37   72.46
 155.29  157.88
 155.48  130.78
 157.05  153.75
 158.68  152.88
 159.54   79.54
 161.67  170.13
 162.21  145.46
 164.95  169.36
 165.73   73.04
 166.94  101.75
 169.95  153.35
 170.35   91.35
 170.57  158.19
 172.18  162.70
 173.47  103.69
 175.39   79.61
 176.45  109.30
 177.87  102.48
 178.54  162.18
 179.56  171.52
 182.77  125.38
 183.29  103.56
 183.48  142.48
 184.11  110.14
 188.02   73.34
 188.69  103.64
 191.80  153.07
 192.71  162.34
 192.94  184.49
 193.13  103.30
 193.20  117.89
 193.41  107.73
 193.57   99.21
 194.65  156.29
 195.64  168.76
 196.29  165.57
 196.39  172.08
 196.43  159.37
 196.65  100.58
 198.94  104.12
 200.40  114.03
 200.98   83.45
 201.00  182.87
 202.79  109.61
 202.98  181.56
 203.16  168.45
 203.23  174.09
 204.16  102.62
 204.96  140.59
 205.08  147.69
 205.20  170.80
 205.97  107.59
 206.65  138.07
 206.70  162.32
 207.06  101.01
 207.19  143.08
 207.75  100.44
 207.77   83.75
 208.54   99.79
 209.84  185.78
 209.95  166.69
 211.74  113.96
 211.78   93.17
 212.13   86.17
 214.22  168.91
 215.68  180.14
 215.91  158.30
 215.93  185.48
 215.99  185.49
 218.26  101.42
 220.14   87.49
 220.55   87.25
 222.34  158.20
 223.71  167.42
 223.90  123.55
 224.93   93.26
 225.56  189.19
 226.93  168.76
 227.86   86.85
 229.74   97.71
 230.60  184.85
 231.29  158.53
 232.29   99.68
 233.54  101.72
 234.86   81.26
 235.51   69.69
 236.13  155.02
 236.52  209.26
 236.84  200.20
 238.03  101.86
 238.65  158.85
 239.23  188.17
 239.50   92.54
 242.90  168.84
 246.11  158.62
 246.35  195.28
 247.95   90.80
 249.80  168.89
 250.01   74.44
 250.31  149.58
 250.53   96.30
 252.02  125.75
 252.16  129.73
 252.28  100.41
 252.30  193.69
 252.92  186.99
 252.95  197.95
 253.55  154.14
 254.00  194.56
 254.01   95.21
 254.82  202.64
 254.86  163.06
 256.50  211.89
 259.49  209.31
 259.84  143.71
 259.92   86.97
 260.24  148.17
 260.29  158.51
 260.37  134.26
 260.39  147.87
 261.28  150.83
 261.43  146.47
 261.43  151.62
 261.45  207.60
 262.11  138.11
 262.34  182.75
 262.45  201.00
 262.77  211.22
 263.44  144.23
 264.73  155.52
 265.84  202.17
 269.47  149.21
 269.62  202.39
 270.57  122.89
 271.28  175.16
 271.51  157.90
 271.71  168.98
 271.88  138.39
 272.22   86.43
 273.54  124.35
 274.61  137.64
 276.15   90.37
 276.46  209.77
 277.10  212.51
 277.99   88.09
 278.02  147.14
 278.04   83.36
 278.14  147.03
 278.66  135.87
 279.89  208.62
 280.23   79.06
 280.29  120.06
 281.01  116.13
 281.27  204.19
 281.34  190.92
 281.73  127.02
 282.78  129.49
 283.59  141.32
 283.65  197.42
 283.86  207.67
 284.21  131.48
 285.01  114.11
 286.05  120.03
 286.87  167.24
 287.35  111.84
 287.54  108.91
 287.56  171.50
 287.74  213.83
 288.00  124.07
 288.02  155.45
 288.14  140.44
 288.40  191.06
 288.96  106.77
 289.16  113.13
 290.69  147.76
 290.72  128.24
 290.82  123.12
 291.88  144.53
 292.69   81.95
 292.90  160.31
 293.13  143.22
 294.20  201.08
 294.53  160.18
 295.19  117.05
 295.38  204.97
 295.42  109.97
 295.54  164.83
 296.12  126.96
 296.63  151.38
 297.27  130.51
 297.57   85.51
 297.85  116.10
 298.15   85.21
 298.31  144.97
 298.61  114.08
 298.92  158.93
 298.95  113.71
 299.63  137.40
 299.64  206.54
 302.94  167.74
 303.65  155.13
 304.00  130.22
 304.12  113.32
 305.21  115.74
 305.46  189.82
 305.71  163.20
 306.05  142.56
 306.41  156.27
 306.45   86.22
 306.62  123.31
 306.85  149.87
 307.03   84.56
 307.67  183.39
 307.71  170.17
 307.91  165.03
 308.00  207.97
 308.17  113.64
 308.75  154.16
 308.94  130.52
 309.00  195.98
 309.25   98.54
 310.29  184.89
 310.45  134.18
 310.88  163.27
 311.49   83.39
 312.55  111.64
 312.77  166.14
 312.90  117.41
 313.01  170.49
 313.37  156.98
 313.65   93.45
 314.82   97.36
 315.51  206.28
 317.38  127.64
 317.41  130.32
 318.79  111.95
 318.95  170.97
 319.68  208.78
 320.49  168.18
 322.21  114.85
