   9.21   79.50
  10.62   85.70
  10.63   62.31
  17.41   88.93
  17.54   94.39
  19.46   82.36
  20.82  107.22
  20.95   93.23
  21.37   99.33
  21.78   96.17
  22.96   90.45
  23.12  164.42
  23.40  105.79
  23.42  164.36
  24.49  152.31
  24.92   98.06
  25.54   75.94
  25.80  168.41
  27.36   85.30
  27.77  108.96
  27.94   90.31
  28.31  173.33
  28.63  120.91
  30.07   93.99
  31.10  122.18
  31.56  155.02
  31.86  122.08
  31.93  131.48
  32.42  168.87
  32.69  125.70
  32.78   97.96
  33.12  113.82
  33.86  108.31
  35.02   85.54
  35.09   94.82
  35.28  133.54
  35.49  164.69
  35.64  127.45
  35.65  123.44
  35.89  138.87
  36.59  173.02
  38.02  123.39
  39.02  130.91
  39.69  135.91
  39.82  118.17
  40.11  162.65
  40.29  112.85
  40.87  145.15
  41.22  113.10
  41.35  173.84
  42.27  186.46
  44.13  119.50
  44.37   99.74
  44.94  181.26
  45.65  174.64
  46.01  171.30
  47.00  149.97
  48.89  145.31
  49.25   69.85
  49.35  212.50
  49.44  155.63
  49.51  116.79
  50.19  174.44
  50.55  124.66
  50.98  120.45
  51.97  143.22
  53.46  164.35
  54.53   89.02
  55.51  116.87
  55.61   74.15
  56.87  147.14
  58.24  151.92
  59.92   74.93
  60.12  149.62
  62.66  152.87
  63.22   89.38
  63.47  145.65
  63.76  133.41
  64.54  104.64
  64.80  172.01
  65.69  138.70
  65.97   98.24
  66.83   81.14
  67.11  185.41
  67.45  139.52
  68.00  126.81
  68.53  144.54
  71.59  139.36
  72.22   65.73
  72.73  167.27
  74.17   72.54
  74.23  108.14
  74.52   91.15
  74.54   99.40
  74.55  135.97
  74.87  145.47
  75.12  127.28
  75.83  165.01
  76.28   85.78
  76.35  120.18
  77.08  133.50
  77.58  173.66
  78.28  184.34
  78.41  146.27
  78.99  136.97
  79.16  140.33
  79.27  181.98
  79.56  166.16
  80.28  161.00
  80.61   85.55
  80.67   94.79
  81.17  152.90
  81.24  170.13
  81.29  126.19
  82.14  141.90
  82.38  146.34
  83.10  143.09
  84.82   93.26
  85.40  124.00
  87.50   91.63
  88.71  164.61
  89.43  183.71
  89.48  136.44
  90.07  169.27
  90.12  131.50
  90.23  147.83
  94.74  141.48
  95.05  155.72
 100.68  149.94
 106.60  158.46
 107.20  101.08
 107.84  149.12
 112.50  139.00
 112.63  133.80
 112.76  123.32
 113.22  106.29
 113.70  139.49
 116.87  115.17
 121.91  139.41
 122.05  133.86
 122.12  155.57
 122.16  115.19
 122.19  106.40
 122.21  123.36
 123.93  128.08
 126.89  129.08
 126.89  127.78
 128.32  157.61
 131.40  160.46
 132.32   95.70
 132.90  154.89
 134.29  155.92
 135.16  146.58
 135.35  140.90
 136.16  161.92
 137.38  163.29
 137.97   95.96
 137.98  122.36
 138.39  132.30
 138.49   65.00
 140.83   65.65
 142.27   66.49
 143.40   63.02
 143.46  136.28
 145.56   66.94
 145.82  161.80
 146.07  142.87
 146.21   93.10
 146.32  136.93
 147.55  148.08
 147.72  160.07
 149.77  120.67
 149.96  109.98
 153.45  148.23
 153.68  150.09
 154.71  129.36
 155.57   62.76
 156.39  163.68
 157.61   56.27
 158.68   96.18
 159.95   67.50
 160.01  160.04
 160.21  130.41
 161.22  135.81
 162.88   66.57
 163.43  163.58
 163.99  121.02
 164.73   53.59
 165.02  133.71
 166.21  150.97
 166.56  103.97
 166.78   59.14
 167.20  157.32
 167.92   54.92
 168.21  162.28
 169.17  149.55
 169.85   70.30
 171.15   60.56
 171.32  104.12
 172.32  120.01
 173.02  113.86
 173.33  119.04
 174.17   68.84
 174.36  156.16
 174.45   71.60
 174.94  109.15
 175.39  125.27
 175.97  102.34
 176.29  112.46
 176.53  122.43
 177.05   65.34
 177.45  144.79
 178.06  125.79
 178.21   51.20
 179.15  109.10
 179.39   58.95
 182.37  147.66
 183.02   64.30
 183.71  134.87
 184.11  117.99
 184.27  159.33
 185.21   48.70
 185.82  164.51
 186.47   69.98
 187.13   57.06
 188.32  126.41
 188.54   65.08
 189.68   51.66
 190.53  137.54
 190.84  138.27
 191.39   73.08
 191.66  134.23
 191.68   60.06
 192.06   69.55
 192.39  129.93
 192.97   65.47
 193.05  157.30
 193.57  100.74
 194.36   61.98
 194.61  105.06
 194.77   52.49
 196.08  129.57
 196.69  144.30
 197.13  124.26
 197.32  160.14
 197.81  108.96
 198.26   53.72
 198.60  116.33
 198.86   88.44
 199.39   74.01
 199.44  107.99
 200.30   62.82
 200.39   98.06
 200.78  146.69
 200.79  163.40
 200.81  146.67
 201.13   70.61
 201.22  105.52
 201.74  110.95
 201.75  114.29
 202.09   84.23
 202.46  128.62
 203.53  174.76
 203.55  118.54
 205.45  107.12
 205.76   74.43
 205.92   60.49
 207.08   67.95
 207.63  115.19
 208.00  104.08
 208.83  110.02
 208.93  110.23
 212.28   67.23
 213.07  147.53
 213.80   73.79
 214.87  158.30
 215.63  116.24
 216.12  116.59
 217.06   72.62
 218.18  167.40
 218.20  103.27
 219.00  162.04
 223.22  135.51
 223.50   69.17
 225.57  161.93
 225.98  137.25
 230.42  161.88
 231.29  160.87
 234.98  112.08
 235.37  149.45
 236.13   72.90
 236.24  109.52
 237.32  153.45
 238.94  159.18
 242.27  146.41
 245.20   76.85
 246.67  163.98
 250.69   73.11
 252.91  161.13
 254.18   70.64
 254.45   63.19
 255.14  166.17
 256.09   78.01
 260.37   62.29
 260.47   58.75
 261.71  154.93
 262.03   69.20
 265.40   55.30
 265.60   58.85
 265.92   82.88
 267.19   64.50
 268.70   80.14
 269.91    9.50
 271.30   64.30
 272.32   82.95
 272.52   74.65
 275.71   80.96
 276.00  147.84
 276.20   83.51
 277.43   15.79
 278.83  102.02
 279.64  101.13
 280.28   43.24
 282.00   37.62
 282.67   46.15
 285.47   47.93
 285.59  124.13
 287.09  168.89
 287.14   80.25
 287.28   72.12
 287.35   20.48
 287.70   94.03
 287.86   59.48
 288.31   24.65
 289.65   40.58
 291.63   44.80
 291.65   58.72
 292.68   73.01
 292.74  171.75
 293.45   49.91
 294.09   65.87
 296.40   75.14
 296.50   74.77
 297.91   91.25
 299.71   35.73
 299.96   47.04
 301.96   43.99
 303.43   89.23
 303.55   82.40
 305.58  176.06
 306.90   47.69
 307.63  177.00
 308.91   78.50
 309.53   49.86
 311.69   71.41
 313.12   49.90
 313.39   39.34
 315.87   43.10
