   7.98   73.68
   8.54  186.06
   9.75  130.54
  11.96   76.81
  19.23  186.73
  27.21  153.79
  31.11  179.48
  31.41  177.02
  36.23  185.90
  39.49  172.75
  42.14  184.46
  42.77  120.82
  43.55   84.78
  43.59  155.62
  43.65  189.52
  44.43  182.38
  46.05  171.58
  50.13  185.73
  50.36  182.83
  54.25  182.69
  55.24  179.84
  55.44  172.76
  56.02  141.55
  56.87  156.46
  57.63  128.20
  58.14  142.03
  58.34  158.87
  59.06  207.46
  60.18  141.62
  61.57  159.39
  62.10  128.40
  63.29  154.44
  65.59  171.35
  66.15  134.30
  66.34  155.04
  66.77  180.18
  67.04  119.57
  68.88  173.81
  69.09  178.35
  69.79  212.34
  69.94  121.94
  70.11  157.43
  71.01  133.02
  71.57  136.36
  73.01   89.91
  73.88  148.26
  74.23  139.67
  74.23  186.60
  75.00  111.89
  75.19  135.35
  75.84  153.65
  75.89  146.37
  76.03   99.56
  76.36  128.12
  76.42  198.59
  76.77   88.74
  77.07  143.63
  77.69  185.64
  78.56  125.63
  78.64  203.84
  80.10  148.42
  80.28  162.34
  80.66  206.77
  81.51  160.16
  82.34  101.67
  82.36  158.95
  82.69  164.40
  82.71   59.17
  83.21  123.26
  83.28  183.24
  83.29  129.69
  83.54  153.10
  84.01  127.00
  84.03  173.39
  84.15   75.51
  84.89  169.22
  85.75  138.25
  85.78  190.34
  86.37   97.22
  86.46  181.54
  86.54  132.84
  86.83  185.65
  87.30  196.40
  88.17   83.81
  88.73  171.78
  88.95   84.59
  90.18  166.69
  90.39  196.13
  90.46   32.93
  91.47   89.74
  91.72   90.14
  93.29  136.21
  93.64   78.76
  93.99  152.50
  94.18   85.55
  94.27  182.04
  94.41  156.18
  94.61   82.08
  94.73   70.77
  95.46  172.82
  96.29  186.93
  97.83  140.53
  97.84   77.29
  98.09   80.51
  98.15  138.20
  98.53  157.59
  99.50  173.28
  99.62   58.17
  99.77   37.98
  99.90  120.21
 100.07  159.75
 100.51  135.55
 100.64   67.93
 100.70  112.65
 100.86  162.72
 103.50  150.25
 103.70   30.18
 104.06   17.52
 104.21  160.08
 104.28   21.99
 104.38  167.28
 104.56   26.93
 104.98   83.05
 105.00  208.17
 105.63   12.27
 105.77   56.15
 106.80  128.88
 106.81  142.21
 106.94  172.05
 107.17  184.38
 107.17  179.01
 107.32   24.30
 107.36   41.44
 107.38  122.50
 107.49  189.12
 107.67  157.91
 108.06  203.15
 109.39  159.46
 110.26   51.27
 111.56  155.67
 111.71  150.02
 112.61  163.63
 113.13  195.39
 113.59   37.42
 113.70  147.61
 113.79    9.47
 114.00  203.03
 114.19  175.66
 114.26   50.49
 114.97  172.97
 115.22  155.22
 115.24   27.44
 116.61  161.86
 117.52  179.21
 117.54  167.06
 117.74  151.40
 117.92  147.14
 119.82  187.92
 120.02  197.91
 120.20   44.67
 120.25   36.58
 120.55  161.02
 120.67   41.50
 120.68   39.13
 120.84  143.85
 120.85  165.07
 120.94  164.92
 122.12  136.01
 122.62  186.04
 123.24  182.80
 125.46  194.94
 125.69   39.54
 126.15  164.40
 128.09  178.95
 129.26  121.28
 129.58  150.82
 129.77  125.56
 130.14  166.75
 131.30  173.28
 131.36  190.29
 131.63  195.67
 131.84  183.54
 132.17  198.86
 132.79  168.22
 133.07  176.77
 135.34  170.66
 136.15  180.24
 136.52  163.69
 137.36  134.40
 138.03  197.01
 138.53  199.71
 140.00  180.09
 140.25  203.61
 140.37  212.47
 140.61  161.20
 140.75  183.22
 140.77  182.98
 140.92  196.05
 141.71  188.34
 141.93  188.18
 142.20  168.17
 143.00  129.39
 143.06  192.14
 143.27  199.91
 143.84  141.63
 145.01  160.91
 145.40  176.90
 145.51  163.92
 146.01  153.63
 146.08  113.67
 146.85  195.83
 147.07  192.32
 147.87  189.85
 148.54  114.08
 148.71  176.57
 149.24  182.85
 150.74  124.68
 151.19  153.88
 151.34  130.60
 151.47  208.13
 151.48  118.91
 151.56  148.20
 151.84  136.30
 151.86  141.66
 152.15  109.12
 152.65  202.20
 152.79  167.80
 153.43  193.93
 153.46  197.06
 153.77  187.62
 154.44  144.63
 154.71  160.27
 154.82  150.67
 155.67  193.98
 155.98  172.44
 156.51  204.94
 157.00  120.16
 157.38  176.60
 157.40  166.40
 157.54  163.19
 157.60  139.91
 158.10  146.77
 159.11  162.83
 159.57  175.26
 159.74  154.77
 160.53  148.04
 161.34  136.38
 162.37  190.61
 163.06  117.64
 163.80  183.35
 164.94  160.70
 165.97  135.10
 168.38  141.90
 169.39  131.94
 169.47  175.85
 169.96  171.66
 170.03  134.42
 170.10  105.62
 170.63  170.00
 170.70  191.09
 171.96  153.61
 172.39  163.44
 172.59  123.63
 172.76  147.93
 173.09  150.71
 173.65  158.20
 173.74  199.90
 174.76  128.01
 175.09  149.42
 175.96  176.12
 176.32  101.38
 177.02  129.82
 178.18  190.47
 179.03  120.74
 180.64  159.67
 181.25  125.26
 181.27  142.43
 181.85  134.38
 182.00  172.95
 182.29  129.64
 182.83  192.26
 183.30  137.08
 183.33  186.28
 184.01  155.90
 184.26  176.90
 184.91  201.42
 186.32  112.26
 188.80  199.41
 189.24  120.62
 190.77  169.55
 190.79  116.83
 191.17  137.25
 191.61  123.31
 191.98  142.03
 192.10  195.65
 192.22  153.46
 192.43  191.20
 193.70  113.59
 193.96  176.93
 194.38  127.66
 195.13  161.32
 196.36  164.45
 196.85  115.72
 196.96  191.97
 197.84  130.13
 198.04  115.93
 198.30  121.20
 198.65  158.57
 198.73  135.78
 198.85  155.42
 201.27  160.95
 201.59  115.26
 202.12  145.82
 202.88  142.48
 202.98  129.03
 203.56  175.00
 203.88  113.32
 205.23  168.09
 205.45  160.80
 205.81  179.56
 207.08  190.76
 208.22  194.53
 208.91  198.66
 209.14  137.01
 209.71  132.96
 210.44  179.60
 210.57  158.41
 212.40  140.22
 213.10  175.69
 214.25  164.90
 214.76  133.02
 216.56  158.65
 216.56  149.44
 216.88  179.42
 217.00  192.22
 217.11  138.82
 220.39  161.99
 220.97  155.87
 221.36  172.79
 221.88  205.92
 222.17  178.56
 222.34  118.50
 223.02  144.68
 224.10  175.53
 225.28  113.13
 225.56  139.08
 228.35  154.98
 229.03  167.53
 229.13  131.35
 229.41  130.88
 229.85  116.78
 230.31  174.91
 230.53  153.41
 232.06  178.06
 232.36  144.70
 232.47  133.19
 232.63  192.71
 233.51  124.31
 234.23  192.17
 235.16  113.95
 235.17  135.93
 235.50  127.84
 235.55  132.50
 237.14  142.23
 237.29  174.87
 237.51  187.40
 238.40  204.09
 238.56  108.87
 240.45  144.48
 240.45  136.73
 240.98   81.30
 241.00  208.30
 241.08  131.13
 241.58  167.88
 241.73  116.57
 242.05  101.66
 242.05  199.06
 242.63  175.12
 243.13   85.85
 243.92  209.93
 244.30  151.53
 244.84   80.74
 244.95  142.71
 245.80  113.24
 245.84  126.41
 246.30  168.65
 247.11  197.20
 247.94  189.43
 247.96  165.70
 248.10  103.30
 248.69  212.11
 248.91  108.54
 249.78  173.53
 250.15  204.48
 250.65  200.48
 251.82   65.76
 251.88  177.07
 252.28  189.70
 253.03  196.72
 253.05  139.40
 253.99  108.00
 254.56   72.18
 255.08   77.37
 255.21  122.49
 255.63  194.21
 255.78  169.28
 255.84  175.10
 255.87  141.64
 255.96  112.91
 256.73   65.89
 257.44  191.80
 258.52  130.58
 259.08  146.40
 259.55  177.32
 259.86  166.90
 260.38   58.54
 260.48  194.69
 260.61   73.68
 262.38  150.13
 262.38   99.42
 262.55  178.69
 262.58  138.86
 262.98  121.96
 263.43  205.74
 264.14   68.06
 264.25  108.42
 264.37  203.19
 264.41  114.26
 265.35  151.75
 265.45  199.31
 267.80  149.70
 268.07  113.23
 268.23  159.25
 268.62  206.06
 268.82  124.25
 269.82  173.68
 271.60  193.70
 272.26  190.75
 272.47  203.03
 272.51  134.02
 272.79  141.84
 273.58  199.63
 273.69  117.41
 274.44  107.53
 275.42  152.54
 275.45  113.39
 276.49  138.56
 276.50  162.77
 277.45  118.71
 277.46   87.88
 278.05  106.95
 278.13  101.96
 278.16  133.13
 278.48  201.99
 278.72  191.51
 278.91  115.03
 279.39  135.26
 279.56  137.96
 280.07  146.62
 280.28  146.91
 280.34  170.95
 282.37  189.27
 283.17  158.66
 283.40  154.58
 283.48  195.76
 284.26  203.15
 284.30  136.04
 284.49  105.96
 285.37  165.26
 285.43  165.52
 285.84  160.71
 286.02  114.80
 286.72  109.56
 286.82   89.33
 286.90  109.82
 288.31  169.85
 289.33  136.42
 289.42  202.98
 291.32  103.96
 291.62  130.55
 292.47  165.68
 292.58  152.70
 292.60  147.89
 293.34  173.89
 293.36  155.75
 296.15  102.18
 296.48  108.27
 296.49  151.34
 297.17  120.75
 299.09   88.56
 299.61  198.27
 299.71  152.44
 299.72  191.95
 300.11  163.63
 300.14  121.92
 300.17  114.60
 300.18  162.05
 300.32  202.59
 301.03  195.61
 301.86  166.61
 301.88  172.95
 302.92   72.91
 303.12  108.92
 303.56  145.40
 304.62  162.78
 305.19  138.56
 305.24   70.55
 305.45  172.99
 305.72   75.44
 306.61  196.60
 306.62  101.41
 307.85   95.58
 307.97   86.02
 308.47  131.02
 308.79  170.62
 309.27  193.34
 310.18  174.14
 310.51  170.95
 310.73  124.06
 310.94   82.99
 311.09  136.35
 311.15   88.24
 311.36  165.08
 313.23  142.80
 313.70  107.23
 314.02  133.39
 315.47   58.79
 316.54  193.97
 316.66  197.74
 316.71  112.75
 317.78  163.39
 318.53   69.44
 319.80  159.02
 321.04  153.79
 321.65  202.74
 322.69  148.81
