   8.50  162.68
  10.34  155.63
  11.19  165.40
  11.29   85.02
  11.34  160.21
  12.38  148.49
  12.68  111.34
  13.55  162.79
  14.14   72.95
  14.77  100.05
  17.02   57.33
  17.32    8.85
  18.43  135.97
  19.46   73.51
  20.64   19.92
  23.33  138.43
  23.55   55.20
  24.61   66.83
  25.25  140.25
  26.55  129.34
  27.54   56.93
  28.29   50.79
  28.40  157.32
  28.81   74.04
  29.07  150.09
  29.97  159.71
  30.12   83.79
  30.42  123.53
  30.61   14.37
  30.84   45.11
  31.37   58.03
  32.20  128.52
  32.53   68.50
  32.83  158.02
  32.85   32.98
  33.06  162.55
  33.54  131.35
  33.61  149.52
  33.99   28.21
  34.26   12.05
  35.07   48.77
  35.13  125.60
  35.18  122.12
  35.51  158.04
  36.32  114.26
  37.23   92.37
  37.76   31.94
  37.79  121.98
  37.80  127.78
  38.42   55.05
  39.23  113.21
  39.39   50.41
  39.39   67.44
  39.56   10.85
  39.99   21.35
  40.85  102.78
  41.17   84.78
  41.76  123.79
  41.76  107.28
  42.07  159.04
  42.07   39.45
  42.76   33.93
  42.83   12.88
  43.56   16.25
  43.74   25.37
  44.97   77.01
  45.46  127.75
  46.27   22.08
  46.93  102.94
  47.29  113.35
  47.33   36.98
  47.51   46.06
  47.80   55.92
  47.97   33.67
  48.15   87.33
  48.54   27.78
  48.96  118.88
  50.21   22.30
  51.02   34.64
  51.10   38.76
  51.44  104.09
  51.67   51.28
  51.82   61.56
  52.32   65.39
  52.54   65.50
  52.92  123.19
  54.03   28.51
  54.28  131.05
  54.48  120.09
  55.36   42.23
  55.72   51.59
  55.76  166.59
  56.01   37.59
  56.25   63.45
  56.31  106.41
  56.53   16.46
  56.64  127.51
  56.78   13.94
  57.57  164.05
  57.67   83.20
  58.88   43.95
  59.30  124.91
  59.30   30.91
  59.57  112.11
  59.97   57.26
  60.06   49.28
  60.18  104.44
  62.05   40.76
  63.43   24.08
  63.49   53.89
  64.06   33.11
  65.45   14.13
  65.73   84.43
  66.96   93.24
  68.55   41.22
  69.07   35.91
  70.93  131.07
  70.96  166.98
  71.19  104.24
  71.35  120.03
  71.75  124.60
  72.43  164.63
  72.53  116.04
  72.59   95.65
  73.15  137.56
  73.30   27.74
  73.54   37.53
  73.91   21.92
  74.11   28.89
  74.26  127.72
  74.38  141.52
  74.72   98.52
  75.10   34.38
  75.19  134.38
  75.25  148.67
  77.55  136.97
  77.75  125.42
  78.15  131.62
  78.23  166.66
  78.55   33.08
  78.58  110.03
  79.41   38.21
  80.07  164.18
  80.55  140.10
  81.89   26.55
  82.66   82.87
  83.78   41.71
  84.34  116.31
  84.71   75.92
  86.36   95.61
  86.39   30.95
  86.50   21.31
  88.22   25.40
  88.40   34.34
  88.77   32.74
  88.79   42.14
  90.10  111.20
  90.69   62.26
  91.18  131.61
  91.22  137.12
  91.25  208.34
  91.37  110.14
  91.39   25.37
  92.08   15.51
  92.43   68.46
  92.48   61.95
  93.40   95.82
  93.75  134.54
  94.04  129.21
  94.24  121.58
  94.72   41.06
  94.86   86.52
  95.29  163.80
  95.78   76.88
  96.47   75.46
  96.85   39.30
  97.46   20.08
  97.68  137.48
  97.68   62.06
  98.67   54.76
  98.78   68.86
  99.17  211.95
  99.39  118.46
  99.59   41.98
  99.76   91.04
 100.27  109.28
 101.03   86.81
 101.06  133.68
 101.47   60.89
 101.73   40.31
 102.70   33.97
 103.06   12.07
 103.12   44.50
 103.13   68.37
 103.92   63.43
 104.39  163.63
 104.42  108.29
 105.33  134.35
 105.71   73.08
 105.77   10.63
 105.83   84.01
 106.64   36.55
 106.72  136.83
 107.02  110.17
 107.81   52.09
 107.83   61.96
 107.83   44.86
 107.86  208.28
 108.04   39.56
 108.34   75.94
 109.63  134.55
 109.92  125.66
 110.10   13.82
 110.96    7.11
 111.57  154.08
 111.96   80.42
 112.05   84.25
 112.87  138.39
 113.20   65.94
 113.49  208.14
 113.58   26.64
 113.59  134.42
 114.75   73.68
 115.29  133.68
 115.70  117.54
 115.86  204.39
 115.87   68.82
 118.52   16.37
 118.54   75.98
 119.49   55.18
 119.61  205.66
 119.72  202.67
 120.53   18.34
 120.54   82.02
 121.59  136.75
 121.77  107.43
 122.06   23.52
 122.07   50.45
 122.15  205.53
 122.93  112.41
 123.29   72.46
 124.13   91.81
 124.15   13.91
 124.38   22.11
 124.50  103.87
 126.30  202.36
 126.34   88.33
 126.53   93.40
 128.47  205.62
 129.67  117.22
 130.62   51.02
 131.49   99.29
 131.77  209.21
 132.30  163.20
 134.69   47.33
 134.99   89.10
 135.89   75.24
 136.87  163.07
 137.32  211.87
 137.69  156.86
 138.28  102.50
 138.45   94.19
 140.01  201.91
 140.13   39.14
 140.66    9.11
 141.24   89.11
 141.67  136.56
 141.73   80.44
 142.05  201.51
 142.29   49.53
 142.96  208.57
 144.76  164.16
 145.44   87.75
 145.92   73.73
 146.32  212.42
 146.56   80.16
 146.76   22.07
 147.32  166.21
 147.70   62.93
 148.59   32.64
 148.69  157.62
 149.81   95.41
 150.59  207.50
 152.43  144.36
 152.78  209.53
 153.00   61.76
 153.36  212.38
 154.25  130.62
 155.38   86.40
 155.55   37.83
 156.18  143.36
 156.49   42.01
 156.57   67.00
 156.63  203.63
 157.43  163.01
 157.86   85.05
 157.88   82.28
 158.54   66.39
 159.04  201.67
 160.22  208.10
 160.23   30.71
 160.92  201.98
 161.07   25.89
 161.08  204.84
 161.24   86.36
 162.47   78.82
 162.80   73.66
 164.47   17.10
 164.52  200.27
 164.60   35.54
 164.63  203.43
 165.31   87.22
 165.48   29.26
 165.76  134.62
 165.94   26.58
 168.61   44.68
 168.67  206.23
 168.93   87.58
 170.00   28.74
 171.31   78.74
 171.43   93.53
 172.00   24.29
 172.22   53.52
 172.79   54.85
 172.99  211.83
 173.25   80.30
 173.88  205.96
 173.94   80.92
 175.06   41.86
 175.89  203.22
 176.84   71.28
 177.45   88.42
 178.15   54.47
 179.36  204.15
 179.69   47.63
 179.78  207.72
 180.52   47.95
 180.58  100.33
 181.56   81.62
 182.24   63.03
 182.30    9.14
 182.42   44.81
 183.01   29.08
 184.24   41.82
 184.32  202.43
 184.47   54.11
 185.41   83.03
 185.81   33.00
 185.82   79.84
 185.97   91.51
 186.01   42.00
 186.56   94.42
 186.63   17.72
 187.13  204.88
 187.97   68.80
 188.41  117.63
 189.36   15.08
 189.74   22.92
 190.19   74.99
 190.57   79.72
 190.78   47.97
 191.58   29.53
 191.69   56.45
 191.71   70.90
 192.04   41.47
 192.21   70.81
 193.28   19.51
 193.60  110.52
 193.74   36.89
 194.09    8.31
 194.14  111.21
 196.10  198.30
 196.20  205.21
 196.89   43.00
 197.85   49.91
 197.94   12.99
 198.04  195.95
 198.20  201.07
 198.98   46.98
 199.10   19.10
 199.57  115.84
 199.89   37.63
 200.27   41.95
 200.55  133.52
 201.42   25.03
 202.53   33.29
 202.67   64.46
 202.88   55.08
 204.04   52.28
 204.66   50.62
 204.85   59.82
 204.97  199.64
 205.09  110.21
 206.26  195.21
 206.49   28.74
 206.78   40.91
 207.24   15.58
 207.29  193.55
 207.79   60.31
 208.47   69.44
 208.48  163.53
 209.16   60.33
 209.24  154.59
 209.56   11.52
 210.22   61.82
 211.01   46.85
 211.01   33.68
 211.80   54.17
 212.18  132.60
 212.23   87.48
 212.35  120.03
 213.07   67.36
 213.08  116.78
 213.58   80.24
 214.08   17.09
 214.64   73.39
 214.67   84.09
 215.60  205.64
 216.13  201.56
 216.60   36.41
 216.79   90.22
 217.13   87.17
 217.66  117.27
 217.90   24.15
 218.18  123.25
 218.23  107.96
 219.43   79.78
 219.51   56.33
 220.11   20.60
 220.51   29.14
 220.69  117.51
 220.98   15.30
 221.24   68.11
 221.25   75.47
 221.71  129.91
 222.65  137.35
 225.38   80.24
 225.85  200.24
 226.16  115.06
 226.46   28.32
 227.09   36.75
 228.00   73.19
 228.56   67.22
 230.70   36.92
 231.31  129.65
 231.41  136.92
 231.54  122.50
 232.55   25.25
 232.92  140.96
 233.92   60.65
 233.95   70.18
 234.13   64.02
 234.68   50.76
 234.89   44.59
 234.91   34.52
 235.31  125.84
 235.55  136.81
 236.05  203.51
 236.48  133.96
 236.95   77.26
 238.06   35.30
 238.25  151.53
 238.52   63.31
 238.74  124.88
 239.43  119.38
 239.56  129.82
 239.57   16.20
 239.73  115.51
 239.84   43.09
 240.15   25.98
 240.43  133.23
 241.14   33.66
 241.64   23.39
 241.91   60.70
 243.36   74.71
 243.41   39.74
 243.73   71.16
 243.97   32.93
 244.20   27.04
 246.07   42.04
 246.34   94.15
 246.92   56.67
 247.44   35.70
 247.52   49.78
 247.73   73.01
 247.95   79.43
 249.17  118.31
 249.24   99.01
 250.23  205.51
 250.94   56.05
 250.98   44.49
 251.90   71.55
 253.29  159.96
 253.91  102.29
 253.94   77.60
 255.05   62.70
 255.29  119.19
 255.75  161.19
 256.04   86.10
 256.36   40.56
 256.41   18.93
 256.43   72.27
 256.95  204.34
 256.97  161.47
 257.25   38.50
 257.64   60.55
 258.35  117.24
 259.07   51.46
 259.12  201.60
 260.12   62.05
 261.34   97.78
 261.38   78.37
 262.71  156.27
 262.97  100.47
 263.20   40.99
 263.88   37.47
 263.92   72.09
 264.29  202.93
 264.53  101.40
 265.49  129.70
 265.80  141.46
 268.12   88.05
 268.66  117.98
 269.21   83.26
 269.26  159.97
 269.31   97.94
 269.46   77.33
 269.50   45.52
 269.77   53.57
 270.30  126.96
 270.69   49.93
 272.04   68.57
 272.21  123.44
 272.55   72.58
 273.39  161.53
 274.01   96.22
 274.19   88.90
 274.48   80.75
 274.92  189.72
 275.38   59.01
 275.53   93.39
 275.57   41.69
 275.99   44.84
 276.07   72.85
 276.43   48.04
 276.92  115.16
 277.35   41.44
 277.48   73.47
 277.54  127.07
 277.66  194.73
 277.85   85.56
 277.91  158.95
 278.64   50.33
 278.64   46.27
 279.67  197.28
 280.18   59.11
 280.61   72.28
 280.66   64.72
 280.99   69.75
 281.23  124.45
 281.37  129.80
 281.84   42.22
 282.86   81.41
 283.12   55.74
 283.20  108.33
 283.52  190.70
 284.65  207.32
 284.66  198.36
 285.91   43.76
 286.19   88.20
 286.88  121.21
 286.98  188.89
 287.80  158.91
 288.38  141.01
 288.45   43.99
 289.68   55.72
 290.13   76.31
 290.28   97.26
 290.38  134.56
 290.49   53.01
 290.65   85.87
 291.21  157.96
 291.24  140.03
 291.33  120.44
 291.84  144.55
 292.43  109.71
 292.70  188.63
 292.94  209.28
 293.14  159.65
 293.27  150.31
 293.47  195.23
 293.49   80.92
 294.61   97.59
 295.23  112.20
 295.45  124.21
 295.47  124.98
 295.74   71.09
 296.04  155.05
 297.00  120.96
 297.18  146.33
 297.45   59.04
 298.51  143.55
 298.74  111.19
 300.40  147.70
 300.84  156.00
 301.02   41.96
 301.87  201.93
 301.90  196.22
 302.41  192.53
 303.28  147.81
 303.53   52.04
 307.09  147.97
 307.50  142.88
 308.35   56.55
 311.76  158.30
 312.35  199.28
 319.07   50.04
 321.96  104.75
