   8.39   18.97
   8.62   32.22
  11.29  203.09
  11.48   16.70
  11.75   35.88
  12.10   19.45
  12.29   73.38
  13.62   87.60
  13.99  163.83
  14.07   98.50
  15.73   29.54
  16.05   71.24
  16.60   32.77
  16.87   41.81
  16.88   93.52
  16.89  203.74
  17.02   80.18
  17.79   56.54
  17.99   36.90
  18.03   99.17
  18.07   63.32
  18.46  164.87
  18.98   29.50
  19.21  211.34
  19.89   33.83
  22.00   85.28
  22.08  208.12
  22.86   35.47
  23.54   32.54
  23.62   40.66
  23.96  208.92
  24.31   47.42
  24.49   15.00
  24.51   59.76
  24.86   37.22
  25.01    8.22
  25.36   10.92
  25.38  187.98
  25.58  200.03
  27.34  194.62
  27.69   75.93
  27.80   86.01
  27.81  210.47
  27.98   98.30
  28.27   79.54
  28.56   46.03
  28.61   13.02
  28.98  191.57
  29.49   42.23
  30.00  205.54
  30.02   49.80
  30.68   38.92
  31.17   41.93
  31.39   58.68
  31.85   63.03
  32.04  211.73
  32.08   36.74
  32.81   79.69
  32.96  207.35
  33.59   61.75
  33.73   98.83
  33.86  186.60
  34.31  191.24
  34.56   86.63
  34.67   16.46
  34.70   70.53
  35.08  171.03
  35.12  198.96
  35.77   20.73
  36.75   75.55
  36.93  102.26
  37.62   67.45
  37.74   37.40
  37.86   56.86
  38.12  174.10
  38.43  186.04
  38.44   42.83
  39.03   79.63
  39.69   48.18
  39.88   88.31
  39.96  104.09
  40.09   24.31
  40.53   38.12
  40.54   34.29
  40.59  145.22
  40.63   64.18
  40.67   88.80
  40.88   98.55
  41.22  183.44
  41.54  210.63
  41.56  119.29
  41.75   73.29
  41.78   37.07
  42.29  203.58
  42.33   31.07
  42.44   28.11
  42.94   66.91
  44.27  212.50
  44.80  194.93
  45.15  171.03
  45.46  168.66
  45.63   74.45
  45.73  198.29
  45.89   38.77
  46.10   54.03
  46.91    8.40
  47.15  174.78
  47.62   62.33
  47.94   82.90
  48.38  201.23
  48.41   25.33
  48.50  108.45
  48.54   57.31
  48.60  163.00
  48.72   11.89
  48.90  108.47
  49.05   65.62
  49.10   65.78
  49.13   65.64
  49.18  208.11
  49.28  206.66
  49.35   51.20
  49.53  204.49
  50.23   42.37
  50.59   37.49
  50.74  196.10
  52.27   75.03
  52.64  171.64
  52.65  141.63
  52.67   93.27
  52.96   64.35
  53.19   84.43
  53.51   39.77
  53.74   86.69
  54.30   41.07
  54.31  108.23
  54.50  116.88
  54.85   77.56
  54.94   68.42
  55.65  116.21
  55.89   47.05
  56.02  132.54
  56.19   61.59
  56.24   36.02
  56.27  207.94
  56.75   92.20
  56.98   23.91
  57.06   42.69
  57.27  168.09
  57.31   82.92
  57.37  192.12
  59.04   30.28
  59.46    9.60
  59.53  108.60
  60.03   44.79
  60.13   45.12
  60.46   36.75
  60.50  117.06
  60.67   91.99
  60.69   16.26
  61.03   35.48
  61.17  206.11
  61.57   40.98
  61.82  178.46
  62.03   11.57
  62.35   29.22
  62.95   40.10
  63.55   93.74
  64.59   25.95
  65.04   20.20
  65.08   33.41
  65.09  158.15
  65.12  115.02
  65.72   91.47
  66.18  189.88
  66.19  205.22
  66.28   29.37
  66.33  127.79
  66.77  123.34
  66.79   16.55
  66.88   37.93
  67.67  172.77
  68.29  110.54
  68.47  120.32
  68.62   33.02
  68.64   31.22
  69.31   90.42
  70.33   18.66
  71.13   22.04
  71.30   35.68
  71.54  118.39
  71.61  203.31
  71.96  187.59
  72.25  112.37
  72.95  116.17
  73.57  153.62
  74.05  205.21
  74.46  169.85
  74.70  118.80
  75.47  130.66
  76.01  184.03
  76.41  181.60
  77.00  173.11
  77.32   20.56
  77.36  112.47
  77.60   31.39
  78.39   24.00
  78.56  144.95
  79.92  117.20
  80.05   10.76
  80.27  132.42
  80.41  212.29
  80.76   16.74
  80.88  178.95
  81.71   19.68
  81.92  172.98
  82.76  127.47
  82.85  130.16
  83.24   21.13
  83.47  145.00
  84.15  210.67
  84.48   29.87
  85.93   37.00
  86.94  153.75
  87.07  184.93
  87.21  126.22
  87.68  164.51
  88.50   23.53
  88.66  180.81
  88.97  190.99
  89.10   15.43
  89.17  109.22
  89.24  109.14
  89.87  145.63
  90.14  176.16
  90.84  175.50
  90.87   19.20
  91.02  111.38
  91.18  171.12
  91.31   90.95
  92.04  150.02
  93.16  108.00
  94.48   19.43
  94.59   46.85
  95.87  187.96
  95.90  172.44
  95.94   54.82
  96.10   58.40
  97.42   18.43
  97.64   40.73
  97.74  133.18
  97.74  110.82
  98.05  111.06
  98.39  128.88
  98.69   63.07
  99.19   57.96
  99.20   24.43
  99.28   45.26
  99.69   66.84
  99.90  177.64
 102.06  133.83
 102.73   87.47
 103.46   41.83
 103.66  151.90
 103.91   21.56
 103.98  174.19
 105.34  184.94
 105.58  156.41
 106.06  167.14
 106.35  162.23
 106.38  139.05
 106.99  133.27
 107.16  171.85
 107.38   50.13
 107.61   78.97
 108.43   53.75
 108.89  146.90
 108.91  136.31
 108.92  139.68
 109.48   47.46
 109.81  164.23
 110.37   66.30
 110.61   62.48
 110.81   23.31
 111.17  133.39
 111.95   68.67
 112.71   18.51
 113.21  190.73
 113.50  142.51
 113.51  133.04
 113.55  152.32
 113.62   55.55
 113.79  167.92
 114.95  171.20
 115.87   40.26
 116.26  153.39
 117.94   70.41
 118.14   25.51
 118.66   59.95
 118.95   36.53
 119.03  181.87
 119.19  163.92
 119.27  110.67
 119.46  163.64
 120.01  172.16
 120.12  156.59
 120.28  170.72
 120.30  149.14
 120.54   18.04
 120.64   30.23
 120.75   47.89
 121.22   53.51
 121.30   61.95
 122.47  123.94
 122.62  111.92
 122.69  108.18
 123.74   13.79
 123.82  138.65
 123.89   22.79
 123.90  168.18
 124.34   63.19
 124.38   28.43
 124.47  143.86
 125.97  105.18
 125.98   35.63
 126.01  108.65
 126.17   19.48
 126.92   23.30
 126.94   71.20
 127.75   52.00
 127.87  163.24
 128.34  170.53
 128.40  146.61
 128.89  142.03
 129.62  138.06
 130.00   60.74
 130.23   11.77
 130.73  150.76
 131.18  170.49
 131.25   42.29
 131.71   79.71
 132.06  167.14
 132.67  127.74
 133.41   35.05
 133.94  166.13
 134.57  122.74
 134.72   47.60
 136.10  171.02
 136.63   83.01
 137.13  128.54
 138.00   44.43
 138.75  138.04
 139.41  167.38
 139.43  124.33
 140.51  159.37
 140.54  133.48
 140.74  149.70
 140.86  115.04
 141.22  142.74
 142.63  151.65
 142.96  162.10
 143.09  154.75
 144.41  122.57
 144.42  147.18
 145.43  121.15
 147.77  158.55
 148.33  153.88
 148.59  127.26
 148.84   56.43
 149.20  148.04
 150.07   55.74
 150.59  133.95
 151.24  131.21
 151.58  169.63
 152.09  171.23
 152.67  105.05
 152.69  118.59
 153.45  128.87
 153.94  166.26
 154.39  143.77
 156.95  119.36
 157.53  123.50
 158.19  167.38
 158.74  109.98
 160.39  133.21
 161.08  127.85
 162.28  129.96
 162.41  142.95
 163.19  166.05
 164.01  143.46
 165.49  137.90
 166.76  169.48
 171.52  135.69
 171.97  167.47
 172.33  126.16
 172.57   88.60
 173.23  135.63
 176.86  131.55
 179.02  169.09
 179.60  115.12
 179.86  163.95
 180.43  130.14
 180.90  111.33
 181.68  141.63
 181.96   79.15
 182.51  123.78
 182.99  135.05
 184.10  145.36
 184.33  160.80
 185.34  139.41
 187.34  136.14
 187.44  113.61
 188.45  132.35
 189.38  154.24
 189.52  143.94
 189.56  151.16
 190.38  117.57
 191.23  127.53
 191.36  148.62
 191.53  130.45
 193.12  118.34
 193.70  123.05
 194.55   74.35
 194.78   87.07
 195.08  148.36
 195.39  134.56
 195.91  112.60
 197.91  129.19
 199.56   97.17
 200.34  111.21
 200.68   98.98
 201.03   81.50
 201.22   87.53
 201.45   82.77
 202.11  138.96
 202.12  102.80
 203.24  120.67
 204.14  126.01
 205.18  135.73
 206.05   98.57
 206.36   88.67
 207.88   91.90
 207.99   68.43
 208.45  143.58
 208.52  137.44
 210.88  145.27
 212.25  148.29
 213.38  130.61
 213.99   94.43
 214.43  169.97
 215.34  164.36
 215.40  164.68
 215.41  125.33
 216.54  133.38
 217.38   86.08
 217.68  142.80
 218.88   76.27
 219.90  139.22
 220.38  166.56
 220.68   82.59
 220.84  135.45
 221.71  150.52
 221.87   91.08
 222.77  141.31
 223.26  154.02
 224.28  143.22
 224.90  108.07
 226.03  155.01
 226.07  166.41
 226.17  166.46
 226.97  147.68
 227.53  138.07
 230.06  161.00
 230.77  105.44
 231.62  170.14
 232.69   94.02
 233.27  163.24
 233.97   99.84
 234.04  130.96
 235.36  166.93
 235.52   96.58
 235.54  148.74
 236.00  140.97
 237.01  137.76
 237.11  137.74
 237.13  101.15
 237.30  101.11
 238.44  145.09
 238.51  154.03
 238.90  161.91
 240.89  165.36
 241.50   90.36
 242.13  108.46
 242.62  141.78
 243.22  145.46
 243.98  167.84
 244.32  129.96
 244.54   87.27
 245.52  121.79
 246.46   84.56
 246.86  125.22
 248.98   98.02
 250.23  112.37
 250.64  130.01
 250.99  100.45
 251.33  164.56
 252.30   95.32
 252.59  171.73
 253.19   89.49
 253.23  148.70
 253.72   80.96
 254.12  130.02
 254.75   64.65
 255.28  100.54
 256.88  118.37
 257.50  149.18
 257.53  146.60
 257.63   75.44
 258.00   88.27
 258.15  167.40
 258.54  101.21
 258.87  100.82
 259.13   92.65
 259.21  155.41
 259.25  116.42
 259.56   83.14
 259.87  142.61
 262.12   90.31
 262.33  149.20
 262.46  149.76
 263.12  102.68
 263.43  106.86
 263.45   56.96
 264.00   96.59
 264.09  170.77
 264.26   87.66
 265.02  137.12
 265.39  115.32
 265.41   87.98
 265.77  164.54
 267.11   99.78
 267.18  128.33
 267.92  131.50
 268.72  125.55
 269.58  169.03
 270.38  160.08
 271.03   91.43
 271.95  125.34
 272.04   96.33
 272.12   88.62
 272.17   96.38
 272.35  107.04
 272.40  137.21
 273.31  172.96
 274.16  100.08
 274.18  135.28
 274.43  118.56
 274.60  108.27
 274.79   82.39
 275.29  176.68
 275.73   87.04
 276.41  125.33
 276.43  155.09
 276.64  132.09
 276.95   50.75
 276.95   93.86
 277.56   60.24
 278.49  104.91
 278.62  112.38
 279.68   54.56
 280.25  152.54
 281.06  136.99
 281.14  121.02
 281.47  149.67
 281.87  101.38
 281.97   47.06
 282.62  123.26
 282.75  131.15
 283.00  171.33
 283.63   96.43
 283.64  146.57
 283.68   89.46
 284.85   38.55
 284.88   52.26
 284.92  133.84
 285.05  112.34
 285.18  128.61
 285.55  122.92
 285.77  101.00
 286.08  119.85
 287.67  136.42
 289.05  140.01
 290.12  150.91
 290.29  122.51
 290.37   46.00
 290.75  133.66
 291.22  177.51
 291.54  171.74
 292.19  156.36
 293.01  125.94
 293.19   75.59
 293.59  148.48
 293.68  113.32
 294.50   83.69
 295.31  140.45
 296.61  151.45
 296.93  151.07
 297.73   71.11
 298.08  120.04
 298.61  175.49
 298.99  139.21
 300.21  178.46
 300.36  163.45
 300.36  148.85
 300.91  118.89
 301.13    8.95
 303.11   38.99
 303.16  169.91
 303.31  107.55
 303.78   21.53
 304.72  153.67
 304.80  130.54
 305.88  165.05
 306.38   98.40
 306.50   17.52
 306.57   39.41
 306.61  115.97
 306.69   66.78
 307.40  160.14
 307.50  105.26
 307.65  109.93
 308.10   10.36
 308.10  101.27
 308.48  128.15
 308.69  132.22
 308.76  114.11
 308.89   16.34
 309.68   40.02
 309.68   20.12
 309.83   23.46
 310.59   44.11
 310.67  139.97
 310.70  176.50
 310.99  136.63
 311.68  119.99
 311.69  115.85
 312.33  112.88
 312.36  159.62
 312.72  109.13
 312.75  173.41
 314.44   67.65
 314.86   43.46
 315.81  162.47
 317.72   74.48
 320.10   77.54
 320.37  162.35
 323.51  148.92
