   7.11  110.13
   9.19  176.07
  11.30  208.39
  12.91  128.36
  13.45  205.05
  15.87  114.00
  19.25  111.27
  20.68   80.86
  21.94  135.41
  22.56  138.32
  22.74  207.64
  23.34  111.32
  23.67  170.79
  25.22   72.50
  25.57   75.07
  26.65   98.71
  27.16  136.51
  27.42  125.99
  28.48  116.11
  28.58  104.77
  28.79  164.26
  29.84  127.78
  30.40  101.27
  30.71  110.04
  30.83  165.08
  31.49  137.75
  31.66  170.37
  32.76  208.51
  33.42  116.96
  33.55  172.97
  33.88  160.99
  33.96  100.35
  34.05  130.43
  34.19   95.23
  34.94   73.68
  35.40  207.98
  35.48  167.23
  35.68  156.00
  35.78  143.02
  35.84  169.08
  36.16  103.06
  38.22  211.12
  38.96   94.32
  39.07  132.17
  39.57   73.55
  39.79  115.76
  40.67   98.50
  41.43   71.06
  42.26  109.22
  42.43   74.84
  42.98   80.60
  43.01  101.39
  44.23  154.76
  44.58   72.68
  44.86  105.20
  45.11  127.69
  45.56  111.84
  46.03   91.02
  47.43   71.54
  47.51  100.49
  48.09  143.47
  50.05   75.89
  50.30  112.88
  51.37   98.45
  51.57   82.03
  52.49  152.75
  52.72  122.76
  53.08  104.60
  54.26   77.41
  54.58   72.85
  54.59  144.53
  54.60   97.97
  54.74   93.15
  54.93   84.90
  55.45  106.45
  56.36  148.02
  57.72  143.96
  57.74  158.52
  58.04  157.29
  58.31  132.41
  60.03   86.47
  60.15  152.70
  60.81  145.19
  61.14  158.40
  61.20  138.77
  61.73   91.43
  62.04  203.03
  62.91  114.08
  63.16  149.68
  63.17   89.86
  64.57   98.89
  65.88  120.78
  66.00  147.05
  66.12  154.98
  66.64  109.31
  66.70  192.45
  67.64   88.03
  67.77   98.94
  68.76  203.89
  69.28   90.41
  70.12  145.25
  70.55   77.47
  70.76  158.85
  70.94  126.07
  71.56  134.66
  72.81  174.93
  73.85  159.85
  74.90  201.53
  74.91  122.81
  75.91  162.22
  76.72  114.53
  77.61   79.93
  77.63  147.36
  77.88  154.04
  77.94  126.35
  77.96  143.45
  78.06  134.85
  78.38  130.33
  78.53  121.61
  79.17  184.54
  79.49  160.59
  79.81  191.43
  80.10  191.96
  80.29  112.85
  80.51  188.01
  80.56  187.87
  81.26  209.21
  82.37  179.54
  82.50  132.21
  82.88  151.94
  83.09  176.21
  83.89  113.62
  83.90  174.73
  84.04  140.81
  84.31  114.76
  84.95  154.60
  85.12  202.84
  85.52  194.11
  86.09  175.26
  86.59  198.61
  87.03   75.51
  87.32  172.13
  87.54  126.11
  87.54  177.71
  87.71  145.55
  87.96  134.95
  89.36  168.50
  89.53  116.30
  90.20  113.29
  91.81  173.76
  92.07  184.84
  92.20  136.67
  92.28  124.17
  92.66  195.27
  92.95  167.46
  93.91  209.94
  95.07  135.11
  95.10  122.74
  95.60   78.96
  95.80  192.58
  95.89  167.79
  95.96  195.25
  96.73  209.36
  96.81  133.38
  97.40  122.68
  97.70  116.89
  99.05  141.56
  99.36  178.66
 100.73  172.68
 101.31  137.55
 101.48  143.61
 102.41  159.50
 102.88  127.40
 103.22  116.92
 103.28  178.82
 103.38  115.10
 103.54  122.36
 105.48  122.44
 105.87  177.05
 106.00  133.73
 106.03   73.36
 107.11  141.43
 107.23  125.77
 107.33  134.21
 108.62   77.75
 108.88   79.48
 110.06  112.83
 110.40  136.71
 110.93  151.29
 111.58   77.41
 112.08  144.19
 112.34  172.64
 112.63   70.81
 112.72  119.71
 113.70  195.30
 113.82  165.97
 113.86  141.35
 113.96  133.80
 114.16  177.70
 114.68  126.83
 114.91  194.29
 115.39   71.09
 115.80  113.07
 116.48  106.60
 116.73  179.85
 117.14  131.74
 117.28   67.55
 117.98  119.67
 118.68  114.08
 119.63  113.39
 119.64  174.90
 120.28  161.58
 120.86   60.95
 122.11  143.13
 122.47  118.28
 122.87  124.62
 123.17  162.75
 123.83   63.95
 125.00  155.39
 125.56   80.22
 125.68  153.01
 125.90  163.64
 126.09  141.66
 126.28  112.14
 126.67   74.01
 128.58  162.76
 128.71  159.93
 129.37  115.23
 129.88  111.77
 130.64  126.41
 130.96  187.63
 131.01  117.87
 131.52  138.81
 131.74  147.23
 131.99  163.13
 132.11  130.17
 132.45  153.55
 132.65  150.21
 132.87   64.01
 135.15  116.08
 135.74   66.80
 136.42  120.21
 137.05  166.05
 137.15  170.26
 137.46   70.33
 138.09  201.95
 138.12   76.01
 138.13  206.02
 139.76  158.67
 140.01  196.48
 140.49  128.29
 140.78  153.30
 140.97  190.83
 141.86  180.72
 142.89  181.97
 144.63  186.94
 144.97  160.14
 145.06  131.87
 146.13  180.19
 146.88   72.16
 147.33  173.92
 148.15  136.60
 148.60  121.46
 148.74   80.87
 149.03  136.85
 149.46  113.37
 150.95  144.28
 151.14   64.28
 151.89  116.01
 153.08  151.77
 153.84   75.52
 154.58  157.53
 155.37  160.94
 155.54  159.39
 157.13  111.03
 157.37  148.86
 158.20   70.03
 159.73  119.16
 160.49  115.78
 161.48   70.99
 162.15   80.47
 166.17  160.89
 166.35  153.95
 166.79   75.49
 167.14  109.24
 167.28   85.08
 167.92  104.71
 167.97  104.71
 168.67  163.14
 169.62  176.96
 171.81  183.32
 172.14  156.27
 172.64  179.05
 173.01   83.13
 173.07  193.40
 173.90  159.67
 174.19   91.23
 174.94  153.97
 175.09  188.13
 175.86   61.29
 175.93   77.67
 177.18  197.60
 178.83  155.01
 179.55   83.81
 179.78  211.06
 179.98  207.07
 180.23  150.44
 180.53  167.41
 180.58  171.76
 182.23   62.47
 182.55  147.97
 182.62  213.29
 182.82   95.09
 183.24   91.62
 183.49  156.28
 184.01   79.74
 184.68  176.93
 185.03  173.56
 186.12  140.67
 186.93   61.50
 188.07  173.84
 188.90  180.32
 189.96   95.66
 190.82   76.01
 190.91   63.81
 191.62   89.12
 191.73  184.66
 192.81  184.72
 194.09  156.88
 194.44   87.52
 195.15  194.44
 195.91  123.44
 196.33  128.89
 196.38  176.97
 196.87   81.70
 197.41  188.62
 198.37  173.36
 198.73  184.85
 199.19  114.63
 199.21  125.35
 199.54   98.84
 200.11  142.75
 200.44  149.14
 200.89  154.82
 201.21  188.71
 202.07  205.59
 202.38  147.35
 202.39  117.61
 202.40   71.45
 202.46  122.84
 202.47  194.98
 202.57  140.44
 202.60  127.59
 202.76  183.37
 202.77  131.45
 203.53  146.55
 203.69   85.96
 204.53   68.97
 205.05  154.13
 205.46  207.75
 205.48  170.79
 205.50  186.77
 205.58  120.08
 205.63  129.21
 205.67  113.72
 206.19  150.18
 206.72   88.48
 207.24  117.56
 207.29  153.94
 207.49  122.37
 207.75  130.92
 207.76  137.23
 208.11  104.07
 208.84  185.56
 208.91   93.42
 209.77   71.60
 209.79   92.42
 209.94   71.19
 210.30  154.04
 210.38  206.90
 210.76  147.09
 211.49  121.69
 211.89  133.80
 212.59  185.43
 212.76  166.25
 212.96  112.73
 213.00  202.16
 213.95  178.22
 214.06  162.39
 214.74  117.11
 214.77  121.88
 215.07  130.08
 215.22   77.25
 215.44   83.22
 215.62  185.07
 215.89  138.60
 216.24  160.03
 216.62  119.06
 216.66  202.87
 216.89   52.36
 217.31  133.07
 217.69  128.88
 217.72  102.49
 217.99  163.43
 218.77  167.82
 218.86  116.79
 219.16  187.25
 219.60  176.16
 219.81  179.17
 219.95   78.45
 220.51  158.28
 220.61   89.02
 221.83  126.94
 221.85  110.04
 222.15   80.99
 222.16  210.28
 222.20   88.76
 222.77   72.52
 223.23  179.94
 223.28  159.03
 223.41  166.27
 223.62   99.83
 224.10  206.45
 224.11  206.25
 224.14  121.97
 224.47   77.74
 224.57   83.02
 225.04  191.42
 225.16   90.84
 225.26  163.32
 225.51  199.74
 226.81  118.85
 227.39  142.99
 227.48  113.02
 227.55  128.47
 227.58   82.33
 228.15  116.88
 228.44  189.95
 228.44  121.85
 228.51  182.45
 228.58  110.30
 228.86  130.97
 228.92   70.14
 229.18  161.31
 229.46  146.54
 230.36   68.51
 230.85  150.93
 232.22   59.90
 232.25   59.96
 232.39  165.09
 232.41  114.13
 232.46  123.59
 232.83  132.14
 233.70  207.39
 234.41  161.64
 234.60  171.86
 235.76  116.92
 235.83  121.25
 236.01  126.22
 236.78  204.67
 236.83  185.53
 237.02  192.54
 237.20   63.07
 237.80  118.94
 238.48  127.51
 239.56  112.62
 239.92  201.26
 240.37  116.73
 240.59  121.40
 240.71  126.16
 240.78  170.56
 240.95  131.03
 241.04  105.69
 241.10  155.87
 242.69  110.17
 242.87   75.43
 243.07  180.34
 243.44  205.14
 243.68  124.21
 244.00  117.08
 244.16  159.72
 244.22  146.51
 245.47  176.48
 245.80  202.60
 245.85  187.84
 246.36   95.35
 246.48  136.09
 247.14   86.65
 247.18  127.08
 247.53  183.25
 248.85   83.31
 249.15   82.50
 249.32  171.91
 249.75  124.84
 249.79  206.42
 251.14   78.21
 251.20  190.35
 251.49  194.73
 251.55  141.17
 252.19  136.03
 252.26  178.59
 253.06  147.70
 254.31   54.55
 254.42  196.59
 255.09  164.41
 257.32   58.60
 257.97  136.75
 258.58   62.20
 259.32  153.87
 259.58   51.83
 261.21   96.79
 261.53  164.98
 261.90  155.62
 262.99  190.07
 264.20  150.41
 265.28  160.73
 265.40   97.07
 266.22  115.37
 266.58  181.54
 266.69  198.23
 266.77  137.54
 266.92   57.11
 269.35  151.63
 269.82  179.55
 269.92   76.33
 270.17   77.25
 271.23  203.03
 272.09  190.76
 272.09  102.59
 272.61  176.53
 273.49  141.57
 275.49  173.40
 275.73   41.74
 275.87  163.26
 276.24  211.84
 276.63  150.79
 276.73  190.06
 278.64  193.31
 279.12  154.29
 279.34  189.61
 280.34   82.64
 281.37  179.36
 281.75   72.92
 284.58   85.41
 284.66   46.39
 284.98   76.19
 285.53   81.49
 285.90  191.91
 289.31   84.41
 290.66  199.20
 291.63  191.64
 291.81   88.53
 292.70   36.34
 293.92  207.16
 294.88   46.05
 295.23   90.81
 296.14   83.23
 296.83  165.95
 297.48   33.76
 297.68   40.02
 298.28  182.88
 298.41   90.61
 298.65  187.00
 298.67   63.34
 299.17   76.48
 300.39   84.95
 300.82  210.25
 301.42  193.08
 302.44   29.55
 303.28   92.17
 305.78  194.50
 306.72   27.39
 307.20   27.13
 307.30   58.13
 307.67  197.55
 308.68  179.95
 308.85  209.67
 309.21  194.55
 309.38   83.91
 309.89   32.11
 310.62   89.17
 313.46  186.71
 313.54   79.17
 315.32   99.63
 317.97   36.54
 319.40   83.33
 321.05  211.46
 321.14  185.53
 321.80   99.64
 323.65  183.01
