   8.68  202.59
   8.80  181.29
   8.81  134.53
  10.22  137.82
  10.52  128.95
  10.57   94.47
  11.42  183.66
  12.22  147.32
  12.82  113.57
  13.37  175.46
  14.14  110.69
  14.24  180.67
  14.89   91.61
  16.07  140.98
  16.29   83.86
  16.30  117.78
  16.54  149.64
  19.25  198.24
  19.41   90.48
  20.67  127.69
  21.59  164.78
  21.73  144.07
  22.40   90.34
  22.76  149.07
  22.90  101.14
  23.47  173.97
  23.97  112.52
  23.98   81.33
  24.33  190.22
  24.97  169.19
  25.36  177.60
  25.38  163.69
  26.72  115.06
  26.79  116.25
  27.71  157.93
  28.04  132.66
  28.94   95.74
  29.05  120.40
  31.11  136.43
  32.07  110.25
  32.18  177.29
  32.63  127.72
  32.95  118.46
  33.32  185.13
  35.44  158.44
  35.89  104.45
  36.01  137.63
  36.59  147.31
  36.75  123.24
  38.21  175.26
  38.27  196.33
  39.59  133.03
  39.62  170.22
  39.90  170.38
  39.98  120.66
  40.67  114.40
  43.53  139.05
  44.46  147.36
  44.58  147.38
  44.75  181.98
  45.14  192.26
  45.41   95.32
  46.96  138.12
  47.21  187.51
  48.94  137.02
  49.46  170.60
  49.72  123.45
  50.18  101.83
  52.43  142.66
  52.55  136.28
  52.84  129.31
  53.20  150.15
  53.62  183.22
  53.81  125.87
  54.39  112.58
  55.06   98.66
  55.08  140.20
  57.33  103.57
  57.85  114.49
  58.09  130.07
  58.10  166.81
  58.90  125.22
  58.94  102.86
  59.10  110.93
  59.43  162.36
  59.45  186.01
  60.86  130.64
  60.94  169.54
  62.93  120.15
  63.05  138.49
  63.41  182.17
  63.47  143.08
  64.01   97.91
  64.10  161.81
  64.15  185.01
  64.19  157.51
  64.82  109.27
  65.72  131.94
  66.00  113.14
  67.01  125.30
  67.97  179.13
  68.43  178.92
  69.01  134.32
  69.06   99.27
  69.19  128.39
  69.32  202.02
  69.61  172.14
  70.00  119.08
  70.32  188.47
  71.01  138.80
  71.48  113.84
  71.67  107.12
  71.76  122.47
  71.86  134.90
  71.87   94.27
  72.17  147.30
  72.81  126.40
  72.90  109.37
  73.39  170.94
  74.45  138.51
  74.66  160.51
  75.13  168.59
  76.68   96.48
  77.02  117.44
  77.35  132.73
  77.72  170.12
  77.97  124.97
  78.03  163.54
  78.63  144.94
  79.80  158.59
  80.28  120.41
  81.24  117.48
  81.49  129.26
  81.92  152.44
  84.46  128.91
  88.33  167.80
  89.09  130.08
  89.40  186.36
  90.47  102.89
  93.88  177.98
  97.05  177.16
  99.07  179.40
 104.95  181.02
 106.40  188.32
 106.83  157.32
 107.04  190.30
 108.49  119.35
 108.66  134.54
 108.69  146.04
 109.32  175.41
 110.70  179.54
 111.42  176.78
 111.63  140.02
 113.09  185.66
 113.55  193.50
 114.25  180.20
 114.60  145.86
 114.66  155.76
 114.74  134.10
 114.83  155.87
 116.57  189.24
 116.63  159.58
 117.03  197.49
 117.05  173.36
 117.18  181.31
 117.28  192.64
 117.95  132.62
 118.28  147.90
 118.51  179.81
 118.73  163.96
 119.11  154.51
 119.13  186.99
 120.73  175.86
 121.68  163.00
 122.09  189.86
 122.26  202.42
 122.79  148.10
 124.55  173.09
 125.61  195.94
 127.94  177.76
 128.12   63.80
 129.02   78.51
 129.24  167.30
 129.52   86.65
 131.00  173.28
 132.12   71.61
 133.35  183.12
 133.92   69.50
 133.97  171.81
 134.19  166.58
 135.30   84.53
 135.43  103.79
 138.27  178.51
 139.17   83.02
 139.28   76.82
 139.59  102.32
 140.59  159.77
 141.12  184.36
 141.75   82.25
 141.86   61.53
 143.36   48.66
 143.39  103.53
 145.05   80.96
 145.46  170.77
 147.49   59.66
 147.84   79.98
 149.02   65.24
 149.67   53.10
 149.84  171.14
 150.11   47.30
 150.29  196.42
 150.32   41.36
 150.85  185.87
 151.28   61.21
 151.49  100.80
 151.51   78.40
 151.67  188.93
 153.91   55.44
 154.20  192.47
 154.21   67.26
 154.71  100.11
 154.72   96.84
 155.53   89.34
 155.72   71.39
 155.76  170.62
 155.99   53.69
 156.46   33.11
 156.59  185.20
 156.87   42.35
 157.06  181.34
 157.80   75.06
 158.35   58.86
 158.64   22.07
 159.51  179.10
 159.85  130.95
 160.41  173.93
 160.45  190.97
 161.24   27.89
 161.51   60.01
 162.09   82.88
 162.69   33.09
 163.26  189.14
 163.57   14.95
 163.95  185.36
 164.18   70.86
 164.29   78.45
 165.74  191.84
 165.91   73.66
 166.06  179.19
 166.24   82.80
 166.51   14.40
 167.59   79.54
 167.95   67.99
 168.35  171.86
 168.86   54.22
 168.90  189.77
 171.08   72.66
 171.73  112.39
 171.81  182.44
 171.89   90.72
 172.00  130.15
 172.44  187.85
 172.70  143.39
 173.24  165.05
 173.84   45.70
 174.04   29.32
 175.30  190.32
 175.57   73.78
 176.07   68.82
 176.35   68.58
 176.55  182.07
 176.58   23.77
 176.71   47.59
 176.83   18.84
 176.91  115.40
 177.19   83.44
 177.40  137.88
 177.58  161.46
 179.03  190.43
 179.75   87.89
 180.48   63.55
 181.54   14.87
 182.57  112.19
 182.88  116.01
 182.97  142.56
 182.99  166.12
 183.13   79.76
 183.29  159.28
 183.49  129.73
 183.59  125.13
 183.62   66.75
 184.22   39.13
 184.33   29.29
 186.09   37.89
 186.28  162.39
 187.92   18.80
 189.53  179.18
 189.95  165.95
 190.02   75.52
 191.05  110.85
 191.72  187.75
 192.01   69.48
 192.51   16.21
 193.23  190.41
 194.07  185.41
 195.36   26.52
 195.58   17.89
 196.16   32.97
 196.45   16.82
 198.59  184.89
 200.02  181.74
 200.82  172.15
 200.82  190.97
 201.87  193.63
 201.88   57.06
 202.13   80.01
 202.14   70.53
 202.25   20.80
 202.72  188.47
 202.73   43.65
 203.09   82.60
 203.10   52.97
 203.76  177.64
 203.99   38.15
 205.05   39.47
 205.49  182.94
 205.76   77.46
 206.55  189.95
 207.10   79.45
 208.09  188.51
 208.55   32.68
 209.23   37.63
 209.92   20.23
 210.19   25.10
 210.73  174.79
 213.24  185.19
 213.37   42.26
 213.76   49.94
 215.00   58.77
 215.67   18.93
 216.41   71.88
 216.99   24.02
 217.01  167.38
 217.41  186.55
 217.89   39.93
 218.25   73.32
 219.33  110.47
 219.34   52.64
 219.69  188.76
 220.91  187.92
 221.31  143.84
 221.44  167.50
 221.53  191.51
 221.76   38.85
 221.86   45.60
 221.90   22.17
 224.66   30.16
 225.07  165.36
 225.35  169.35
 226.19   23.72
 226.29   38.43
 226.87   75.42
 227.00   75.46
 228.01  110.99
 228.55  128.63
 228.58  133.17
 228.95   29.44
 229.68  141.55
 230.03  141.27
 230.26   33.93
 230.81  165.10
 232.13   62.03
 232.87   39.19
 233.16  174.48
 234.39  186.31
 234.99  137.38
 235.58   77.26
 235.81  173.97
 235.89   46.02
 237.68   55.80
 238.41   39.46
 238.86  176.92
 239.03  140.86
 239.41  128.75
 239.84  141.58
 239.94  137.03
 240.02  170.63
 240.08   45.84
 241.24   54.97
 241.46   59.72
 242.21  175.59
 242.71   49.75
 242.79   80.85
 244.06   44.19
 244.20  139.66
 244.85  187.49
 245.04   73.15
 245.31   51.93
 246.04  178.89
 247.53   80.46
 247.68   41.29
 247.80  155.54
 249.06   61.37
 250.07   51.96
 251.46  182.89
 251.80   84.02
 252.01  178.80
 252.13   60.73
 253.85  189.52
 254.37   48.85
 255.25  182.05
 256.27   56.34
 256.68   84.25
 256.96   65.63
 257.48   51.29
 257.77   97.31
 258.51   80.45
 260.38  153.69
 260.58  128.51
 261.19  132.15
 263.08   53.18
 263.20  122.07
 263.26  126.41
 263.45  111.80
 263.58  130.72
 264.01   95.02
 264.07   97.44
 264.66  145.40
 264.70  142.29
 265.25  187.83
 265.76  159.45
 266.16  107.91
 266.39  128.10
 266.49   87.38
 266.56   79.70
 266.64  134.13
 266.74   61.46
 267.60  144.51
 268.60  154.24
 268.93  115.47
 269.04   67.96
 269.38  135.48
 270.22  122.26
 270.34  147.06
 271.65  157.26
 272.67   62.49
 273.41   69.49
 273.48   91.16
 273.76  110.53
 274.75  191.27
 274.89  128.34
 275.19  113.93
 275.21   65.77
 275.22  113.93
 275.99   60.35
 276.00   98.53
 276.56  133.42
 277.45  100.81
 277.50   89.71
 281.27  188.55
 281.51  106.90
 281.75  129.91
 281.82   99.49
 282.43   82.40
 282.76  158.58
 283.60   60.73
 284.67  120.56
 284.68  113.64
 285.51  140.44
 285.56   85.24
 285.61  186.78
 285.74  182.27
 287.14  191.71
 288.34  138.61
 288.81   96.20
 289.07   85.23
 290.15  115.74
 290.48   88.17
 292.13  188.05
 292.80  159.25
 293.21  103.96
 294.72   92.52
 295.15  105.81
 295.50  116.64
 295.53  110.99
 296.01   65.46
 296.41  142.04
 296.62  102.91
 297.66  147.50
 299.29  129.69
 302.82  110.07
 303.21  147.82
 304.07   91.22
 305.01  139.35
 305.94  136.21
 306.28   68.89
 308.01  114.46
 309.10  192.05
 310.98   66.38
 312.49  110.57
 313.46  104.46
 313.49  107.49
 314.71  149.74
 315.01  145.33
 315.64  114.69
 316.00  140.45
 316.43   74.98
 316.81  102.21
 317.74   98.36
 318.75  180.27
 318.82  172.96
 321.88  141.05
