   9.01   21.82
   9.56  147.19
  10.64   18.85
  10.64   25.63
  11.18   41.73
  13.79  107.16
  16.08   37.55
  17.65   28.58
  17.93  125.24
  18.67   28.76
  19.49   42.78
  19.91   33.42
  20.45  181.17
  21.03   66.24
  22.45   69.82
  22.52   41.95
  23.84  175.58
  24.39  103.96
  25.45   56.14
  28.56   95.39
  30.06  166.78
  31.13   93.61
  32.47  126.90
  32.72  165.71
  34.70  119.87
  34.81  161.41
  35.49  175.51
  35.59  129.04
  36.43   93.78
  37.37   83.04
  38.42   98.97
  39.04  163.47
  42.99  169.67
  43.28  145.55
  43.90   66.33
  45.93  165.68
  47.24  148.18
  47.45  156.69
  47.48   74.16
  47.80  111.52
  48.15  114.72
  48.98   66.38
  49.62   58.17
  50.98  157.96
  51.07  125.52
  52.83  132.66
  52.85   69.86
  53.68   64.29
  55.20   73.00
  55.54  105.49
  55.71  165.31
  57.13  144.52
  57.31  100.52
  57.45  113.93
  57.80  171.68
  58.13   92.21
  58.23  149.47
  59.12  120.08
  59.31   75.84
  59.57   65.45
  60.54  127.97
  60.58   87.45
  61.30   68.78
  62.13   81.33
  62.16  165.61
  62.92   95.92
  63.22   74.43
  63.74  134.17
  63.84  104.58
  64.45   68.66
  64.91  154.81
  65.33  136.39
  65.65  128.50
  66.02  145.87
  66.04  151.96
  66.15   67.07
  66.54  110.94
  67.24  169.12
  67.42  160.96
  69.78  118.45
  69.87  134.75
  70.92  110.60
  70.96   67.20
  72.07  162.99
  72.25  149.30
  72.45  113.69
  73.34   51.89
  74.56  153.82
  75.66  157.87
  76.56  130.41
  77.55  113.48
  78.12   48.46
  78.41  175.37
  78.86  137.52
  79.88   63.52
  80.11  119.81
  80.63  128.88
  80.97   45.77
  82.15  171.67
  82.29  161.31
  83.27   54.66
  83.99  154.96
  84.11  168.95
  84.36  119.13
  85.13  172.96
  85.15  148.79
  85.36  141.92
  87.50  168.93
  90.27   47.07
  90.89  171.45
  91.28  139.54
  92.09  163.59
  92.14  164.75
  93.58   55.38
  93.78  167.42
  94.15  158.77
  94.22  167.27
  94.41  142.43
  95.03  171.99
  95.55  159.00
  95.69  149.53
  97.94  138.66
  98.94  112.61
  99.44  172.26
 100.48  151.26
 100.70  155.15
 102.53  145.12
 103.52  162.61
 104.93  158.47
 105.54  118.95
 107.92  150.36
 108.17  138.53
 108.51  121.87
 108.63  116.19
 109.65  172.06
 111.62  119.05
 111.97  112.37
 118.77  171.38
 118.82  112.91
 119.26  141.86
 120.66  163.92
 120.85  149.71
 121.84  137.72
 122.26  171.49
 122.50  155.22
 122.68  117.34
 122.70  159.53
 124.39  109.57
 124.64  110.56
 125.04  139.83
 127.34  122.64
 128.44  105.01
 132.15  100.22
 135.48  102.11
 139.18   90.57
 139.66   86.98
 141.59  174.43
 143.50  172.34
 144.06   91.97
 145.73   82.03
 146.24   86.60
 146.54   78.00
 147.04  157.25
 148.12   81.75
 149.36   98.04
 149.82   98.59
 150.07   76.71
 150.20   71.85
 152.07  114.52
 152.24  166.55
 152.82  100.89
 154.03  159.73
 154.03   58.59
 154.43  155.45
 154.54   58.30
 155.04  110.56
 155.45  107.69
 156.35   84.24
 156.48  104.00
 156.72   99.35
 156.97   98.89
 157.25  127.78
 157.26  134.78
 157.27  148.39
 157.32   68.51
 157.39  152.19
 157.64  119.66
 158.42  160.54
 159.39   96.47
 160.38  122.67
 160.53   59.89
 160.69  146.07
 160.87  136.18
 161.57  161.76
 161.87  166.37
 161.98   82.76
 162.98   93.13
 163.13  142.50
 163.30  148.67
 164.12   59.22
 164.56  170.15
 165.25  113.42
 166.63  173.98
 167.18  115.63
 167.22   89.21
 167.55   54.64
 167.93  161.93
 168.95   86.46
 169.01  165.32
 169.62   78.37
 169.82   93.71
 170.16   70.62
 170.27  103.00
 171.54  119.55
 171.56  167.21
 171.73  128.73
 171.88  142.16
 171.91  135.20
 171.98  148.49
 171.98   39.58
 172.19   49.04
 173.16   57.19
 173.96   67.15
 174.21  158.28
 174.21   67.18
 174.84  134.66
 175.42   70.75
 175.43  141.49
 177.07  118.70
 177.24   54.65
 177.36   88.60
 177.55  127.97
 177.60  171.84
 177.76  150.25
 177.81  135.18
 177.93  142.28
 178.21   68.35
 178.78  110.38
 179.61  164.28
 179.85   89.20
 180.90  157.01
 180.95   58.08
 182.16  114.72
 182.29   75.84
 182.75  130.08
 182.80   67.06
 182.86  152.18
 183.21   94.14
 183.25  155.69
 185.02   63.05
 185.84  119.04
 186.02  128.85
 186.10  128.49
 186.21  133.47
 186.58  142.21
 187.77  153.95
 187.81  166.81
 187.90  120.42
 187.96  159.31
 188.35  121.71
 188.61   69.63
 188.75  113.35
 189.47  138.10
 190.24  176.24
 191.27  118.29
 191.61  127.74
 192.01  133.99
 192.42  148.08
 192.45  141.63
 193.08   76.21
 193.28  171.82
 194.06   99.87
 194.65  114.43
 195.35  157.75
 195.94   75.51
 198.25  150.56
 198.31   80.00
 198.35   79.98
 198.80  101.33
 200.84  172.38
 201.12  145.50
 201.72  154.04
 203.05   89.63
 203.26  169.47
 204.19  157.69
 207.53   88.43
 208.89   83.75
 211.38  149.02
 211.85  154.78
 212.59   97.43
 213.94   79.20
 215.54   97.76
 215.96   91.29
 216.09  173.41
 217.13  124.99
 218.13  149.37
 218.57  166.99
 219.29   95.05
 225.91  170.67
 227.46  164.39
 227.75  129.57
 227.93   98.64
 227.99  147.78
 228.63  136.74
 234.22   97.10
 234.26   71.05
 235.37   46.23
 235.40   81.40
 236.58  111.65
 236.89  180.76
 236.96   85.58
 237.03  165.74
 238.26   45.06
 238.83   68.79
 241.04  113.17
 241.46  137.83
 241.63   98.55
 242.00   64.18
 242.59   68.78
 243.48  157.92
 243.95   96.09
 245.77  183.03
 245.83  166.35
 246.68  185.85
 246.85  100.93
 246.88  155.64
 246.97  184.01
 247.06   85.82
 248.43   61.47
 249.21   87.01
 249.23  140.36
 249.26  140.42
 249.30  147.10
 249.46  146.31
 250.53   95.95
 251.21  115.98
 251.64  180.94
 251.70   91.41
 252.16  106.07
 254.22  117.65
 255.17  159.45
 255.94   54.81
 256.12  100.29
 256.26  128.11
 256.33  101.60
 256.42   86.98
 256.80  135.34
 256.83   92.58
 256.88   58.99
 258.91  108.05
 259.41  123.49
 259.60   57.06
 260.53  147.92
 261.12   52.43
 261.37  131.55
 262.51  185.15
 263.66   62.18
 265.26  103.33
 265.61  181.45
 266.02  127.00
 266.06  153.41
 266.06  137.48
 266.08   96.34
 266.40  164.31
 266.52   84.55
 266.79  150.26
 266.83  126.18
 267.17  117.30
 267.27  117.35
 268.54  130.58
 268.54  121.69
 269.63   49.18
 269.89  103.53
 270.19  166.29
 270.53  183.68
 271.49  131.69
 271.62  136.80
 273.00  118.38
 273.10  110.28
 273.17   58.51
 273.35   58.75
 273.76  162.79
 274.01  128.59
 274.93   46.18
 275.87  149.87
 275.90   54.78
 277.09   42.89
 280.55  157.88
 280.83  137.61
 282.67  112.27
 284.94  139.80
 285.69  178.94
 285.94  162.08
 286.48  154.14
 287.26  136.22
 290.27  155.61
 290.80   29.87
 291.16  135.75
 293.27   38.60
 294.66  124.41
 295.09  139.69
 295.13  145.28
 295.90   24.91
 297.31  112.52
 298.32  118.32
 299.57   23.69
 299.72  122.46
 299.85  146.90
 301.32  134.31
 302.56  138.46
 302.71   35.24
 304.78  148.14
 304.80   76.84
 305.39  110.32
 307.44   25.93
 307.85  171.71
 308.44    9.38
 312.77   12.83
 316.83  174.55
 318.60   12.62
