   8.78   72.97
   9.77   69.09
  11.26  128.16
  16.75   72.22
  20.35  165.89
  21.08  121.49
  22.31  132.56
  23.74  163.23
  24.46  143.79
  25.11  148.19
  25.64  171.17
  25.85  178.02
  26.59  135.95
  29.51  129.48
  29.53  141.68
  30.61  182.56
  32.61  178.54
  32.86  209.48
  33.29  106.26
  36.42  158.07
  37.65  110.64
  37.87  179.28
  37.98  102.42
  38.24  174.27
  38.87   94.39
  39.08  147.93
  39.10  210.97
  40.41  154.34
  41.39  124.43
  41.93  107.62
  42.00  127.90
  42.99  102.10
  43.30  183.58
  43.56  184.07
  43.80  178.59
  43.90  138.42
  44.71  157.00
  45.07  150.13
  45.52  133.58
  45.63  207.66
  46.23  118.18
  46.44  176.90
  48.39  182.98
  48.82  152.17
  49.62  120.38
  49.87  131.26
  50.01  179.64
  54.41  150.60
  56.55  155.36
  57.08  158.43
  57.55  144.50
  59.06  183.96
  59.23  147.67
  60.61  179.94
  61.27  129.80
  62.13  156.60
  62.72  153.21
  63.13  143.93
  63.60  119.90
  64.78  125.53
  65.56  180.62
  65.66  151.55
  68.83  157.60
  68.86  123.47
  69.13  151.11
  71.00  153.88
  72.06  120.06
  72.23  184.43
  72.83  124.55
  73.17  116.72
  73.47  132.64
  73.74  162.26
  74.82  153.18
  75.36  147.49
  76.32  140.28
  76.61  129.22
  76.95  159.84
  78.09  175.94
  78.11  184.24
  78.85  153.56
  80.73  136.37
  81.61  152.72
  83.31  184.21
  83.71  121.10
  84.65  147.71
  85.03  167.30
  87.12  126.88
  89.60  147.21
  90.61   72.85
  90.76  127.25
  91.70  120.53
  92.85  177.44
  93.08  172.04
  93.16   84.07
  93.21  173.77
  93.42  145.63
  93.59   74.75
  94.59  180.37
  95.35  125.70
  95.62  116.90
  95.86  129.33
  97.07   85.05
  97.13  174.60
  97.45  132.53
  99.27  120.78
 100.61   78.58
 101.15  207.63
 101.69  129.82
 101.92  150.42
 101.96   85.55
 102.11   79.99
 102.39  128.05
 103.45  125.25
 104.46  132.38
 106.11  155.19
 106.98  120.15
 107.09  179.64
 107.15  126.03
 107.59   83.85
 108.70  133.53
 109.61  163.05
 110.36  181.57
 110.57   74.91
 111.93  176.05
 112.56  148.11
 113.69   82.13
 113.89  120.05
 114.14  127.30
 114.81  175.85
 114.97   95.74
 115.11  145.40
 115.67  181.55
 116.00  153.51
 116.64  149.42
 116.74  136.07
 116.81  136.51
 116.86  168.33
 118.59  163.86
 119.07  130.73
 119.12   93.90
 119.23  179.26
 119.78  138.93
 121.93  140.88
 121.97  158.01
 122.00  152.20
 122.44  144.62
 123.01  132.25
 123.26  175.34
 123.55  163.13
 124.37  203.21
 124.46  156.18
 125.03  139.14
 126.83  173.13
 128.67  178.04
 128.95   86.94
 130.46  145.68
 130.54  145.04
 130.61  171.84
 131.35  204.75
 131.65  166.79
 132.93  131.75
 135.24  175.32
 135.91  168.26
 136.18  201.22
 136.57  117.72
 136.68  147.59
 137.29  178.27
 137.63  172.52
 137.63  164.21
 140.21  177.76
 140.28  211.37
 141.14  173.84
 141.26  155.36
 141.56  204.55
 141.63  192.25
 145.54  159.44
 146.14  208.18
 148.93  157.34
 148.98  167.25
 150.51  164.43
 151.81  171.87
 152.18  167.10
 153.55  128.78
 154.28  109.95
 155.35  127.41
 155.94   91.61
 157.57  175.57
 157.73  166.85
 157.96  172.19
 163.87  203.51
 165.06  166.69
 166.36  138.99
 169.75  166.72
 170.71  153.76
 170.71  175.13
 170.85  119.45
 170.90  172.03
 172.60  205.17
 174.19  163.90
 174.38  157.13
 176.80  113.23
 177.36  158.35
 177.37  118.42
 178.56   91.81
 178.82  164.91
 179.61  162.54
 179.69   67.98
 181.28  204.81
 181.96  135.04
 181.97  140.26
 182.06  140.05
 183.78  176.09
 184.85   82.75
 185.97   85.09
 186.92   76.34
 187.08  145.76
 187.13  154.52
 188.01  170.29
 189.63   60.28
 189.92   89.73
 190.54  175.73
 190.60   85.98
 190.75  134.23
 190.87  138.38
 191.12  154.66
 191.48   92.23
 191.78   95.65
 192.40  172.62
 194.28  144.21
 194.38  175.81
 194.65   91.52
 195.01   81.29
 195.02   86.61
 195.32   96.81
 195.36   70.13
 195.47  121.13
 196.01   99.96
 196.66   79.70
 197.38  125.82
 199.38  128.66
 200.11  117.19
 200.21  204.79
 200.33   85.29
 200.70  131.34
 200.75  153.21
 203.12   69.95
 203.31   76.08
 204.05  126.55
 204.20  120.74
 204.88  173.84
 204.98   84.45
 206.71  163.23
 208.03   67.36
 208.07  124.01
 210.72  131.52
 211.01  182.21
 211.28   64.87
 211.41  120.65
 211.84  133.42
 212.44  157.45
 212.84  127.68
 213.25  163.32
 214.39  149.21
 214.51  174.64
 215.17  117.15
 215.48  124.66
 216.65  172.18
 216.97  177.33
 217.12  164.18
 218.03  167.58
 218.28  127.95
 218.58  120.15
 221.66  177.46
 222.40   71.62
 222.56  150.98
 223.02   63.54
 223.43   69.75
 224.03  126.52
 224.53  183.25
 224.58  172.72
 225.06  146.89
 225.10  119.51
 225.36   65.05
 226.90  174.64
 227.09  153.75
 227.45  153.58
 228.10   67.09
 228.57  133.05
 228.91  150.06
 229.34   83.34
 229.75  184.02
 231.22   81.46
 231.59  136.18
 232.43  171.55
 233.25  174.26
 233.80  101.62
 234.17   56.94
 234.44   84.56
 234.47   52.73
 235.23  136.84
 235.43   44.81
 235.48   48.01
 235.77  184.31
 236.74  150.77
 236.95  181.06
 237.13  151.10
 237.19  123.03
 237.31   37.04
 237.67  154.18
 238.32   56.99
 238.36   50.35
 238.71  167.47
 240.21   65.62
 240.62   70.95
 242.26   86.76
 243.19  133.49
 243.60  150.27
 243.69  184.32
 244.22   39.88
 244.47   78.71
 244.87  144.26
 245.79   37.08
 245.80   52.56
 245.96  177.13
 246.01   56.89
 247.14   96.72
 247.55  149.09
 248.31   38.25
 248.35   55.85
 248.40  142.96
 248.48  129.86
 249.09   45.31
 249.41  105.49
 249.51  111.77
 249.55   97.99
 249.58   73.26
 250.07  105.55
 250.39   55.57
 251.07  162.20
 251.09  152.28
 251.11   70.33
 251.30   64.91
 251.52  102.16
 251.68  146.81
 251.81   85.47
 252.40  129.37
 252.57  155.49
 253.01   49.56
 253.53   32.62
 253.54  107.69
 253.71   97.17
 253.91   36.96
 254.11   88.11
 254.87   24.69
 254.90  206.63
 255.76  169.54
 256.24   53.34
 256.37  135.68
 256.66  147.73
 256.70   27.46
 256.90  158.03
 257.05  203.22
 257.23   68.23
 260.24   55.25
 261.55   73.63
 261.73  166.52
 261.86   83.75
 262.28   55.90
 263.55   41.58
 264.36  115.74
 264.38   74.54
 264.96   83.62
 265.40   54.86
 265.70  170.00
 266.09  107.37
 266.20   97.26
 267.26  157.53
 267.47   77.33
 267.57  181.89
 268.29  153.89
 269.28  144.48
 270.04  123.24
 270.59  101.14
 270.93  163.80
 272.38  117.94
 272.53   75.01
 272.82  123.27
 273.35  154.58
 273.41   14.35
 273.44   31.03
 273.47   25.98
 274.11   60.62
 274.90   89.10
 275.06    8.69
 275.09  100.68
 275.11   66.81
 275.12  212.68
 275.15  159.01
 275.37   73.74
 275.81   83.66
 275.85   83.61
 275.93   49.79
 275.94  101.81
 276.15   57.37
 276.31  122.57
 277.12   42.59
 277.35  182.75
 278.76  148.23
 279.05  132.99
 279.76  107.18
 280.69   48.65
 281.31  178.99
 283.11   28.04
 283.72  154.55
 284.86  211.67
 285.43  162.27
 285.99   58.93
 286.62   64.38
 286.82   43.57
 287.27   78.78
 289.12   56.51
 289.49   91.87
 291.38  101.23
 291.47  154.19
 292.51   86.22
 293.00    8.41
 293.09   53.76
 293.37   25.58
 293.43   58.47
 293.64   20.78
 293.72  144.74
 294.72  165.93
 295.29   16.33
 295.47   65.25
 295.92   53.72
 296.34  156.23
 296.98  125.04
 297.15  144.47
 298.65   87.78
 299.80   97.00
 300.68  125.49
 300.85  157.41
 302.16   46.45
 302.84  115.77
 304.99  171.75
 305.47  181.19
 305.91   33.02
 306.95    8.32
 307.30   68.08
 307.37   18.03
 308.27   39.67
 308.71  206.71
 308.73   29.89
 309.86   50.13
 310.04   55.95
 310.56   14.91
 310.96   79.28
 311.06  111.11
 311.77   89.99
 311.93  100.57
 311.95   43.97
 311.97   36.75
 312.53  141.08
 312.77   49.34
 312.96  117.42
 313.59  106.45
 313.64  160.78
 313.74   60.75
 314.64   26.39
 315.67  182.09
 316.78  100.57
 316.95  175.71
 317.36  158.98
 317.41  207.34
 319.72  104.47
 320.26  158.06
 320.69  204.53
 322.06   72.27
 322.12  165.42
 322.83  168.41
