   7.68   18.68
   8.43   21.77
   8.85   16.14
   9.19    9.95
  16.70  237.84
  18.85   12.09
  18.96   57.78
  20.52    7.45
  21.87   18.47
  22.66   14.52
  24.34    8.85
  26.44   60.95
  27.84   19.52
  31.26   28.06
  31.99   11.45
  33.43   30.77
  34.80   72.01
  41.02   14.67
  41.41   11.76
  60.04  140.62
  76.28   84.05
  77.13  170.34
  81.81  108.43
  82.02   88.95
  87.90  170.24
  93.30   92.57
  97.07  171.71
  97.88   80.50
  99.56   86.27
 101.14   87.53
 131.37   58.17
 134.29   76.23
 136.05   56.89
 138.74   62.37
 140.26   59.65
 140.45  169.50
 143.17   85.89
 145.17   61.25
 145.25  131.41
 146.62  135.61
 148.73  132.42
 151.34   64.96
 154.34   63.36
 155.55  166.80
 155.84   58.97
 157.22  163.51
 160.68  164.96
 160.95   48.52
 167.12   55.66
 169.66  164.38
 173.61   50.51
 174.92   69.33
 176.28   53.66
 177.70  166.91
 180.99  164.92
 182.46   23.87
 182.86  133.60
 183.97  166.88
 184.17   30.18
 189.52  165.65
 191.20   51.93
 194.80   38.26
 196.99   49.87
 203.52  142.40
 204.06  173.60
 207.65   29.23
 213.44  124.92
 213.61  118.80
 214.15  163.89
 214.75  122.23
 215.26  136.77
 215.79  176.23
 215.88  120.07
 216.91  109.15
 217.65  162.14
 218.35  159.26
 218.57  180.07
 218.63  113.84
 219.12  105.78
 220.63   84.14
 224.17  174.58
 227.01  159.94
 228.75  164.62
 228.75  168.51
 230.97  171.09
 233.64  169.26
 236.64  247.88
 238.35   77.20
 239.48   85.29
 241.41  171.10
 242.88   78.64
 243.55  246.73
 247.26  160.72
 249.67  158.29
