   6.79  248.46
  10.17   50.56
  10.63  215.51
  11.12   53.57
  11.48  220.26
  14.74   53.28
  16.78  177.02
  17.98  219.62
  18.71   38.29
  19.70  223.08
  20.01   37.41
  20.57  129.70
  24.65  205.74
  26.41  233.35
  27.16   46.64
  27.19  219.86
  28.20  128.46
  28.23  224.90
  28.34  222.33
  28.38  226.63
  29.17  219.60
  29.82  215.78
  30.48  230.32
  31.76  225.67
  32.22   41.83
  32.22  137.54
  32.75  210.32
  32.92   45.29
  33.43  209.44
  33.57  219.31
  33.62   27.73
  35.02   32.95
  35.23  203.44
  36.06   29.20
  37.30   26.28
  39.84  228.75
  40.35   35.19
  40.97  210.28
  44.01  125.74
  44.07  135.31
  44.17   42.17
  44.80  243.38
  44.84   59.55
  45.19  237.64
  45.61   30.66
  48.48  216.39
  48.85   52.84
  49.32   24.43
  49.64  233.82
  50.49  246.43
  50.86  126.80
  51.65   34.95
  51.94  124.29
  52.68   44.22
  53.62   26.21
  53.91  205.82
  56.26   19.41
  57.13  226.16
  57.91  125.72
  59.07  122.37
  59.10   21.81
  59.87   28.60
  60.01   47.46
  61.66  124.36
  61.76  127.92
  62.84   46.33
  63.45  221.84
  63.97   36.47
  64.13  247.33
  65.37   29.17
  66.26   43.14
  66.45  125.30
  68.01   41.90
  68.09  128.48
  68.16  230.66
  69.81   38.95
  72.52  211.84
  73.02  222.77
  73.45   31.97
  73.81   40.01
  74.69   34.93
  75.15  231.42
  77.06  139.35
  77.31  210.36
  77.55  228.89
  77.72  245.72
  78.60  221.13
  79.32   36.54
  79.69   47.20
  80.16   47.23
  80.58  230.46
  80.67  225.73
  80.99   27.00
  82.74   39.48
  82.77  211.20
  83.10   31.63
  84.97  246.82
  86.10  221.07
  86.54  212.71
  87.77  140.09
  88.22  215.06
  88.44  246.79
  88.56  151.78
  90.70  236.53
  91.10   43.48
  91.75   36.58
  94.11  212.20
  94.14  114.14
  94.43   28.61
  94.52  154.34
  94.78   33.83
  97.49  243.54
  97.70  232.92
  98.63  150.58
  99.53   16.55
 100.09   25.72
 100.29  236.46
 101.36   32.72
 101.52   20.51
 101.95   24.41
 102.84  153.01
 103.18   51.13
 104.76  184.30
 105.26  139.12
 106.79   40.01
 106.85   36.79
 107.89  239.14
 108.59  141.84
 110.65   29.07
 111.45   46.36
 114.20   27.41
 114.36   51.93
 115.92  182.12
 116.06  155.73
 116.39   22.80
 116.58  210.49
 116.74  114.53
 116.81  150.12
 117.81   49.96
 118.22   41.03
 119.41  206.80
 119.53  125.82
 121.21  156.23
 121.51  182.83
 121.58  126.44
 121.58  223.19
 122.16   42.89
 122.16  141.80
 122.36  204.45
 122.41  231.94
 123.78  130.63
 124.20   49.02
 124.85  230.46
 124.88  144.03
 124.95  247.49
 125.26   35.31
 126.17   45.47
 126.53   53.82
 126.73  203.18
 127.09   23.79
 127.92  242.52
 128.29  151.96
 128.46  139.40
 128.46  113.81
 128.51   47.01
 128.74  237.20
 129.08  194.06
 131.00   48.04
 131.33  208.98
 131.43   14.79
 132.53  185.58
 132.64   38.51
 132.80  177.29
 132.97   43.78
 133.35   43.72
 133.59   56.23
 135.24  231.20
 135.62  121.57
 135.74  116.54
 136.08  199.99
 136.15  217.59
 136.89   37.79
 136.97   50.90
 137.02  151.21
 137.65  202.85
 138.52  188.21
 139.25   43.97
 139.48  221.16
 141.34  120.38
 141.36  110.68
 141.45  236.82
 141.58  110.41
 141.75  233.90
 141.89  241.94
 142.06  226.40
 143.46  183.81
 144.93   40.77
 145.06  151.95
 145.12  208.17
 146.14   45.92
 146.36   22.55
 146.39  211.86
 147.22  115.54
 147.38  155.66
 147.49   19.06
 149.65  138.94
 150.23   33.38
 150.30  138.71
 150.37  197.35
 151.02  125.46
 151.77   46.10
 152.13   18.94
 152.20   22.66
 152.66  177.69
 152.79  212.68
 153.21   53.19
 154.19   41.72
 154.38  187.99
 154.39   15.40
 154.55   36.45
 155.29  188.01
 155.58  129.53
 155.94  181.05
 156.01   55.65
 156.44  110.16
 156.49  125.29
 156.60  216.66
 156.66  113.05
 156.94  216.30
 157.40  218.91
 157.49   57.88
 157.69   31.29
 157.97  154.67
 158.29   47.09
 158.45  178.53
 159.11   27.29
 159.61  148.83
 160.49   21.61
 160.67   11.01
 160.99   63.29
 161.27   52.34
 161.49  239.41
 161.53  157.00
 161.75  110.02
 162.22   38.83
 162.39  176.05
 162.75  175.18
 162.97   24.71
 163.09   41.61
 163.46  123.83
 164.91  136.51
 165.04  212.33
 165.34  190.45
 165.39  161.07
 165.87   17.85
 166.00   53.30
 166.01   28.08
 166.02  150.02
 166.04   46.81
 166.07  125.87
 166.59  234.40
 167.21  237.73
 167.27  187.42
 167.29  122.81
 167.53   23.67
 168.18  214.16
 168.24   31.12
 168.43  214.24
 168.84  190.94
 168.87  184.49
 169.25  138.46
 169.56   70.30
 170.05  224.14
 170.22  241.96
 170.70  154.03
 171.87  220.54
 171.95   36.27
 172.59   25.92
 173.06  245.59
 173.08   32.36
 173.12   41.76
 173.18  177.16
 173.55   17.34
 173.73  152.18
 173.90  161.00
 174.88   22.31
 175.10  155.11
 175.25   66.88
 175.65  208.94
 175.79   45.68
 176.20   31.70
 176.32  178.12
 176.37  248.07
 176.55  215.68
 177.34   14.86
 177.52  239.42
 177.72  233.16
 178.01   49.57
 178.35  222.29
 178.75  212.56
 178.79  219.30
 178.82  150.26
 178.98   33.77
 179.21  156.55
 179.27   21.45
 179.37   58.97
 179.52   11.14
 180.48   80.80
 180.59   29.21
 181.43   33.53
 181.45   39.95
 182.42  138.33
 182.51  226.50
 182.54  152.12
 182.76  246.70
 182.95  214.59
 183.34  173.21
 183.75   35.26
 184.03  202.78
 184.32  238.28
 184.54   70.95
 185.26   41.46
 185.36  163.55
 185.64  233.00
 185.80  151.17
 185.80   15.26
 185.85  235.60
 185.97  169.63
 186.10   55.64
 186.11   29.14
 186.57  157.73
 187.46  188.13
 187.61   14.75
 189.64   46.07
 189.64  171.83
 190.32  208.27
 190.54   32.79
 191.07   69.63
 191.46   11.14
 192.01  240.03
 192.36   41.37
 192.51  231.42
 192.83  247.36
 192.84   30.60
 193.21   72.99
 193.21  144.03
 193.96  154.67
 194.02   83.23
 194.78   19.97
 195.38  191.88
 195.45   39.23
 196.12  184.90
 196.16  129.97
 196.92   69.46
 197.79  134.58
 197.85   13.39
 198.26   27.12
 198.37  228.44
 198.58   44.97
 198.96  240.46
 199.20   22.64
 200.21  232.77
 200.29  128.92
 200.45  189.45
 200.71  243.19
 200.75   31.04
 200.81  236.39
 201.41   15.76
 201.68  161.19
 201.70  164.00
 202.12   36.03
 203.04   60.82
 203.10   40.62
 203.33   51.22
 203.67   26.14
 204.59  221.64
 204.73  159.42
 204.92  237.55
 205.40  247.79
 205.64   20.38
 206.26  247.68
 206.62  244.18
 207.16  162.81
 209.33  172.07
 209.78  149.69
 210.62   57.34
 211.01  234.73
 211.08   81.61
 211.13   20.59
 211.77   45.30
 211.94  159.60
 212.40   25.42
 213.25   11.52
 213.76   25.05
 214.45  240.12
 215.27   46.41
 215.34   20.31
 215.37  170.01
 215.67   52.33
 215.95  236.22
 217.08  158.51
 217.55  248.05
 217.61  142.04
 217.65   65.43
 218.26  173.66
 218.55   52.86
 219.84   83.13
 220.22   16.83
 220.61   19.91
 220.68   34.12
 220.91   28.33
 221.46   24.51
 221.66   41.30
 221.96  238.73
 222.18  108.69
 222.44  139.56
 223.44  218.58
 223.65  241.47
 224.32   98.12
 224.35  182.50
 225.00   23.44
 225.46   61.83
 225.71   44.55
 226.36   27.44
 226.44  163.47
 227.04   52.19
 227.07   55.89
 227.32  231.36
 228.03  186.53
 228.06   39.40
 228.38  243.66
 228.45  112.49
 228.54  236.25
 228.54   21.86
 228.84  120.31
 228.95   47.97
 229.02   62.87
 229.29  239.50
 229.34   57.74
 229.50  197.13
 230.59   39.51
 230.70  204.13
 232.53  114.47
 232.64  183.68
 233.30   41.21
 233.98  131.03
 235.00  243.03
 235.53   63.24
 235.76  106.91
 236.11   30.95
 236.47  247.50
 236.50   37.64
 236.85   30.13
 238.36   23.81
 238.71   47.59
 239.24  166.00
 241.43   48.92
 241.58  186.94
 241.62   52.69
 243.31  173.83
 243.91   11.68
 245.19   63.29
 245.79  242.37
 247.28   36.71
 248.05   32.00
 248.14   19.04
 248.35   55.23
 249.08   66.79
 249.27  184.41
