  11.06  124.65
  21.98  128.70
  27.96  134.22
  36.49  130.01
  41.84  127.35
  44.18  130.99
  47.39  134.06
  48.53  126.80
  50.60  134.21
  53.51  128.56
  56.85  120.99
  57.64  129.67
  58.13  125.78
  61.08  124.27
  61.58  131.19
  64.53  131.56
  68.10  125.57
  71.24  133.87
  82.25  130.70
  82.54  126.15
  89.96  130.57
  90.51  119.24
 101.27  122.14
 120.58  123.92
 121.53  125.88
 122.21  128.65
 124.18  120.26
 134.32  120.20
 137.77  118.19
 144.53  125.48
 151.49  125.11
 152.46  121.08
 155.92  110.74
 161.05  110.77
 174.97  114.69
 179.15  122.46
 179.28  122.93
 183.60  122.97
 183.65  116.71
 183.67  122.38
 194.85  123.23
 197.58  133.39
 199.43  123.41
 201.27  131.35
 203.57  119.62
 204.71  122.06
 208.78  127.83
 210.96  123.37
 212.56  133.20
 215.04  125.06
 215.68  129.50
 219.43  122.55
 226.19  121.56
 230.22  119.28
 232.18  130.81
 234.48  126.59
 236.54  128.42
 237.25  131.13
 247.39  126.18
 248.95  118.95
