  15.71  118.91
  25.55   75.00
  25.60   63.85
  39.06  104.87
  48.28   94.15
  49.84  102.75
  55.53   94.46
  59.23  120.80
  62.90   95.55
  63.05   95.62
  66.74  122.04
  67.56  120.60
  69.26  100.93
  69.53   95.54
  75.47   50.72
  75.86   55.96
  77.53  113.36
  80.46   74.28
  86.43  117.82
  87.83   99.28
  91.27  122.22
  93.95  126.88
  99.16  109.40
 100.73  113.10
 106.20  109.69
 107.39  120.89
 108.77  102.17
 109.99  124.06
 112.21  113.14
 112.54   91.00
 115.14   94.04
 117.77   96.64
 118.63   88.88
 123.36  115.50
 124.75  100.93
 124.92  113.22
 125.74  107.86
 127.32  107.02
 127.42   85.13
 128.27  125.38
 129.92   91.75
 129.94  117.72
 130.98  123.18
 132.32  168.75
 132.36  146.61
 133.51  102.26
 134.86   98.65
 137.33  164.59
 138.99  109.53
 141.02  140.35
 141.26  156.21
 144.16  127.75
 144.76  160.15
 147.21  192.34
 148.64  156.49
 148.98  118.99
 154.38   65.83
 155.66  102.42
 155.91   72.83
 156.02   72.56
 158.78   95.89
 161.36  106.38
 163.35  109.30
 166.84  139.02
 168.50  112.31
 172.27  139.48
 172.69  122.04
 173.26  183.79
 173.73  109.81
 173.83  105.42
 174.89  139.91
 177.24   99.09
 177.28  129.52
 177.52   95.96
 178.00  178.41
 178.42  133.11
 178.93  120.63
 180.23  103.42
 181.53  191.84
 183.71  103.44
 183.83  195.50
 184.11  128.60
 184.22  132.05
 186.84  193.80
 187.32   93.18
 187.76  104.51
 189.13  129.65
 190.11  174.95
 193.43   91.44
 194.73  132.81
 195.07  109.53
 197.81  103.46
 198.02  114.65
 199.76  101.58
 203.17  107.49
 204.01  137.85
 204.47  124.60
 207.08  110.46
 207.23  108.67
 208.10  100.55
 208.74  113.83
 209.06  103.64
 209.81  205.90
 211.78  198.90
 213.64  173.82
 215.55  170.93
 219.19  187.05
 220.62  204.30
 222.34  184.93
 224.52  194.66
 225.08  105.34
 225.42  187.57
 226.94  127.56
 226.98  199.88
 229.03  188.23
 233.38   91.85
 234.42  185.75
 240.99  100.68
 243.65  186.57
