  11.22  229.33
  18.19  223.96
  21.30  246.94
  29.38  237.73
  54.55  203.93
  58.53  170.28
  59.75  217.46
  62.24  190.24
  83.99  171.44
  88.22  183.42
 111.11  207.57
 114.32  186.97
 139.05  201.57
 142.94  210.18
 143.90  201.78
 146.22  204.45
 146.90  201.85
 154.09  204.83
 156.58  201.63
 159.43  205.33
 165.66  207.48
 168.28  248.11
 169.05  245.25
 170.57  204.50
 172.10  199.01
 173.04  199.76
 178.47  249.17
 180.91  249.54
 181.84  209.49
 182.65  240.95
 184.42  248.96
 185.14  203.44
 188.45  200.83
 188.93  183.13
 189.19  204.88
 190.90  244.63
 192.42  211.74
 199.13  205.97
 204.33  246.55
 208.08  201.02
 210.13  242.98
 211.73  202.51
 226.12  201.17
 228.76  241.71
 233.54  240.05
 240.00  239.14
 242.46  235.23
 245.62  238.31
