   7.85  175.02
   9.36  178.03
  16.10  175.25
  17.74  165.66
  19.90  174.73
  21.66  168.52
  25.07  172.67
  25.46  177.76
  25.58  172.60
  30.76  169.49
  32.11   96.26
  34.26  168.74
  37.15  184.07
  41.14  169.69
  42.92  174.34
  45.31   88.62
  50.18  179.53
  57.43  175.61
  58.21   20.52
  61.78  176.18
  63.74  174.71
  64.67  183.72
  65.59  178.33
  70.18  175.20
  76.97  178.09
  85.20  163.37
  87.87  167.50
 101.39  171.61
 101.93  182.66
 102.51  175.86
 112.15  172.92
 113.01  176.42
 114.68  183.40
 115.60  173.33
 119.66  179.34
 123.67  183.23
 131.67  168.20
 132.53  167.12
 144.57  162.94
 157.91  162.37
 163.63  137.44
 163.87  148.83
 169.43  135.92
 170.46  167.28
 178.93  136.90
 182.84  146.05
 185.58  179.41
 186.68  162.72
 187.11  167.60
 202.49  144.25
 232.21  175.07
 239.69  126.85
