  24.77  176.87
  29.47  178.40
  37.18  183.91
  37.44  183.38
  38.97  227.18
  48.55  233.92
  48.75  176.78
  48.77  224.41
  50.75  217.39
  52.02  181.72
  55.12  214.19
  57.63  232.90
  57.89  185.79
  58.64  193.49
  59.59  210.46
  65.23  209.30
  70.21  209.70
  73.60  218.05
  74.45  245.26
  75.83  209.54
  79.86  222.90
  83.89  214.29
 100.16  204.20
 101.19  243.09
 105.23  244.79
 107.30  207.11
 109.81  204.41
 126.53  211.89
 128.75  245.77
 135.83  211.78
 140.62  196.95
 142.24  202.22
 144.35  219.24
 145.88  215.07
 147.74  202.13
 148.20  210.07
 151.20  186.09
 151.68  192.41
 151.78  220.48
 152.31  192.74
 155.12  178.83
 155.30  207.90
 155.69  229.68
 157.24  225.10
 166.88  179.98
 172.81  198.13
 175.48  176.04
 186.98  171.74
 194.60  172.06
 206.80  174.50
 208.05  183.18
 211.18  179.67
 212.68  176.51
 214.88  178.13
 219.75  183.91
 219.90  218.43
 221.75  192.82
 222.79  218.80
 224.05  192.12
 225.87  224.01
 227.15  191.69
 231.12  220.06
