  12.97  209.11
  15.39  176.30
  16.24  172.32
  16.67  208.16
  20.98  219.92
  24.59  164.23
  26.75  172.85
  27.10  177.95
  28.37  187.65
  29.19  204.10
  29.20  178.55
  30.73  160.70
  31.29  185.05
  33.73  171.28
  34.16  178.76
  34.75  161.98
  36.85  165.03
  37.49  205.42
  38.39  209.71
  38.74  176.49
  39.15  183.80
  40.40  201.58
  41.97  193.37
  42.91  200.06
  44.76  161.46
  44.86  185.89
  45.09  161.53
  45.30  158.20
  45.91  166.19
  46.67  181.53
  49.15  201.28
  49.32  176.72
  50.28  158.30
  50.72  181.03
  51.51  160.65
  51.88  183.52
  54.66  190.25
  54.79  158.24
  55.10  190.46
  55.63  165.42
  59.90  164.91
  60.14  198.64
  60.18  192.30
  60.56  175.92
  61.05  168.50
  61.87  123.62
  63.34  181.44
  65.60  188.90
  65.85  164.70
  67.48  226.00
  69.71  191.07
  72.79  194.83
  73.74  218.10
  74.21  181.13
  74.44  177.14
  74.65  198.92
  74.65  204.35
  75.69  165.23
  76.31  231.32
  76.90  161.89
  79.47  186.48
  80.55  194.53
  81.25  168.32
  84.06  174.57
  85.53  226.80
  85.74  166.91
  85.97  199.24
  86.34  180.78
  88.01  185.40
  88.20  185.38
  88.89  193.58
  90.25  189.97
  91.99  201.79
  92.27  201.79
  92.93  163.37
  93.22  179.13
  93.45  186.99
  93.54  229.94
  93.87  195.46
  94.23  190.30
  97.91  173.58
  98.06  198.65
  99.15  168.15
  99.51  234.57
 100.15  162.28
 101.42  195.06
 101.56  200.35
 102.85  206.31
 103.65  174.46
 105.68  231.24
 108.15  238.58
 108.18  183.84
 109.89  202.19
 112.81  185.88
 116.35  126.99
 117.00  231.15
 117.01  240.56
 117.55  176.73
 118.14  186.12
 118.86  237.88
 121.13  186.07
 122.16  201.77
 127.37  177.47
 130.11  227.44
 131.78  194.04
 132.89  233.16
 133.30  223.77
 133.55  187.22
 135.11  246.66
 135.92  220.29
 137.12  179.12
 137.24  223.36
 137.26  179.17
 139.43  236.46
 139.96  173.17
 140.49  232.69
 142.67  240.94
 142.75  223.48
 143.15  213.25
 144.90  190.73
 145.23  190.61
 145.74  210.96
 146.38  235.93
 147.33  230.27
 147.70  223.81
 148.99  188.14
 150.61  235.64
 152.11  228.94
 152.89  191.23
 153.31  165.29
 153.81  204.06
 155.62  181.68
 157.40  235.76
 157.81  198.35
 159.31  178.92
 160.22  188.92
 160.99  219.58
 161.28  231.94
 161.56  166.64
 161.63  181.49
 162.42  192.01
 163.63  184.39
 164.82  234.32
 165.46  179.01
 166.37  201.96
 166.50  229.69
 166.56  239.19
 167.41  220.08
 169.30  178.01
 169.70  205.17
 170.58  234.12
 171.23  224.82
 171.85  167.97
 172.61  197.31
 173.09  230.27
 173.48  216.53
 175.30  179.21
 175.53  219.48
 175.88  182.73
 175.95  226.91
 176.71  202.46
 177.49  160.84
 177.50  205.16
 177.94  199.21
 178.16  229.96
 178.69  222.18
 179.95  224.91
 182.40  166.50
 183.56  176.42
 183.71  240.28
 184.11  182.98
 184.47  209.18
 186.47  198.47
 189.69  187.37
 191.79  208.52
 192.97  183.52
 194.75  183.97
 196.79  195.80
 198.19  183.92
 200.06  228.83
 201.75  213.55
 201.92  232.52
 202.62  181.90
 205.13  187.61
 206.12  230.87
 209.00  210.52
 213.54  227.83
 213.63  188.16
 213.97  179.76
 215.24  181.28
 216.35  184.21
 217.60  222.54
 217.89  184.85
 218.79  204.64
 219.90  216.35
 223.10  189.18
 224.25  194.52
 226.72  221.72
 228.58  230.70
 231.55  204.89
 232.99  215.63
 235.13  222.28
 235.45  193.39
 235.84  185.83
 236.88  216.32
 240.71  216.79
 244.33  233.65
 245.03  191.02
 248.86  231.35
