  11.26  108.92
  13.28  161.80
  14.45  165.36
  15.42  218.73
  15.52  199.18
  16.13  115.91
  16.14  214.03
  17.61  218.09
  17.73  118.88
  17.79  133.14
  18.49  166.96
  19.08  168.14
  19.27  225.79
  19.58  222.08
  21.25  171.43
  22.67  219.03
  28.67  121.11
  29.16  182.95
  29.27  171.59
  30.55  175.12
  32.23  178.17
  35.15  121.19
  35.38  124.64
  36.30  183.28
  36.44  223.35
  37.68  175.49
  39.10  122.85
  40.14  223.05
  42.47  180.56
  42.75  122.75
  42.82  167.51
  43.21  224.90
  45.40  161.29
  46.53  127.53
  46.67  127.94
  47.12  226.46
  51.20  124.16
  51.45  124.95
  52.66  169.87
  54.81  182.76
  56.04  127.78
  56.08  127.60
  60.57  224.53
  62.04  128.03
  62.06  226.71
  70.26  164.71
  72.62  130.37
  73.59  164.71
  75.25  132.26
  76.00  229.60
  76.63  164.65
  78.01  129.94
  81.37  131.35
  86.24  170.17
  86.78  229.11
  88.36  130.50
  90.62  235.63
  91.43  233.18
  91.69  165.32
  92.74  230.35
  94.47  127.89
  94.58  127.32
  95.87  173.06
  97.17  145.67
  98.26  130.34
  99.83  160.98
 100.45  127.88
 102.07  130.32
 105.01  161.94
 107.01  183.58
 114.15  229.83
 116.33  162.56
 117.63  173.58
 118.55  223.59
 119.27  160.19
 120.34  136.84
 120.38  227.96
 121.32  185.65
 121.46  186.71
 126.18  133.89
 128.52  163.76
 129.66  223.14
 130.56  183.47
 131.49  161.08
 132.10  230.16
 132.89  223.68
 134.38  150.69
 134.44  131.98
 135.27  126.38
 136.95  167.50
 139.90  134.92
 140.79  164.45
 140.80  164.43
 143.04  135.22
 143.83  141.40
 144.29  228.19
 145.00  146.17
 147.39  233.90
 147.52  237.18
 148.63  164.47
 149.05  171.33
 149.38  143.04
 150.35  236.91
 150.45  146.45
 152.32  234.17
 153.57  155.62
 155.32  150.04
 157.07  145.11
 160.52  151.96
 161.07  161.46
 161.28  238.73
 162.80  239.04
 162.87  158.64
 163.30  236.61
 166.01  165.54
 173.07  160.73
 184.07  156.18
 184.41  152.09
 186.06  144.97
 187.64  152.59
 189.00  164.68
 190.99  226.23
 191.66  155.34
 193.24  223.57
 194.99  139.05
 195.07  242.54
 195.11  242.43
 196.42  221.49
 196.49  225.58
 199.48  218.52
 203.67  220.60
 209.07  138.31
 213.63  160.44
 215.78  246.43
 216.06  157.20
 217.97  244.34
 220.87  244.15
 221.59  154.10
 221.72  163.65
 223.15  158.77
 224.58  155.95
 225.26  134.86
 226.01  248.35
 226.64  246.11
 228.15  160.85
 229.89  154.39
 231.02  138.78
 234.83  197.14
 235.06  138.99
 235.22  215.27
 235.30  220.17
 235.45  163.58
 236.33  159.60
 237.82  142.01
 238.50  221.68
 238.97  225.81
 240.34  192.59
 241.96  221.52
 243.16  230.22
 246.59  150.90
