   7.68  115.78
  10.30  115.75
  11.16  205.38
  12.59  119.92
  12.97  201.67
  13.14  179.14
  14.06  221.02
  14.28  191.13
  14.79  182.25
  15.84  206.27
  17.02  122.38
  17.03  221.93
  17.64  225.74
  17.76  167.16
  20.23  168.31
  20.45  192.69
  20.78  210.60
  21.39  196.25
  23.24  225.16
  24.17  130.87
  26.53  158.94
  26.59  212.45
  27.73  174.41
  28.11  221.34
  28.51  242.47
  29.58  165.09
  30.14  219.05
  30.15  165.50
  30.35  206.90
  31.28  223.43
  33.25  240.50
  33.76  153.30
  34.97  201.10
  35.72  223.76
  37.01  138.24
  38.17  207.28
  38.19  189.98
  39.19  171.02
  39.99  192.70
  40.25  135.43
  42.14  157.71
  43.99  162.07
  48.84  164.47
  50.67  162.23
  52.49  207.10
  53.18  175.99
  54.18  168.09
  56.00  172.14
  58.07  139.34
  58.21  153.51
  58.24  161.90
  62.68  221.47
  63.69  170.97
  64.67  164.21
  66.29  145.72
  67.76  168.39
  68.72  142.70
  68.99  244.93
  71.81  160.98
  72.34  146.04
  74.68  142.87
  74.87  170.14
  76.14  145.48
  81.76  164.71
  83.76  171.02
  84.32  162.07
  85.42  229.79
  87.93  146.11
  88.78  171.22
  90.46  164.72
  91.90  144.91
  92.41  160.69
  92.70  245.18
  93.48  174.64
  97.22  164.79
  99.74  145.93
 100.02  244.43
 100.72  238.07
 101.27  164.92
 101.59  219.58
 104.96  248.81
 106.45  165.11
 107.14  149.34
 109.17  246.58
 109.61  179.74
 109.92  165.12
 110.42  170.50
 112.24  146.73
 112.80  176.75
 120.66  148.36
 125.07  148.56
 127.35  212.09
 134.53  173.91
 137.29  160.73
 137.69  240.59
 139.76  217.22
 143.52  150.87
 144.01  162.05
 144.68  229.19
 145.54  154.40
 147.06  231.53
 148.22  235.70
 149.19  164.69
 149.45  238.03
 151.03  230.19
 153.30  165.24
 156.19  238.28
 157.04  165.23
 158.44  221.94
 158.95  237.34
 159.95  162.13
 160.39  183.54
 165.18  243.91
 165.58  165.37
 165.72  162.47
 167.15  239.44
 171.91  226.74
 172.53  190.09
 173.04  184.09
 174.31  165.00
 175.32  222.81
 175.89  235.66
 176.45  241.28
 177.27  162.21
 180.98  228.31
 181.22  232.87
 182.63  184.36
 183.36  222.81
 186.61  191.26
 187.47  242.20
 189.08  188.09
 189.49  238.16
 190.28  235.36
 191.79  242.78
 193.80  225.04
 194.18  189.23
 198.56  234.46
 198.60  227.01
 198.64  243.02
 199.44  191.95
 201.80  205.34
 203.36  243.43
 203.47  190.29
 203.83  199.83
 204.54  221.39
 205.08  235.06
 208.50  232.50
 210.09  243.62
 211.46  180.22
 211.69  232.68
 212.26  190.68
 216.02  221.27
 217.31  195.63
 219.90  180.45
 220.68  236.67
 221.04  192.01
 222.38  219.06
 223.83  215.18
 225.85  220.09
 226.91  191.59
 226.96  234.98
 227.35  237.12
 227.83  230.55
 228.72  181.11
 229.05  200.44
 231.46  225.07
 231.48  210.88
 231.79  219.92
 232.70  228.73
 233.32  234.99
 234.86  210.30
 234.96  246.29
 236.51  215.76
 237.22  193.53
 238.67  209.44
 238.95  206.35
 240.92  221.42
 242.36  228.97
 242.57  211.89
 243.85  240.04
 244.14  217.37
 245.00  230.33
 246.26  198.11
 247.49  215.88
