  14.42  112.48
  27.40  163.90
  27.76  132.74
  35.61  138.90
  36.10  147.77
  38.84  162.69
  39.09  143.30
  41.49  113.13
  47.89  107.78
  60.81  113.29
  70.90  113.32
  72.49  117.38
  75.48  152.91
  77.01   28.64
  84.54  142.70
  85.04  143.84
  88.15  114.03
  89.03  161.79
  94.51  206.30
  95.68  147.81
 100.65  138.27
 105.93  133.16
 108.78  119.06
 111.60  114.22
 111.63  149.88
 111.65  113.97
 113.52  137.12
 113.90  118.35
 119.38  113.47
 123.83  113.72
 126.13  140.55
 127.92  118.77
 129.74  138.28
 133.57  113.47
 136.97  215.70
 136.98  215.68
 139.50  134.91
 141.26  148.02
 141.46  179.66
 142.14   97.40
 142.78  145.28
 143.22  132.48
 143.64  216.09
 145.73  117.87
 145.87  136.06
 146.25  113.75
 146.95  132.35
 147.69  140.89
 148.75  192.06
 149.05  102.87
 149.18  179.69
 150.17  123.02
 151.58  144.86
 151.73  231.95
 153.40  142.07
 156.48  191.95
 158.24  216.34
 158.69  216.11
 161.92  131.06
 163.27  215.87
 163.49  135.69
 166.42  118.30
 167.84  183.67
 168.23  120.30
 170.70  145.79
 173.45  134.53
 174.52  114.93
 176.12  215.51
 177.82  221.82
 180.01  131.06
 180.92  143.57
 181.75  115.19
 182.19  151.67
 182.37  215.19
 182.62   98.20
 182.78  140.91
 182.88  224.99
 183.29  134.68
 183.72  227.80
 183.82  105.00
 184.28  222.33
 185.82  203.28
 189.47  221.49
 190.42  115.42
 191.52  119.16
 191.59   60.19
 194.69  232.71
 196.55  197.75
 197.86  121.37
 201.30  196.97
 202.16  132.20
 202.41  193.85
 202.83  109.25
 203.11  114.73
 203.53  173.01
 203.67  134.47
 204.38  145.34
 204.63  118.42
 205.08  203.57
 205.85  156.39
 207.34  217.09
 208.37  219.85
 208.38  129.45
 211.30  207.94
 211.83  154.16
 212.57  116.03
 214.51  119.81
 215.22  214.20
 215.96  112.46
 215.98  197.33
 217.27  171.15
 218.94   60.83
 219.89  197.01
 219.90  115.08
 221.97  167.97
 225.64  115.52
 226.13   61.46
 228.00  112.43
 230.95  172.34
 233.81  201.09
 234.36  169.15
 236.22  114.25
 236.81  163.69
 241.55  110.53
 242.90  208.32
 248.82  170.29
