   7.03  225.55
   8.37  218.01
  14.29  232.57
  17.92  231.67
  19.51  218.35
  24.86  228.69
  48.74  233.22
  62.67  208.81
  66.08  224.68
  69.63  203.50
  70.39   76.73
  71.88  206.15
  74.08  207.93
  78.66  212.55
  78.81  212.62
  79.22   73.38
  80.93  219.02
  83.24  207.80
  83.89  207.84
  85.58  177.88
  87.69  207.93
  92.01  203.43
  93.75  210.88
  94.42  198.79
  96.60  201.92
  99.28  192.70
 100.23  200.11
 101.97  175.75
 102.97  186.48
 105.68  196.41
 106.23  193.01
 107.19  199.73
 109.27  195.82
 111.33  170.80
 114.07  160.77
 114.58   88.67
 118.05  159.92
 120.28  163.78
 120.35  147.12
 123.63  142.56
 124.15  196.94
 124.80  188.60
 125.72  153.47
 126.60  194.02
 128.57  190.22
 128.61  121.73
 129.42  140.85
 130.25  154.38
 131.81  183.03
 136.67   89.11
 139.18  185.27
 140.29  136.25
 141.06  103.64
 141.93  165.86
 142.43  127.69
 144.66  133.54
 145.96  106.96
 146.86  113.25
 146.93  139.59
 146.99  139.57
 147.92  179.91
 148.05  176.04
 148.47  108.21
 150.15  153.20
 150.22  122.64
 151.22  131.62
 152.37  173.11
 152.40  105.42
 153.25  111.50
 154.79  114.69
 155.30  175.73
 156.43  143.74
 159.28  171.49
 159.59  119.24
 161.72  135.49
 162.30  162.64
 164.57  117.28
 166.06  112.91
 166.66  172.46
 169.86  123.56
 170.22  142.45
 172.78  112.00
 174.21  105.14
 177.53  112.65
 179.83  155.43
 194.97  161.66
