   9.56  119.95
  14.79  119.36
  18.32  124.93
  20.34  119.94
  23.93  117.95
  28.45  121.43
  29.31  119.59
  30.31  114.83
  39.88  128.74
  41.19  117.53
  41.64  119.73
  42.04  122.56
  52.41  114.75
  54.37  119.33
  67.95  122.27
  68.39  116.81
  69.67  119.38
  73.43  121.24
  73.72  121.81
  79.46  117.27
  86.24  121.91
  88.25  120.77
  92.13  116.35
  95.23  115.60
 103.65  123.58
 105.52  115.67
 111.12  107.83
 112.72  122.46
 112.89  115.80
 114.79  127.65
 117.04  107.03
 121.87  114.94
 129.78  114.74
 132.82  121.40
 140.83  116.18
 142.00  118.93
 144.33  116.42
 145.35  113.75
 152.22  113.77
 158.34  113.90
 158.58  122.95
 158.74  113.88
 163.05  102.57
 169.64  113.73
 180.08  122.04
 184.89  116.27
 189.10  112.44
 191.80  112.44
 194.67  115.15
 194.97  121.21
 196.26  112.08
 199.76  120.39
 200.44  111.87
 208.17  111.47
 212.18  113.61
 219.59  102.90
 223.78  108.25
 223.80  106.10
 225.38  102.00
 231.55  113.45
 232.82  110.06
 233.07  108.00
 235.11  112.98
 236.30  102.74
 239.63  103.87
