   7.81  127.83
   9.57  109.77
  10.21  106.73
  16.94  218.90
  18.22  245.62
  21.96  219.96
  26.24   83.48
  29.21  196.72
  29.66  242.14
  31.79   86.96
  33.62  191.49
  37.48   86.37
  39.74  230.27
  42.04   86.51
  42.28  180.62
  42.76   94.68
  43.38  242.90
  45.29  110.97
  45.61  226.94
  48.83  221.41
  49.05  209.36
  49.59   94.04
  50.13  164.30
  53.45   94.46
  54.54  111.27
  54.66  211.76
  56.12  237.63
  56.32   93.09
  57.08  241.38
  58.02  160.65
  59.78   94.77
  60.63   94.63
  62.37  201.26
  65.06  111.44
  67.48  114.39
  67.55  172.39
  70.83   94.55
  71.92  242.66
  78.27   82.80
  79.77  151.50
  80.89   94.03
  82.09  238.02
  84.68  197.38
  86.37  181.22
  88.09  218.01
  89.95  181.34
  93.00   94.18
  97.10  195.45
 100.46   94.53
 100.51  199.15
 104.91   92.33
 105.16  187.75
 106.27  189.23
 109.40  169.84
 113.45  195.58
 118.69  205.69
 134.26  235.92
 138.65  154.63
 141.18  219.18
 141.20  212.19
 142.10  201.53
 146.23  215.30
 148.77  208.41
 155.44  176.32
 159.00  174.59
 164.50  198.06
 166.36  243.93
 170.68  193.87
 171.08  205.83
 176.73  235.75
 184.01  225.25
 184.17  208.01
 186.39  189.97
 187.09  227.15
 189.59  170.03
 197.87  205.71
 200.78  217.22
 222.34  207.31
 231.26  228.01
 237.39  155.05
