   7.38  228.47
  10.77  193.99
  11.15  215.70
  11.92  218.68
  12.31  221.76
  14.83  237.01
  15.24  218.69
  15.27  227.59
  15.35  170.82
  15.35  224.77
  15.64  123.09
  15.74  245.18
  15.84  242.50
  16.03  132.95
  17.22  236.41
  17.28  221.58
  18.58  129.63
  18.75  150.32
  18.83  180.22
  18.94  212.71
  20.14  241.71
  21.22  225.74
  21.79  183.62
  21.81  205.99
  22.36  132.84
  22.78  225.26
  22.87  123.60
  22.98  147.13
  24.80  191.19
  25.66  156.30
  26.36  132.34
  26.93  215.58
  27.80  191.06
  27.97  123.90
  28.28  223.68
  28.41  202.49
  29.26  131.87
  29.40  113.94
  29.49  211.99
  29.65  150.36
  30.54  180.89
  30.94  147.35
  31.18  170.46
  31.30  166.70
  31.36  124.02
  31.75  191.16
  31.80  129.62
  32.50   97.47
  33.42  220.87
  33.79  234.93
  33.85  162.15
  34.34  190.76
  34.49  218.99
  34.75  187.30
  34.91  186.94
  35.14  206.79
  35.21  147.54
  36.78  196.21
  37.93  168.35
  38.16  216.98
  38.36  131.41
  38.44  150.59
  38.51  184.48
  38.94  190.07
  39.04  130.20
  39.05  119.85
  39.31  188.82
  39.41  219.74
  40.88  217.00
  41.27  130.67
  41.82   97.41
  41.97  155.54
  42.22  169.64
  42.99  179.75
  43.08  232.74
  43.55  236.70
  43.62  164.25
  44.66  147.28
  44.85  217.02
  46.24  170.39
  46.37  230.72
  46.55  130.85
  46.57  174.31
  46.92  114.68
  47.27  200.19
  47.68  203.95
  47.92  165.97
  49.03  150.62
  49.39  123.20
  49.54  170.63
  50.21  181.85
  50.26  109.49
  51.08  117.53
  51.15  173.94
  51.27  163.02
  51.29  147.31
  51.40  192.06
  51.89  241.54
  51.95  114.60
  51.98  208.45
  52.01  228.61
  52.20  213.87
  53.08  167.53
  55.03  220.41
  55.20  153.29
  55.37  205.82
  55.52  187.28
  55.74   97.59
  56.41  163.38
  56.80  227.81
  56.83  109.66
  57.82  157.39
  58.36  237.15
  59.29  169.43
  59.85  141.21
  59.96   97.42
  60.63  165.37
  60.66  212.78
  60.97  100.45
  61.20  227.39
  61.55  181.12
  62.28  223.75
  62.38  119.51
  62.67  119.52
  63.02  114.16
  63.11  125.52
  63.16  155.31
  63.28  216.44
  63.32  238.59
  63.58  231.94
  63.94  129.60
  64.58  168.12
  65.19  193.74
  65.87  121.81
  65.94  170.40
  66.08  185.12
  66.41  198.70
  66.51  221.05
  66.60  198.68
  67.33  112.10
  67.34  190.17
  67.34  229.19
  67.79  211.81
  67.86  180.28
  68.29  188.00
  69.01  226.04
  69.09  119.14
  69.83  231.16
  70.53  101.98
  70.55  132.92
  72.34  120.35
  72.69  179.12
  72.86  228.62
  73.32  187.65
  73.38  158.20
  73.79  183.11
  75.01  225.50
  75.06  216.45
  75.08  111.67
  75.67  164.82
  75.69  116.65
  75.76  190.58
  76.16  130.39
  76.50  102.54
  76.71  208.23
  77.19  124.35
  79.69  223.30
  80.46  167.79
  80.63  175.37
  81.14  113.33
  81.76  164.30
  83.13  183.33
  83.94  178.88
  84.57  151.45
  84.97  167.74
  85.61  178.09
  85.96  111.14
  86.42  153.28
  86.67  231.31
  86.73  104.75
  86.75  207.90
  86.78  192.53
  86.94  155.40
  87.55  201.06
  87.63  183.03
  87.77  160.42
  88.29  178.60
  90.16  157.96
  90.96  175.15
  91.55  108.13
  91.89  203.07
  91.93  225.25
  92.21  171.70
  92.33  200.70
  92.34  104.88
  92.87  192.46
  93.10  112.01
  93.23  101.06
  94.05  218.92
  94.92  192.27
  95.42  174.85
  95.59  101.92
  96.35  171.71
  96.69  106.19
  96.86  208.31
  97.11  198.02
  97.43  165.35
  98.60  113.78
  98.90  155.61
  98.97  143.45
  99.58  177.53
  99.81  162.16
 100.01  212.34
 100.28   90.67
 100.35  171.67
 100.50  225.32
 101.02  219.86
 101.25  193.13
 101.72  165.71
 102.29  174.72
 102.60  158.68
 102.86   88.84
 102.90  101.01
 103.00   94.79
 103.31  146.16
 103.47  115.12
 103.52  154.86
 104.53  134.00
 104.67  224.48
 105.07  201.90
 105.23  134.91
 105.40   90.00
 106.23  162.50
 106.59  113.99
 106.78  196.97
 107.15  140.25
 107.34  129.84
 107.43  121.08
 107.58  182.42
 107.82  106.41
 108.24  185.17
 109.33  158.38
 111.01  182.08
 111.13  179.82
 111.48  185.47
 111.87  214.61
 112.22   98.47
 112.35  196.25
 112.39  169.74
 112.62  161.71
 113.00  121.30
 114.08  193.84
 114.49  101.77
 114.74  173.51
 114.81  165.39
 114.97  157.59
 115.55   98.48
 115.62  197.93
 116.86  144.46
 117.49  183.14
 118.79  162.47
 118.93  201.41
 120.37  206.65
 120.58  123.34
 120.59  156.62
 120.72  193.95
 121.04  210.94
 121.64  135.38
 122.65  217.18
 122.75  213.86
 123.02  153.23
 123.26  201.07
 123.43   98.57
 125.19  177.01
 125.24  240.77
 125.53  179.13
 125.87  163.74
 126.15  122.21
 126.16  135.49
 126.21  241.31
 126.60  144.47
 126.61  237.10
 127.14  246.02
 128.15  123.13
 128.25  231.26
 128.80  120.41
 128.82  197.21
 129.29  202.75
 130.08  123.17
 130.10  172.15
 130.51   98.53
 130.71  190.41
 130.77  154.10
 131.05  243.48
 132.66  177.40
 132.74  228.93
 132.77  159.64
 132.81  173.70
 132.89  146.80
 132.95  182.74
 133.14  233.85
 134.02  183.69
 134.26  223.76
 134.65  156.43
 135.50  201.06
 135.61  164.43
 136.70  116.58
 136.72  152.45
 136.83  193.87
 137.56  182.60
 137.77  126.92
 137.87   97.57
 139.09  212.67
 139.55  206.61
 140.17  178.94
 141.04  203.74
 141.42  187.88
 141.43  180.06
 141.84  154.32
 142.23  172.40
 142.42  197.23
 142.43  192.46
 143.89  175.37
 144.37  185.77
 144.56  167.46
 144.71  183.05
 144.98  170.52
 145.08  187.08
 145.34  179.31
 145.43  173.31
 146.63  113.66
 147.09  210.67
 147.34  201.16
 147.79  192.13
 147.85  118.73
 148.57  176.49
 148.65  207.49
 149.48  171.49
 149.85  113.37
 150.68  157.03
 150.75  179.49
 150.83  182.52
 151.31  122.40
 151.41  120.12
 151.80  110.54
 151.86  169.37
 153.72  208.45
 153.98  211.42
 154.00  128.57
 154.74  190.94
 155.44  198.39
 155.99  169.67
 156.58  225.71
 157.67  180.18
 160.29  148.00
 160.98  170.03
 161.84  110.43
 164.17  154.12
 164.38  223.47
 167.53  199.40
 167.55  168.99
 167.56  113.07
 167.89  178.89
 167.90  196.12
 167.93  168.36
 169.35  128.34
 169.86  109.91
 171.83  193.98
 172.81  145.00
 173.75  128.48
 175.01  157.24
 175.05  185.92
 176.05  178.23
 177.13  125.56
 177.95  101.77
 178.30  145.38
 178.40  165.15
 178.80  109.88
 179.19  128.94
 179.53  197.35
 180.52  181.69
 181.05  181.65
 181.11  156.93
 181.88  188.88
 182.13  192.71
 182.32  114.03
 182.62  176.92
 184.01  215.39
 184.47  168.49
 184.59  227.03
 185.72  229.64
 186.08  173.07
 187.13  152.14
 187.42  157.43
 189.43  198.60
 189.64  219.51
 190.95  207.37
 191.09  177.83
 191.68  155.47
 193.02  173.53
 193.88  198.57
 193.99  182.38
 194.12  150.80
 194.96  164.22
 196.34  164.13
 196.45  176.72
 197.16  155.71
 197.22  144.97
 197.45  172.15
 197.84  169.96
 199.40  200.51
 199.67  116.54
 200.42  187.48
 200.70  168.52
 201.62  150.90
 201.83  203.15
 202.53  193.82
 202.66  208.29
 202.83  162.86
 202.90  177.44
 203.68  172.92
 204.23  182.55
 205.01  199.11
 205.19  199.98
 206.59  187.30
 207.71  191.26
 208.54  161.47
 208.97  178.47
 209.21  109.14
 209.28  183.91
 210.09  158.44
 211.70  161.50
 212.61  173.17
 213.28  166.49
 213.35  146.38
 213.44  187.06
 214.26  151.41
 214.40  171.91
 215.87  189.72
 215.98  117.10
 216.21  178.38
 216.96  163.91
 217.43  193.83
 217.77  122.50
 218.58  114.52
 219.89  196.41
 221.18  201.05
 221.40  188.03
 221.42  178.77
 222.63  182.52
 222.68  174.19
 223.07  176.55
 223.43  122.10
 224.81  196.85
 225.23  126.21
 225.72  170.74
 225.76  186.98
 225.86  145.80
 226.75  166.56
 226.93  130.37
 227.93  179.27
 229.44  170.88
 229.53  190.38
 231.50  195.46
 231.93  122.42
 233.06  164.82
 233.55  167.57
 234.87  114.23
 234.90  173.06
 234.95  179.47
 235.09  193.43
 237.38  131.21
 238.96  155.55
 240.41  161.19
 242.04  132.83
 249.61  184.64
