   8.44  113.19
   8.64  148.13
  10.54   79.04
  16.96  140.71
  20.52   98.64
  21.61  121.25
  23.31  118.21
  26.42   92.34
  26.49   80.11
  27.34  167.57
  31.45  103.92
  32.33  113.92
  33.29  103.14
  33.77   71.88
  34.00   78.19
  34.66  165.63
  34.92  129.28
  35.34  120.16
  36.91   71.99
  37.36  141.83
  37.58   85.21
  38.97   83.40
  39.47  164.44
  41.25  138.45
  41.76  152.83
  41.87  106.03
  43.22   70.67
  45.61   77.94
  45.88  132.29
  47.04   74.52
  47.24  136.56
  47.72   70.37
  52.14  148.80
  52.38  170.28
  52.41   70.86
  52.45   79.31
  56.15   78.65
  56.27  160.87
  58.11  165.86
  59.51  132.11
  59.84  141.53
  59.88  169.09
  62.29  133.71
  62.68   75.16
  62.82  159.49
  62.85   72.27
  68.22   81.64
  68.32  124.46
  68.44  158.12
  70.56   88.29
  71.40  124.60
  72.62  133.65
  73.49  144.37
  76.33   73.56
  77.15   64.86
  77.26   78.75
  79.81   86.06
  80.24   97.33
  82.44   87.58
  83.16   76.81
  83.36  103.71
  84.95   72.50
  87.29  130.05
  88.07  115.50
  89.35  134.01
  92.11   99.24
  94.36  126.26
  94.54  102.99
  95.21  109.99
  98.57  134.90
 100.54  127.24
 101.55   56.21
 102.01  140.60
 104.67  105.66
 105.32   82.11
 105.60   61.64
 105.72   64.14
 106.54   87.01
 106.84   72.56
 108.92   58.92
 111.76  111.87
 113.63   87.41
 114.93   77.82
 115.16  104.83
 115.67  112.88
 115.79  107.76
 116.91  146.52
 117.17  114.83
 117.23   61.58
 117.46   56.11
 119.41  142.88
 120.77   69.52
 122.89  115.83
 125.50  123.47
 126.88  106.47
 129.05   69.64
 129.41  135.84
 130.20  128.30
 130.73   74.87
 130.75  121.84
 133.00  135.43
 136.12   63.41
 138.40  112.86
 138.77   90.05
 141.36  145.24
 141.46   88.01
 143.12   61.92
 143.41  105.62
 149.77   76.73
 150.96  113.97
 151.32  124.57
 151.74  124.42
 153.97   74.02
 156.90   63.41
 159.69   67.34
 160.97   62.39
 161.50  125.55
 163.23  116.90
 163.77   60.50
 165.14   90.54
 165.57   91.05
 165.80   86.94
 166.05   91.03
 166.40   66.73
 166.79   58.68
 166.98  131.65
 167.74   75.08
 169.50  104.29
 171.23   67.57
 171.89  111.77
 174.26   72.67
 174.38   79.84
 175.83   78.55
 176.49   88.00
 177.37   67.19
 178.15  118.17
 179.08   58.45
 181.02   76.47
 181.19   61.41
 182.07  119.17
 182.12  127.73
 182.14  120.10
 183.72   61.11
 185.45   61.42
 185.58   58.31
 186.27   85.93
 186.52   86.00
 186.53  118.87
 187.43  122.43
 189.00   81.85
 190.78   97.21
 191.53   62.90
 193.22  124.10
 197.12   80.94
 200.49   60.03
 201.29  114.64
 202.07   98.40
 204.28   66.10
 204.80   82.65
 206.23   57.34
 207.09   59.94
 212.12   59.95
 212.76  114.91
 213.01   74.42
 217.18   71.56
 218.70   66.27
 219.04   66.16
 220.19   83.06
 225.72   76.86
 225.82   86.35
 226.91   79.93
 227.77  111.40
 228.96   73.46
 229.72   64.84
 230.03   96.88
 230.62   67.97
 233.79   78.92
 236.41   65.04
 237.32  109.01
 238.41   96.55
 238.45   85.44
 239.09   67.30
 242.07   71.05
 244.28   67.29
 244.93   95.93
