   6.96   72.66
   7.10  102.33
  14.52   69.22
  18.97   86.23
  23.82   88.71
  24.98   62.20
  25.48   93.71
  25.87  107.24
  25.93   60.59
  27.96  100.72
  28.57   66.82
  30.72  240.10
  32.05   74.37
  36.89  222.57
  43.81  105.99
  47.41   66.08
  53.85   74.38
  57.26   88.37
  57.63  108.59
  59.78  109.70
  62.91   96.09
  64.08  190.56
  67.34  105.98
  67.42   70.33
  67.42   58.64
  67.80  216.25
  71.48   63.46
  73.78  194.53
  77.98   60.88
  79.74   63.29
  79.98  226.90
  85.43   66.79
  86.16  107.03
  88.94  241.28
  89.87   61.46
  91.34  112.50
  93.25  110.13
  95.71  106.37
  96.22   62.67
  96.83  103.38
  97.85  223.08
 101.05   70.35
 103.95  104.91
 104.22  103.52
 107.47  215.44
 108.05  219.91
 112.23  102.78
 114.33   88.39
 116.63   73.40
 116.64  100.07
 118.02   86.50
 121.53   61.04
 123.09  223.13
 126.35   76.17
 128.35   88.44
 129.43   55.00
 131.84  219.40
 132.12  108.42
 134.42  198.20
 135.00  223.18
 135.93  215.64
 137.15  205.19
 142.07  218.79
 143.59   76.83
 144.40  197.29
 145.35  112.21
 145.67  241.40
 148.30   61.30
 149.11  233.48
 149.29  211.97
 150.18  109.48
 150.21   54.89
 151.03  112.72
 152.45  105.09
 152.55  101.99
 153.40  200.14
 153.91  199.72
 154.30   94.90
 155.33  112.94
 155.80   52.81
 156.93  108.80
 157.94   87.74
 160.22   79.34
 160.57  212.69
 162.05  230.87
 162.97  221.27
 163.76  243.16
 164.27  104.13
 166.24   72.59
 166.85  213.16
 168.69  110.10
 169.18  114.20
 170.89  216.45
 172.10   51.86
 172.13  204.11
 173.14  192.24
 173.27   55.55
 175.21  110.73
 175.96  114.66
 176.78  192.19
 176.79   54.24
 177.72   57.47
 179.95  197.87
 181.02  115.15
 182.65  194.49
 184.43   97.10
 184.52  208.99
 186.10  195.70
 188.49  240.00
 188.76  115.56
 189.17  193.43
 189.85  192.71
 191.80  214.87
 194.07   75.01
 194.45  197.14
 194.78  207.01
 196.20  116.52
 197.15  113.63
 201.61  210.04
 201.64  117.07
 202.38   94.90
 202.55   57.08
 203.19   98.94
 206.38  192.58
 208.02  241.02
 210.24  201.87
 212.29  193.38
 213.75  202.52
 214.43  222.75
 215.31  191.66
 217.81   78.86
 219.43  116.58
 220.16   88.76
 220.31  190.03
 223.06   83.31
 223.67  200.74
 224.63  209.53
 225.45  120.04
 225.47   80.58
 227.41   72.98
 229.45   47.97
 230.09  228.14
 231.76  112.73
 239.79  118.21
 241.70  196.78
 242.04  101.90
 246.51  220.41
 247.70  208.06
