  11.75   97.30
  13.08  101.12
  17.38   80.97
  17.54   11.37
  21.26   75.26
  27.72  104.29
  28.34   58.45
  29.12   96.72
  33.94  103.93
  42.59  102.13
  42.69  164.13
  45.89   70.74
  46.67  102.67
  48.87  162.42
  58.26   77.41
  63.07   73.15
  68.78  166.77
  74.28  116.46
  75.94   77.39
  83.85   78.91
  86.46  116.47
  89.44  113.39
  89.87   80.06
  90.76  112.20
  92.66   11.08
  99.11  114.52
  99.11  118.01
  99.16  113.47
  99.56   98.03
 106.44  116.70
 109.95  120.67
 110.20  120.51
 111.59   94.90
 113.88   89.91
 114.61  119.72
 116.69   94.64
 118.53   91.41
 126.52  126.86
 134.33  121.31
 134.57  127.85
 144.52   85.87
 146.40   89.36
 147.83   84.52
 152.59  137.80
 152.73  166.35
 153.47   91.49
 154.21  143.23
 155.28  163.55
 164.91  249.66
 165.08  229.87
 166.31   38.11
 169.70   43.95
 171.68   49.50
 172.29  153.18
 172.88  222.27
 173.95   39.40
 176.47   32.35
 178.47  245.25
 182.01  212.22
 184.71  242.55
 193.41   53.00
 193.98   31.96
 194.28  241.11
 203.94  235.59
 205.20   31.38
 206.30   96.47
 209.75   48.03
 212.92   50.02
 214.03   23.30
 220.31   54.37
 230.37  225.82
 231.41   34.50
 233.03   40.06
 233.79  150.32
 235.55   39.75
 239.00  149.99
