  15.00  221.43
  16.56  224.64
  19.15  199.01
  20.43  165.58
  21.07  222.68
  21.26  127.39
  21.42  140.34
  25.42  181.66
  25.67  221.92
  27.56  139.96
  27.69  144.48
  27.95  199.39
  28.35  217.69
  29.30  122.06
  29.98  125.48
  29.98  122.35
  31.16  164.97
  32.18  134.38
  32.82  223.07
  34.06  199.39
  35.14  125.41
  35.18  121.92
  40.51  146.79
  41.94  151.69
  42.32  134.91
  45.32  146.20
  45.99  123.44
  46.25  216.78
  48.32  135.63
  48.68   32.34
  50.06  121.19
  51.43  142.57
  52.01  152.29
  52.04  199.80
  53.43  127.15
  54.33  126.36
  55.04  216.07
  56.16   38.46
  56.27  169.21
  57.28   36.49
  59.75  151.51
  64.61  216.39
  66.67  131.40
  67.54  128.25
  68.27  216.40
  72.44   32.46
  72.73  183.01
  74.01  170.62
  74.23  128.89
  74.81   41.37
  75.91   33.81
  76.26  135.82
  76.36   36.68
  79.36  240.70
  79.98  182.99
  80.43  124.65
  80.64   27.30
  80.77   36.01
  80.87  223.07
  81.01   36.17
  81.28  180.68
  81.33  180.73
  81.49   45.63
  82.55  218.53
  86.77  217.28
  87.27  121.69
  87.61  114.94
  87.72  131.74
  87.95  226.70
  90.91  113.97
  91.57  123.23
  91.63  217.39
  92.08  154.45
  93.10  240.79
  93.57  204.89
  93.72  225.65
  94.26   28.50
  94.70  230.42
  96.73  128.66
  96.76  129.03
  97.20  219.29
  97.27  226.10
  97.84  211.99
  98.23  170.66
  98.23  212.00
 101.22  169.01
 106.70  210.18
 106.78  225.07
 107.76  214.22
 108.16  137.78
 109.67  205.72
 110.19  233.07
 110.54  210.00
 111.96   23.08
 112.49  214.30
 112.51  222.32
 113.30  238.39
 114.79  213.26
 115.56  171.94
 115.95  234.40
 117.41  229.06
 118.39  150.33
 120.99  200.30
 121.26  172.82
 122.44  171.52
 122.49  137.01
 122.53  218.57
 123.19  215.26
 123.32  225.89
 125.35  196.95
 126.05  232.37
 126.63  136.51
 128.27  225.10
 129.56  218.59
 129.76  152.69
 130.88  221.68
 131.95  138.64
 134.95  202.11
 135.13  212.28
 135.16  147.87
 135.45  224.26
 136.13  220.66
 137.32   24.81
 138.59  204.24
 138.75  162.60
 139.51  214.89
 140.05  141.94
 140.12  209.47
 140.16  224.02
 141.33  140.66
 142.37   86.04
 142.83  174.73
 143.07  203.58
 143.77  229.97
 144.05  223.75
 145.16   56.40
 145.40  182.41
 145.61  147.59
 146.65  219.99
 147.21  229.41
 148.07  198.64
 148.08  223.33
 148.23   24.80
 148.25   85.81
 148.76  226.47
 148.76  199.68
 151.65  222.90
 151.89   60.26
 152.97  198.25
 154.29  148.05
 155.04   52.28
 156.44   17.84
 156.93  195.37
 158.30  146.36
 158.91   25.33
 159.28   84.15
 159.47  198.41
 159.77   30.15
 159.82   22.35
 160.53   77.89
 160.58   90.57
 161.29  204.12
 161.56  149.47
 162.27  176.32
 163.81   30.69
 164.06   27.21
 164.09  198.64
 164.48   51.42
 164.57   54.45
 165.16   23.15
 165.71   33.35
 166.98  214.78
 167.32   27.25
 167.56  198.58
 168.49  195.31
 169.30  140.86
 169.37  168.90
 171.69  198.31
 174.32  210.41
 174.36  226.76
 174.86  195.94
 175.78  139.13
 176.72  158.13
 177.10  214.61
 177.64  136.99
 178.00  226.41
 182.32  158.48
 182.58  201.95
 182.76  203.05
 183.37  189.76
 184.63  138.40
 184.93  148.53
 185.58  218.29
 186.09  161.19
 186.72   89.13
 187.26  220.93
 187.42   88.51
 188.23  223.96
 190.17  207.90
 191.27  205.20
 192.63   96.06
 193.10  216.89
 193.25  216.95
 193.65  157.60
 194.27  205.00
 195.46  179.06
 195.51  177.35
 196.21  216.18
 197.32  157.02
 200.02   87.14
 200.86  204.37
 201.16  222.05
 202.87  214.94
 203.33  171.36
 204.16  212.50
 205.12  197.86
 207.02  200.93
 208.09  170.51
 208.10  197.74
 212.30  210.21
 212.70  168.16
 213.18  181.96
 213.65   94.12
 214.01   83.10
 215.21   84.23
 215.44  170.37
 215.59  212.62
 216.81   92.21
 216.92   78.77
 217.14  159.96
 218.11  202.36
 219.09  169.13
 219.44  204.95
 219.99  160.78
 222.04  155.77
 223.98  164.07
 226.70   95.30
 227.30  160.21
 228.15  220.86
 228.41  233.84
 228.54  225.40
 229.65  207.63
 230.15  204.36
 230.50   95.32
 231.03  163.98
 231.76   64.08
 233.49  160.73
 235.10  152.69
 235.46  168.58
 235.72  172.64
 235.96  164.15
 236.94   94.78
 239.42  196.37
 239.86   88.71
 240.35  201.47
 241.50  192.38
 241.75   92.33
 241.76  206.67
 241.90   99.43
 244.70  228.24
 245.45  238.22
 248.98  234.08
 249.43   97.28
 249.43  199.74
 249.54  216.33
