  11.73  178.30
  12.45  181.91
  12.67  244.83
  12.67   42.82
  12.84   37.99
  14.98   27.84
  20.04   21.07
  20.38   25.85
  21.60   31.36
  25.04   44.62
  26.36  167.87
  26.41  177.77
  27.35   34.69
  27.42  164.17
  28.01   18.35
  28.28  175.63
  28.54  128.10
  29.72   11.37
  29.99  194.43
  30.24  187.82
  30.27  118.12
  31.78  192.86
  32.02   27.13
  32.58  199.54
  33.26  122.06
  33.45  190.59
  33.52   20.88
  34.56  196.24
  37.98  248.16
  38.23  179.47
  38.56   24.67
  38.72   20.97
  41.52   18.52
  41.64  172.46
  44.07   22.75
  46.61  187.74
  46.61  190.79
  48.70  194.58
  49.40  173.79
  50.37  179.89
  51.70   45.06
  53.18  178.65
  53.25  187.99
  53.74  165.66
  54.29   42.88
  55.35  189.80
  56.58  180.70
  57.39   43.62
  58.19   38.75
  58.40  152.77
  61.80  161.28
  61.97  154.90
  62.19  197.10
  62.25  151.64
  62.89  191.77
  64.15   36.46
  64.96   45.69
  65.02  149.10
  65.19  158.94
  65.35  152.97
  65.90   57.23
  66.69   65.72
  67.32   59.83
  67.82  163.95
  68.04  182.51
  70.06   60.46
  70.28  206.05
  71.88   33.82
  72.10   63.85
  72.21  188.01
  72.92  205.22
  73.12  201.34
  73.33  211.32
  73.44  149.91
  74.12  156.92
  74.78   58.80
  75.42  196.24
  75.70   50.37
  75.86  199.00
  76.26  166.72
  77.92  197.32
  78.43   64.41
  78.60   41.02
  79.64   34.40
  79.64  190.00
  80.18   33.53
  81.52   51.22
  81.67  199.22
  81.82  232.61
  82.21   57.47
  83.94   62.80
  84.27  162.58
  84.51  184.08
  85.36   42.84
  85.63   46.94
  85.96  166.29
  86.70   67.74
  87.59  188.53
  87.62   53.30
  88.37   44.21
  88.84  193.62
  93.47   47.30
  94.30   70.89
  94.57   43.05
  94.58  140.28
  94.83   76.03
  95.04   59.04
  96.19   70.37
  97.12  205.95
  97.66  199.82
  99.19  154.04
 100.49  159.65
 101.71   53.45
 103.40   33.78
 108.23   67.78
 108.40   60.49
 109.04   34.59
 110.50   62.99
 111.05   46.18
 115.42  194.10
 116.60   40.02
 116.63   50.71
 117.26   32.50
 119.50   67.52
 119.53  123.53
 119.57   63.55
 121.50  128.64
 122.25   70.89
 123.10  165.87
 124.12  131.41
 124.48   60.69
 125.54   64.89
 126.68  126.01
 126.68   68.19
 127.06   44.62
 127.57   72.24
 128.97  129.28
 129.09  118.95
 130.75  123.55
 132.01  189.50
 132.44   55.12
 132.84  179.23
 134.59  168.69
 137.20  249.45
 139.62  129.91
 139.96  126.57
 142.64  122.16
 143.50  184.97
 143.95  129.28
 146.07  126.46
 146.93  168.24
 150.04  182.66
 153.45  181.78
 154.07  171.70
 157.49  188.82
 164.04  188.21
 164.16  172.80
 166.20  121.10
 169.26  185.71
 170.59  118.69
 173.79  173.28
 174.41  122.55
 175.07  178.27
 178.18  171.31
 178.74  105.61
 180.00  185.89
 185.11  174.13
 186.40  101.34
 187.93   97.10
 188.37  181.68
 188.95   28.73
 189.40  184.47
 191.46  110.06
 192.79  173.69
 192.80  178.66
 193.38  173.59
 195.67   98.39
 195.79  181.85
 196.42  185.77
 199.88  186.00
 204.99  116.73
 205.94  189.36
 207.12   98.79
 211.73  183.89
 212.77  121.30
 214.86  120.46
 214.95  189.71
 219.19  199.88
 223.46  198.69
 223.88  187.51
 227.50  189.45
 234.28  196.74
 235.91  199.54
 245.88  199.40
