   8.35  187.44
   8.70  147.31
  10.47  189.73
  12.11  121.08
  13.41  131.02
  15.02  150.57
  16.31   93.45
  17.00  166.03
  18.26  230.74
  18.46  177.48
  18.80  220.91
  19.57  168.05
  20.00  169.15
  20.90  159.03
  20.91  153.82
  21.39  149.99
  22.50  163.52
  22.71  170.34
  23.27  187.56
  27.45  167.88
  28.76  130.57
  28.87  201.95
  31.33  223.01
  31.63  178.99
  32.11  182.96
  32.83  149.68
  32.90  152.32
  33.49  228.93
  35.71  228.88
  37.23  170.93
  39.44  165.85
  39.76  228.96
  39.91  161.84
  39.93  179.40
  44.28  182.78
  44.57  199.11
  44.80  170.22
  45.18  178.94
  45.32  186.48
  45.77  234.69
  46.69  130.95
  48.21  212.38
  48.99  244.15
  50.20  247.52
  51.02  239.27
  52.73  137.87
  52.93  215.98
  54.13  177.57
  54.24  173.19
  55.74  132.08
  56.11  128.94
  56.36  212.03
  58.11  167.29
  58.38   91.92
  59.60  239.27
  60.78  180.18
  62.08  184.80
  62.26  164.02
  65.10  232.13
  65.63  172.05
  66.63  174.65
  67.78  238.57
  67.82  112.03
  70.45  245.70
  70.56  180.89
  71.06  162.98
  72.04  242.87
  72.29  224.52
  72.43  230.83
  72.49  159.54
  72.70  233.83
  72.73  211.02
  73.50  196.71
  73.85  222.00
  75.68  206.08
  76.45  242.92
  76.70  134.89
  78.12  116.89
  78.24  167.33
  78.71  229.46
  81.08  238.11
  83.32  140.80
  83.98  134.82
  84.71  166.51
  84.80  173.37
  87.14  126.48
  87.79  152.80
  88.62  223.96
  88.96  248.17
  89.22  211.63
  89.78  144.54
  90.77  133.72
  91.36  239.27
  91.65  157.23
  91.91  152.73
  92.43  134.18
  92.81  139.27
  93.16  149.31
  93.66  217.42
  95.13  153.21
  95.87  120.31
  96.28  236.62
  97.24  133.38
  98.28  125.48
  98.68  138.85
  98.90  197.49
  98.94  207.91
  99.67  113.58
  99.81  178.70
 100.43  230.75
 100.67  199.85
 101.22  165.97
 101.35  227.33
 102.34  173.17
 102.98  117.84
 103.34  156.45
 103.50  195.66
 103.85  215.89
 104.32  212.40
 104.83  143.80
 105.03  231.83
 107.29  237.19
 107.35  202.87
 107.39  202.50
 107.75  198.52
 107.87  219.67
 108.04  205.21
 108.39  134.76
 109.83  241.39
 109.94  179.75
 110.20  132.03
 110.82  197.92
 111.10  117.84
 111.23  210.52
 112.56  197.36
 113.02  135.30
 113.10  181.87
 113.98  164.57
 114.01  237.75
 114.20  141.33
 114.37  206.19
 114.53  240.17
 114.91  131.03
 114.95  218.02
 115.25  144.67
 115.48  242.61
 115.95  184.36
 116.10  125.52
 117.24  213.59
 118.39  230.55
 118.56  118.96
 119.59  126.85
 119.64  170.68
 119.75  201.53
 120.08  160.00
 120.44  158.61
 122.23  143.96
 122.83  176.08
 123.24  248.47
 124.77  116.45
 125.23  223.57
 125.30  220.48
 126.00  176.86
 126.34  119.95
 128.24  154.12
 129.22  144.85
 129.55  143.74
 130.80  206.48
 131.04  161.04
 131.06  239.95
 132.22  213.26
 132.58  107.87
 132.60  199.50
 133.57  242.49
 134.22  176.77
 134.98   90.28
 135.86  222.32
 135.90  234.42
 135.96  144.61
 136.34  210.03
 136.96  210.19
 137.98  185.04
 138.21  225.29
 138.55  149.31
 139.10  189.70
 139.62  213.68
 139.97  160.65
 140.25  239.74
 143.46  149.38
 143.54  127.91
 143.90  239.66
 146.32  242.24
 146.75  183.66
 146.87  188.78
 148.08  127.75
 149.66  197.93
 150.85  210.42
 152.00  203.38
 152.02  179.03
 152.99  135.31
 154.04  166.06
 154.29  116.86
 154.41  162.71
 154.75  148.50
 155.03  238.92
 155.80  210.23
 158.69  219.49
 158.80   90.47
 161.27  120.75
 164.06  151.33
 164.79  175.69
 165.10  157.05
 166.32  235.36
 168.25  194.99
 168.60  144.13
 168.90  187.49
 169.71  164.15
 173.89  186.73
 174.96  177.41
 174.98  155.94
 175.27  144.12
 176.37  192.68
 177.78  185.51
 178.24  181.60
 178.72  151.85
 179.11  205.28
 180.37  114.66
 183.42  192.24
 183.69  214.66
 184.11  159.57
 184.16  162.50
 184.41  194.12
 185.73  105.86
 187.35  171.55
 187.66  133.00
 187.74  127.10
 189.21  162.07
 189.50  170.98
 189.90  237.10
 190.62  184.83
 190.99  177.53
 191.09  190.28
 191.12  141.19
 191.34  143.70
 191.77  187.32
 194.21  150.02
 194.34  175.65
 196.20  172.29
 197.50  143.61
 197.68  237.39
 197.92  179.60
 199.13  161.21
 199.18  119.37
 199.32  228.57
 203.07  213.05
 205.09  185.43
 205.54  158.68
 205.97  172.49
 206.34  228.20
 206.79  141.03
 207.71  134.46
 208.16  222.88
 211.82  111.38
 211.90  204.68
 215.12  212.37
 215.67  169.89
 215.94  127.31
 216.12  219.96
 216.37  209.32
 217.22  155.99
 217.41  175.12
 217.53  183.78
 219.02  196.59
 219.62  161.95
 219.89  212.96
 221.25  220.34
 221.51  205.79
 223.14  152.79
 224.16  223.43
 225.55  140.89
 225.64  161.18
 226.86  149.42
 227.03  187.45
 228.29  143.50
 228.99  232.17
 229.09  176.63
 229.49  208.93
 229.62  112.19
 230.46  206.55
 231.50  152.46
 231.90  106.13
 234.21  203.26
 236.73  179.17
 245.03  249.10
