   9.18  156.40
  12.20  156.44
  15.84  156.05
  43.90  146.02
  44.55  152.60
  47.03  147.58
  50.85  165.35
  59.81  142.48
  60.46  151.99
  61.82  145.65
  72.53  141.47
  93.74  164.37
 103.00  146.19
 110.62  138.12
 111.08  160.28
 112.41  148.50
 113.25  137.52
 114.19  134.72
 115.87  148.90
 116.85  167.84
 117.93  132.15
 118.59  126.43
 120.10  178.04
 122.32  131.48
 126.62  150.19
 127.08  175.39
 127.32  131.95
 128.16  171.93
 130.92  175.82
 132.86  150.86
 139.59  123.11
 142.89  181.63
 152.53  134.86
 153.33  128.62
 156.04  159.38
 157.55  142.79
 160.43  130.81
 160.87  168.57
 165.13  163.26
 166.10  153.22
 166.43  155.83
 169.63  156.05
 172.25  153.08
 172.28  165.85
 174.02  156.20
 177.29  138.95
 178.33  156.20
 181.16  137.87
 182.49  156.36
 184.44  140.93
 190.20  152.95
 190.73  139.79
 193.19  156.64
 197.09  137.07
 197.25  136.80
 200.22  156.79
 207.71  157.58
 213.59  153.51
 220.72  153.29
 224.44  135.15
 224.66  135.41
 231.14  136.13
 236.17  152.65
 236.91  153.23
