   9.41   89.79
  12.79   87.21
  17.38   86.72
  18.24   85.99
  26.03   88.71
  30.95   90.81
  31.95   89.75
  34.79   90.29
  39.54  127.33
  42.99   89.89
  44.30   90.99
  44.39  122.48
  48.42  132.79
  48.44  121.75
  48.51   92.23
  55.66  122.57
  55.87  134.50
  61.28  117.10
  62.41  146.76
  62.82  123.65
  63.63   89.04
  64.13   93.21
  64.60  117.81
  68.37  136.63
  69.78  126.50
  71.72  147.30
  72.16  155.21
  72.92  122.57
  75.04  138.53
  75.27  138.57
  76.63  138.61
  77.75  127.35
  78.07  136.11
  78.56  120.35
  78.64   90.43
  79.05  135.29
  79.81  129.54
  82.38   92.16
  84.12  103.26
  86.88  116.34
  94.99  118.29
  96.22   90.10
  97.49  110.83
 102.04  132.33
 108.78  120.20
 109.70  117.00
 113.66   86.96
 116.96   88.01
 118.43  110.73
 119.89  143.20
 128.94  110.00
 129.21  116.72
 132.99  115.12
 134.38  111.82
 137.69  109.80
 142.12  113.71
 146.05  111.18
 149.07  118.18
 156.28  122.78
 156.51  115.77
 159.28   76.06
 163.49  111.78
 163.93  116.86
 168.06  113.38
 209.44   64.74
 211.91   66.42
 223.56   65.36
 234.98   62.19
 242.73  113.35
