   9.54  150.92
  12.36  117.79
  13.24  143.71
  13.53  140.70
  16.86  119.97
  17.43  142.36
  21.99  198.54
  26.46  119.28
  28.92  127.96
  29.07   16.67
  29.31  136.85
  32.28   49.49
  33.47   97.06
  35.93   47.18
  37.70  153.02
  39.31  139.84
  41.38   86.13
  45.06   94.36
  45.69  149.77
  47.69   60.23
  49.67  150.81
  52.12  107.59
  53.43  151.09
  53.74  103.34
  56.80  110.68
  57.11  224.03
  58.55  141.02
  58.92  217.71
  59.26  145.09
  59.27  107.80
  63.11  223.36
  64.00  111.57
  67.37  134.31
  67.77  204.64
  69.06  147.73
  69.78  112.52
  70.37  156.53
  71.74  212.23
  77.34  112.78
  77.93  109.81
  78.08  210.59
  82.25  204.51
  82.45  146.87
  84.43  151.37
  86.12  107.16
  89.88  105.37
  90.22  208.28
  92.51  207.69
  93.22  107.96
  95.33  153.29
 100.15  139.70
 105.12  111.56
 106.51  204.61
 107.44  152.98
 112.64  117.43
 112.93  116.85
 113.62  103.25
 115.76  201.00
 117.72  119.26
 118.08   99.61
 120.91  117.84
 121.00  116.33
 121.53  149.08
 124.16  204.00
 125.01  148.83
 132.98  101.16
 135.14  199.65
 136.23  194.08
 136.50   94.39
 139.61  101.87
 140.98   88.20
 141.96  141.18
 142.18  164.00
 143.01  129.63
 144.00  126.55
 144.13  202.83
 145.41  193.50
 145.60  108.58
 146.08   87.08
 146.88  198.44
 149.51  192.79
 152.08  131.10
 155.21  198.48
 158.93  148.43
 158.95   98.30
 160.37  142.57
 160.79  129.93
 166.00  198.55
 166.23  196.96
 169.62  244.46
 173.15  122.01
 173.36  155.82
 175.32  101.90
 179.32   96.87
 179.48   97.49
 181.08  160.93
 182.66  144.67
 182.78  156.59
 184.50  127.55
 184.64  122.05
 185.11  158.84
 188.84  107.75
 189.62  160.57
 190.68  160.84
 193.26  111.15
 194.30  127.99
 194.33   87.31
 194.33   87.30
 198.94  106.86
 199.14  155.75
 203.43  116.67
 208.03  105.41
 208.09  197.92
 208.41  152.12
 208.50  195.54
 209.19   38.49
 209.83   56.47
 212.53  108.69
 213.74  112.16
 215.18  104.99
 217.31   83.90
 218.30    8.05
 219.03   35.89
 219.34   21.81
 219.67   21.67
 220.18   40.52
 221.32   83.86
 221.50  151.92
 222.34  150.75
 224.22   92.26
 226.91  102.70
 230.78  151.42
 246.02  185.99
 247.86  149.66
