  10.10  187.61
  10.86  223.37
  21.07  195.46
  22.47   22.40
  22.99  199.46
  24.84  214.79
  26.44  191.76
  26.80   16.37
  29.89   23.93
  35.17  206.25
  35.75  205.57
  36.31  203.57
  38.94   57.47
  39.31  192.13
  42.49  193.56
  46.80  191.16
  47.11  248.76
  49.00  181.08
  50.43  182.49
  53.16  140.40
  56.63  169.75
  56.80  178.53
  57.57  180.97
  59.08  186.53
  59.79   52.19
  60.41  175.22
  60.56  230.14
  62.25  136.53
  62.64  136.53
  63.24  236.91
  63.51  145.57
  64.17  168.96
  67.79  155.08
  69.01  220.36
  69.49  192.37
  69.58  163.59
  70.73  186.83
  71.37  207.60
  71.85  153.39
  73.13  195.64
  73.52  221.77
  74.35  173.76
  74.46  159.37
  74.66   49.71
  76.24  138.01
  76.94  189.90
  77.67  138.23
  77.75  165.68
  79.16  177.75
  79.33  152.13
  80.51  144.91
  81.24  193.68
  82.88  144.37
  83.78  158.43
  84.02  196.19
  84.93  153.68
  85.15  179.84
  87.46  226.01
  88.45  209.65
  88.52  182.12
  89.14  141.51
  89.22  153.46
  90.00  136.08
  90.15  233.99
  90.29  186.95
  92.11  181.69
  92.85  148.99
  93.18  221.87
  93.89  230.45
  94.91  234.04
  95.08  172.47
  95.13  180.96
  96.04  155.91
  97.07  210.74
  97.31  152.57
  97.57  170.13
  98.03  178.14
  98.28  206.01
  98.76   51.09
  98.98  138.01
 100.83  190.14
 102.74  200.48
 103.02  181.79
 103.74  143.10
 104.87  218.94
 105.84  241.26
 106.32  237.57
 106.77  208.14
 106.83  155.12
 106.99  144.31
 108.11  161.89
 109.71  196.13
 110.76  182.87
 111.71  153.97
 112.58  175.90
 113.04  143.14
 113.68  152.92
 115.76  226.16
 115.79  159.09
 115.96  166.29
 116.98  171.48
 116.99  177.04
 117.05  176.12
 117.76  204.91
 118.75  244.78
 119.67  143.85
 121.06  169.56
 122.52  226.24
 122.63  198.85
 122.86  226.13
 123.56  144.81
 123.72  204.84
 123.82  211.97
 124.40   62.18
 124.97  182.48
 125.37  231.72
 126.86  162.48
 127.06  175.88
 129.16  160.97
 130.64   61.71
 131.79  146.59
 132.22  159.16
 132.35  201.61
 133.55  220.59
 133.72  187.74
 133.80  206.53
 135.01  216.89
 136.17  183.63
 139.63  200.34
 141.06   54.01
 141.93  207.73
 143.70  235.57
 144.17  184.59
 144.81  201.23
 145.61  204.63
 145.78  189.95
 145.85  162.65
 146.52  235.33
 148.07  158.70
 148.70  207.17
 148.75  203.87
 151.77  197.22
 153.91   69.27
 154.64  191.42
 155.21  207.47
 158.74  200.82
 160.35  197.95
 166.38  208.71
 166.74  220.55
 169.61  142.05
 170.23  129.54
 171.30  213.09
 172.50  212.53
 172.52   61.98
 172.88  152.82
 174.38  215.50
 175.14  201.54
 178.93   65.69
 180.17  179.08
 182.20   61.53
 186.76  197.65
 187.33   61.53
 189.84  212.93
 191.05  209.89
 194.69  176.08
 196.11  206.72
 198.18  213.55
 200.21  222.43
 204.58  215.05
 206.39  227.78
 207.40  213.46
 207.70  219.21
 209.23  222.70
 209.70  185.80
 209.97  125.82
 212.32  125.67
 216.02  222.75
 217.41  186.40
 220.36  215.50
 221.12  225.32
 224.05  214.97
 224.46  218.20
 225.67  188.53
 232.48  230.00
 233.19  213.15
 234.15  205.64
 238.66  208.51
 239.38  192.65
 242.46  191.39
 244.94  215.03
 247.78  188.20
