  11.51  245.15
  14.37  246.09
  14.79  127.76
  14.91  236.02
  23.48  241.57
  66.90  188.24
  67.70  192.08
  69.73  232.75
  71.78  241.06
  75.74  241.75
  76.18  235.95
  83.16  247.31
  84.78  198.89
  88.82  244.78
  89.34  156.86
  90.21  238.73
  91.86  228.81
  94.95  153.24
  95.13  173.62
  95.94  160.21
 101.80  156.56
 105.55  162.21
 113.21  230.87
 114.09  160.23
 114.89  172.93
 121.29  229.38
 127.88  243.55
 127.88  240.45
 130.25  247.80
 231.04  237.70
 247.26  234.00
