   7.70  123.77
   8.66  121.02
  10.14  171.28
  14.82  193.35
  15.54  139.76
  15.76  211.93
  16.82  135.40
  20.46  108.20
  21.28  122.99
  21.99  166.29
  25.01  132.79
  27.69  181.58
  28.41  122.26
  30.17  171.65
  30.43  168.97
  30.43  121.78
  31.31  121.40
  33.55  111.44
  37.02  184.71
  45.44  184.17
  47.18  159.08
  48.23  190.77
  48.78  102.12
  51.56  107.14
  53.53  176.27
  57.81  240.87
  60.40  137.96
  61.24   96.89
  63.18  129.59
  64.88  184.91
  65.04  182.21
  66.21  140.69
  66.31  127.21
  66.70  229.46
  69.63  226.34
  70.14  191.43
  70.46  129.51
  71.73  174.29
  72.02  132.33
  73.22  222.65
  75.08  216.68
  75.98  102.13
  79.73  207.13
  82.14  160.53
  83.05  203.34
  85.80  195.33
  86.89  136.77
  91.06  193.84
  93.79  162.56
  95.38  124.96
  97.37  193.60
  99.28  190.61
 100.27  158.84
 102.16  100.54
 102.44  187.13
 103.05  185.58
 105.70  139.44
 109.54  157.48
 114.97  144.85
 115.68   94.83
 116.59  176.58
 119.42  124.91
 119.56  175.26
 123.84  102.81
 127.83  156.11
 138.75  149.07
 141.41  127.16
 152.86  146.23
 153.90   35.58
 154.88   38.54
 155.92   51.19
 158.24   51.59
 161.77   72.43
 162.00   75.96
 164.49   76.98
 166.55  147.15
 168.08   46.46
 171.93  104.93
 172.38  135.74
 172.89   59.67
 176.44   97.45
 179.46   75.46
 180.42  100.79
 180.81   91.95
 203.79  142.10
