  15.32  138.89
  16.84  135.34
  18.77  142.62
  20.54  138.26
  20.71  138.05
  24.34   72.71
  24.87  134.79
  26.85  100.77
  28.09  143.92
  29.57  109.00
  33.63   67.97
  34.39   61.39
  36.39   64.73
  38.58   67.79
  39.11  147.20
  42.16   57.71
  42.59  143.03
  44.26   59.53
  44.31  152.74
  48.44  105.52
  49.11  149.08
  58.23   56.93
  58.54   63.77
  62.02  152.00
  64.55   58.55
  67.96  105.52
  69.17   64.82
  69.86  143.77
  70.87   56.69
  74.21  101.61
  76.89  145.71
  78.91   59.56
  82.25  149.73
  82.97   93.26
  86.95  144.94
  93.05   64.28
  95.02  151.44
 101.54  147.57
 102.19   77.74
 103.32  150.17
 116.94   64.27
 117.90  146.87
 125.83  146.80
 127.05   75.30
 134.74  147.71
 142.71  145.85
 143.70   65.34
 148.83   59.82
 150.77   71.84
 152.44   58.59
 153.92   63.65
 154.99  147.59
 160.71  153.32
 162.92   57.24
 163.05  140.61
 164.94   64.59
 167.11   84.40
 168.44  137.94
 168.91  127.53
 169.00   73.18
 172.23  139.52
 172.24  144.41
 173.68   67.17
 174.57  137.84
 176.83  140.55
 180.85  136.16
 182.73  158.04
 188.29   53.81
 191.73   78.17
 192.09  139.87
 194.54  131.97
 195.59   71.65
 195.95   53.12
 196.15  139.76
 197.94  128.44
 198.47  135.96
 198.71   52.79
 199.23   98.08
 199.30   49.87
 199.69  131.69
 199.78  143.37
 200.42  158.05
 200.93   68.27
 201.27   75.10
 201.85  140.08
 202.83   52.92
 204.52  160.98
 205.17  143.64
 206.06   82.05
 207.02  131.93
 207.64   70.86
 210.87   89.20
 211.42   74.96
 211.57  136.77
 214.18  132.57
 215.15   52.94
 215.37  128.13
 218.29   68.50
 222.02  136.41
 222.94   79.06
 229.25  135.74
 229.93   75.14
 232.96  104.96
 234.05   94.13
 239.74   93.14
 240.53  104.74
 241.12   89.32
 245.52   74.21
 247.49   55.01
