   7.23  238.76
   8.39  215.59
   8.47  218.99
   8.48  233.70
   9.48  141.44
   9.75  171.46
  11.64  112.83
  11.98  180.63
  12.24  223.17
  13.97  226.05
  14.86  157.06
  16.23  142.53
  16.79  115.50
  16.95  183.13
  17.12  242.13
  17.20  222.99
  17.68  123.79
  18.34  130.74
  18.55  226.63
  19.06  145.29
  19.24  205.51
  20.04  244.01
  20.31  128.35
  20.35  171.98
  20.76  167.84
  20.88  164.22
  20.95  235.14
  21.78  157.69
  22.43  226.94
  24.00  237.68
  24.94  120.85
  25.21  111.46
  26.36  205.03
  26.54  226.92
  26.76  178.16
  26.92  229.62
  28.32  198.50
  28.86  217.54
  29.63  155.94
  29.68  207.67
  29.78  214.89
  30.25  161.33
  31.19  171.48
  31.40  132.26
  32.49  153.86
  33.22  109.08
  34.77  157.70
  35.38  127.13
  36.48  136.57
  37.18  108.82
  37.32  154.99
  37.71  207.66
  38.43  133.04
  38.59  123.57
  38.64  197.23
  38.84  241.35
  40.65  145.41
  42.78  132.88
  43.18  226.30
  43.85  229.83
  44.06  241.86
  44.60  188.92
  44.67  236.06
  44.68  132.36
  44.92  241.51
  45.76  116.13
  46.09  126.87
  46.46  173.50
  47.63  165.94
  47.63  225.74
  47.75  132.80
  47.76  113.79
  48.45  187.51
  49.16  135.45
  49.27  170.24
  49.61  163.96
  50.43  191.79
  50.56  245.01
  50.80  120.26
  51.39  115.99
  51.45  240.89
  51.82  123.88
  52.49  222.90
  52.96  174.05
  53.96  137.54
  55.64  119.42
  55.83  126.77
  56.56  115.74
  56.98  246.61
  58.41  208.94
  58.47  238.71
  59.24  244.28
  59.57  233.46
  59.91  145.37
  60.81  197.94
  61.49  175.37
  61.83  190.31
  63.21  116.82
  63.43  221.45
  64.19  161.86
  64.45  157.33
  65.03  137.75
  65.06  207.53
  65.23  203.98
  66.04  126.88
  66.25  231.87
  66.53  116.26
  66.75  109.46
  68.12  135.09
  68.38  200.95
  68.51  186.73
  68.91  137.61
  69.95  233.76
  70.05  122.33
  70.25  233.65
  71.16  116.81
  71.42  145.38
  71.61  236.31
  72.38  166.56
  73.45  132.65
  73.52  221.62
  75.12  134.43
  75.73  236.73
  75.77  119.66
  76.22  111.55
  76.41  107.74
  77.07  144.45
  77.39  213.84
  77.55  206.81
  77.85  234.08
  79.30  127.26
  79.32  127.30
  79.71  217.58
  80.30  223.06
  80.82  159.30
  80.97  132.61
  82.11  242.68
  82.82  147.57
  83.02  119.68
  84.31  177.32
  84.64  244.26
  85.06  113.34
  86.01  194.07
  86.04  223.11
  86.90  121.34
  86.96  145.00
  87.94  124.61
  88.16  207.70
  88.58  114.53
  88.68  154.59
  89.08  177.17
  89.37  151.16
  89.67  220.92
  89.78  195.93
  90.78  240.21
  90.93  139.58
  91.36  111.14
  91.54  244.14
  91.55  117.70
  92.42  141.03
  92.51  120.44
  94.99  204.21
  95.44  175.53
  95.91  181.87
  97.17  224.08
  97.26  221.18
  97.63  111.61
  97.76  195.29
  98.23  118.88
  98.57  236.72
 100.24  114.00
 100.36  156.51
 102.11  188.66
 102.13  228.55
 102.27  129.09
 102.33  108.91
 102.48  119.02
 103.60  109.88
 104.18  147.25
 104.55  181.84
 105.23  124.62
 105.64  232.46
 105.65  187.13
 106.00  118.47
 108.17  223.65
 108.77  127.38
 110.18  232.73
 111.51  179.65
 113.80  124.57
 114.02  115.52
 116.30  143.89
 116.34  149.01
 116.92  207.56
 117.12  222.99
 118.05  156.95
 118.67  171.74
 119.41  210.87
 119.41  151.90
 120.23  120.37
 121.12  189.97
 122.23  131.84
 122.74  222.80
 123.10  148.08
 123.33  193.53
 123.37  117.24
 123.87  207.25
 124.14  145.43
 125.75  209.98
 126.12  121.82
 126.29  150.72
 126.76  190.16
 129.20  135.54
 129.80  196.24
 130.62  154.31
 131.48  210.11
 131.59  193.33
 131.64  158.58
 131.72  158.93
 131.81  204.30
 132.76  120.64
 133.11  221.60
 133.49  195.67
 134.39  225.25
 137.40  221.69
 138.98  120.51
 139.38  126.39
 141.59  228.36
 141.67  224.56
 144.05  145.93
 146.68  168.70
 147.03  228.03
 147.29  199.64
 149.31  142.95
 151.58  166.26
 152.02  109.17
 152.80  126.08
 155.89  118.93
 155.92  166.73
 157.86  110.72
 159.45  162.14
 159.47  220.33
 161.86  117.79
 162.09  128.00
 164.52  126.60
 166.02  119.08
 167.09  143.36
 167.40  123.69
 167.53  123.78
 169.63  108.29
 170.35  111.36
 170.63  201.63
 172.90  144.64
 174.50  117.97
 175.72  201.63
 177.07  120.30
 177.32  166.99
 177.89  224.86
 179.02  169.06
 179.09  117.62
 181.01  158.69
 181.80  224.63
 183.75  118.09
 184.05  203.05
 184.14  227.69
 186.80  229.73
 187.95  224.55
 188.21  128.00
 190.30  142.87
 190.89  226.47
 191.09  171.04
 192.38  129.12
 194.24  124.79
 194.74  128.96
 195.11  172.43
 195.12  174.87
 196.95  163.56
 201.90  232.10
 204.20  135.72
 204.82  118.71
 206.91  118.58
 207.04  117.55
 208.07  170.09
 208.61  127.07
 212.04  165.54
 212.53  159.09
 213.08  112.05
 217.90  220.61
 218.56  160.92
 218.82  129.45
 219.97  163.68
 223.02  237.24
 224.62  211.49
 225.50  234.15
 225.71  205.09
 228.18  167.28
 228.86  126.91
 229.20  214.61
 234.99  129.16
 237.05  212.25
 239.30  215.67
