  19.44  107.63
  29.15  163.39
  30.92  196.98
  40.78  171.52
  43.73  198.87
  48.26  198.39
  50.46  144.49
  53.55  139.52
  53.57  140.37
  60.69  142.10
  65.93  137.72
  67.89  126.26
  69.95  109.81
  70.13  112.53
  71.60  123.53
  72.31  175.19
  72.59  149.36
  75.98  153.34
  76.43  149.23
  77.18  123.33
  82.78  150.38
  84.28  142.46
  85.14  125.91
  88.10  176.21
  88.90  135.73
  93.23  151.55
  95.97  128.76
  98.50  123.03
  98.76   95.01
  99.23  114.20
  99.73  111.71
 100.59  119.04
 104.69  197.87
 109.46  137.25
 113.94  146.15
 114.41  139.51
 115.96  166.98
 117.28  140.04
 118.23  142.80
 126.65  216.87
 127.83  212.78
 129.02  130.01
 130.03  209.55
 130.14  148.68
 130.33   96.98
 132.49  146.12
 137.23  132.76
 141.80  158.02
 144.31  111.55
 147.00  106.24
 147.04  158.85
 147.27  176.83
 147.43  151.55
 148.11  140.39
 148.84  149.69
 149.37  103.34
 150.60  108.29
 151.09  145.81
 151.67  155.60
 152.06  119.07
 153.62  115.88
 154.11  191.02
 154.88  181.52
 156.17  163.41
 157.41  161.17
 159.84  214.57
 160.68  157.18
 161.22  136.57
 163.04  167.15
 163.42  149.16
 164.43  171.75
 164.69  149.10
 164.83  157.46
 165.12  140.19
 165.26  165.14
 167.62  154.71
 168.55  194.59
 168.79  137.80
 169.74  157.90
 171.57  149.53
 172.99  146.98
 173.47  154.89
 175.68  131.76
 176.14  149.68
 178.68  149.82
 179.23  126.99
 180.36  123.58
 180.43  162.98
 182.01  185.85
 182.19  120.95
 184.67  160.25
 185.89  137.74
 186.75  146.81
 187.33  112.49
 188.51  129.27
 189.24  115.78
 189.28  141.00
 189.96  135.94
 190.46  177.47
 190.77  119.28
 192.16  162.09
 192.88  187.11
 194.24  162.31
 195.56  100.42
 196.86  192.05
 201.25  166.19
 202.32  174.08
 204.36  186.99
 205.00  101.01
 205.45  171.96
 209.83  191.21
 209.92  114.46
 210.61  132.09
 212.29  178.20
 212.89  112.02
 213.71  107.97
 213.84   22.88
 214.00  156.22
 217.37  156.91
 220.08  192.20
 221.20  198.63
 221.63  156.47
 222.70  228.52
 224.06  185.59
 225.17  141.73
 225.84  147.98
 227.01   98.60
 228.54  102.26
 230.39  151.28
 231.55  179.59
 232.29  129.21
 232.58  143.62
 233.96  154.95
 238.85  152.55
 239.29   32.10
 241.85  207.43
 245.21  145.36
 247.03  104.52
 247.40  149.30
 248.82  231.84
 248.87  151.57
