   8.64  244.90
  11.78  231.06
  12.29  234.66
  13.46  179.15
  14.80  181.50
  19.37  245.91
  20.54  181.65
  23.43  237.26
  27.60  236.31
  29.13  181.71
  33.79  246.54
  38.41  228.21
  42.64  237.11
  44.38  239.49
  46.90  237.38
  50.59  240.01
  51.63  222.73
  52.30  237.19
  61.53  178.71
  63.07  240.65
  67.44  241.37
  69.93  238.64
  71.24  241.70
  71.82  178.61
  76.60  239.72
  82.19  180.94
  88.35  238.50
  96.15  238.15
  97.06  241.92
  97.34  245.07
  98.63  248.87
 106.36  215.65
 110.70  241.07
 112.17  180.74
 117.52  222.31
 120.46  180.58
 127.53  243.70
 127.54  220.02
 130.42  228.53
 131.24  241.92
 132.04  244.55
 136.85  220.81
 141.80  225.89
 143.08  180.68
 145.43  224.36
 145.50  246.45
 148.90  180.42
 149.71  248.93
 150.76  219.10
 150.76  178.18
 161.69  219.58
 162.41  229.57
 167.22  229.75
 175.45  229.21
 179.00  180.23
 180.19  248.98
 182.48  231.60
 185.53  229.81
 185.74  219.44
 189.34  234.40
 194.05  180.06
 197.92  234.89
 198.84  220.18
 201.54  130.46
 225.68  220.50
 226.31  179.77
 227.83  233.06
 236.59  228.97
 243.61  228.29
 247.61  236.54
