  11.67  163.15
  14.53  165.77
  17.79  175.50
  20.60  177.56
  35.71  167.08
  38.55  165.22
  41.42  172.20
  43.43  167.94
  43.51  172.85
  49.97  172.31
  55.67  174.58
  55.81  171.46
  60.59   54.04
  61.40  170.63
  83.44   41.42
  84.18  171.71
  84.86  174.56
  89.38   28.45
  89.72   17.08
  90.89   12.96
  91.29  167.65
  91.47    9.75
  98.68  165.20
  99.48  160.99
 103.03  162.06
 108.89  167.61
 110.75  161.39
 119.57  163.54
 123.64  174.24
 124.29  166.48
 128.50  172.72
 129.31  168.38
 207.92  245.21
 210.52  247.24
 218.47   70.47
 225.20   23.75
 225.99   66.92
 232.28   28.53
 235.55   65.95
 237.45   25.09
