   7.05  101.38
  30.08  134.00
  42.14  105.26
  42.46  105.08
  45.24  102.79
  49.64  103.00
  60.71   98.76
  72.95  131.75
  82.08  133.48
  83.88  136.17
  84.86   80.18
  85.44   77.72
  89.48   84.95
 103.29   82.64
 104.88   80.94
 106.60   74.15
 122.91   70.18
 127.32   76.33
 137.28   80.02
 140.14   84.26
 148.02   90.44
 151.82  136.17
 155.57  180.33
 157.72   76.90
 162.00  184.56
 164.41   71.55
 170.94   88.02
 171.93  127.16
 187.96  131.69
 192.44   72.09
 206.06   85.21
 207.65  180.79
 210.50   80.38
 214.76   90.19
 215.10  135.58
 216.85   82.20
 221.03  131.05
 226.08  136.19
 239.58   84.28
