   8.88  103.02
   9.94   97.90
  10.08  238.85
  12.87   97.93
  13.70  237.11
  13.85  194.45
  15.87   97.49
  16.93  237.45
  17.38  229.47
  20.29  176.91
  20.58  242.08
  21.24  229.35
  21.41  145.30
  24.10  111.01
  24.22  119.57
  26.11  230.64
  26.28   94.82
  26.72  204.55
  29.27  222.13
  29.93  204.30
  31.29  135.21
  32.31  229.96
  33.00  209.35
  33.11  202.80
  33.76  225.93
  34.74  237.76
  34.83  117.05
  35.57  214.92
  36.37  228.86
  36.60  230.75
  37.92  212.13
  38.39   78.90
  38.94  196.60
  39.23  135.92
  41.98  191.56
  42.01  143.16
  42.89  146.44
  42.93  144.21
  43.13  179.94
  43.43  237.34
  43.49  203.59
  43.83   79.25
  44.40  171.43
  44.82  139.43
  45.11  182.46
  45.72  172.56
  45.78  212.05
  46.09  185.99
  47.50  220.84
  47.93  177.48
  48.40  231.04
  49.17  239.55
  51.72  169.84
  52.63  127.28
  54.23  182.72
  54.41  128.98
  55.33  202.26
  55.38  206.28
  55.88  239.06
  55.89   73.92
  56.56  148.23
  57.44  225.54
  57.66  223.72
  58.18  144.82
  58.49  231.10
  58.96  194.35
  59.69  235.56
  60.39  128.17
  61.64   74.32
  61.80  233.94
  61.98  144.45
  62.26  237.95
  62.55  209.74
  63.84  175.82
  64.39   77.59
  65.25   94.57
  65.47  190.97
  67.81  157.98
  68.46   77.42
  68.84  135.98
  69.14  190.72
  70.36   86.28
  70.74  211.44
  70.98  192.50
  71.71  205.27
  76.31   85.13
  78.07  103.28
  79.09   72.04
  79.65  211.05
  80.11   68.72
  82.81  134.13
  83.01  143.96
  84.12   69.20
  84.32  147.77
  84.81  193.11
  85.71  150.85
  86.20   65.81
  86.70  114.15
  87.60  217.25
  87.70  191.49
  88.34   77.55
  89.45  154.43
  91.58   71.63
  91.67  145.40
  92.60   77.21
  93.64  196.91
  94.89  116.17
  95.17  206.37
  95.50  193.51
  96.13   71.20
  97.46  104.03
  97.58   94.00
  97.95  100.81
 101.72  193.58
 102.91   77.03
 103.27   72.11
 104.72  158.54
 104.90   95.83
 105.20  190.49
 105.60  101.25
 105.65  173.35
 108.32   93.00
 108.57  103.14
 108.81   77.42
 114.49  194.53
 114.62  194.41
 117.66  199.13
 119.72  123.94
 119.87  143.04
 120.46   93.09
 123.14   97.51
 123.88  100.93
 123.96  128.68
 124.44  117.77
 124.54  128.54
 124.66  120.73
 125.31  221.89
 128.18  152.40
 129.04  156.05
 129.59  199.45
 129.74  199.41
 129.81   74.71
 129.95   98.02
 131.96  193.19
 135.89   98.94
 139.59  189.40
 140.46  199.46
 140.70  207.70
 140.87  119.63
 142.47  247.51
 145.65  153.00
 148.32   99.14
 148.69  213.32
 148.95  167.68
 149.46  126.47
 149.95  199.03
 151.31  196.26
 151.41  182.70
 154.06  200.01
 155.58  192.38
 159.52  199.00
 160.09  201.10
 161.08  238.61
 162.15  179.05
 162.88  182.16
 164.90  120.27
 165.63  215.29
 167.07  240.82
 168.06  101.85
 170.33  247.82
 170.57  186.82
 170.83  210.34
 171.54  124.17
 173.47  190.98
 174.17  214.74
 174.55  132.93
 174.92  230.35
 175.06   90.83
 175.40  129.07
 176.07   95.92
 176.48  223.72
 177.24  220.43
 178.43   83.06
 178.52  109.81
 178.67  125.10
 179.06  227.48
 180.22  240.30
 180.55  207.46
 181.17  191.94
 182.56  147.36
 182.91  218.51
 184.10   90.37
 185.59  128.98
 185.68  203.47
 185.87  138.47
 186.07  218.64
 186.12  153.81
 186.19  218.51
 186.35   96.39
 186.92  214.46
 187.60   90.92
 188.40   98.12
 188.81  205.76
 188.85  101.44
 189.15   94.00
 189.69  215.97
 189.78  142.32
 190.33   87.43
 190.37  186.54
 190.61  208.46
 190.92  217.12
 192.09  191.62
 192.32  211.00
 192.69  116.32
 192.71  185.27
 193.80  241.46
 194.08  123.73
 194.47  122.15
 195.59  184.68
 196.40  164.84
 196.54  171.97
 198.04  127.70
 198.67  216.54
 199.08  101.89
 199.65  166.53
 199.72   98.06
 199.91  211.32
 200.25  109.77
 201.49  186.75
 201.77  242.68
 202.50  152.85
 202.66  114.71
 202.84  149.53
 203.14   97.43
 203.18  203.74
 203.47  140.80
 203.55  148.23
 204.10  170.93
 204.82  206.97
 205.38  126.84
 205.87  231.67
 206.62   89.58
 207.23  121.64
 207.97  234.09
 208.46  154.44
 209.65  134.92
 210.00  205.81
 210.40  187.32
 211.79  116.00
 213.02   94.29
 213.20  128.03
 213.33  109.21
 213.41  135.03
 213.86  122.65
 214.08   98.23
 214.43  186.73
 216.35  112.74
 216.72  229.09
 216.99  217.51
 217.57  112.27
 217.99  233.95
 218.72  214.69
 219.87  176.09
 220.27  206.63
 220.76  194.58
 220.77  107.24
 223.58   84.83
 223.99  217.60
 224.47  186.67
 225.55  246.06
 228.42  117.55
 229.07  203.34
 229.97   79.39
 230.27  106.58
 231.55  166.10
 232.25   90.48
 232.86  184.46
 233.32   99.70
 233.64  173.07
 234.45  114.28
 235.74  103.76
 235.86  155.27
 237.33  242.50
 238.90  188.24
 239.68  204.17
 241.54  102.31
 242.04  190.92
 242.19  205.45
 242.34  142.02
 244.09  213.70
 244.30  145.26
 244.90  220.77
 245.52  186.34
 245.56  170.31
 246.14  194.54
 246.26  139.09
 246.36  174.22
