   8.11  216.03
  10.50  242.80
  10.76  198.39
  11.60  211.03
  12.42  247.56
  12.50  214.53
  12.96  244.66
  15.02  197.58
  18.10  244.22
  19.52  188.31
  20.67  214.86
  21.30  203.11
  21.98  195.82
  22.44  210.30
  23.16  243.49
  26.61  206.32
  27.80  214.44
  27.82  210.89
  28.47  218.04
  29.01  187.73
  30.98  232.73
  31.03  200.58
  31.41  196.41
  32.52  214.96
  35.13  195.91
  35.73  185.92
  37.06  211.17
  37.86  204.67
  39.65  187.26
  41.07  212.39
  41.93  221.90
  42.94  182.23
  44.34  135.26
  44.75  185.00
  45.63  198.62
  46.18  212.36
  46.57  218.17
  46.97  135.67
  47.81  189.10
  48.42  185.21
  50.79  137.43
  58.25  137.93
  59.27  140.94
  66.56  183.64
  67.96  180.77
  68.67  132.93
  68.74  140.27
  69.96  209.15
  72.61  241.81
  80.57  239.67
  85.82  202.61
  85.87  135.14
  89.75  132.25
  92.61  205.43
  92.61  135.77
  93.01  202.87
  95.76  135.88
 109.07  137.54
 109.28  131.37
 114.55  133.59
 114.82  130.52
 119.76  134.00
 121.43  133.87
 127.06  195.71
 128.97  188.75
 129.25  134.62
 130.47  202.48
 130.61  136.13
 130.90  147.13
 133.23  156.23
 133.91  202.91
 135.50  127.75
 135.54  196.60
 136.97  199.55
 139.98  190.92
 142.94  194.39
 144.46  198.29
 146.86  196.54
 147.28  112.87
 147.97  199.42
 150.04  124.58
 152.25  127.89
 154.45  214.86
 156.58  202.15
 158.86  210.61
 159.50  217.45
 165.24  200.90
 166.96  212.93
 169.59  200.64
 171.28  129.35
 172.29  206.49
 175.33  200.81
 175.66  112.88
 176.72  146.20
 177.60  128.98
 178.47  172.11
 178.90  206.27
 181.57  168.82
 183.18  112.23
 183.50  238.49
 184.31  232.91
 184.92  128.97
 186.57  235.42
 187.49  172.28
 188.24  203.78
 188.40  124.49
 189.03  197.11
 189.50  128.56
 190.34  229.48
 191.50  110.82
 193.70  239.74
 194.13  128.22
 194.25  172.75
 195.95  169.46
 196.24  231.23
 196.47  231.18
 196.61  237.03
 197.09  101.47
 197.54  146.73
 197.72  204.87
 198.53  201.40
 199.38  226.97
 199.65  197.11
 201.78  215.77
 202.54  135.01
 203.77  193.49
 204.16  166.98
 204.42  226.80
 206.53  245.01
 206.69  113.59
 206.80  206.27
 207.15  162.89
 207.65  241.49
 208.14  226.99
 208.29  186.62
 208.70  193.40
 210.35  185.93
 210.42  239.40
 211.07  167.57
 212.03  235.08
 212.65  237.45
 212.94  217.07
 213.12  167.53
 213.91  123.58
 214.31  228.41
 214.98  170.65
 215.30  133.19
 215.75  111.80
 216.65  135.69
 216.87  102.73
 217.47  176.42
 218.29  227.43
 218.45  205.19
 218.58  230.42
 218.95  233.92
 219.10  158.74
 219.77  151.05
 220.36  123.78
 220.39  113.01
 221.73  102.84
 221.77  241.76
 222.23  246.13
 222.50  112.06
 223.17  170.38
 223.27  115.65
 223.29  127.39
 223.60  157.35
 223.72  133.60
 223.92  204.92
 224.22  237.27
 224.29  173.62
 224.68   97.55
 225.85  176.66
 226.46  106.71
 227.01  239.94
 227.21  157.43
 227.99  176.61
 228.06  243.64
 229.31  206.87
 229.38  125.18
 229.44  199.30
 229.85  113.86
 231.44   96.18
 232.00  244.68
 233.45  163.65
 234.36   98.54
 234.79  188.24
 235.58  195.07
 236.47   95.42
 236.95  231.05
 237.96  242.38
 238.40  109.48
 238.86   99.09
 240.71  159.25
 240.72   95.36
 240.90  197.39
 240.91  175.50
 241.12  130.74
 242.66  176.09
 243.35  112.93
 243.64  165.98
 243.96  180.89
 244.41  231.24
 244.44   92.30
 244.65  107.08
 244.66  134.27
 245.29  177.88
 246.03  123.69
 247.26  113.62
 249.16   99.43
