   9.28  236.00
  11.06  249.08
  15.75  219.14
  17.88  214.42
  18.16  192.72
  20.24  175.51
  20.67  244.10
  21.11  207.37
  21.78  135.41
  22.00  187.47
  25.03  190.46
  27.37  213.07
  28.77  236.30
  31.90  190.99
  32.79  230.71
  34.90  187.83
  35.92  221.07
  38.93  238.51
  40.74  175.07
  41.01  235.53
  42.35  189.96
  45.06  213.74
  45.41  203.65
  45.63  194.66
  46.01  206.39
  47.05  178.25
  47.65  201.45
  48.00  249.06
  49.97  220.09
  50.83  229.37
  51.92  210.65
  53.69  191.19
  53.73  242.27
  55.79  185.89
  56.63  246.23
  58.26  219.49
  59.55  190.24
  60.37  240.13
  61.99  232.85
  62.69  194.24
  62.81  177.65
  63.03  177.65
  63.38  229.89
  63.56  182.40
  63.92  247.31
  65.02  192.78
  66.44  222.65
  66.86  190.45
  67.56  226.61
  68.05  195.27
  69.84  184.40
  70.68  179.60
  72.14  175.47
  72.38  223.48
  73.34  197.11
  74.12  191.41
  74.14  226.66
  80.08  203.97
  80.23  207.06
  80.85  193.39
  81.49  176.43
  82.64  239.01
  87.08  191.23
  88.77  175.50
  88.82  118.50
  91.15  184.44
  91.65  184.49
  91.79  212.44
  92.27  240.57
  92.93  225.95
  93.42  217.56
  94.42  243.36
  96.39  177.49
  96.66  223.21
  98.58  184.19
 100.35  235.24
 100.43  219.36
 104.23  240.36
 104.94  225.51
 105.24  212.32
 106.18  183.95
 107.88  191.57
 107.88  191.56
 108.45  245.38
 108.54  242.52
 110.14  236.48
 114.54  243.49
 114.59  190.19
 115.95  235.91
 116.88  234.95
 117.93  195.27
 120.54  197.70
 121.03  203.77
 122.64  218.95
 123.64  187.88
 125.55  191.78
 125.74  233.04
 126.26  235.95
 127.24  249.49
 128.71  243.79
 130.22  193.84
 131.49  197.14
 133.90  235.53
 137.38  193.82
 137.39  197.70
 137.53  191.23
 137.88  210.89
 138.22  219.91
 139.14  187.53
 140.18  219.59
 143.13  241.34
 145.34  229.46
 146.25  218.25
 146.39  210.76
 148.13  196.49
 149.18  207.27
 150.30  191.90
 151.96  187.47
 152.07  248.62
 153.45  198.82
 153.48  216.29
 154.22  208.37
 155.34  227.50
 155.74  203.77
 158.22  189.65
 158.66  191.24
 159.38  121.65
 160.83  246.16
 161.15  187.62
 162.83  220.35
 163.41  227.36
 165.06  213.18
 166.29  216.98
 167.88  192.30
 167.99  186.81
 171.79  187.40
 177.23  247.92
 177.53  190.83
 178.72  199.62
 184.59  189.37
 189.02  191.77
 191.05  249.29
 191.98  133.83
 196.13  244.18
 197.74  133.71
 201.01  226.77
 201.04  186.56
 210.92  238.48
 218.03  201.14
 219.91  233.56
 221.11  190.29
 223.93  185.74
 228.95  191.19
 232.97  185.69
 233.47  186.97
 235.82  242.39
