  16.30  143.60
  16.53  143.71
  18.08  116.74
  23.07  143.10
  25.78  114.53
  29.75  112.11
  29.94  112.68
  36.85  119.89
  43.39  115.33
  44.25  118.68
  48.42  119.07
  52.56  139.00
  54.60  116.92
  61.99  141.54
  66.66  114.44
  66.78  117.21
  71.22  116.92
  75.65  140.55
  78.77  120.82
  86.14  117.63
  86.92  140.06
  95.03  118.51
  97.49  138.99
 100.92  118.53
 103.97  121.97
 105.90  118.56
 106.64  121.68
 109.65  137.65
 110.38  121.07
 113.41  123.58
 113.48  118.20
 113.66  118.61
 115.76  120.71
 120.56  134.30
 125.60  127.66
 133.75  132.87
 137.21  136.13
 137.29  122.85
 139.42  131.91
 142.09  134.88
 144.13  131.84
 147.25  121.59
 147.49  134.92
 149.47  131.40
 151.17  134.47
 151.67  124.40
 154.72  120.98
 154.73  121.24
 158.32  134.26
 161.25  121.40
 163.45  134.31
 167.01  122.27
 169.57  124.54
 173.30  131.32
 175.36  133.55
 178.99  130.58
 182.36  134.02
 184.03  120.99
 184.05  121.49
 192.31  133.67
 192.42  133.77
 202.90  129.74
 204.06  123.39
 209.43  123.02
 215.89  122.91
 234.32  127.14
 238.16  122.41
