  25.65   34.90
  26.64   67.71
  27.06   30.33
  30.69   62.01
  31.57   13.07
  33.21   10.19
  35.36   14.21
  38.54   65.37
  40.72   14.53
  41.57   60.85
  44.53   63.69
  44.70   63.98
  63.61  191.45
  65.55   86.57
  66.95   62.75
  74.74   64.56
  79.14   61.07
  82.25   22.87
  92.69   59.91
  94.79   21.83
  96.67   59.92
 119.73   22.03
 142.47   63.40
 142.62   63.12
 152.48   68.32
 152.99   68.20
 170.10   64.91
 176.72   91.49
 176.73   46.44
 177.70   64.61
 183.20   64.60
 185.81   46.44
 192.21   64.44
 195.50   46.55
 196.97   91.56
 197.76   31.62
 199.30   64.32
 222.67   27.98
 229.25   66.80
 248.39   54.39
