  10.96   60.42
  11.41   84.07
  12.88   75.24
  12.96   79.41
  18.88   53.41
  19.51  100.46
  21.03   72.24
  23.38   51.71
  25.01   66.44
  26.41  100.45
  26.80  114.15
  26.98   53.44
  27.07   57.34
  28.05   54.61
  28.94  117.57
  30.21  102.63
  33.19   42.26
  33.99  114.68
  36.51   73.11
  36.52  111.88
  36.73   56.82
  37.59  106.05
  40.10  111.53
  41.04  126.86
  41.11   64.06
  41.77  118.00
  42.10   50.11
  45.49   56.69
  46.93   57.50
  47.08  103.55
  49.20   19.65
  50.89   80.47
  50.97   75.35
  51.73   46.86
  52.01  105.29
  52.44   69.34
  52.63   58.84
  53.83  107.35
  56.18  119.25
  56.90   57.54
  56.98   19.50
  57.12   62.50
  57.85  115.91
  57.92  104.06
  58.17   15.04
  58.47  108.00
  58.47   70.70
  58.98   43.34
  58.99   78.76
  62.20   35.64
  62.30   58.55
  62.96   15.74
  63.23   83.46
  64.79   77.62
  65.44  126.46
  66.56   67.10
  66.96   93.68
  69.21   52.04
  69.29   80.19
  69.71   44.82
  70.18  115.80
  70.39   62.60
  70.45  121.61
  70.51   74.44
  72.24   82.30
  72.27  112.93
  72.60  101.47
  72.68   76.59
  75.01   35.73
  75.44  116.57
  75.74   50.25
  76.02   83.74
  76.44   77.58
  76.65   90.45
  77.01   12.10
  78.03   43.63
  78.60   39.49
  80.04  120.70
  80.36   96.65
  80.88   42.94
  80.88   76.39
  80.95   38.15
  81.00   51.83
  81.60   33.58
  81.91   64.16
  83.65   83.90
  83.66   42.55
  84.99   31.98
  85.05  126.56
  85.42   99.83
  85.93  220.26
  86.36   64.55
  87.74   86.72
  89.54   51.77
  90.28  103.16
  90.94   37.58
  91.24   84.82
  93.19   59.51
  93.74   65.00
  94.12   59.44
  94.28  215.38
  95.93   52.18
  96.64   57.34
  99.35   56.70
  99.63  215.10
  99.89  122.02
 101.46  217.87
 102.83   83.51
 102.95   86.46
 103.23  213.90
 106.20   81.18
 106.54   84.95
 109.07  207.54
 109.54  102.63
 109.72   87.16
 110.97  103.47
 112.02   81.91
 112.36  125.25
 113.08   99.37
 114.02  122.97
 115.18  130.02
 115.93   95.50
 118.22  127.14
 118.73  208.60
 118.81  123.14
 119.21   82.42
 119.27  109.20
 119.38   82.57
 120.00  105.13
 120.23   94.79
 122.22   77.98
 122.30   85.28
 124.24  129.35
 124.44  107.20
 125.80  216.18
 126.21  105.42
 126.95   80.61
 126.97  124.39
 127.07  127.76
 127.08  110.65
 127.99  115.89
 128.21   83.83
 128.50   99.94
 128.85  119.95
 130.57  206.85
 131.15   73.63
 131.31   86.20
 131.87  130.07
 132.42  111.50
 133.08   67.32
 133.85  123.08
 135.26   34.22
 135.49   84.48
 136.01   71.49
 136.23  109.18
 136.46   99.61
 136.76  131.26
 136.97   81.25
 137.26   82.46
 138.81  115.01
 139.15   76.32
 139.79  128.48
 140.36   91.57
 140.59   82.40
 140.87  124.43
 140.88   95.42
 140.93  123.63
 141.32   60.26
 141.39   60.30
 142.29  105.13
 142.42  131.08
 142.63  116.01
 142.76  116.31
 142.96  118.76
 143.45  205.71
 144.68   55.01
 145.05  128.20
 145.32  104.15
 146.68  110.40
 146.80  205.42
 147.19   64.23
 147.35   82.75
 147.56   76.83
 147.91  125.37
 148.48  100.01
 149.25  114.70
 150.16   44.94
 150.26   54.66
 150.76  107.97
 152.87   46.93
 153.43   88.14
 155.40  102.07
 155.40  119.51
 155.45  126.97
 155.57  122.91
 155.58  104.03
 155.66   50.47
 155.80  200.18
 156.01  110.51
 156.06   70.99
 156.08  115.39
 157.30   82.92
 157.71   49.64
 157.77   34.10
 157.98   77.78
 158.19  196.98
 160.14  115.42
 160.28   67.90
 160.61  192.52
 160.71   53.22
 161.26  100.24
 161.47   95.62
 161.56  195.37
 161.68   87.24
 162.01  127.29
 162.82   49.92
 163.44   35.94
 163.75   83.65
 165.91   87.42
 166.05   52.01
 166.53   71.24
 166.79  102.00
 167.49  136.38
 168.13  102.69
 168.86  139.52
 169.07  187.12
 169.74  127.48
 169.80   40.81
 170.94   36.22
 171.51  137.90
 171.54   97.05
 172.10   37.80
 173.22  196.57
 173.66   43.37
 174.76   98.33
 175.54  185.36
 177.72  125.98
 180.03   92.82
 180.63   84.83
 183.00   91.31
 184.28   94.64
 185.36   29.56
 185.53  126.30
 186.68  130.02
 189.30  185.52
 190.07   21.18
 191.87   93.03
 192.20   87.08
 192.36  189.60
 193.51  126.43
 195.03   74.23
 196.68   80.99
 196.82   93.07
 198.19  186.52
 200.54  136.36
 202.16   92.84
 203.84  185.35
 206.07   95.82
 206.40  189.08
 207.07  138.13
 209.20  186.41
 211.13   85.67
 212.71   96.61
 213.88   99.81
 214.45  121.17
 218.43   42.92
 219.30  103.47
 219.80  122.54
 220.44   95.53
 221.85  133.72
 222.20   41.15
 224.11  123.60
 227.12  125.50
 227.70  138.86
 227.80  138.60
 230.16  105.81
 231.17  119.49
 232.59  123.27
 232.85  233.24
 233.97  104.03
 234.64  141.55
 234.70  136.47
 235.69  121.17
 236.77   89.52
 237.66  103.01
 238.78  123.46
 241.37  141.81
 242.19  116.64
 243.34  138.59
 243.57   27.60
 246.22   89.48
 246.97  121.73
