  43.28  204.05
  48.90  207.86
  51.11  183.80
  51.87  183.58
  55.13  105.50
  57.90  206.38
  59.83  195.44
  64.31  192.98
  67.03  220.97
  79.51  223.79
  87.81  225.49
  89.29  221.43
 103.39  192.62
 106.27  230.09
 106.73  109.54
 109.97  164.62
 111.53  108.93
 114.75  110.33
 117.77  186.74
 120.82  186.36
 121.53  114.41
 134.65  108.81
 140.22  109.05
 164.93  117.58
 165.42  225.42
 171.33  246.59
 175.58  108.34
 178.42  229.38
 179.36  222.62
 183.18  118.45
 187.76  118.47
 198.20  103.71
 215.20  227.08
 221.73  227.75
 229.79  105.98
 229.93  106.25
 230.43  106.85
