  17.99   71.04
  22.17   70.58
  29.64   76.31
  37.79   73.70
  43.14   77.89
  60.04   77.63
  65.35   73.00
  68.03   74.67
  71.36  102.42
  72.87   71.44
  73.52   77.61
  75.92   80.03
  78.44  155.44
  84.81   80.53
  85.01   83.08
  86.16   94.43
  89.33   72.65
  94.11   75.73
  97.62   72.12
 106.02   80.13
 112.74   75.31
 114.24   79.22
 121.76   74.15
 123.73   79.30
 129.01   69.61
 134.26   80.08
 140.99   83.44
 143.78   74.99
 157.06  168.69
 157.16   68.91
 157.19   74.44
 163.23   94.15
 170.09   87.07
 176.87   74.89
 177.04   81.73
 180.41   80.38
 180.67   71.36
 180.72   92.34
 182.92  154.50
 184.58   75.15
 184.90   74.78
 186.25   73.88
 190.77   68.46
 198.62   73.59
 207.49   67.96
 207.90   75.97
 211.88   71.34
 218.95   75.12
 221.63   69.43
 227.55   71.23
 232.23  240.98
 232.94  234.64
 233.60   74.06
 233.95   79.97
 234.49  231.49
 236.04   88.72
 236.60  237.54
 237.11  237.94
 237.50  225.37
 238.79   90.38
 241.25  186.83
 241.50  238.37
