   8.74  153.25
  12.15  158.97
  14.46  162.09
  15.63  148.33
  22.49  148.97
  24.02  152.73
  24.04  145.41
  24.06  142.57
  27.56  147.49
  28.01  150.62
  31.64  140.37
  31.70  157.65
  38.60  159.41
  42.43  134.48
  71.35  150.03
  75.57  153.11
  77.33  155.47
  79.27  156.14
  83.33  151.50
  94.51  156.14
 123.92  162.02
 133.97  162.76
 139.20  168.74
 140.29  137.67
 148.95  132.29
 151.95  131.45
 152.24  136.46
 152.57  179.36
 156.02  130.93
 161.97  125.54
 162.44  172.15
 164.39  131.52
 164.83  139.62
 167.87  123.10
 169.20  135.43
 169.86  172.98
 170.35  181.32
 172.07  122.34
 175.11  188.42
 176.44  114.98
 178.91  138.88
 180.01  187.49
 183.16  174.69
 183.37  204.86
 183.61  164.48
 184.11  179.69
 184.46  168.88
 184.72  196.10
 197.34  135.80
 197.84  175.29
 197.89  131.17
 198.02  127.63
 201.44  125.12
 203.34  172.51
 203.73  131.42
 206.54  134.84
 207.66  138.95
 210.23  137.47
 211.09  212.50
 213.85  140.77
 214.95  131.21
 215.44  130.12
 217.19  143.41
 217.25  171.75
 221.29  142.02
 221.49  212.59
 221.55  138.79
 225.82  171.77
 229.72  172.05
 233.25  191.32
 237.08  136.49
 247.90  129.86
