   7.51  137.57
   9.66  236.94
  10.92  182.72
  11.37  193.25
  12.26  196.02
  12.61  236.39
  17.23  184.75
  18.47  137.45
  22.41  133.37
  23.95  222.39
  23.96  222.46
  29.64  229.43
  31.75  226.16
  32.57  222.28
  32.66  234.27
  33.21  141.95
  34.32  138.73
  34.96  224.71
  35.20  129.27
  35.83  238.56
  36.41  228.31
  36.82  181.66
  40.73  139.34
  41.26  216.13
  43.02  232.45
  43.97  140.20
  50.17  224.93
  51.36  126.29
  51.51  185.63
  51.62  237.35
  52.84  140.02
  55.75  221.84
  56.07  127.60
  56.08  231.48
  58.31  140.21
  58.44  223.68
  58.84  216.74
  58.91  185.67
  59.42  164.17
  59.44  126.34
  60.39  230.40
  63.19  185.29
  64.49  231.35
  65.02  163.01
  65.29  127.65
  65.44  185.15
  66.51  237.32
  67.44  140.67
  68.07  182.18
  70.01  185.21
  70.38  215.93
  74.96  130.25
  79.30  185.44
  79.96  136.97
  80.55  165.15
  80.95  225.33
  82.03  228.47
  82.15  129.15
  82.53  122.14
  84.46  182.20
  84.68  135.39
  84.94  158.34
  85.10  224.92
  88.65  120.33
  89.98  138.85
  95.53  139.08
  95.66  134.33
  98.43  193.76
  99.95  124.90
 101.08  196.37
 101.97  231.07
 102.97  160.21
 104.80  154.39
 105.73  114.95
 107.06  118.66
 107.27  233.58
 107.28  144.95
 107.76  230.06
 107.84  159.62
 108.09  108.69
 111.02  197.91
 111.41  131.58
 111.75  131.48
 111.82  193.94
 113.92  197.93
 114.50  114.13
 116.86  165.34
 117.15  118.98
 118.37  135.43
 119.57  113.96
 120.18  102.71
 120.35  169.05
 120.42  170.60
 120.67  110.99
 121.07  177.99
 121.55  138.16
 122.65  200.64
 122.85  176.50
 124.34  134.27
 125.08  141.02
 125.78  138.96
 128.23  124.15
 129.63  134.30
 130.42  112.26
 131.56  225.82
 133.36  171.58
 133.54  178.40
 134.44  174.86
 135.94  112.38
 137.80  115.15
 138.03  177.04
 138.39  110.40
 139.37  122.69
 140.16  165.53
 141.25  127.89
 141.68  247.75
 144.60  136.74
 145.18  157.15
 145.19  226.23
 147.05  120.86
 149.03  140.27
 150.36  115.51
 150.42  167.27
 151.91  135.86
 152.24  116.30
 156.05  119.68
 159.21  139.35
 159.74  159.09
 161.82  151.36
 163.97  132.28
 164.28  165.15
 164.86  221.45
 165.74  146.34
 165.92  119.24
 165.95  155.87
 166.84  150.77
 167.12  125.07
 167.65  224.13
 169.21  164.30
 170.98  162.99
 171.29  222.67
 172.64  170.98
 172.73  219.67
 172.97  112.43
 172.97  160.12
 174.71  158.60
 178.75  223.46
 183.08  165.01
 183.38  245.43
 183.77  136.62
 188.47  166.59
 191.05  219.36
 192.62  241.80
 193.24  237.05
 193.48  147.51
 194.06  215.36
 195.27  218.35
 196.17  163.89
 199.56  162.69
 200.28  147.34
 200.39  232.90
 201.44  241.83
 202.20  160.46
 203.52  168.76
 204.46  155.95
 205.31  229.89
 206.56  240.99
 208.46  236.90
 208.71  140.76
 209.36  214.42
 209.53  160.30
 210.59  235.36
 214.56  215.69
 215.62  228.93
 215.77  158.05
 221.68  140.45
 222.00  110.22
 222.25  106.83
 222.48  113.93
 224.70  232.65
 227.33  140.66
 227.78  105.54
 228.30  151.08
 229.57  154.91
 229.75  226.91
 231.30  112.82
 232.44  156.81
 233.26  130.82
 233.28  200.72
 233.29  232.25
 233.46  128.47
 233.68  138.29
 235.71  157.84
 235.84  198.06
 236.67  107.50
 238.11  165.90
 239.27  100.14
 239.39  100.12
 239.42  150.14
 239.45  111.30
 239.66  213.65
 240.01  142.12
 240.03  170.56
 240.07  161.44
 240.33  215.03
 240.52  234.67
 240.85  105.37
 241.70  106.34
 241.92  135.99
 242.33  167.61
 245.20  200.37
 245.48  209.87
 246.52  203.58
 247.01  152.06
 248.37  109.72
 249.28  195.00
