   8.32  111.08
  10.79  134.79
  10.82   54.54
  11.63  122.86
  17.26   11.75
  17.43  127.76
  18.24  136.58
  20.25  120.96
  20.36  127.30
  20.98  148.48
  21.93  198.89
  22.15  133.64
  22.68   17.52
  25.21  143.51
  25.37  197.77
  25.40  130.54
  26.39  148.07
  27.07  143.29
  28.04   19.70
  29.21   85.03
  29.94  139.48
  30.75  148.41
  30.98  126.43
  31.05  127.14
  31.22  152.49
  32.05   93.63
  33.06   88.15
  33.21  139.20
  34.40  153.62
  35.84   81.63
  36.19  130.31
  39.94  132.98
  40.20  152.63
  41.84  136.73
  43.58  144.60
  44.46   99.26
  44.93   99.04
  45.71  140.03
  46.70  147.80
  47.26  156.76
  48.00   98.75
  53.03  107.93
  53.63  107.64
  54.68  137.49
  55.20  114.49
  55.26   17.66
  57.44  134.38
  58.68   21.05
  60.88   24.04
  62.28   25.51
  62.38   34.31
  62.52   19.32
  63.12  218.85
  63.81   59.83
  64.17   52.64
  65.06   33.40
  65.28   23.14
  65.35   23.40
  66.69   29.16
  67.82   58.37
  68.68   11.71
  69.21   50.36
  69.23   50.44
  69.54   22.00
  71.10   50.95
  72.35   14.07
  72.44   26.22
  73.02   47.24
  74.06   43.07
  74.76   54.65
  74.86   63.60
  74.86   54.87
  75.11   24.06
  76.99   15.88
  77.40   10.23
  77.44   24.15
  77.74   46.43
  79.55   57.91
  79.93   36.27
  80.61  237.49
  80.99   53.07
  81.11   45.14
  82.78   20.96
  85.28   20.86
  85.92   25.63
  86.49   64.51
  86.84   62.22
  87.02   52.69
  87.08   44.55
  87.12  204.08
  87.83   57.04
  88.56  200.63
  89.91   10.16
  90.13   23.41
  91.39   29.80
  91.88   54.34
  93.11   49.90
  93.60   57.69
  94.35   22.38
  96.34   41.91
  96.57   31.66
  96.67  230.92
  99.85   28.48
 100.29   10.54
 101.04   44.35
 102.39   47.43
 102.43   18.32
 103.86   18.32
 104.44    6.84
 105.08   22.35
 105.11  200.82
 105.26   44.98
 105.44   32.69
 109.06   40.35
 110.88   29.02
 110.89   37.52
 111.63  239.70
 114.99   17.61
 116.18   23.65
 116.95   24.14
 117.94   36.21
 123.59   31.40
 124.30  190.93
 125.24  232.54
 125.74   28.76
 127.46   18.23
 127.54   40.22
 128.93   38.20
 130.41   20.11
 131.96   26.14
 134.52   13.75
 136.52   16.60
 137.09   33.10
 138.69  200.19
 139.53   26.08
 139.56   22.08
 141.04  229.98
 141.62  232.88
 143.23  243.85
 145.44  209.59
 146.28  237.30
 151.02  237.27
 151.67  200.05
 152.20  242.13
 154.77  229.57
 155.41  237.32
 158.02  202.41
 159.13  208.52
 160.88  188.00
 161.59  184.91
 161.96  237.42
 165.12  237.55
 166.25  183.98
 175.49  181.85
 177.44  189.67
 177.45  236.45
 178.35  185.83
 184.07  178.06
 186.20  201.97
 186.76  179.90
 186.82  185.92
 189.04  178.73
 189.91  237.01
 190.06  231.97
 191.88  230.67
 194.55  232.78
 195.72  237.37
 197.42  230.23
 197.54  181.99
 204.81  213.13
 205.51  174.74
 205.52  173.66
 206.67  185.56
 208.63  179.81
 208.74  223.63
 208.90  223.60
 208.97  177.16
 209.44  204.55
 210.47  219.55
 211.94  228.93
 211.97  181.86
 212.16  177.21
 212.62  217.02
 214.23  179.18
 215.87  224.94
 217.96  220.59
 218.12  220.60
 221.21  223.46
 222.53  230.44
 241.15  235.04
 241.66  200.38
 242.79  238.11
