  11.25  230.77
  16.61   68.57
  26.42  233.97
  27.13  222.62
  49.60  246.94
  58.45  247.29
  67.79  238.06
  79.37  239.17
  81.13  234.58
  98.69  241.78
 102.88  236.38
 103.93  232.08
 107.08  244.83
 109.13  239.85
 114.53  119.90
 114.86  114.34
 115.03   97.93
 121.30   91.01
 128.71   94.33
 128.80  248.81
 136.20  233.19
 139.25  237.74
 145.57   74.62
 149.50   74.25
 160.33  238.29
 179.97  230.68
 191.54  201.80
 192.97  192.41
 195.49  247.22
 195.74  196.68
 196.87  193.34
 198.89  199.87
 198.99  236.03
 202.86  224.71
 203.05  231.52
 220.12  244.25
 227.43  235.45
 230.54  212.55
 231.85  217.07
 242.00  208.35
 245.73  231.66
 246.13  235.43
 247.86  210.06
