  13.52  125.85
  22.06  206.94
  24.62  126.33
  27.04  129.90
  28.19  131.20
  29.73  188.50
  30.59  190.98
  36.96   74.56
  40.06  129.50
  41.32   71.55
  53.29  124.75
  54.51  129.02
  56.86  123.71
  57.15  120.97
  58.60  127.44
  70.16  122.81
  70.70  129.95
  74.48  136.84
  78.29  139.30
  83.84   89.78
  84.33  126.10
  89.66  131.51
  90.85  123.54
  93.77  126.87
  95.24  132.12
  97.74  143.93
  99.65  125.76
 100.58  132.44
 103.65  127.02
 103.76  124.46
 104.77  120.67
 107.91  122.70
 110.25  141.98
 114.90  135.08
 123.74  241.06
 124.08  125.03
 126.47  114.07
 131.26  111.95
 131.51  123.03
 132.30  127.07
 133.10  120.08
 135.28  135.94
 138.60  118.30
 140.38  204.29
 144.85  123.68
 147.55  138.38
 149.34  112.57
 152.11  112.98
 154.13  121.90
 158.33  136.17
 158.67  129.30
 162.36  113.01
 164.76  133.99
 175.75  127.53
 180.55  118.97
 183.97  105.42
 184.99  118.98
 187.64   72.98
 189.59  118.76
 190.38  124.03
 191.57   74.95
 196.39  113.33
 198.82   90.27
 198.97   94.10
 200.00   97.03
 203.26   90.41
 203.63  113.99
 203.67  120.65
 203.76  120.52
 206.63   73.22
 210.33  120.21
 213.70   73.32
 214.00   69.02
 214.44   96.97
 215.66   65.63
 216.45   88.84
 216.57   66.05
 219.20  121.97
 224.17   71.08
 225.48   59.09
 226.85   76.62
 232.37   64.19
 244.23   70.73
