  27.90   51.33
  41.40   41.01
  46.79   43.06
  47.48   33.98
  47.76   80.12
  48.91   37.90
  52.77  151.97
  53.79   31.45
  56.22  147.28
  61.79   26.18
  62.39  158.31
  62.40   65.88
  63.41  150.97
  63.55  168.24
  63.99  143.80
  66.01  154.55
  67.07   26.80
  68.88  142.12
  69.09   76.08
  72.16  152.03
  72.31  162.26
  74.97   30.46
  76.75  141.84
  80.97  141.71
  82.27  151.32
  83.22   28.62
  83.81  148.23
  84.26  138.16
  84.82  154.38
  86.36   35.49
  88.24  155.65
  88.44  149.24
  90.45   28.45
  91.20  141.81
  93.92   31.88
  96.02   35.94
 102.35  151.33
 102.98  154.55
 104.96  143.83
 106.88  141.00
 107.46  136.73
 110.46  148.74
 111.10  135.89
 112.19  120.30
 113.97  158.50
 114.23  151.12
 115.86  118.79
 116.52  147.03
 117.80  151.52
 118.82  129.40
 127.59  141.67
 130.26   53.96
 132.15  132.21
 134.81  148.25
 137.03  141.39
 137.24  132.98
 137.41  147.82
 144.05  151.32
 144.89   88.26
 146.42  139.94
 148.08  149.65
 149.43  153.87
 150.48  130.57
 150.72  150.27
 150.87  139.12
 150.99  120.50
 152.48  122.74
 154.18  140.59
 154.30  113.78
 154.93  123.48
 158.35  144.97
 159.14  139.28
 161.44  123.32
 165.67  132.04
 165.78  131.55
 167.63  156.32
 168.52  139.40
 168.83  130.23
 169.98  162.84
 170.33  103.23
 172.31  145.57
 172.54  127.30
 174.35   41.10
 174.55  162.85
 175.18  124.39
 176.42  133.18
 176.93  159.88
 177.00  102.02
 177.34  123.90
 177.90  137.21
 179.91  155.25
 180.24  119.91
 180.53  117.05
 180.59  105.72
 181.39   97.73
 182.06  131.18
 182.62  137.06
 183.94   77.61
 187.55  132.31
 188.87  154.95
 189.04  158.20
 189.37  145.60
 189.89   97.34
 190.08   73.28
 191.03  137.44
 191.81   80.43
 192.56  133.12
 193.50   75.48
 196.93  152.25
 199.59  149.37
 199.77  133.35
 202.81  137.33
 202.95  155.09
 205.27  105.81
 206.26  140.48
 207.05  134.05
 208.32   75.58
 208.70  118.75
 209.37  128.91
 212.26  103.22
 214.72   70.97
 215.27  105.42
 215.75  148.28
 215.99   74.26
 216.07  138.18
 216.43  132.66
 216.74  120.29
 217.25  134.90
 219.15  131.66
 219.69  134.72
 220.78   75.04
 221.21   74.97
 225.42  112.54
 225.68  105.22
 225.81  147.56
 226.50  139.77
 230.74  140.70
 233.51  136.98
 235.32  154.86
 236.30  147.54
 237.43  142.15
 240.44  133.12
 240.58  132.67
 247.57  141.28
