  11.46  106.65
  11.80   84.08
  14.59  114.89
  15.53   92.10
  16.30  127.06
  16.54  106.62
  16.67  123.05
  19.43  119.86
  22.29  137.99
  23.21  122.56
  25.03  127.90
  28.19  119.45
  29.49  133.93
  31.62   96.93
  37.05   90.09
  39.30  121.41
  41.81  128.93
  44.36  121.54
  46.55   93.14
  50.29  120.33
  50.78   89.31
  52.32  105.58
  53.96  135.25
  55.35  113.54
  55.92  118.54
  56.17  131.56
  68.28   97.13
  69.40   90.02
  73.29  119.37
  77.98   90.76
  78.88  133.24
  79.19   89.94
  82.83  121.60
  83.55  129.80
  83.89  117.84
  86.37  130.70
  86.62   97.23
  87.02  131.25
  91.50   91.73
  97.27  131.48
  98.02  108.18
 100.86  113.16
 101.00  108.37
 104.42   93.63
 104.78  125.90
 106.14  120.58
 106.36  108.57
 108.83   90.18
 110.59  114.12
 118.44  121.03
 120.44  109.89
 123.49  121.52
 126.85  117.18
 130.26  138.93
 130.72  110.18
 135.29  139.09
 149.53  118.51
 152.45  105.90
 157.29  118.42
 160.57  139.17
 162.90  119.21
 164.70  139.77
 176.79  141.53
 182.30  128.57
 184.93  128.14
 185.50  128.06
 188.97  118.73
 192.73  129.55
 193.13  136.36
 193.31  117.88
 196.42  120.28
 196.63  126.15
 196.69  138.00
 196.98  108.60
 198.54  105.48
 204.93  118.41
 205.40  144.86
 206.32  123.31
 210.29  127.94
 210.33  127.72
 216.72  128.59
 217.81   89.44
 222.19  124.41
 222.90  111.94
 228.72  136.75
 231.84   90.07
 236.99  130.79
 239.28  108.23
 241.52  131.58
 242.92  141.44
 242.93  113.65
