   9.46   95.94
  12.17   92.46
  19.13  103.54
  19.38  116.11
  23.58  113.87
  23.67   64.92
  24.24   65.06
  28.29   99.80
  28.80  117.57
  29.83   68.96
  29.87   66.77
  30.15   69.56
  30.61   65.94
  32.90   64.15
  33.70   96.83
  35.01  116.98
  35.76  102.87
  37.55   94.69
  37.93   94.81
  40.31   63.65
  42.78  101.40
  43.05   91.48
  43.34   59.74
  45.21   70.04
  45.29  135.63
  46.47  116.58
  48.45  108.07
  50.95   91.29
  51.50  116.98
  51.61   85.93
  56.75   71.98
  58.12   68.16
  70.02   61.04
  70.36   65.50
  74.87   69.85
  76.33   94.39
  77.64   91.05
  77.67  101.12
  78.22  101.10
  78.45  111.11
  85.05  110.19
  85.31   70.48
  85.85  113.78
  87.47  126.90
  90.96   65.85
  91.29   89.26
  91.73  104.51
  92.45   98.78
  93.44   77.44
  98.46   92.97
 102.95   67.54
 107.24   92.12
 111.59   55.78
 118.97   67.08
 119.02   98.19
 135.10   65.02
 142.03   66.20
 146.54   55.33
 147.43   56.70
 148.57   91.08
 151.23  112.05
 151.53   94.38
 153.84   67.12
 156.96   91.67
 159.50   62.33
 160.87   92.14
 165.26   60.36
 165.67   60.23
 168.80   60.64
 170.00   93.15
 173.59   93.92
 175.29  121.02
 177.03   61.66
 178.23   60.49
 180.75   58.11
 182.31   55.28
 185.95  126.46
 188.58   61.13
 188.67   62.00
 195.96   66.21
 197.21  107.27
 204.39   61.83
 205.67  114.47
 207.70  101.10
 210.61  110.15
 212.42  105.37
 222.34   97.20
 223.93   65.35
 226.05  108.89
 226.20   97.46
 230.73   68.47
 232.42  111.53
 233.06   91.82
 233.51  106.36
 235.26   66.33
 237.91   69.31
 240.50   66.15
 241.85  105.56
 242.01   92.11
 244.56  141.16
