   9.59  114.29
   9.75  165.79
  17.29  109.73
  18.79  112.45
  21.31  202.27
  21.57  212.02
  24.43  112.07
  27.25  109.38
  27.55  118.99
  27.65  108.00
  28.79  111.96
  28.97  202.49
  29.23  209.29
  35.44  201.94
  39.68  118.38
  41.74  111.74
  43.08  114.57
  43.61  173.04
  47.55  115.35
  48.20  112.30
  58.78  246.93
  68.87  228.06
  71.75  215.20
  73.40  108.43
  74.58  104.38
  85.00  172.95
  85.04  108.32
  88.66  215.22
  89.23  211.86
  94.92  160.21
  96.28  214.76
  96.42  211.81
  98.21  106.96
  99.28  240.26
 102.59  100.96
 118.13  125.99
 122.06  132.92
 124.54  209.90
 126.46  173.25
 130.46  213.04
 132.93  113.13
 133.20  116.90
 134.11  136.52
 136.26  209.19
 139.61  246.89
 141.07  112.68
 141.45  118.14
 145.99  192.11
 150.53  188.00
 153.11  139.88
 155.69  211.03
 160.58  112.32
 173.39  126.45
 178.70  115.37
 180.24  126.59
 184.73  117.17
 184.77  126.47
 185.20   50.95
 189.09  119.91
 189.17  126.60
 193.00  222.37
 213.02  120.50
 215.38  107.75
 224.16  119.50
 226.48  117.36
 235.73  129.98
 236.02  101.20
 240.54  236.11
 240.83  102.06
 242.82  115.72
 245.23  115.77
