  10.08  247.23
  12.38  217.48
  20.69  191.54
  22.22  147.14
  25.03  218.05
  26.73  244.10
  36.43  168.69
  41.04  168.73
  45.10  173.49
  45.56  220.61
  46.89  214.97
  48.69  217.77
  52.39  103.91
  58.69  101.95
  59.19  177.70
  62.64  101.56
  63.20  235.88
  64.27  100.20
  67.65  240.19
  68.76  100.68
  76.18   99.54
  76.87  177.11
  77.40  104.29
  79.14  109.27
  80.55   99.64
  91.62   97.92
  94.62  101.90
  99.03   98.64
  99.16  199.90
 101.06  176.70
 101.22  176.78
 101.63  102.03
 103.80  104.96
 109.00  104.94
 109.51   96.03
 110.35   97.71
 111.25  220.39
 111.97  102.31
 114.11  105.24
 114.18  150.75
 114.25  191.62
 114.56   92.99
 115.75  222.05
 120.42  150.08
 123.45   97.25
 123.86   91.97
 124.78   92.74
 126.59  108.72
 129.32   87.92
 130.60  101.95
 132.08   72.15
 132.91  101.96
 137.88   92.83
 141.80   97.67
 142.09  193.46
 143.30  172.63
 144.77  190.42
 147.33   97.60
 148.33  100.00
 152.17  100.29
 153.54  192.39
 155.78  104.11
 161.28  104.24
 163.16  101.89
 171.56  174.56
 172.51  187.11
 178.77  175.77
 180.65  192.25
 180.98  113.34
 181.29  184.93
 184.41  184.64
 188.68  173.34
 192.36  173.29
 195.50  199.86
 196.53  105.92
 212.08  221.04
 213.23  154.11
 214.93  178.78
 216.50  176.11
 216.81  184.12
 223.50  158.35
 230.00  100.96
 231.30  172.82
 236.92  146.90
 239.91  189.76
 241.74  185.01
 244.05  100.65
 245.44  184.99
