   8.35  177.39
  13.47  240.48
  17.48  237.59
  18.78  240.23
  24.53  190.95
  26.33  182.58
  33.25  190.14
  44.60  244.21
  59.24  171.36
  63.22  178.61
 112.52  176.68
 129.51  178.60
 132.23  242.71
 139.38  126.66
 144.51  126.39
 148.60  121.57
 151.42  229.27
 171.69  170.19
 176.31  226.54
 183.10  120.47
 184.75  122.84
 190.70  225.71
 193.24  170.47
 195.72  234.65
 198.75  201.83
 204.52  122.40
 223.92  121.82
 228.64  121.50
 233.58  191.28
 234.13  124.30
 240.52  244.02
 241.14  120.41
 243.48  245.85
