  16.61  155.70
  18.07  150.09
  20.97  107.22
  40.85  144.99
  43.39  107.73
  44.63  147.35
  44.92  103.39
  45.76  135.50
  46.15  109.95
  47.80  106.06
  49.03   98.41
  51.16  165.21
  53.16   99.00
  56.54  102.54
  59.09  208.08
  60.81  243.15
  61.21  238.30
  61.91  206.83
  65.20  182.21
  66.01  243.03
  66.68  135.03
  69.26  182.16
  69.33  123.35
  73.58  158.84
  76.19  241.38
  76.44  123.69
  77.79  161.29
  80.25  244.50
  81.04  226.27
  81.43  200.39
  83.22  246.02
  83.54  121.83
  83.81  156.17
  84.96  186.97
  86.09  244.34
  90.05  214.91
  91.29  144.08
  92.93  144.13
  93.45  232.20
  94.37  112.88
  98.75  143.36
  99.14  234.08
 101.26  227.11
 101.70  237.05
 101.99  140.25
 102.18  153.10
 102.87  148.66
 108.56  185.98
 110.38  129.80
 110.49  119.74
 110.70  150.55
 110.98  158.71
 111.89  188.55
 112.11   98.25
 115.22  144.66
 115.89  234.23
 116.11  184.22
 117.58  127.87
 118.51  222.39
 118.93  157.26
 119.12  130.34
 119.84  235.10
 120.18  183.59
 122.67  113.72
 123.04  190.63
 123.19  186.91
 123.24  134.50
 124.09  135.96
 124.40  145.61
 125.04  135.55
 125.11  218.41
 125.91  185.16
 126.86  129.55
 127.17  210.50
 127.75  139.55
 128.82  147.20
 132.16  188.59
 135.04  226.37
 135.33  129.73
 135.55  235.18
 135.61  148.17
 136.23  161.04
 137.85  127.40
 138.65  144.64
 140.49  218.84
 141.64  248.50
 142.15  119.61
 142.54  154.29
 142.56  127.00
 143.47  144.52
 145.04  214.97
 147.53  185.60
 148.11  164.93
 148.28  160.75
 148.81  219.93
 149.00  122.19
 149.58  234.97
 151.86  218.28
 152.93  121.14
 153.22  221.16
 153.61  221.16
 153.66  246.78
 154.41  192.61
 154.91  136.06
 155.20  236.52
 156.95  188.69
 157.51  192.30
 158.51  164.31
 158.96  152.13
 160.19  190.20
 160.19  135.75
 160.64  121.50
 161.30  219.03
 161.46  159.69
 162.65  133.12
 162.98  114.06
 164.07  186.09
 165.52  117.06
 166.07  246.09
 168.51  164.38
 171.00  135.90
 174.41  225.89
 174.80  135.92
 175.32  161.32
 177.37  144.03
 177.44  131.10
 177.50  119.64
 177.71  224.17
 177.98  167.08
 179.47  127.84
 180.99  141.67
 183.06  119.44
 183.37  165.96
 183.95  169.03
 185.77  186.19
 187.33  119.26
 188.29  167.03
 190.91  184.86
 191.05  190.08
 191.80  197.91
 193.33  127.56
 194.88  163.88
 195.54  211.10
 195.55  119.53
 197.03  161.07
 197.04  114.84
 200.25  189.06
 201.38  161.64
 202.32  128.56
 203.27   94.73
 203.50  125.86
 205.24  160.66
 207.69  114.41
 209.56  161.25
 210.26  168.73
 210.47  134.19
 213.06  171.12
 214.13  193.17
 214.73  127.63
 215.53  110.58
 215.67   93.24
 216.25  120.04
 218.12  160.47
 218.47  135.33
 218.77  201.11
 221.18  243.76
 223.55  119.60
 226.59  145.55
 227.70  136.03
 229.44  193.59
 230.15   96.16
 233.28  145.07
 233.44  186.33
 234.70  168.16
 236.06   95.94
 237.87  166.07
 243.02   96.01
 243.74  246.79
 244.39  192.99
