   7.84  151.94
  10.33  148.19
  11.77  154.39
  14.29  148.25
  14.41  163.18
  14.61  169.55
  15.65  170.08
  16.04  152.92
  20.44  132.51
  20.71  175.12
  21.66  174.56
  21.76  155.01
  22.84  169.35
  23.14  144.89
  23.54  151.13
  24.00  175.28
  29.09  148.65
  29.89   95.37
  30.01  133.03
  30.67  158.35
  32.61  150.63
  33.44  126.05
  33.71  169.34
  35.60  144.45
  36.17  134.03
  37.38  154.15
  37.51  169.40
  40.08  160.69
  41.88  148.99
  43.08  132.27
  44.14  171.19
  44.44  128.10
  45.34  174.68
  45.47   95.53
  46.79  153.19
  48.29  121.34
  49.47  133.21
  49.66  157.61
  50.34  149.80
  51.61  161.17
  51.98  174.68
  52.57  169.24
  58.29  162.26
  61.28  148.41
  61.64  158.85
  62.24  168.85
  62.52  132.13
  67.14  148.26
  67.95  151.60
  68.71  157.04
  70.48  173.66
  73.37  168.40
  74.99  150.87
  77.20  170.84
  80.34  155.60
  83.17  150.15
  83.37  157.52
  84.98  179.79
  87.27  154.86
  87.89  152.88
  87.94  173.18
  88.42  159.68
  89.57   51.87
  92.06  151.49
  93.40  155.88
  94.90  148.90
  99.01  175.07
  99.06  166.40
  99.27  169.58
  99.96  162.21
 100.32  174.11
 101.12  160.89
 102.44  148.11
 106.24  164.90
 106.27   35.35
 106.61  137.17
 109.07  131.23
 109.84  148.13
 110.02  123.99
 110.10  162.39
 111.92  171.47
 115.12   94.90
 116.85  148.24
 116.85  131.74
 117.26  169.17
 117.65  142.96
 120.16  173.32
 120.74  162.57
 122.48   30.53
 123.06  173.72
 123.51  133.77
 124.07  179.09
 124.21  147.46
 125.15   78.95
 127.67  126.49
 127.71  144.63
 127.87  168.75
 128.04   94.40
 128.50   82.25
 128.76  160.43
 128.83   79.44
 129.14   48.16
 129.18  173.27
 131.38  146.45
 132.76  154.34
 135.82  170.73
 136.58  142.63
 136.95  150.51
 137.31  131.33
 140.23  137.91
 141.27  169.20
 145.61  151.53
 145.84  148.03
 147.34  126.48
 147.55  131.70
 147.60  121.38
 150.80  152.10
 151.61  145.71
 154.40  170.78
 156.66  133.45
 156.75  159.28
 156.84  141.61
 157.13  152.44
 157.81  170.28
 159.08  128.04
 160.58  155.60
 160.92  161.53
 161.29  130.66
 161.85  133.95
 161.97  183.58
 162.58  141.66
 163.71  147.73
 164.53  128.39
 164.70  169.12
 164.94  165.82
 167.68  134.60
 169.10  127.66
 169.18  150.36
 169.27  165.66
 170.27  160.51
 173.62  166.69
 175.08  133.10
 175.90  155.71
 176.10  144.60
 179.53  150.83
 181.00  166.31
 182.10  162.07
 182.18  138.60
 182.46  144.76
 183.14  150.69
 184.78  169.84
 184.84  141.91
 185.09  148.35
 185.62  169.93
 186.21  159.73
 186.85  151.00
 188.14  134.29
 189.16  154.50
 191.44  148.52
 193.64  131.26
 193.98  151.23
 196.33  148.28
 196.35  129.35
 196.82  168.91
 200.03  123.64
 201.51  158.60
 202.45  168.78
 203.91  130.73
 204.19  160.31
 206.57  153.17
 206.90  158.26
 207.31  146.82
 208.94  171.81
 209.83  142.00
 209.88   48.58
 210.07   45.26
 211.44  147.09
 212.31  129.17
 214.28  181.77
 214.69   49.26
 215.21  167.18
 216.78  146.65
 218.29  141.88
 218.92  151.84
 220.72  169.17
 222.48  159.98
 222.75  147.76
 224.45  156.42
 225.33  152.34
 225.82  142.86
 227.18  175.51
 228.20  183.10
 228.95  147.39
 229.23  138.66
 229.72  160.37
 230.58  168.06
 231.33  163.94
 234.82  143.17
 238.16  147.70
 240.90  139.54
 241.04  182.70
 241.31  152.48
 243.80  169.22
 243.82  166.56
 245.33   87.83
 245.43  148.37
 245.67   90.40
 249.29  170.02
