  14.70  114.35
  14.94  214.53
  15.59  179.21
  16.12  109.49
  16.48  104.56
  20.07  118.04
  20.26  117.94
  20.41  174.67
  20.91  111.56
  21.45  214.08
  23.02  120.08
  24.96  211.67
  28.36  120.16
  30.99  109.37
  31.77  192.08
  32.89  117.85
  34.90  181.22
  35.21  126.55
  37.88  170.70
  39.46  126.86
  44.38  190.11
  45.41  127.65
  49.34  173.22
  49.39  197.97
  51.82  179.57
  52.60  176.92
  53.37  191.42
  53.91  187.86
  56.34  130.13
  58.64  118.28
  59.47  120.24
  61.60  131.88
  61.61  175.11
  61.71  175.34
  64.68  189.90
  65.69  120.65
  66.14  188.77
  66.43  186.22
  70.01  134.79
  71.39  188.39
  72.37  119.50
  77.33  174.87
  83.73  116.75
  83.93  117.10
  84.30  180.92
  87.85  103.04
  88.50  120.67
  88.66  189.35
  93.51  119.19
  98.16  119.36
  99.53  171.83
 100.83  195.07
 101.54  135.86
 101.72  119.04
 103.03  179.96
 105.45  168.83
 109.59  142.24
 110.83  183.01
 112.93  173.22
 113.58  128.57
 115.70  138.85
 116.36  176.51
 118.40  122.97
 118.62  172.22
 119.89  191.89
 121.25  147.58
 122.48  172.26
 122.54  120.55
 123.57  167.61
 123.91  134.34
 126.01  118.54
 127.27  172.57
 127.66  126.35
 128.73  176.32
 129.98  153.92
 130.44  133.38
 130.58  169.10
 132.30  176.11
 134.06  120.86
 134.19  193.48
 134.54  172.66
 135.00  126.18
 136.94  131.85
 137.79  131.08
 138.52  121.11
 138.59  173.17
 139.54  190.21
 139.58  190.10
 141.17  174.11
 141.61  159.03
 142.10  189.40
 143.10  124.26
 144.25  146.72
 146.63  171.97
 147.29  144.96
 152.08  172.50
 152.47  158.10
 154.89  175.66
 155.49  155.92
 156.05  172.61
 156.57  170.09
 158.08  193.26
 159.76  181.75
 160.67  172.34
 162.01  155.95
 162.09  155.52
 162.16  175.57
 162.99  168.98
 164.89  175.18
 167.01  171.50
 173.72  171.96
 179.25  171.76
 197.16  158.44
 200.30  156.68
 200.60  155.92
 205.21  198.80
 206.12  158.11
 207.53  196.49
 208.48  216.02
 209.50  126.36
 213.81  148.03
 218.60  147.98
 220.54  201.61
 221.20  156.94
 226.66  206.37
 230.05  202.05
 234.95  144.23
 235.72  154.24
 239.04  156.53
 239.75  146.45
 241.13  153.95
 243.19  199.47
