  26.28  114.23
  28.95  165.09
  31.89  145.11
  34.67  175.42
  39.41  175.21
  55.17  171.92
  58.39  145.14
  66.95  199.60
  69.58  168.36
  75.83  108.60
  80.07  147.10
  80.55  110.39
  87.09  108.55
  87.88  203.51
  88.82  200.04
  90.58  194.41
 100.64  127.93
 107.58  211.49
 109.16  174.46
 117.62  121.61
 118.54  147.10
 121.17  121.84
 121.55  144.58
 123.14  159.21
 140.05  114.59
 141.31  230.86
 144.31  119.35
 148.31  215.25
 148.43  110.57
 151.26  114.11
 154.12  197.86
 155.38  220.58
 157.16  110.55
 157.87  143.11
 159.46  211.10
 159.81  146.95
 159.91  225.38
 161.01  149.91
 161.19   96.46
 161.95  143.97
 162.74  222.72
 163.15  227.43
 163.76  110.70
 164.94  222.51
 164.98  215.99
 165.55  193.12
 165.65  114.12
 166.66  217.88
 167.56  111.14
 167.99  155.80
 168.19  178.06
 168.45  221.96
 170.55  110.77
 171.16  215.15
 171.25  155.44
 171.56  222.63
 172.11  192.18
 173.23  111.13
 173.59  152.25
 173.89  171.04
 173.94  210.13
 175.61  168.53
 175.66  222.51
 175.71  185.06
 176.35  179.97
 176.35  173.19
 176.41  227.35
 176.55  218.96
 177.36  177.11
 178.25  232.12
 178.90  217.17
 179.09  110.44
 179.96  170.76
 180.39  193.02
 180.80  235.14
 181.21  194.23
 181.90  146.12
 182.01  152.04
 182.84  229.00
 182.90  218.98
 183.40  198.22
 183.67  212.44
 184.31  193.84
 184.36  231.46
 184.67  205.90
 184.90  187.73
 185.99  150.58
 186.83  220.98
 187.26  208.34
 187.27  183.73
 187.48  208.46
 187.57  130.13
 187.63  113.75
 187.63  215.08
 187.81  176.88
 187.97  141.58
 188.26  198.94
 188.38  232.05
 188.55  191.35
 188.79  173.82
 189.73  153.28
 191.12  164.99
 191.14  138.34
 191.34  192.88
 191.80  144.10
 191.82  144.44
 192.02  227.52
 192.67  107.29
 192.72  187.32
 193.25  176.49
 193.29  180.67
 193.57  165.27
 194.36  183.30
 194.38  245.82
 194.66  110.09
 194.70  197.43
 194.96  241.01
 195.86  140.01
 196.10  204.54
 196.30  101.59
 197.00  234.02
 197.96  153.03
 198.12  150.20
 199.22  243.45
 199.62  112.00
 199.63  202.88
 200.42  188.17
 200.63  168.71
 201.07  206.57
 201.48  158.68
 201.49  233.84
 202.67  178.99
 203.17  242.94
 203.50  190.86
 206.79  171.78
 207.10  200.37
 207.46  105.25
 207.85  188.17
 207.99  236.06
 208.17  167.65
 208.32  242.13
 210.97  188.27
 212.27  236.56
 212.35  162.18
 212.85  164.85
 213.09  184.45
 216.03  248.20
 223.20  195.70
 223.60  240.01
 224.44  100.43
 224.94  109.22
 225.14  228.98
 226.00  226.26
 227.96  228.85
 229.17  108.39
 231.56  187.88
 231.64  200.41
 232.01  109.51
 233.66  164.57
 235.22  114.79
 235.78  207.41
 236.38  156.06
 236.60  114.44
 237.04  111.71
 237.16  212.61
 237.18  143.60
 237.53  191.72
 237.59  178.62
 237.61  160.54
 238.04  223.06
 239.04  138.38
 239.91  218.90
 240.05  187.16
 240.98  210.67
 241.05  165.54
 241.24  180.94
 241.37  249.12
 241.58  222.35
 242.32  136.54
 242.79  153.70
 243.46  237.32
 243.82  111.17
 244.00  190.68
 245.06  186.73
 245.06  225.24
 245.59  183.56
 246.49  152.06
 246.84  222.32
 246.88  201.71
 246.88  236.72
 247.74  171.90
 247.89  149.40
 248.30  117.84
 248.62  210.45
 248.79  230.21
 248.97  185.91
