  23.89  132.47
  25.81  130.13
  28.14  132.22
  30.73   69.96
  36.19  137.25
  60.34   66.05
  66.59   66.36
  76.02   62.13
  91.79   59.89
  92.19   65.46
 111.11  124.03
 127.44  192.43
 151.88   74.39
 157.57   75.67
 158.48   68.77
 158.54   62.44
 161.95   64.76
 166.87  138.13
 168.05  153.52
 169.59   71.31
 183.59  140.01
 183.98  186.36
 184.45  131.03
 185.26   73.58
 186.13  137.54
 187.30  185.02
 190.95   61.69
 192.20  167.74
 192.63  132.01
 193.57  182.28
 196.47  111.78
 197.16   73.49
 198.01  180.53
 203.14  181.08
 203.59  178.39
 209.96  105.38
 211.50  131.70
 215.03  150.46
 215.18  131.52
 219.56  171.52
 223.41  169.88
 231.36   58.99
 243.39   72.59
 249.05  116.42
 249.06  119.23
 249.62   59.43
