   7.50  147.29
  10.03   83.37
  10.64   86.61
  11.41   75.06
  14.96  145.02
  15.99   82.66
  18.14   89.24
  19.21   83.11
  19.23  103.46
  19.51  187.53
  19.67   86.13
  20.24  118.30
  20.87  144.65
  21.74  142.22
  24.65  118.42
  24.67  127.06
  25.36  142.09
  25.85  106.20
  25.90   86.01
  26.23   82.67
  27.31   98.55
  29.94  113.44
  30.67  101.79
  32.06  104.52
  32.07  119.58
  33.43  102.00
  33.95   75.00
  36.20  146.66
  36.65  133.20
  39.19   89.57
  40.76  104.71
  41.67  100.65
  42.99  137.03
  43.51   96.29
  44.86  245.52
  47.60   87.53
  49.16  110.00
  49.99   72.41
  51.29  127.94
  52.01   74.69
  53.30  108.84
  53.61  105.54
  53.84  191.89
  54.95  159.07
  57.02   78.84
  61.62  221.45
  66.77  101.41
  68.77   75.05
  69.76  104.59
  72.68   79.40
  75.75  121.37
  76.41   74.58
  80.66   78.23
  80.82  121.72
  81.08   94.20
  82.06   71.11
  82.09  101.75
  83.71   86.54
  85.27  144.84
  86.34  102.01
  88.92   86.38
  90.68  102.18
  90.72   97.52
  91.62   80.12
  93.91   43.77
  94.66   74.42
  95.27  151.90
  95.59  107.23
  98.93  174.94
  99.45  107.46
 100.95  100.03
 101.24   83.70
 101.40  218.36
 101.82   74.41
 102.32   78.93
 102.86  219.33
 104.64   70.52
 104.89  179.57
 105.60   87.09
 108.94  141.77
 110.95   83.56
 111.04   78.88
 111.57   90.54
 112.05  103.30
 113.16  100.60
 118.81  141.74
 119.34  130.17
 120.22  131.65
 122.52   79.18
 123.95  148.84
 124.78   86.41
 125.28  142.14
 126.39  145.46
 127.42  139.39
 128.67   91.16
 130.07   83.75
 130.55  145.70
 132.90   78.55
 133.16  131.57
 135.38  145.77
 135.39  142.29
 135.56  137.04
 136.26  212.13
 136.54   94.70
 137.46  197.40
 138.06   88.00
 138.56  106.37
 143.33   89.29
 145.63  186.94
 146.60  215.88
 148.91  196.86
 150.31   90.13
 153.52  173.23
 156.52   78.97
 157.18   69.93
 157.19  101.49
 158.72  130.75
 159.44  223.55
 160.47   77.98
 160.91  134.18
 161.68   95.99
 162.36   75.11
 162.63  182.06
 169.85  101.49
 170.04   78.45
 170.36   98.90
 170.82  108.46
 179.10  109.11
 179.28   83.66
 179.92  132.78
 182.39  134.95
 182.78  114.72
 182.89  132.51
 183.08  109.48
 185.64  187.09
 186.22  208.34
 187.11  182.07
 187.64   73.98
 187.71  117.73
 187.96  203.58
 188.05  216.77
 188.39  179.24
 190.76  125.57
 192.03   74.02
 198.53   91.93
 203.56   57.63
 204.05   95.20
 204.05  184.26
 204.90  105.62
 205.41  137.17
 207.13  182.59
 208.18   55.53
 211.69   53.45
 211.99  100.79
 214.22  103.48
 217.83   86.76
 218.09  105.21
 220.20   96.50
 221.21   71.20
 223.30   97.80
 223.88  131.60
 224.15   88.77
 227.43  100.97
 230.54  195.20
 235.96   94.71
 237.19   86.39
 239.36  185.47
 239.86  134.02
 240.07   81.79
 242.89   86.12
 243.11   70.43
 244.91   82.11
 246.59   71.08
 247.40  101.41
