  14.04   82.14
  25.89   79.40
  31.73   71.75
  36.21   96.61
  42.06   97.04
  45.33   97.51
  49.24   97.72
  57.43   69.27
  62.04   98.86
  62.48   73.63
  64.06   69.65
  64.36   82.64
  65.53   77.06
  70.37   78.34
  90.06  100.41
  92.78   69.56
  99.12   91.37
 103.72   70.21
 104.07  102.56
 116.86   75.46
 119.08   81.03
 119.95   79.47
 128.73   91.44
 131.91   91.44
 135.69   91.54
 136.66   93.86
 137.94   77.85
 138.85   82.13
 144.05  105.45
 147.61   91.82
 148.91   82.35
 151.32   95.07
 154.64   71.57
 155.95   82.73
 157.24   95.05
 161.39   95.01
 161.98  106.63
 163.23  103.07
 166.09   83.18
 166.31   95.36
 169.12  107.91
 170.89   95.63
 170.92   79.06
 172.42   75.70
 172.55   88.66
 173.71   93.84
 174.14   73.34
 174.82   79.27
 175.26  109.06
 175.56   81.77
 181.26   73.94
 181.85   94.20
 184.55  104.42
 186.09   82.10
 187.72   72.51
 191.52   87.09
 191.58   82.78
 200.71  112.17
 210.17  112.57
 211.52   91.33
 213.07  105.15
 215.09   85.43
 215.14   80.62
 216.71   73.48
 220.60   91.97
 220.95  113.93
 222.30   83.74
 224.92   84.09
 225.26   80.96
 234.96  114.93
 235.20  100.06
 236.05  109.36
 241.37  100.07
 242.32   81.46
 242.58   70.68
 244.48  119.95
