   7.04  115.38
  12.06   98.69
  16.56  100.67
  18.95  132.86
  21.75  136.27
  22.23  119.43
  28.78  117.15
  30.77  180.63
  31.18  168.45
  31.22  176.61
  34.27  105.12
  36.72  173.09
  41.17  185.87
  41.64  192.58
  42.56  166.67
  45.19  113.34
  45.42  125.33
  45.78  185.89
  47.72  189.70
  47.90   99.48
  48.28  166.11
  50.37  123.13
  52.07  190.50
  53.97  193.45
  54.36  114.30
  54.72   95.91
  55.16  200.83
  56.74  124.64
  56.92  194.51
  59.84  135.50
  59.96  113.13
  64.14  201.93
  65.98  206.64
  66.03  118.35
  66.57  116.44
  67.25  203.97
  67.98   78.68
  68.00   73.47
  69.11   98.22
  70.23  209.72
  70.67  110.54
  73.28  113.28
  73.83   95.96
  74.22  137.13
  75.03   98.66
  75.48  127.64
  76.34  201.44
  76.42   72.98
  76.48  200.56
  77.14  211.88
  78.70  113.29
  81.50  102.79
  82.06   76.34
  82.50   98.44
  82.80  150.32
  83.33  112.98
  85.99  210.66
  87.39   95.57
  90.04  140.34
  91.86  210.65
  91.99   89.66
  92.37  131.32
  93.04  140.07
  93.46  134.04
  94.46  204.22
  95.49   90.63
  96.71  210.58
  97.48   74.59
  98.00   95.57
  98.03   85.04
 100.37  125.21
 100.38  120.84
 102.59  210.73
 105.21   77.66
 106.16  208.80
 108.16  133.70
 110.33  160.18
 112.48  110.48
 116.08  101.27
 116.32   80.12
 117.38   74.50
 117.42   91.53
 119.50  109.98
 119.64  133.49
 120.04  126.05
 122.15  107.71
 122.80   95.40
 124.10  110.02
 124.14  117.84
 124.76  121.35
 126.86   74.26
 128.35  146.72
 128.70  159.60
 129.22  115.98
 129.55   93.02
 130.98   90.70
 132.44   66.19
 133.05  194.65
 133.07  114.71
 134.45  123.55
 135.24   87.81
 137.37   90.57
 139.65  204.86
 142.17   92.06
 143.29  106.44
 143.55   70.17
 143.98  111.13
 146.19  106.94
 148.60  146.13
 150.95  107.49
 151.15   91.20
 152.95   76.84
 156.93  138.87
 157.75   63.57
 157.83   95.84
 159.96  153.17
 161.18  163.43
 161.27   94.27
 161.96   90.95
 163.39  100.72
 164.21   96.34
 164.83   65.74
 165.05   93.51
 165.26  102.45
 167.58  104.47
 170.38  105.87
 171.25   64.90
 171.27  208.95
 171.95   61.67
 173.49   95.55
 174.62   97.30
 174.64  209.68
 175.14   62.37
 175.47   64.40
 175.99   66.46
 178.31  214.85
 180.72   58.11
 181.09  233.23
 181.22   58.57
 182.50  236.55
 182.83  220.12
 183.33  238.47
 183.64   71.36
 183.81  217.43
 185.02  208.17
 185.72  233.62
 186.34  201.77
 186.45   56.47
 189.31   89.77
 189.93  223.38
 189.94  104.30
 189.96   64.51
 190.41  158.71
 190.55  158.44
 190.57  208.31
 191.36  150.97
 191.55  213.23
 195.87   95.87
 197.66   66.45
 197.87   85.25
 198.95   74.48
 199.02  158.24
 200.37  215.51
 201.43  162.33
 202.08  236.30
 202.11  235.50
 209.20  156.64
 217.30   96.63
 217.76   84.00
 217.83   96.98
 218.80  104.62
 220.46  248.44
 221.61  135.62
 223.84  184.25
 223.90  233.99
 223.97  136.95
 224.26  213.93
 224.85   99.90
 226.89  185.73
 227.62  234.11
 227.72  217.75
 227.72  139.43
 227.82  193.36
 228.52  214.49
 230.47  149.43
 230.92  217.28
 231.58  114.11
 234.13  235.42
 234.62   99.18
 234.64  237.45
 235.93   99.98
 236.30  138.29
 237.36  186.66
 237.65  209.14
 237.76  183.78
 238.19  222.81
 240.73  186.83
 241.40   69.56
 243.52  237.44
 243.92  187.38
 245.15  221.09
 245.38  220.26
 246.13   68.17
