  16.48  182.99
  19.61  185.46
  21.21  169.53
  24.44  182.83
  27.00  185.38
  29.96  183.04
  34.16  182.95
  34.36  170.54
  36.06  185.97
  37.75  169.48
  39.49  167.23
  41.67  182.69
  44.38  185.65
  46.74  182.50
  54.27  182.71
  56.19  185.57
  58.39  173.06
  63.86  190.87
  67.20  182.91
  68.90  168.96
  75.41  159.65
  79.47  196.93
  80.70  157.89
  83.61  203.24
  90.07  203.12
  90.34  157.32
  93.01  203.31
  93.98  147.07
 100.00  197.52
 110.63  155.84
 112.24  158.90
 114.45  195.33
 115.80  158.90
 115.95  163.51
 117.17  161.53
 124.20  196.67
 124.27  191.65
 125.27  165.79
 126.83  188.44
 130.05  189.54
 131.02  186.17
 131.65  170.95
 131.94  167.53
 133.03  168.80
 134.11  190.86
 141.67  173.39
 149.61  177.48
 151.78  183.00
 154.53  185.47
 160.52  185.07
 162.23  182.67
 164.99  185.10
 173.24  182.82
 177.35  182.95
 182.12  185.46
 191.15  185.90
 193.67  188.53
 194.27  185.61
 199.45  186.08
 201.23  183.53
 201.72  188.76
 203.55  186.20
 205.14  183.47
 205.20  169.11
 206.64  186.17
 212.77  186.10
 213.81  169.13
 218.61  189.06
 223.94  170.13
 224.57  185.72
 226.96  183.30
 230.90  169.41
 234.34  183.29
 247.25  183.22
