   6.87  137.42
   8.46  117.94
  11.95  116.86
  12.31  119.34
  23.01  203.54
  35.07  106.83
  42.20  204.33
  45.13   95.91
  45.52  206.36
  48.27  200.98
  53.95  111.95
  54.29   99.12
  57.55  152.41
  67.58  173.29
  70.79  170.67
  71.07  183.24
  74.26  144.76
  74.58  116.68
  74.62  172.56
  76.37  150.21
  76.67  211.87
  77.71  208.60
  80.58  170.06
  81.39  210.45
  82.37  207.62
  83.01  127.17
  83.08  149.92
  83.90  224.44
  86.30  206.85
  91.56  206.42
  92.74  203.32
  95.04  206.06
  96.42  172.23
  96.97  120.49
  98.63  170.03
  99.18  210.96
  99.64  168.72
 100.33  149.05
 100.81  207.92
 101.96  144.84
 105.04  122.37
 108.83  170.28
 110.94  172.58
 111.26  122.81
 112.68  170.31
 114.79  130.35
 115.34  175.77
 115.54  175.34
 116.31  142.74
 119.07  114.02
 122.36  159.91
 122.58  148.04
 123.85  125.90
 129.79  125.05
 131.67  171.71
 132.93  174.80
 133.59  119.11
 135.06  132.80
 135.48  172.11
 136.11  122.80
 137.94  145.42
 139.52  171.54
 140.01  140.98
 140.91  176.55
 141.47  169.36
 142.12  123.22
 143.63  171.48
 147.73  122.59
 154.16  114.79
 158.37  170.54
 160.37  120.19
 160.39  109.04
 161.00  141.66
 161.26  179.09
 161.62  148.06
 161.80  170.93
 161.99  146.93
 163.88  179.48
 166.13  115.22
 166.27  170.46
 167.96  182.58
 168.24  133.60
 169.08  145.32
 170.55  173.30
 172.42  138.42
 173.29  170.81
 175.05  128.48
 177.51  170.50
 180.19  146.20
 191.12  141.37
 193.85  139.75
 196.15  141.07
 197.04  143.24
 199.02  147.28
 199.09  144.53
 201.38  136.72
 202.44  136.57
 203.35  129.80
 205.04  144.84
 207.20  147.67
 210.25  119.84
 211.04  205.55
 214.81  135.95
 214.99  131.86
 215.65  140.11
 219.70  190.21
 244.75  138.79
