   8.45   94.08
   9.90   28.14
  11.38   91.03
  13.81  133.10
  15.75   78.04
  16.15   83.32
  17.94  133.54
  18.65   32.02
  19.15  109.56
  19.16   92.50
  20.56   27.96
  21.00   69.58
  21.44   86.89
  23.16   79.31
  23.78  109.49
  23.89   68.48
  27.71   29.24
  29.61  122.03
  29.69   69.09
  31.05   95.98
  31.43   50.53
  31.79   30.80
  32.11   53.83
  33.66  123.92
  35.83   66.61
  36.02   66.60
  36.84  121.91
  37.21   58.34
  37.53   88.47
  37.89   45.98
  39.09  124.42
  39.28  137.34
  39.50   80.89
  40.44   63.94
  40.52   52.54
  42.75  133.21
  43.41   28.64
  43.59   81.44
  45.25   67.11
  45.91  123.16
  46.84   81.06
  46.87   27.91
  47.21   95.73
  50.02  123.23
  52.09   29.29
  52.21   91.37
  54.22   26.64
  54.46   94.51
  56.01   28.92
  56.77   66.73
  56.80   31.65
  57.50   79.55
  59.52   76.36
  59.54   66.60
  61.01   26.71
  62.20   53.59
  62.61   87.48
  63.41  118.90
  63.46   30.65
  63.90  122.17
  65.99  121.16
  65.99  109.82
  68.13  125.06
  68.25  115.92
  68.70  118.70
  70.88   66.80
  71.53  121.21
  71.97   75.31
  72.41   90.85
  73.15  110.81
  73.23  110.75
  73.85  124.96
  75.87  106.24
  76.13   59.39
  77.77   62.05
  77.98  110.09
  78.33   56.79
  78.48   26.31
  79.63  103.19
  80.47   75.37
  81.71  106.79
  84.60   61.52
  84.84   23.04
  84.86   65.09
  85.20   57.35
  87.67   74.15
  87.80   77.41
  88.14   24.58
  90.17  107.62
  95.05   77.82
  95.59   80.97
  97.85  100.66
  98.47  109.33
  99.22   68.50
 100.20   61.91
 100.92   75.64
 101.38  103.50
 101.72   19.67
 102.77   14.44
 103.36   91.32
 103.70  108.43
 105.23  100.73
 105.72   58.54
 106.07   10.24
 107.85   61.46
 108.83   64.15
 114.36   52.07
 115.35   17.78
 115.42   59.10
 115.50   85.45
 116.06   60.88
 116.21   12.32
 119.07   15.80
 119.45   85.50
 121.05   19.11
 121.11   12.83
 121.14    9.49
 122.50   77.32
 123.74   79.96
 123.84   73.36
 125.36   13.31
 128.41  104.31
 131.36   75.53
 132.92   49.18
 133.98  106.64
 136.27   71.93
 136.69   80.63
 136.98   10.13
 137.46   49.54
 137.96   77.63
 139.65   12.94
 140.03   72.82
 140.09   70.26
 140.94   81.02
 141.08   88.89
 142.79  132.09
 143.57  104.54
 143.65   72.56
 144.68   76.56
 144.79   75.29
 146.57   64.67
 147.51  131.78
 148.01   87.00
 148.09   90.02
 148.57  104.93
 148.62   68.43
 149.04  113.08
 149.09  113.84
 151.74   73.54
 153.01   77.33
 153.60  108.39
 155.18   90.75
 157.46  102.34
 158.75  111.54
 159.10   94.67
 163.87   85.34
 167.64  106.11
 167.79  129.90
 168.29   94.40
 168.52   98.44
 171.58  125.71
 173.12   79.25
 174.58   47.73
 178.92   49.69
 179.01  124.75
 179.42   78.96
 179.56   81.56
 179.88   46.45
 180.12  109.59
 182.57  125.46
 182.71   76.53
 184.05   69.17
 184.05   45.57
 184.15   42.36
 184.80  128.17
 185.33  108.30
 185.64   46.60
 185.76   80.34
 186.23   49.87
 187.43   97.20
 189.71   50.37
 189.82   82.99
 190.08  107.32
 190.29   41.51
 191.83  126.20
 191.88  100.97
 191.92   45.64
 192.68   48.39
 194.08   73.16
 194.14   76.81
 195.04   70.40
 195.12   50.26
 196.19   36.96
 196.33  125.31
 197.35   74.05
 197.41  108.93
 197.56   44.87
 198.52   77.31
 200.53  103.56
 200.76   70.73
 203.15   74.95
 203.78  109.36
 204.75  127.47
 204.85   46.11
 206.11   63.41
 206.30   67.53
 208.19   76.35
 208.65  111.39
 208.87   36.42
 208.96   41.84
 209.16   36.05
 210.75   52.69
 211.66  128.47
 212.62   77.54
 212.84   71.11
 212.93   50.30
 213.87   62.57
 215.18   40.00
 216.06   78.36
 216.32   75.37
 216.58  101.92
 216.71   51.15
 217.24   44.31
 217.41   66.33
 217.43  130.61
 218.04  104.44
 219.52   72.74
 219.81   54.53
 220.47   50.03
 220.69   64.36
 221.43   47.57
 221.86  104.50
 222.70   34.80
 223.93  108.95
 224.30   66.24
 225.49   73.90
 225.50  102.28
 226.79  112.69
 227.12   62.44
 229.21   59.49
 229.80   50.27
 230.41   54.55
 232.07  110.75
 233.30   62.56
 233.69   35.52
 234.12   54.43
 234.20   46.53
 236.89  123.84
 236.91   63.12
 237.60  127.43
 237.68  106.34
 237.73   55.45
 239.02   44.78
 239.11   60.89
 239.32   44.80
 239.46  106.70
 240.38  101.15
 240.95   36.99
 241.54   40.43
 242.09  121.26
 244.14   47.18
 244.56   43.16
 246.80   36.98
 247.28  101.58
