 148.76   51.95
 157.67   52.47
 160.73   22.64
 161.62   56.20
 162.42  201.06
 163.27   76.10
 163.67  214.40
 164.00   53.56
 164.04   33.90
 166.80  202.85
 168.06   31.88
 168.21   22.38
 168.53   57.40
 168.59   76.97
 171.14   53.64
 171.17   36.24
 171.37   77.25
 172.22  236.48
 174.39  233.41
 175.62   20.92
 176.83   80.16
 179.28   51.32
 181.11   53.25
 181.13   23.11
 181.49   49.27
 181.60   57.37
 182.02   75.48
 182.89   25.67
 183.97   55.51
 184.34   37.86
 187.58   69.91
 187.69   69.09
 189.75   38.80
 190.23   72.16
 191.71  178.80
 192.62   21.54
 194.24   70.83
 194.62   54.07
 196.37  217.28
 197.78   26.21
 198.96  222.73
 201.68   41.97
 203.09   39.71
 204.79   68.94
 218.08   31.59
 230.78   29.91
