   7.22  248.98
   8.79  229.89
   8.84   52.46
   9.69  234.87
  10.12  153.26
  10.37  115.77
  10.48  156.76
  10.48  143.97
  11.09  166.77
  11.10   42.57
  11.24  231.60
  12.63  241.01
  12.93   48.05
  14.92  163.32
  15.20  230.97
  15.62   38.03
  15.66  113.79
  16.10  121.81
  19.86   35.27
  21.81   45.45
  21.84   52.54
  21.99  126.55
  22.35   79.48
  23.99   77.28
  24.60   95.53
  25.59  108.77
  25.66   61.36
  28.51   83.99
  29.00  130.18
  30.22  149.94
  31.53   96.50
  31.67  112.79
  33.72   73.97
  33.86   20.25
  33.89   69.00
  33.98   52.84
  34.07   30.87
  34.39   39.23
  34.42   98.14
  38.19  140.57
  38.22  201.28
  39.35   59.66
  40.85   52.13
  40.86   41.29
  41.53   48.57
  43.54  154.32
  44.19  129.12
  45.25  207.70
  45.64  133.63
  45.82  175.67
  46.25  124.33
  48.27   21.58
  49.56  124.94
  50.13   97.09
  51.41  120.12
  52.67  164.90
  53.41   84.96
  54.07   76.68
  54.12  113.30
  54.15   82.53
  54.72  217.18
  55.18  150.92
  57.07  169.49
  57.09  215.15
  57.43    9.89
  59.39  133.50
  59.53   12.59
  59.54    7.26
  60.77  135.90
  60.86  243.01
  61.42   66.47
  61.87  187.94
  63.04   98.84
  63.33  145.58
  63.39  181.03
  63.40  192.99
  65.13  167.62
  66.12  214.49
  66.88  133.00
  67.63    9.66
  68.01  181.01
  68.08  193.97
  68.72  178.07
  68.90   81.58
  69.14   13.95
  69.60  213.03
  69.98  170.57
  70.19  242.96
  70.33  187.89
  71.30  101.34
  71.38   73.52
  71.80  167.28
  72.91  209.28
  73.49  128.99
  73.80  171.04
  74.26  241.30
  74.65  171.87
  77.75  174.84
  77.92   56.76
  79.30   11.52
  79.59  191.15
  79.80   26.14
  79.87   82.31
  80.42  211.22
  81.45  126.20
  81.93  168.10
  82.27  138.28
  85.30   22.65
  87.05  178.83
  87.48  167.14
  87.75  104.67
  88.11  208.56
  88.64   89.31
  88.73   50.71
  88.78   13.90
  89.74  189.45
  89.84  204.40
  90.21  194.46
  90.26   75.33
  91.08   86.39
  91.92  156.58
  92.49  159.77
  92.56  192.12
  94.24   77.92
  94.29  146.96
  94.40  211.90
  94.59  202.63
  94.72  207.78
  94.75  104.38
  95.98  158.76
  96.88   85.68
  97.25  201.75
  98.33  242.01
  99.12  166.39
  99.60  161.82
  99.72   28.32
 100.56  241.95
 100.70   60.37
 102.13  244.65
 103.05  217.61
 103.70   52.12
 103.72  206.58
 104.00  202.96
 104.06   67.73
 105.07  156.77
 106.19  205.67
 106.52   31.68
 107.12   86.13
 107.39  121.35
 109.41  151.73
 109.71  169.12
 110.47   18.56
 110.59  155.67
 110.78  159.94
 110.81   76.49
 110.98   27.04
 111.90   24.50
 111.97   89.94
 112.44  114.75
 112.50  158.94
 112.73  244.17
 112.96  114.82
 113.23  197.99
 113.77   87.57
 114.20   86.24
 114.82  185.97
 116.46   81.63
 116.55   96.66
 116.92  191.67
 117.31  199.99
 117.79  205.53
 117.83  127.90
 118.14  145.23
 119.38  109.46
 120.42  184.03
 120.52  187.78
 120.94  209.13
 121.38  218.79
 121.60  213.98
 122.51  164.58
 122.62  154.27
 123.23  210.99
 123.47  111.52
 123.60  238.99
 123.96  194.78
 124.22  236.97
 124.52  190.35
 124.89   34.06
 125.12  151.00
 125.36  132.12
 125.60   51.34
 125.68  137.66
 126.17  206.48
 126.51  126.24
 126.52  182.27
 126.73   85.82
 127.05  125.37
 127.12   31.49
 127.38  116.97
 128.78  136.29
 129.73  203.46
 129.87  129.14
 129.88  206.79
 130.92   94.64
 132.47   19.17
 132.85  130.33
 133.78   49.11
 133.92   29.49
 134.04   76.99
 134.24   96.67
 134.27  230.43
 134.54  230.05
 134.63   73.20
 134.84  239.73
 135.42  245.85
 135.70  180.76
 136.09  141.69
 136.25  136.40
 137.02  105.18
 137.36  182.88
 138.33  169.70
 139.67  201.76
 140.30  128.61
 141.04  116.89
 141.57  185.20
 143.33  109.11
 143.38   65.52
 144.64  227.55
 145.11   26.27
 145.91   93.27
 146.55   83.28
 148.42  215.12
 149.46   96.01
 149.72  168.78
 150.12  178.52
 150.50  236.96
 150.50   11.10
 150.51  236.76
 150.52  174.97
 150.81   83.07
 150.86   25.28
 151.10   69.65
 151.88   39.02
 152.25   31.21
 152.78    8.92
 153.39  151.96
 153.44  225.58
 153.81  136.91
 154.00   35.31
 154.28  144.55
 155.16  183.34
 156.55   32.12
 156.70   41.17
 157.20   21.49
 158.02   50.68
 158.17  149.46
 158.20   85.28
 158.54  177.41
 159.24  243.01
 159.76  173.96
 159.89   90.12
 160.26   75.57
 160.28   31.94
 161.17   19.54
 162.45  160.46
 162.47   89.38
 163.59   31.56
 163.61  180.57
 163.90  229.40
 164.86  158.94
 165.22   57.10
 165.29  222.83
 166.35  129.68
 168.07  117.49
 169.39   88.88
 170.37  103.69
 170.78  109.00
 170.82  168.50
 171.18  172.18
 172.70  164.15
 173.20  231.31
 173.70  114.32
 173.86   91.85
 173.90   31.70
 174.33   90.65
 175.73  121.59
 176.18   99.24
 176.27   62.28
 177.38   96.97
 178.73  229.50
 179.04   93.43
 179.59   23.19
 180.06   93.68
 180.49   14.93
 181.02  243.63
 181.17  211.29
 181.57   44.51
 181.72  193.67
 181.95  111.47
 181.99  124.35
 182.52  141.65
 182.54  128.03
 183.11   32.08
 183.68   90.96
 184.47  136.15
 185.00  196.68
 185.42  146.82
 185.66  166.19
 185.77   20.38
 186.46  140.91
 187.07  131.97
 187.86  210.72
 188.15   51.22
 189.75   37.31
 190.90   14.77
 191.10   25.09
 191.85   50.28
 192.05  166.98
 192.47   46.54
 192.96    7.37
 193.79   16.65
 193.96  162.41
 194.69   89.53
 195.36   40.05
 195.55   96.77
 195.69   55.38
 196.68  120.65
 197.11  181.55
 197.46  152.44
 197.85   76.94
 198.34   73.94
 198.55   44.30
 198.63   38.74
 199.24   53.03
 199.90   95.43
 200.60   78.74
 201.18  201.09
 201.60  198.22
 201.68  145.75
 201.78  132.85
 201.99  108.87
 202.46  112.31
 202.93   29.23
 203.97   98.74
 204.03   51.11
 204.06  123.28
 204.16  163.80
 204.52  129.09
 205.22  154.97
 205.79  158.17
 206.59  161.37
 206.75  138.47
 206.99  144.82
 207.27  116.43
 207.90   24.02
 210.10   60.54
 210.13  134.08
 210.49  219.40
 210.78   42.69
 210.99   39.95
 211.09  164.14
 211.47  194.90
 213.56  197.24
 213.56    9.84
 213.74  156.46
 215.69   25.12
 216.68  131.75
 216.76  126.67
 218.44  121.26
 218.61  180.98
 218.63   68.59
 218.96  172.56
 219.16  162.98
 219.97  241.47
 221.31  236.32
 221.73   32.62
 221.97  178.33
 222.10   94.65
 222.73  115.57
 224.21   57.45
 224.42  158.62
 225.39  147.46
 225.76  164.07
 225.91   16.70
 225.98  235.97
 227.14   37.28
 227.15   62.99
 227.54  167.95
 227.74  142.69
 228.74  157.98
 228.92   67.32
 229.15  135.90
 229.43   60.57
 229.47  138.69
 229.66  154.72
 230.63   89.13
 231.00   72.06
 231.93   57.16
 232.21  168.34
 232.31   67.72
 232.62  164.74
 232.97   35.77
 233.04   60.13
 233.11  227.46
 234.28   46.22
 234.31  229.34
 235.02   72.42
 235.23   33.45
 236.13   99.20
 236.13   67.55
 236.52  145.50
 236.63  131.10
 236.83  102.45
 236.87  139.16
 237.19   25.25
 237.37   12.17
 237.42  222.76
 237.44   16.22
 237.82  238.98
 238.10  244.50
 238.25   43.33
 238.68  155.26
 239.17   68.51
 239.23   50.71
 239.68  236.44
 239.96  150.23
 240.21  176.52
 240.36   18.76
 240.78   27.88
 241.72  137.47
 241.87   66.93
 241.91   10.01
 242.20  108.84
 242.74  161.77
 243.69  154.12
 244.29   32.83
 245.70  230.76
 245.94   74.40
 247.49  123.97
 247.74  195.52
 247.99  161.24
 248.36   55.40
