   7.34  242.43
   7.49  199.96
  10.03  147.50
  10.22  242.50
  13.78  121.25
  15.67  231.42
  18.53  248.24
  19.58  141.80
  21.06  146.05
  21.95  138.27
  28.76  150.79
  29.89  147.92
  32.15  216.05
  34.61  246.94
  36.05  241.22
  38.00  144.51
  38.35  208.33
  38.40  150.18
  39.84  194.15
  40.05  202.91
  41.66  147.14
  42.94  150.58
  43.29  192.64
  43.44  185.91
  45.46  147.13
  46.14   80.56
  48.35  148.49
  48.98  245.79
  53.54  207.01
  53.81  148.87
  54.97  165.13
  55.98   97.26
  57.96  246.05
  59.22  152.86
  59.65  227.14
  60.17  197.89
  62.61   99.37
  62.96  235.96
  63.65   24.66
  64.71  172.28
  65.28  169.10
  65.99  143.71
  68.10  216.22
  72.17  197.36
  72.20  166.97
  72.38  154.49
  74.14  143.12
  74.37  226.46
  75.33  157.16
  77.34  118.00
  78.09   76.73
  79.56   72.02
  80.46  173.50
  80.61  171.30
  81.68  152.23
  84.29  224.72
  84.82  246.53
  84.83  127.14
  86.32  171.30
  86.87  213.52
  86.97  232.14
  87.51  228.85
  88.24  114.79
  88.35  236.75
  88.72   78.55
  88.97  196.00
  89.62  221.12
  89.83  185.28
  90.26  166.79
  90.37  189.74
  90.96  238.37
  90.97  234.10
  92.11  151.58
  92.71  242.15
  93.18  129.45
  94.82  196.65
  95.03  206.84
  96.04  158.68
  96.24  104.95
  96.64  160.15
  97.45  172.19
  97.61  113.09
  97.79  164.50
  97.90  161.70
 100.05  211.43
 100.24  207.45
 100.66  214.49
 100.70  141.79
 102.49  201.95
 102.50  137.97
 102.53  174.05
 103.26  240.53
 103.27  134.81
 103.88   68.26
 104.13  155.09
 104.24  233.54
 104.48  160.50
 106.01  115.96
 106.34  208.56
 106.40  125.34
 106.46   97.40
 106.75  166.62
 107.44  233.11
 109.29  132.46
 109.75  174.77
 111.02  171.93
 112.60  169.39
 113.40  239.18
 113.56  142.53
 114.17  159.22
 114.32  136.77
 114.53  146.27
 114.75  129.95
 115.48  186.31
 115.96  238.41
 116.92   75.37
 118.70  204.82
 119.29  115.44
 119.61  155.81
 119.98  192.21
 120.15   76.47
 121.36  197.49
 122.11  117.44
 122.43  163.74
 122.44  194.95
 122.52  143.69
 122.92  151.54
 124.75   50.46
 124.79  121.58
 125.50  199.59
 125.84  205.66
 126.36  111.97
 128.54  198.05
 128.73  171.66
 130.15  203.59
 133.33  205.46
 133.40  194.46
 134.60  245.22
 134.78  215.37
 135.77   10.78
 135.84  110.97
 136.74  115.71
 136.74   54.15
 137.54  132.86
 137.99  147.42
 138.11  218.61
 138.73  246.47
 139.57  191.77
 140.57  207.55
 141.54  247.55
 141.63  216.38
 143.52   67.94
 143.59  195.64
 144.29  244.70
 144.96  142.49
 145.00  236.42
 145.18  208.92
 147.24  212.32
 147.54  138.03
 148.14  175.47
 148.54  240.58
 148.88  195.26
 149.09  245.89
 149.77  193.75
 150.94  153.85
 151.10  236.89
 151.63  230.69
 152.09   59.68
 152.20  179.02
 152.65  245.05
 152.77  230.80
 152.77  149.13
 153.20  195.67
 153.56  159.73
 153.78  203.34
 156.75  186.02
 157.17   78.09
 157.79   37.45
 160.55   63.46
 160.70   51.21
 160.84  173.50
 161.88  203.43
 162.36   58.80
 163.97  133.16
 164.40   94.58
 165.78  248.59
 166.09  225.96
 166.85  160.36
 167.25  121.12
 167.41  151.89
 167.58  172.51
 167.72   60.25
 168.08   65.29
 168.48  185.44
 168.66  162.18
 169.51   98.54
 170.71  242.94
 171.69  159.45
 172.17   64.08
 174.12   99.30
 174.42  163.50
 175.86  176.45
 176.51   18.01
 177.77  170.78
 179.58  225.96
 180.19  209.29
 180.21  184.07
 180.61  172.73
 181.14  187.91
 181.59   82.61
 182.17  192.59
 183.14  215.48
 183.27   41.07
 183.34   53.60
 183.95  167.63
 184.43  230.19
 184.80  170.12
 185.63  124.79
 186.09  182.92
 186.67  187.68
 187.25   49.75
 187.76  107.03
 188.40  213.97
 188.51  185.18
 189.57  237.63
 191.88  174.16
 192.89  130.64
 193.65  227.53
 194.47  101.24
 194.62   62.98
 194.96  192.80
 195.20  218.53
 195.94   74.14
 196.06  107.24
 197.09   77.58
 198.83  184.90
 199.15  140.54
 199.78  146.08
 199.85  122.53
 200.23   38.50
 200.73  238.90
 200.96  167.03
 201.21  184.32
 201.51  225.82
 201.98  111.89
 202.30   91.77
 202.33  234.61
 202.67  206.09
 202.89  183.47
 204.26   75.42
 204.60  213.73
 204.87  228.38
 205.55  197.65
 205.62   87.95
 206.38  144.75
 206.53  152.36
 206.57  130.54
 207.34  162.16
 208.27  189.50
 208.29  223.37
 208.70   58.30
 208.73   58.44
 208.83  187.32
 208.99  206.24
 209.97  158.30
 210.61  136.63
 210.65  168.30
 210.69  148.21
 210.80  130.75
 212.65  205.76
 212.99  190.17
 213.35  174.71
 213.37  164.31
 213.57  220.75
 213.88  164.52
 214.50  135.70
 214.86  129.90
 214.96  188.81
 215.59  179.39
 215.66  226.50
 216.95  227.22
 217.53  221.57
 218.10   69.09
 218.98  245.59
 219.19  167.54
 219.20  178.51
 219.58  144.26
 220.41  234.38
 221.30  165.12
 222.00   45.52
 222.12  223.19
 222.80  186.03
 222.91   96.50
 223.24  237.61
 223.33  143.93
 225.18  121.21
 225.44  190.65
 225.53  138.73
 226.10  242.32
 226.95  202.56
 227.79  232.21
 227.83   67.07
 228.45  195.92
 228.49   40.61
 228.99   19.88
 229.57  191.27
 229.58  125.86
 229.59   91.67
 230.01  194.80
 230.18  178.37
 230.52  100.19
 230.68  103.36
 231.21  188.34
 231.71   19.96
 231.80  218.05
 232.47   81.42
 232.84  227.24
 232.85   25.65
 232.89  118.19
 233.08  114.95
 233.55   50.99
 233.75  237.74
 233.87  143.26
 235.03  211.16
 235.56   49.94
 236.16  161.72
 236.28  214.37
 236.35  223.23
 237.28  167.73
 237.90  231.32
 238.80  188.16
 239.41  210.35
 239.93  110.57
 240.00  139.64
 240.40  164.95
 242.49   95.61
 243.54  148.14
 245.14  129.39
 248.11  164.70
 248.31  116.58
 248.46  172.29
