   7.02  192.69
   7.31   58.00
   8.01  110.11
   8.60   75.83
   8.63  113.75
   8.77  142.06
   9.16   85.42
   9.16   44.59
  10.48  189.53
  10.71  192.86
  10.78  128.02
  10.80  218.63
  11.04   51.97
  11.45  209.23
  12.30  108.32
  12.73   71.62
  14.03   58.93
  14.16   32.69
  14.22  244.51
  16.05  128.47
  16.34  128.55
  16.57  111.00
  17.65   72.79
  17.89   91.92
  18.02  209.40
  18.25   55.72
  18.33  117.17
  18.33  240.93
  18.55  247.04
  18.66  190.83
  18.90  232.38
  19.20   75.99
  19.59  114.68
  19.87   44.85
  20.04  143.31
  20.52  103.80
  21.01   58.53
  21.16   41.93
  21.37  136.30
  22.11  217.47
  22.32   92.56
  23.97   87.77
  24.01   67.32
  24.13  110.58
  24.18  118.06
  25.74   47.11
  26.02  141.35
  26.40  137.78
  27.13   37.67
  27.14  122.29
  27.39  107.20
  27.67   81.12
  27.72  197.78
  28.08   57.41
  28.43   97.29
  29.13   54.11
  29.28  117.21
  29.98   99.85
  30.12  124.81
  30.30  120.62
  30.87  127.90
  30.95   46.20
  31.55  103.80
  31.88   38.52
  31.96   81.99
  32.48  110.28
  32.53   20.45
  33.30  123.23
  33.70  136.52
  33.96  192.64
  34.00  117.27
  34.58  238.49
  34.58  204.28
  34.63  245.54
  34.78  110.88
  34.95  210.91
  35.79  207.22
  36.85  240.73
  37.43   61.18
  37.81  109.98
  38.51   42.02
  38.56  150.58
  39.20   83.95
  39.91  132.47
  40.04  209.37
  40.61   19.48
  42.06  203.74
  42.26  112.63
  42.86  103.84
  43.11  208.99
  43.24  122.39
  43.70   46.45
  43.93   46.01
  43.94  194.28
  44.20  150.81
  44.52  110.01
  44.86   65.90
  45.34  108.43
  46.04   50.03
  46.23   76.76
  47.29   56.21
  47.32  191.25
  48.18  136.56
  48.25  164.80
  48.29  121.98
  49.40  172.45
  50.18  142.16
  50.21  168.45
  50.40   57.69
  51.26  108.06
  52.01   80.99
  52.53  156.79
  53.21  149.14
  54.33  145.13
  54.35  210.35
  54.52   21.69
  54.87   86.62
  56.70   60.39
  56.71  150.65
  56.98  100.80
  57.08  120.98
  57.55  133.33
  57.60  125.63
  57.96   68.93
  58.77   82.29
  59.17   50.80
  59.41   63.11
  59.88  189.92
  60.46   87.54
  61.01  139.64
  61.16  139.56
  61.70  120.63
  61.71   92.59
  62.23   92.86
  63.01  197.28
  63.10  158.48
  63.22  197.24
  63.34   66.63
  63.50   22.33
  63.83  122.71
  64.19  102.91
  64.19  142.47
  65.06  107.79
  65.92  173.05
  66.25  129.30
  66.82  134.40
  67.82   28.03
  68.22  179.02
  68.92  144.73
  69.19  167.71
  69.52   44.64
  69.61  196.31
  69.65   93.54
  70.10  181.40
  70.28  153.50
  70.47   14.31
  70.59  166.74
  70.79  111.03
  71.15   38.10
  72.02   55.93
  72.09  196.19
  72.12  114.87
  73.02  107.19
  73.09   66.56
  73.18  178.11
  73.29  184.12
  73.55  185.66
  73.71   19.47
  73.74  149.48
  74.77  181.36
  74.91   94.73
  75.76   31.93
  76.54  118.37
  77.33   98.07
  77.34  163.84
  78.27  108.95
  78.33  194.04
  78.38   83.75
  78.74  143.74
  79.17   36.05
  79.24  187.81
  79.49  108.86
  79.73  166.71
  79.80  156.46
  80.02   16.34
  81.29  153.01
  81.72   89.13
  82.24  104.69
  82.38  189.10
  82.92  196.37
  82.98   15.86
  83.21   57.85
  83.23  193.11
  84.03  176.00
  84.14  189.48
  84.37   35.37
  84.40  159.97
  84.93  121.24
  85.04  145.19
  85.52  185.85
  85.73  154.66
  86.56   78.05
  86.66  128.48
  86.96   25.77
  87.29  116.12
  87.47  118.10
  87.67   58.05
  88.58  157.51
  88.63  175.06
  88.79  168.98
  89.37   77.20
  89.51  178.68
  89.54   26.30
  89.61   19.90
  90.00   99.25
  90.31  194.18
  90.33  103.59
  91.47  124.81
  91.53  100.02
  91.98  189.24
  92.02  150.29
  92.04   78.05
  92.66  127.99
  92.71  105.69
  92.93  169.43
  93.80  180.28
  94.57  175.25
  94.95  238.87
  95.05   61.24
  95.52   47.47
  95.56  186.42
  95.90   81.12
  96.52   98.58
  96.69  138.70
  97.18  105.04
  97.19  109.04
  97.56   27.39
  98.55  118.04
  98.85  125.19
  99.10  176.99
  99.71   82.23
 100.17   97.38
 100.99  185.73
 101.17  237.95
 101.36   72.92
 102.17  144.69
 103.29   83.08
 103.44   62.37
 104.34  150.46
 104.80  112.09
 105.03  101.23
 105.03   15.95
 105.28  177.09
 105.32  130.31
 105.51   93.24
 106.11  138.55
 106.86   96.27
 107.06  207.53
 107.29   74.38
 108.80  183.23
 109.61  105.94
 109.72  138.87
 110.00  126.34
 110.91  189.21
 111.45   78.57
 111.47  145.06
 111.64  110.52
 111.73  182.16
 111.75  146.79
 111.81   22.06
 112.18   15.81
 112.20  137.25
 113.26  163.15
 113.91   94.29
 114.08  156.00
 114.16   81.09
 114.41   66.78
 114.50  213.43
 114.57   59.09
 114.62  199.26
 115.30  163.29
 115.92  203.86
 116.24  174.20
 116.68   79.35
 116.85  102.87
 117.42  106.14
 117.72  179.07
 119.24   87.09
 120.32  232.95
 121.20  109.85
 122.95  196.65
 123.81   99.63
 124.45  185.29
 125.55   82.75
 126.40  143.08
 126.43  125.33
 126.44  116.83
 126.53  107.47
 126.77  181.42
 126.87   44.11
 127.23   61.75
 128.27  184.97
 128.93  179.12
 129.38   76.58
 130.68  125.03
 130.74  211.63
 130.82  183.22
 131.07   73.26
 131.15  151.11
 131.40  174.72
 131.68  232.60
 131.73   97.47
 132.59  197.82
 133.68   36.45
 133.74  170.96
 134.07   78.13
 134.17  191.72
 134.91  175.36
 135.12  238.67
 135.62  163.95
 135.73   92.85
 136.24  207.03
 136.31  163.63
 136.64  179.72
 137.38   54.30
 137.65   91.44
 137.71  126.84
 137.79  176.89
 137.98  150.46
 138.15  187.67
 138.56  116.62
 138.58  166.54
 139.20  113.93
 139.58  121.47
 140.25  128.97
 140.46   78.13
 141.70   80.44
 141.96  112.84
 142.13  111.20
 142.25  117.39
 142.30   31.67
 142.40  180.86
 142.46   22.08
 143.41  134.40
 143.83  127.51
 144.16   47.84
 145.06   58.19
 145.67   53.21
 146.09   66.72
 146.56  122.19
 147.28  135.86
 147.41  183.98
 148.92  178.98
 150.08  132.98
 151.36  127.01
 151.40   53.41
 151.69  183.32
 151.94  192.57
 154.42  128.14
 155.53  127.25
 156.49  187.43
 157.77   55.92
 158.69  182.78
 158.96  174.76
 159.44  113.27
 160.54   33.69
 162.78  168.15
 163.95  177.64
 164.55  169.07
 165.04   16.78
 165.10  180.86
 168.82  129.41
 168.98  181.20
 169.69  125.67
 169.88   27.08
 171.35  173.71
 171.99  188.28
 172.00  208.23
 172.09  183.63
 172.10  192.07
 174.08  200.96
 174.22  216.00
 174.60  159.98
 174.88  200.86
 176.44  234.49
 176.58    8.16
 177.47  241.77
 179.46  198.04
 180.21   71.11
 180.74   99.98
 181.71   12.97
 183.88  183.47
 185.74  233.56
 185.78  191.67
 186.37  196.77
 186.74  183.23
 186.77  187.51
 187.41   79.14
 187.58   79.93
 188.54  174.93
 188.78   44.83
 188.89   20.02
 188.94   22.28
 189.16  161.75
 189.48  207.38
 190.49  155.71
 191.40  187.72
 191.90  172.79
 191.96   60.01
 192.16   49.93
 192.24   28.79
 193.55  165.38
 194.29  163.00
 194.95  182.92
 195.02  208.29
 195.13   15.96
 195.44   20.13
 195.90  172.18
 196.10  187.33
 196.14   36.35
 196.68  108.28
 196.77   55.44
 197.59  201.69
 197.89    8.40
 198.54  169.70
 199.01  191.78
 199.52  204.47
 199.90  233.22
 202.90   26.97
 203.01   15.85
 203.26  125.30
 205.39   54.00
 206.28   17.57
 206.35   24.04
 206.92  188.58
 207.08   52.37
 207.18   11.09
 207.37   89.93
 207.88   32.27
 210.86   23.51
 211.88   42.91
 211.91   29.66
 212.63   51.92
 212.91   54.86
 215.13   33.03
 217.68  210.54
 217.93   35.48
 219.18  135.74
 219.91  121.36
 220.29  213.14
 220.35   99.87
 220.63   30.01
 221.31   91.38
 221.75  124.74
 221.88  210.13
 222.43  205.39
 225.05  205.84
 225.70   36.35
 227.26   33.24
 241.40   34.54
 243.00   59.82
 243.10  212.84
 246.65   57.61
 248.82   39.33
 249.69  205.52
