   8.33   37.81
   9.10   18.67
   9.37   65.02
   9.84   68.71
  10.53   27.95
  12.59   31.18
  12.73   20.24
  13.40   35.56
  13.47   75.47
  13.55   37.51
  14.36   12.13
  14.37   87.22
  14.81   19.55
  15.42   47.34
  16.02   43.51
  17.01   77.22
  17.68   49.85
  17.81   38.71
  18.15   81.73
  18.74   34.13
  19.00   71.57
  19.15   22.65
  19.25   22.77
  19.50   86.45
  20.23   47.54
  20.38   79.07
  20.76   89.43
  20.98   44.41
  22.50   13.92
  22.87   67.49
  23.23   37.70
  23.45   21.48
  23.56   62.51
  26.01   85.50
  26.26   34.97
  26.79   68.44
  26.82   19.30
  26.99   48.89
  27.05   29.72
  29.60   62.23
  29.76   28.49
  31.05   37.93
  31.63   91.91
  31.77   42.70
  32.15   30.75
  33.55   18.24
  34.15   71.25
  34.16   22.31
  34.55   47.02
  34.69   40.50
  35.19   73.27
  36.42   90.84
  36.73   68.92
  37.07   55.06
  37.42   71.79
  37.90   59.15
  38.05   91.26
  38.29   64.77
  39.33   70.26
  41.47   77.34
  41.56   19.87
  42.16   59.16
  42.23    8.03
  42.65   40.71
  42.89   84.10
  44.56   69.43
  44.60   65.03
  44.79   72.12
  44.89   24.59
  45.71   46.80
  45.98   79.52
  46.23  110.97
  46.32   21.94
  47.55    9.16
  47.94   12.32
  48.46   60.49
  48.61   26.00
  48.69   64.25
  49.11    6.89
  50.26   22.02
  50.49   43.64
  50.57   15.83
  50.72   68.74
  51.23   27.30
  51.26   35.01
  51.44   63.15
  51.45   35.98
  52.31   12.48
  52.75   70.69
  52.98   46.79
  53.00   20.50
  53.09   33.12
  53.40   12.03
  53.78   56.24
  54.26   74.04
  55.95   32.45
  56.15   77.49
  56.22   22.85
  56.70   91.01
  57.38  105.81
  58.80   70.26
  59.82   42.47
  60.75   78.89
  61.75   22.49
  61.76   83.81
  61.97   26.44
  62.45   49.22
  62.58   54.08
  64.10   63.09
  65.06   86.39
  65.62   46.76
  65.79   25.99
  66.18   41.14
  66.95   93.79
  66.96   97.20
  67.70   79.64
  78.51   68.22
  80.05   43.15
  82.38   12.63
  82.54   55.11
  83.33   65.17
  83.46  196.48
  84.35   97.66
  84.61   76.28
  84.97   30.66
  85.76   59.05
  86.31   78.78
  87.77   30.16
  90.42   76.73
  91.06  105.52
  91.23   59.54
  91.28   55.40
  91.70  195.40
  92.48   79.32
  93.03  124.30
  93.73   28.93
  93.75   29.28
  94.43   51.39
  95.22  203.69
  95.52   92.61
  97.32   97.22
  97.35   58.12
  97.51   87.87
  97.79  194.28
  98.01   24.57
  98.42  101.60
  99.45   92.26
  99.53   89.75
  99.58   75.66
 100.02   26.05
 100.30   50.29
 101.86   39.40
 102.17  231.68
 102.40   68.89
 102.78   11.70
 102.79   61.90
 103.38   25.05
 103.63  100.72
 103.83   54.40
 104.45   33.67
 104.69   38.95
 104.85   86.80
 104.93   85.84
 105.11   93.77
 105.33   91.45
 105.93   46.24
 106.03    9.27
 106.42  192.98
 106.93   19.77
 107.11   24.37
 107.12  104.97
 108.18   74.57
 108.20  101.69
 108.43   53.80
 108.73   60.25
 109.14   42.24
 109.18  120.66
 110.62  124.52
 110.70   94.68
 110.96   21.99
 111.18  116.68
 111.36   99.14
 112.01    8.81
 112.35   35.09
 112.35   12.62
 112.73  103.27
 113.24   51.10
 113.90  101.71
 114.06  125.32
 114.06   78.19
 114.30   64.76
 114.41   37.24
 114.42   90.38
 114.62   32.73
 116.23   21.99
 116.44   20.10
 116.57   93.64
 116.79   15.18
 116.79   82.06
 117.56   26.56
 118.05   64.85
 118.66   84.71
 118.97   56.89
 119.04   51.08
 119.04  192.07
 119.25   77.87
 119.38   64.25
 119.77   17.22
 120.15   91.35
 121.04   73.93
 121.11   82.33
 121.13   22.72
 121.37   68.40
 121.56   29.32
 124.10   44.05
 125.75   25.80
 125.96   68.08
 126.30  190.22
 127.05   88.46
 127.24   80.28
 127.70   71.52
 130.66   94.01
 131.24   63.25
 131.70   66.68
 132.99   32.59
 133.60   54.21
 136.18   81.40
 137.42   65.38
 137.83   61.57
 137.86   86.12
 140.01   12.34
 141.49   86.47
 142.15   55.32
 142.37   29.88
 142.72   83.04
 142.80   89.32
 144.60   32.63
 145.36   35.90
 146.43   18.17
 146.73   63.72
 146.77   28.14
 147.98   74.74
 149.40   27.27
 149.52   16.15
 150.05   67.51
 151.22   59.68
 152.13   40.58
 152.39   26.33
 152.41   63.92
 153.09   59.97
 153.12   23.06
 153.42   69.12
 154.67   15.20
 155.36    7.38
 155.36   30.89
 155.37   10.96
 155.98   34.00
 156.02   25.15
 156.08   51.96
 157.49   46.75
 157.84   59.84
 158.85   69.84
 159.47    8.31
 159.68   29.77
 159.76   25.40
 160.01   50.45
 160.04   11.75
 162.44   16.45
 164.36   10.13
 164.70   86.64
 165.23   19.67
 167.17   69.14
 167.63   62.65
 167.77   85.50
 168.38   22.79
 168.68   95.62
 169.23   90.21
 170.27   26.14
 170.54   29.53
 173.30   87.89
 174.10  102.51
 174.49   92.07
 174.65   67.54
 175.58   20.60
 176.23   16.85
 176.43   16.80
 176.79   11.09
 178.06   99.53
 178.79   73.38
 179.70   65.85
 179.72   86.07
 179.90   92.82
 181.08  112.95
 181.52   17.71
 181.93   21.26
 182.03    8.29
 182.21   70.08
 182.92  112.17
 182.96   55.89
 184.87   88.24
 185.02    9.86
 185.52   55.80
 186.44   70.88
 187.30  118.32
 188.07   74.85
 188.52   81.90
 188.54   94.15
 188.74  122.97
 189.24   84.74
 189.61   89.40
 190.12   24.39
 191.36  100.43
 191.36   20.71
 191.39  118.29
 191.52   56.35
 192.50   44.60
 192.69   85.12
 193.23  125.43
 193.64   91.54
 193.96   23.84
 195.82    8.23
 195.99   89.35
 196.24   15.55
 196.84   28.83
 197.42   70.16
 197.43   85.85
 198.00   26.63
 198.47   32.40
 198.65   20.57
 199.00  108.83
 199.20   12.47
 199.61   42.93
 200.00  105.77
 200.06  118.52
 200.60   28.23
 201.29   61.77
 201.53    9.28
 201.75   75.72
 201.86   58.25
 202.51   86.16
 202.61   11.76
 202.65   41.95
 203.13   31.99
 203.14   35.68
 203.71  112.42
 203.89   12.49
 204.57   61.13
 205.56   65.91
 206.34   44.37
 206.96   18.98
 207.06  105.97
 207.45   92.95
 209.03   32.96
 210.34   73.87
 210.75  108.82
 211.19   19.98
 211.78   34.81
 211.96   60.84
 212.35   77.23
 212.45   63.83
 213.35  105.04
 214.57  104.78
 214.97   29.07
 215.17   57.63
 219.82   63.29
 220.49   25.22
 221.89   28.54
 225.85   60.18
 228.30   57.31
 228.39   10.84
 229.17   26.47
 231.91   31.69
 232.08   60.06
 232.59   12.43
 232.88   34.98
 236.53   35.19
 237.12   62.26
 237.63   67.01
 239.79   84.88
 241.46   34.87
 242.79   76.05
 242.89   46.44
 244.28  100.21
 246.09   77.39
 246.45   92.97
 248.92   60.78
