   9.11   91.40
  11.56   68.56
  11.96   85.39
  12.88   64.14
  13.44   93.71
  15.58   69.84
  16.55   62.23
  16.92   75.49
  17.54  101.58
  18.07   91.08
  19.05   89.87
  19.69   64.23
  20.40   66.41
  21.51  226.52
  21.73   93.77
  23.24   85.80
  23.53  148.94
  24.96  152.07
  25.07  121.55
  26.02  158.30
  26.53  161.71
  26.96   90.25
  28.62   84.73
  29.57   79.43
  31.02   72.00
  31.60   85.86
  32.51   81.11
  33.26  160.33
  36.78  154.85
  36.92   86.12
  37.49   80.90
  37.91   78.02
  39.38  233.59
  39.61   62.77
  40.99  109.33
  41.13  107.89
  41.67  161.22
  41.81   85.30
  42.28  151.05
  42.70  105.99
  42.90   70.91
  44.98  158.82
  45.23  232.98
  47.06   83.88
  48.43   83.37
  48.61   64.67
  49.53  118.55
  49.55  141.58
  49.68  232.88
  50.45  151.43
  50.75   83.38
  51.24  156.55
  51.50  121.33
  51.84   68.84
  52.70  247.74
  53.49   12.13
  55.01   73.08
  55.21  217.33
  55.50  152.77
  55.58  155.55
  55.89   17.32
  57.04  111.01
  57.29   68.33
  57.91  149.40
  58.17  105.75
  59.43   21.90
  59.54   70.49
  59.56   30.63
  60.04  152.41
  60.17  156.16
  61.09  119.53
  63.32   67.99
  63.47   63.57
  64.75  139.75
  65.52   23.94
  66.59  153.28
  66.65  111.76
  67.07  164.38
  68.15  107.57
  68.20  140.65
  70.15  150.13
  70.40   30.39
  72.43  146.67
  72.56   22.63
  72.65  173.75
  73.88   65.45
  74.21   65.84
  74.98  115.96
  75.41  103.48
  75.98  159.21
  76.00   72.96
  76.87  151.96
  76.95   59.56
  77.08   59.41
  77.46   68.93
  77.90   88.02
  78.57  246.55
  78.60   95.63
  79.19  147.91
  79.20  114.71
  80.11  181.74
  80.53   67.09
  82.19   27.79
  82.74   70.33
  83.39  143.92
  83.76   95.66
  83.77  113.35
  85.08  105.10
  85.76   81.95
  85.76   94.24
  86.36    7.63
  88.78   24.55
  89.69   75.51
  89.98  107.10
  90.38  103.53
  92.32   69.98
  93.24  137.06
  94.13  115.26
  95.52   98.29
  95.87   26.52
  96.05  101.16
  97.43   83.34
  97.77  224.56
  98.00   64.64
  98.05   65.22
  98.48  130.30
  99.63  110.63
 100.46   90.69
 101.05   71.71
 101.46  129.83
 102.07  101.74
 102.53   66.31
 103.73   95.74
 104.51  106.59
 105.47   64.97
 105.87  101.71
 105.92  109.25
 106.33   59.09
 106.39   77.81
 106.61   86.99
 107.05  158.28
 107.77  120.61
 108.02  249.53
 108.45  116.21
 108.63   57.87
 108.87  105.22
 108.93  163.55
 109.04   95.75
 110.15   88.43
 110.22  109.66
 110.36  106.88
 110.55  107.78
 110.85  113.27
 112.87   91.01
 113.04   76.63
 113.20  132.28
 113.37  208.17
 113.53  196.30
 113.53   70.55
 114.08   81.31
 114.41   97.18
 114.59  126.68
 114.87  105.51
 115.04  246.08
 115.61  249.04
 115.88   54.20
 116.41  108.80
 116.94   73.07
 117.35   98.52
 117.61   81.04
 117.70  103.16
 117.97  244.46
 118.65   66.46
 120.27   70.06
 121.44   44.15
 122.17  116.15
 122.36   86.78
 122.69   80.19
 123.43   60.32
 123.68  105.09
 123.87   52.17
 124.01  131.29
 124.45  112.85
 124.76   87.68
 125.26   99.23
 125.35  116.47
 126.57  122.88
 126.61   79.04
 127.83   71.64
 128.62  185.53
 128.81  116.69
 129.18   38.66
 129.39   99.72
 129.54   64.72
 129.56  219.23
 129.76  107.48
 129.99   53.10
 130.07   32.73
 130.30   65.51
 130.60  153.91
 130.71   79.83
 131.03   60.55
 131.46  245.68
 131.49   43.34
 132.04  187.46
 133.90  155.57
 134.90  247.40
 134.99   65.33
 135.00   97.22
 135.26   30.68
 135.64  148.77
 135.87  152.56
 136.01   26.99
 136.21  125.18
 136.42   59.12
 136.61  132.41
 136.62   63.44
 136.80   85.00
 136.97   92.40
 137.05  223.51
 137.77   75.01
 137.99  159.47
 138.65  148.51
 138.70   62.14
 139.19  185.46
 139.40   95.80
 139.74   88.60
 139.77   15.09
 139.92  102.84
 140.98   44.86
 141.22   53.97
 142.08   86.13
 143.12   62.49
 143.50  162.83
 144.57  105.17
 144.80   91.04
 145.09  109.97
 145.31   45.63
 145.96  111.56
 146.09   85.64
 148.56   61.57
 149.37   51.73
 149.60  145.14
 149.62  148.50
 149.80   55.19
 150.11   32.06
 150.48  104.94
 151.11   23.37
 152.14   68.86
 152.29   77.54
 152.44  166.32
 152.84  101.51
 153.05   25.55
 153.23  141.21
 153.30  144.10
 154.15   82.89
 154.37  137.24
 157.19   37.62
 157.44  131.21
 157.49   41.08
 157.77  138.51
 158.38   48.53
 158.40   70.46
 158.58   85.48
 159.47   77.57
 159.80   58.32
 160.28   32.32
 162.02   52.90
 162.49   36.60
 162.95  240.99
 163.48   78.75
 164.81  155.46
 165.43  154.39
 165.79   23.79
 166.23   31.27
 166.24   59.72
 166.43  142.79
 166.53   86.20
 166.85   82.41
 167.43  113.63
 167.55   49.84
 167.61   40.84
 168.07  101.51
 168.79  224.40
 169.33   32.62
 169.58   67.79
 169.65  108.05
 170.10   74.86
 170.11  150.99
 170.63   51.92
 171.09  161.01
 171.42   90.24
 171.47   90.23
 171.74  154.72
 171.99   25.04
 172.49   62.79
 172.71  119.92
 172.90  113.02
 172.93   55.55
 173.26  107.50
 173.26  107.43
 173.48  101.61
 173.64   96.21
 173.67  224.34
 173.67  101.72
 173.89  240.29
 173.99   28.56
 175.06   93.02
 175.20   79.38
 175.58  151.99
 175.92  109.58
 175.93   22.97
 176.03   63.59
 176.47   71.19
 177.33  106.19
 177.38   45.87
 177.80   51.41
 178.32   87.62
 178.50   15.42
 178.67  108.93
 178.85   63.96
 179.37  115.46
 179.45   93.86
 179.75  224.92
 179.90  152.84
 179.90  155.67
 180.56   32.65
 181.28   48.84
 181.33  111.73
 181.34   72.45
 182.16   40.28
 182.18   88.17
 182.25  226.03
 182.69   84.55
 183.14  122.56
 183.90  115.17
 184.02  102.47
 184.10   63.90
 184.87   73.97
 185.52   70.21
 185.90  120.48
 186.64  154.27
 186.89   83.37
 187.97   52.97
 188.89  140.86
 190.05   34.97
 190.46   25.98
 190.50  169.49
 190.52  104.04
 190.56  169.52
 190.88   56.28
 191.01   65.17
 191.27   64.94
 191.30   50.48
 194.44   86.72
 194.78   53.08
 194.84   52.84
 195.01   73.84
 195.12    8.28
 195.38   59.21
 195.62   65.30
 195.66   37.69
 196.98   95.32
 197.04   46.20
 197.40  100.28
 197.99   59.80
 198.24   87.43
 198.31   70.55
 200.32   37.59
 200.72   59.02
 201.14  104.28
 201.49   15.50
 202.11   75.67
 202.13  145.89
 202.25   79.20
 202.68   51.56
 202.94   26.86
 202.94   94.08
 203.49  161.53
 203.77   31.87
 204.10   90.37
 204.41  119.25
 204.56   65.24
 204.78  161.17
 204.82  114.93
 205.06  127.44
 205.09   72.15
 205.11  127.55
 205.16   14.27
 205.18   39.88
 205.36   86.25
 205.56   81.71
 205.60  138.14
 205.74   74.99
 206.90  158.29
 207.20  142.29
 207.89  115.34
 208.21   77.71
 208.26   77.41
 208.51  170.10
 209.26  138.44
 209.50   65.36
 209.72  148.67
 209.75  102.67
 210.01  144.34
 210.01  155.31
 211.39   77.64
 212.16   46.32
 212.53  112.44
 212.88  140.90
 213.06   66.60
 213.09  137.88
 213.48   75.62
 213.87   62.57
 214.70   86.34
 214.70   95.10
 215.34  115.57
 216.24  154.01
 216.64   82.59
 216.85   91.94
 217.30   38.77
 217.86   79.32
 219.18   87.18
 219.69  104.65
 219.93   77.52
 220.11   68.53
 220.68  158.67
 221.23   93.16
 221.24  111.81
 221.34  144.90
 221.47  133.63
 222.69   89.83
 222.85   43.45
 223.23   92.91
 224.44   89.42
 225.14  136.66
 225.44   80.83
 225.59  156.16
 225.83  106.79
 226.93  159.43
 227.06   77.01
 227.86  141.14
 228.04   84.28
 230.58   80.30
 231.16  132.43
 231.58   96.49
 232.05  155.93
 234.66  151.09
 235.09  219.42
 235.65  104.67
 235.68  146.37
 235.93  114.40
 236.83  158.83
 237.10   73.75
 237.11  141.47
 237.60  109.97
 237.98  223.76
 237.99   87.84
 238.47  121.25
 239.54   71.62
 240.21  104.83
 241.10  139.93
 242.23  108.50
 242.40   77.09
 242.71   75.60
 242.74   75.69
 242.88  124.60
 245.71   99.60
 246.34   84.95
 247.22  180.73
 247.45   95.40
 249.23   92.99
