   7.73   27.10
  11.04   60.08
  11.94   63.70
  12.52   36.16
  12.96   76.32
  14.34   73.33
  14.76   19.87
  15.04   19.50
  15.51   90.40
  15.92  116.63
  16.75  110.41
  17.42   93.06
  17.45   60.74
  17.67   71.96
  20.10  113.11
  20.17   62.90
  21.24   35.24
  24.50   39.12
  25.14  211.23
  25.22  117.43
  25.54   76.86
  25.56   76.73
  25.83   46.74
  25.83  119.78
  25.94  103.72
  26.28   40.15
  26.82   85.51
  28.24  126.93
  29.11   88.21
  29.70   66.11
  29.81   78.41
  29.95   62.41
  30.43  129.52
  31.03   32.01
  31.39   25.87
  31.41   94.15
  31.50  104.41
  31.53  215.02
  32.40   57.72
  32.44  103.94
  32.80   52.77
  33.94   23.72
  34.57   58.62
  35.17  134.35
  35.30   72.65
  35.48  102.67
  35.60   78.24
  35.92   97.36
  36.34  214.84
  37.68   89.72
  37.82   43.89
  37.88   40.52
  39.39   51.44
  39.54  107.29
  39.58  104.68
  40.31   88.93
  40.40   13.91
  40.65  111.93
  40.80  118.20
  41.42  102.68
  41.99  123.43
  42.25  129.73
  42.29    9.90
  42.47   63.23
  43.17  213.11
  43.73   96.59
  44.56   48.51
  44.72   20.51
  45.25   87.42
  45.66   59.09
  46.04   71.82
  46.87   16.87
  46.97   84.05
  47.41   26.45
  47.99   96.56
  48.32   79.78
  48.34   48.77
  48.88  105.07
  49.18   61.41
  49.51   92.16
  50.83   87.26
  51.11   81.09
  51.16   95.02
  52.18  109.51
  53.08   91.49
  53.14   22.91
  53.87   84.33
  54.91  104.70
  55.55   45.88
  55.90   23.04
  56.70  212.96
  57.08   43.25
  58.16   74.65
  58.49   51.42
  59.12   57.08
  60.47   22.76
  61.42   57.85
  61.43   25.87
  61.56   12.06
  62.23   49.16
  64.00   99.06
  64.18   83.65
  64.76   46.04
  65.08  103.20
  65.73  129.64
  66.38   26.04
  66.75  102.14
  69.95   24.71
  71.53   95.81
  72.04   21.71
  72.94   15.47
  74.58   25.38
  74.88   80.95
  76.71  103.74
  76.82   95.24
  77.11   88.18
  78.46   12.78
  78.72   92.01
  82.12  164.21
  83.77   91.72
  84.89   12.78
  86.51   94.24
  87.49   83.89
  87.79   90.20
  92.23   90.29
  94.39   75.33
  94.55  248.05
  98.16  243.84
 101.57   76.27
 102.50   77.78
 105.14  145.58
 108.80   58.69
 108.93   99.22
 109.62   63.86
 109.69  241.38
 109.90   63.12
 110.04   56.10
 111.00   44.31
 112.70  129.09
 113.26   51.20
 113.57  243.10
 113.68   58.44
 113.87  124.02
 113.91  239.05
 114.09  198.12
 114.19   29.64
 114.84  220.42
 115.73  225.62
 116.99   31.58
 117.46   39.82
 119.35  249.66
 119.35  214.28
 120.73   34.23
 120.80   39.81
 121.05  165.15
 121.63  129.79
 122.25  122.80
 122.87  103.37
 125.67   23.69
 126.64   50.37
 127.09   25.30
 127.59   32.61
 128.23  214.57
 128.26  201.14
 129.69   42.98
 129.72  123.37
 130.63   27.07
 130.65   58.23
 130.89   22.91
 131.39   54.85
 132.59  199.92
 134.12   44.11
 134.71  183.45
 134.78   50.00
 135.21   54.98
 137.88  201.05
 138.61   44.62
 138.67  118.24
 139.62   49.68
 140.28  213.50
 141.62  118.82
 142.23  208.08
 142.49   37.28
 144.04   54.91
 146.21   23.76
 146.53  232.73
 148.74  115.80
 148.78  228.49
 149.16  231.19
 149.36   39.60
 149.98  105.18
 150.26  159.51
 151.17  201.60
 151.23  186.71
 151.36  237.77
 151.51  241.20
 151.73  208.33
 152.18   29.01
 152.25   36.54
 152.73  245.12
 153.41  222.52
 154.85  227.14
 154.87  210.04
 154.91  230.91
 155.32  203.91
 156.91  185.94
 157.42  147.69
 158.23  175.55
 158.50  115.06
 158.65    7.85
 159.26  179.90
 159.68  112.16
 159.80   96.30
 160.78  200.11
 160.96  109.11
 161.02  100.18
 161.03  183.02
 161.32  135.97
 161.55  202.70
 161.71  143.01
 162.01  132.82
 162.03  192.49
 162.38  179.90
 162.60   81.71
 162.60  226.89
 162.89  230.89
 163.68   14.66
 165.20  242.98
 165.76  211.15
 166.82   99.01
 166.95  105.01
 167.87  173.24
 169.19  190.84
 169.51   60.62
 171.18  106.75
 171.24  174.62
 171.37  237.01
 173.40   40.28
 173.65  227.84
 174.04   77.09
 174.98  106.55
 175.67  102.54
 176.57  247.69
 177.96  227.32
 178.56  157.02
 178.63   81.34
 178.96  185.51
 179.25  237.37
 179.81   99.63
 179.82   26.34
 181.01  160.82
 181.23   58.74
 181.62  227.69
 181.72  148.66
 183.32  188.98
 184.73  180.11
 185.34  222.45
 185.86  184.36
 185.94   78.39
 186.25  230.02
 187.35   15.83
 187.43  226.24
 187.96   79.62
 188.04  236.47
 188.38  217.34
 188.60   73.84
 189.78  115.10
 189.94   83.82
 190.08  118.55
 190.70  179.19
 190.83  179.20
 191.24  194.03
 191.26  242.01
 191.46  168.98
 191.81   11.71
 193.96  190.45
 194.98  193.92
 195.59   59.71
 196.61  196.51
 197.50  216.25
 197.60   47.43
 197.78  166.51
 198.81  163.27
 199.81  196.68
 202.28  211.35
 202.37  116.78
 203.07   43.73
 203.72   48.51
 204.71   49.08
 205.46  112.85
 207.30  104.35
 207.68  242.48
 208.25  217.40
 208.33  116.35
 208.39  220.77
 208.83  158.61
 209.50   12.07
 210.09  111.67
 210.75  244.34
 211.18  193.69
 212.16   13.99
 212.97  196.45
 213.14   32.60
 213.21  212.44
 213.59  245.83
 213.81  169.32
 213.91   49.84
 214.44  112.41
 214.59  160.10
 214.71  191.79
 214.72  227.50
 215.54  109.94
 216.72  171.53
 216.84  201.84
 216.88  197.35
 217.12  156.83
 217.31   19.01
 217.51  191.49
 217.58   66.55
 218.39   27.67
 218.46  168.36
 218.55  194.30
 220.66  138.30
 220.93  123.78
 221.63   69.98
 221.90  168.37
 223.01  126.20
 223.44  195.22
 224.06  159.21
 224.27  171.44
 224.54  183.49
 224.78   99.80
 224.86  166.83
 225.37  104.21
 227.47   84.86
 228.40  163.92
 229.56  249.42
 230.23   93.08
 230.36   92.90
 230.42  134.19
 231.27  169.41
 233.39  191.08
 233.59  209.41
 234.27  165.53
 234.35  131.39
 234.55  142.34
 235.07  229.52
 235.15  115.80
 236.71  162.40
 236.85   96.70
 236.92  167.56
 237.28  118.76
 237.77  186.62
 238.89   73.30
 239.19   73.27
 239.40  178.70
 239.67  133.53
 240.08  222.33
 240.10   25.86
 240.72   11.71
 241.13  182.47
 242.14   60.47
 242.47   20.64
 242.84   97.04
 243.21  172.87
 243.50  189.07
 243.90   73.54
 244.11  151.18
 244.73   11.99
 246.52   16.25
 246.53  155.84
 247.55  135.73
 247.79  109.98
