   7.12   93.87
   7.33  239.29
   8.83   43.36
   9.70  155.52
   9.80   35.60
  11.22  183.29
  11.77   71.99
  12.07   71.80
  12.27   86.05
  12.43   30.02
  12.67  159.51
  13.47   74.74
  14.32   48.00
  14.59   21.93
  15.21  142.05
  15.24  138.98
  15.71    9.56
  15.78  198.83
  18.76  219.56
  18.93  219.61
  19.03  124.46
  19.24  103.98
  19.28   98.46
  19.47   37.83
  21.53  141.85
  21.61   41.36
  22.11  199.06
  22.32   88.65
  22.90  102.83
  23.13  116.93
  23.97  126.01
  25.38  133.01
  26.41  201.94
  26.55   11.18
  27.02   44.40
  29.14  197.62
  29.32  122.38
  30.38   24.19
  30.95  131.78
  31.06   14.90
  31.33  194.76
  31.45   29.97
  32.25  201.63
  33.33  184.75
  33.93   22.13
  33.95  190.92
  34.24  162.02
  34.60   33.87
  34.91  193.53
  36.04  180.34
  38.67  111.87
  39.79  170.72
  39.85  114.82
  40.14   44.46
  40.38   39.98
  42.35   33.60
  43.32  205.76
  43.88  192.41
  43.94   26.92
  44.15  112.20
  45.76   45.30
  46.84   25.01
  47.80   17.13
  47.84   43.16
  48.42   37.49
  49.55   18.37
  50.01   42.83
  50.64   24.77
  51.56   20.81
  51.70  163.66
  51.96  100.35
  53.32   68.02
  54.18   79.26
  55.89  243.61
  55.92   43.87
  55.96  161.11
  56.31  170.52
  57.30  129.57
  57.45   77.56
  59.04   89.23
  59.13  200.68
  61.40   79.57
  61.61  215.30
  61.83  185.70
  62.18   50.20
  63.05  174.81
  63.16  203.25
  64.12  179.04
  64.94   45.95
  65.03  148.87
  65.39  247.03
  65.78   43.43
  66.19  182.82
  67.60  109.60
  67.88  163.01
  68.35   51.83
  69.35  126.26
  69.50  144.84
  69.74   40.90
  70.13  187.82
  70.17   30.37
  70.26  140.94
  70.45   30.55
  70.91  136.09
  71.31  173.68
  71.47  108.01
  73.03   27.52
  73.28  135.75
  73.31  135.45
  73.53  217.95
  73.93  146.53
  74.98  180.50
  75.00   21.44
  75.32  104.43
  75.43  144.62
  75.46  104.42
  76.16  240.75
  76.56  163.79
  77.02  110.74
  77.03   99.18
  77.08  196.19
  78.09  184.44
  78.39   25.52
  78.46  234.84
  78.99   34.28
  79.13  102.60
  79.89   43.60
  80.73   93.69
  81.06  178.13
  81.20  237.78
  81.59   99.19
  81.68  112.39
  82.59   45.56
  84.08   42.78
  84.09  156.72
  84.10  164.78
  84.22  244.39
  84.35  172.31
  84.47  181.72
  84.64  190.25
  85.13   41.11
  85.73  142.95
  85.74  235.36
  85.80  212.02
  86.20  184.41
  86.93   25.33
  87.00  167.00
  87.94  241.17
  90.46  148.49
  90.77  237.77
  91.16  212.46
  91.77   45.41
  92.18  240.88
  92.36  235.06
  93.61  156.71
  93.63   33.58
  93.68  137.26
  94.40  181.75
  94.41   88.63
  94.61  232.65
  94.92   39.69
  96.70  117.26
  97.16  246.20
  97.49  201.27
  98.08   34.35
  98.55  178.27
  99.17  222.84
  99.26  123.24
  99.76  109.41
  99.87  240.33
 100.05   27.82
 100.33  175.02
 100.73   99.94
 100.86  246.48
 101.79   18.12
 101.90  212.88
 102.15  154.18
 102.31  150.83
 102.70  240.25
 103.38   89.48
 104.26  243.00
 104.77   31.13
 104.97   39.85
 105.14  202.67
 106.75   90.84
 108.99  200.94
 109.50  164.41
 111.49  175.73
 111.79  173.88
 112.07  195.48
 113.19  181.32
 113.38   89.91
 113.42   40.25
 113.51  202.50
 113.95   35.59
 114.00  159.93
 114.98  240.96
 115.31  154.82
 115.33  244.61
 116.94  212.16
 117.86   36.52
 118.40  157.39
 118.86  164.95
 118.95  238.19
 119.42  199.09
 119.64  160.29
 120.27  240.61
 121.64  248.35
 122.83   31.05
 123.53  194.49
 124.61   40.75
 125.27  204.98
 125.78  191.06
 126.24  223.33
 126.43   31.86
 126.53   92.94
 126.88  159.52
 127.40  196.97
 127.89   39.01
 128.13   25.49
 129.57  146.70
 129.77   33.47
 130.53  182.99
 130.94  155.40
 131.23  199.96
 131.54  113.04
 131.76   38.68
 132.35  164.90
 132.81  150.59
 133.05  234.32
 133.87  237.20
 134.76  155.26
 134.96  126.53
 136.10   44.41
 137.40  209.77
 137.88  129.58
 139.36  215.47
 142.44  232.76
 142.51  166.38
 143.88  212.23
 145.12  234.37
 145.14  239.26
 146.19   38.30
 146.28   38.12
 146.84  187.81
 147.78   12.89
 148.72   42.20
 149.52  234.15
 149.69  234.47
 150.51  208.46
 151.42   18.30
 152.49   24.78
 152.97  215.51
 154.03   33.90
 154.48   29.39
 154.87  218.58
 155.49  230.48
 156.85  216.04
 158.58  238.43
 159.43  214.85
 159.63   17.48
 159.65    9.68
 161.17  217.68
 161.21  229.85
 164.49  220.04
 164.66   18.05
 164.99   24.26
 165.31   15.29
 165.54   40.13
 169.89   35.88
 170.49   13.04
 170.76  227.60
 170.91   38.90
 172.87   39.74
 173.64  160.36
 174.39   48.88
 175.91  157.87
 175.92   41.25
 176.29   43.99
 176.90   29.33
 177.37  178.44
 181.08  249.30
 181.18  232.98
 182.20  228.74
 183.95   31.34
 184.83   51.00
 184.97   51.78
 185.13   41.98
 185.21  198.80
 185.80  235.59
 186.71  151.56
 187.75  163.25
 188.97  201.20
 190.15  198.85
 190.66  124.47
 191.07  228.34
 191.09  233.94
 192.14  202.13
 194.04  172.47
 194.37   14.80
 195.48  116.98
 196.43   43.77
 197.07  142.18
 197.58  228.21
 198.00   98.38
 198.05  124.97
 198.47  114.20
 199.24   89.21
 199.27  121.70
 199.45   44.92
 200.31   14.35
 200.47   92.25
 200.79  107.92
 201.56  137.23
 201.71  228.91
 202.54   86.42
 203.39   40.37
 203.71   81.36
 204.25   14.75
 204.26  249.38
 204.92  219.60
 204.98  196.75
 205.71  131.01
 206.86  125.44
 206.96   81.74
 207.44  227.52
 207.88   84.47
 208.19  151.54
 208.51   76.96
 209.44  144.73
 210.65   15.30
 211.17   49.54
 211.24   79.30
 211.29  228.46
 211.53   52.36
 212.03  127.76
 212.34   12.30
 213.17   25.94
 213.27  171.04
 213.73  148.55
 214.06   22.59
 214.45  223.48
 214.71  230.19
 216.15  132.84
 216.80   80.80
 217.60  227.34
 217.92  150.81
 218.34  137.67
 218.37   74.71
 219.22  130.50
 219.48   28.93
 219.92  156.99
 219.96  148.46
 220.24   54.47
 220.87  144.31
 221.32  126.25
 221.99  223.72
 222.61  229.76
 222.77  131.51
 223.89   51.55
 224.09   67.07
 224.39  136.12
 224.52   31.00
 224.64   27.45
 224.86  153.18
 226.29  139.93
 226.47   68.59
 226.68  233.45
 226.77  226.74
 227.27   12.31
 227.93  166.98
 228.91   73.11
 229.21  144.76
 229.69  141.52
 229.72  230.32
 229.79   32.73
 229.92   42.03
 230.21   21.63
 230.74   47.92
 231.73  227.90
 232.89   67.55
 234.24  139.17
 234.49   30.42
 234.58  182.61
 234.84   62.26
 236.82   69.31
 236.86   56.45
 237.06   81.73
 237.49   43.78
 237.91   35.52
 238.64  193.75
 238.65   66.95
 238.80   28.40
 239.09   34.32
 239.59  229.77
 240.31   49.32
 240.75   73.74
 240.88   56.24
 240.89   20.18
 241.05   80.89
 241.42  169.13
 241.69   36.40
 242.46  202.45
 242.81  226.41
 244.40  229.94
 244.54   61.02
 244.73   37.33
 244.77  132.38
 244.78   50.17
 245.04  151.45
 245.44  143.11
 245.77   45.96
 246.23   28.58
 246.84  203.95
 247.28  203.01
