   7.86  182.44
   8.61   89.70
   8.66   92.90
   9.57   42.29
  10.28  154.04
  11.68  100.34
  12.37   96.87
  13.26  189.37
  13.29  212.26
  14.52  135.62
  14.98  139.57
  15.08   62.42
  15.83  222.48
  15.94  142.58
  17.54  128.63
  17.69   63.48
  17.84  193.63
  18.02  239.47
  18.05  183.17
  18.21  174.72
  18.75  141.77
  19.00  155.63
  19.12  186.38
  19.40  210.58
  20.00  120.89
  20.20   63.81
  20.62  236.66
  20.88  205.81
  21.21  233.45
  23.47  159.76
  23.84  242.67
  24.68  210.14
  24.92  225.82
  25.12  139.52
  25.47   97.12
  26.81   78.27
  27.07  229.65
  27.10   93.04
  27.42  221.55
  29.65    9.32
  30.89  233.69
  31.70   73.41
  31.74  112.75
  32.17   77.49
  32.40  182.49
  32.42   91.25
  33.13  143.73
  33.50  238.04
  33.54  125.26
  33.56   12.45
  34.72  134.94
  35.60  138.07
  35.83  153.76
  35.89  130.62
  36.30  159.29
  36.71  227.99
  36.94  126.94
  37.02  168.93
  37.75  228.85
  37.87  236.52
  38.27  249.14
  38.56  161.15
  38.65  155.86
  39.03   23.08
  39.26  123.55
  39.48  157.08
  39.55  135.43
  39.67  222.33
  40.12  107.93
  40.47  180.44
  40.83  129.89
  40.96  102.37
  41.09   24.91
  41.26  241.34
  41.58  150.93
  41.63  117.19
  42.38  126.32
  42.45  231.37
  42.64  105.02
  42.85  195.79
  42.94   97.15
  43.70   21.63
  44.01  186.88
  44.12  177.57
  45.23  158.55
  45.65   92.47
  45.70  239.58
  45.82   87.82
  46.01  114.67
  46.05   98.79
  46.41  191.93
  46.51  136.91
  46.76  129.61
  47.63  242.66
  48.47  133.53
  48.47   22.08
  48.74  107.74
  48.85  101.60
  48.94  102.72
  51.03  220.96
  51.07  108.62
  51.14  181.20
  51.58   40.38
  51.61  137.75
  52.70  123.52
  52.82  133.64
  52.87  142.71
  52.87   62.15
  53.41  196.69
  53.49  117.87
  53.68  186.88
  53.73  164.39
  53.96  106.81
  54.25  191.46
  54.69  130.67
  55.48   95.06
  55.50  104.08
  55.65   53.84
  56.52  216.08
  56.83  239.88
  56.91  114.57
  57.20  130.33
  57.32   51.13
  57.53   98.33
  57.71  223.68
  57.84   44.60
  57.86  109.76
  58.42   85.54
  58.94  163.22
  58.99  150.38
  59.87  232.50
  59.97   98.23
  60.13   82.54
  60.48  214.24
  61.41  220.96
  61.51   38.58
  61.72  116.10
  61.96  140.12
  62.22  102.91
  62.81   41.61
  62.93  172.99
  63.16  246.69
  63.60  225.47
  63.87  164.83
  64.31   91.62
  64.38  223.69
  64.58   30.15
  65.53  131.65
  65.61  143.01
  65.92  181.92
  65.95   25.92
  66.18  122.23
  66.25  215.68
  66.68   25.27
  66.79   46.16
  68.05  106.17
  68.18   77.85
  68.31  229.04
  68.38  209.17
  68.48  186.61
  68.95   81.45
  69.21  204.10
  69.36  152.91
  69.97  155.92
  70.07  121.95
  70.50  165.16
  72.14  114.49
  72.50   95.79
  73.12  218.34
  73.41  135.08
  73.66  149.18
  73.68  181.70
  74.57  139.46
  75.23  184.57
  75.65  112.12
  75.70  226.41
  75.76  205.91
  76.03   45.55
  76.10  180.55
  76.84  221.05
  77.13   49.43
  77.43  216.93
  78.16  116.96
  78.38  196.22
  78.44  243.53
  78.52  157.29
  78.93   97.46
  79.15  236.64
  79.59   35.08
  80.11   89.63
  80.36  111.01
  80.53  121.21
  80.53  178.18
  80.62  225.02
  81.16  133.62
  81.78  105.75
  82.55   96.52
  82.64  192.18
  84.16  154.55
  84.16  169.63
  84.30  119.48
  84.57  151.55
  84.61  197.45
  85.11  127.42
  85.21  209.16
  85.25   90.21
  85.41  116.95
  86.09  233.23
  86.19  168.86
  86.30  214.03
  87.18  141.52
  87.26  121.17
  87.28   82.39
  87.99  177.86
  88.24   88.50
  88.26  170.67
  89.34  144.39
  89.61  240.51
  90.32  118.98
  90.38  216.79
  90.58   84.99
  90.96  198.88
  91.64  121.06
  91.71  116.14
  91.97   88.07
  92.06  173.32
  92.06  243.88
  92.52  227.08
  92.65  103.13
  92.82  139.49
  92.95  227.40
  93.13  169.88
  93.16  121.72
  93.42  212.62
  93.60  108.04
  93.85   88.07
  94.04  221.98
  94.36  111.99
  94.47  144.92
  94.48   20.71
  94.71  152.24
  94.90   95.61
  94.97   78.44
  95.07  156.00
  95.40  238.47
  95.51  203.48
  95.69  157.70
  96.01  217.37
  96.42  194.58
  96.78  110.68
  97.19  148.79
  97.29  166.64
  97.50   21.51
  97.56  177.09
  97.96   60.65
  98.25  116.02
  98.41  153.37
  98.61  101.21
  99.02  138.70
  99.30  193.12
  99.32   37.45
  99.52   35.45
  99.70   41.39
 100.76   87.19
 100.81  234.75
 100.94  235.45
 101.26   95.87
 101.28  170.55
 101.72  113.31
 101.91  241.44
 101.92  221.06
 102.40   37.05
 102.57   38.84
 102.58  219.68
 102.64  101.06
 102.66  119.99
 102.78   75.13
 102.88  156.19
 103.59   87.88
 103.76  237.29
 104.32  128.97
 104.65  229.91
 104.74  156.53
 104.91   96.50
 104.94  239.06
 105.29   67.83
 105.86  167.17
 105.94   88.49
 106.04   96.32
 107.35  107.90
 107.47   61.62
 107.54  236.82
 107.80  108.70
 107.93  191.20
 108.05  197.69
 108.19  219.33
 108.43  141.13
 108.64   18.92
 108.72  114.00
 108.83  211.52
 109.38  184.36
 109.52  228.75
 109.78  147.82
 109.99  122.22
 110.33  105.91
 110.42   58.84
 110.52   22.12
 110.72  159.53
 110.81  121.42
 111.28   97.04
 111.39   52.30
 111.55  188.57
 111.69   94.65
 111.72   86.10
 112.71  161.93
 112.75  205.13
 112.87   76.57
 113.05  242.30
 113.12  224.61
 113.35  102.50
 113.49  228.83
 113.84  215.42
 113.88  234.43
 113.94  156.69
 113.95   69.93
 114.08   43.13
 114.43  121.67
 114.46  170.07
 114.48  193.09
 115.25  117.48
 115.39  125.89
 115.62  193.54
 115.76  105.15
 115.77  151.83
 115.87  187.17
 116.32  238.13
 116.64   89.95
 117.06  107.66
 117.17  219.28
 117.27   78.78
 118.07   62.72
 118.37   32.44
 118.51  132.25
 118.68   18.63
 118.68  135.19
 119.23  162.17
 119.33   84.86
 119.36  149.64
 119.71  153.99
 119.72  224.47
 119.72  118.14
 120.16  207.90
 120.89  142.60
 121.26  207.25
 122.06   90.41
 123.02  235.56
 123.20   74.24
 123.29  153.62
 123.40   40.36
 123.68  120.06
 123.90  190.04
 124.20  103.98
 124.33   56.33
 124.42  140.02
 124.44  218.58
 124.57  162.16
 124.78  159.74
 125.10   68.79
 125.16  122.36
 125.57  173.16
 126.34  194.48
 126.49  200.08
 126.81  117.93
 127.15   43.47
 127.28   91.63
 127.35  184.43
 127.64  159.03
 127.66  150.77
 127.66  137.34
 127.70  162.88
 127.81  215.22
 127.86  107.57
 128.27  247.54
 128.33  121.70
 128.60   77.51
 128.84   20.49
 128.99  140.77
 129.11   33.79
 129.82  165.73
 129.83  216.91
 130.18   53.55
 130.45   68.41
 131.48  108.71
 131.60  222.53
 131.85  193.26
 131.93  170.64
 131.99  106.47
 132.23  177.41
 132.25  197.09
 132.25  214.69
 132.30   65.83
 132.52   24.43
 132.74   98.41
 132.82  152.27
 132.91  161.72
 133.16  225.86
 133.22  117.97
 133.35  112.57
 133.42  105.04
 133.83  182.55
 133.94  141.07
 133.99  243.26
 134.13  129.25
 135.24  157.80
 135.46  140.93
 135.79   16.78
 135.94  228.62
 136.09  173.78
 136.74  167.23
 136.82  220.89
 136.83   86.18
 137.73  114.50
 137.90   57.54
 138.37  119.18
 138.40  140.45
 138.45  187.45
 138.79   24.54
 139.39   65.26
 139.96  161.84
 140.00  221.55
 140.01  237.17
 140.02  221.50
 140.05  216.35
 140.06  200.27
 140.06  243.81
 140.46  208.52
 141.97   50.18
 142.06  202.84
 142.24   22.56
 142.52  210.35
 142.68  139.95
 143.03  225.17
 143.16  189.84
 143.55  127.98
 143.96    9.26
 144.57  146.47
 145.98  233.52
 145.99   74.66
 146.16   22.48
 146.19  169.08
 146.23   13.72
 146.28  152.07
 146.56   53.22
 146.72   18.40
 147.26  162.92
 147.28  199.22
 147.43  180.78
 147.61  222.91
 147.74  237.30
 147.76   32.64
 149.78   46.03
 149.90   65.27
 150.44   77.19
 150.54  236.26
 151.13  102.51
 151.42   70.58
 151.56   50.00
 151.85  105.88
 151.88  150.36
 152.34  149.64
 153.06   58.73
 153.30   15.77
 153.54   63.51
 153.65  191.32
 153.84   23.97
 154.01  153.21
 154.19  176.72
 154.23  163.09
 155.30   95.67
 155.33  179.65
 156.30  163.54
 156.50   88.87
 156.50  202.04
 156.54   11.43
 157.04   60.34
 157.63  228.70
 157.67  198.32
 158.06   68.48
 159.46   76.80
 159.72   76.73
 161.84  121.45
 162.11  201.25
 162.49   14.02
 163.48  113.01
 163.67   41.75
 164.12   64.47
 167.09   50.16
 167.26  242.50
 167.32  124.80
 167.39  237.88
 167.53   47.11
 167.60   75.37
 168.43  196.48
 169.04  165.84
 169.19   72.93
 169.23  112.34
 169.50   65.67
 170.00   81.90
 170.08   51.40
 170.56  224.63
 170.59  176.21
 170.79  228.95
 171.21   84.39
 171.40   43.50
 171.43   90.98
 171.92   51.07
 172.95  112.17
 173.58  245.75
 173.60   57.88
 173.86  205.15
 174.73   43.68
 174.82   83.54
 174.91   39.32
 175.25  172.32
 175.44    8.29
 175.80   40.58
 176.73  109.49
 176.91  225.54
 176.93  124.15
 177.78  185.36
 177.91   48.14
 178.12  116.65
 178.31   51.05
 178.43  168.21
 178.50  178.56
 178.61  168.14
 178.91   64.03
 179.05   12.74
 179.17    9.73
 180.22   71.57
 180.23  116.44
 181.60   11.44
 182.17  122.97
 182.36  189.66
 182.58   46.56
 183.35   58.32
 184.79  242.67
 185.28   86.40
 185.85   28.68
 186.09  103.04
 186.19  223.69
 186.63   61.05
 187.03  107.10
 187.20  212.79
 187.75  133.09
 187.95  172.77
 188.36   25.44
 188.52   26.15
 188.96  125.13
 188.96   28.43
 189.44   56.18
 189.63   85.84
 189.77   48.97
 189.78  136.16
 189.86  109.48
 190.25  185.54
 190.70   72.69
 190.75   10.51
 191.40  131.30
 193.90  216.92
 194.21   12.59
 194.31  112.83
 195.61  118.87
 196.18   68.45
 196.93  135.47
 198.19  126.68
 198.65   80.26
 199.46   51.75
 199.63  232.61
 199.67   58.46
 200.49  223.54
 201.29  198.98
 202.37  208.43
 202.47  198.94
 203.70   44.19
 204.12  129.28
 204.90   29.92
 205.07   83.67
 205.10  134.37
 205.22   14.38
 205.59  234.98
 206.69  121.13
 207.39  113.42
 207.55  199.93
 208.47   16.32
 208.93   12.59
 209.69  101.18
 210.31   97.74
 210.51  136.85
 210.59  132.51
 212.98  143.57
 213.36   97.26
 213.72  110.67
 213.89   86.57
 213.97  229.13
 214.56  219.43
 214.64  105.61
 215.16  224.88
 215.35  135.10
 215.54  108.25
 215.92  119.36
 216.39  130.95
 217.11  157.69
 217.51  239.94
 218.00  220.97
 218.03  105.25
 218.26  122.15
 218.94   94.02
 219.38    9.62
 219.52   53.49
 219.71  119.17
 219.99  188.72
 220.38   64.39
 221.56  110.63
 222.11   91.05
 222.47  100.64
 223.15  220.72
 223.36  222.29
 223.63   45.78
 226.23  219.28
 226.71  179.78
 227.29  173.06
 234.39  140.48
 234.89   99.20
 235.08  102.34
 235.73   88.27
 235.78   90.80
 236.16  110.73
 237.32  242.88
 238.84   98.77
 239.97  134.15
 241.67   82.68
 247.94   82.54
 248.85  247.49
