   7.09  187.40
   7.70  234.33
   8.73  159.49
   9.12  222.08
   9.69  143.83
   9.71  121.88
  10.20  126.99
  12.67   43.58
  13.28   32.61
  15.26  229.03
  19.40  212.78
  20.80  231.07
  21.00  216.26
  21.94  193.81
  23.90  223.37
  24.25  209.30
  24.49  229.31
  25.59   78.07
  26.96  102.27
  27.09   99.96
  27.10  120.52
  27.70  213.41
  28.06   91.05
  28.45  222.39
  28.79   63.49
  28.89   52.75
  29.31  107.44
  29.42   70.98
  29.63   67.78
  29.90  210.35
  30.04  241.59
  30.19  124.28
  30.49  129.20
  30.68   77.46
  31.23   96.67
  31.52   47.13
  32.23   41.83
  32.46  125.30
  32.84   58.54
  32.88   58.64
  33.21  114.96
  34.21  101.81
  34.74  202.14
  35.45  209.11
  35.77   43.37
  35.86  118.26
  36.33   39.00
  37.86   77.74
  37.88  103.24
  40.60  129.90
  40.76   36.64
  40.87   33.17
  41.72  119.74
  44.06  237.92
  44.51  101.91
  45.24   78.41
  46.10  242.12
  47.77  197.04
  48.22  119.58
  48.70  131.80
  48.98  134.76
  49.62  128.52
  51.81  139.66
  52.77  134.01
  53.05  225.71
  53.58  223.52
  54.12  247.07
  55.12  138.96
  55.21  212.64
  55.31   81.56
  55.39  240.39
  56.09   21.22
  56.09  148.20
  56.17  223.93
  57.42  220.81
  57.70  190.39
  59.05  199.57
  59.61   64.01
  59.85   42.23
  60.11   81.32
  60.47   86.75
  60.67  195.98
  60.78   57.44
  61.09   20.33
  61.74  142.61
  61.89   97.13
  61.89   42.74
  62.30   66.04
  62.71   71.93
  63.90   88.55
  64.53  190.25
  64.92   82.92
  65.57  103.06
  65.69  107.47
  65.80   23.82
  66.33   93.36
  66.91   44.27
  67.01   20.67
  67.50  144.99
  68.60   67.90
  70.47   23.78
  70.63  100.27
  70.81  162.56
  70.88  152.55
  71.21   37.39
  72.22  137.99
  72.31  108.93
  72.33  195.25
  72.45  148.12
  72.64  109.09
  73.18   30.73
  73.65  107.58
  73.83   67.69
  74.35  181.96
  75.06  119.38
  75.71   21.11
  75.91   28.90
  76.10   68.43
  76.44  249.26
  76.46   11.59
  76.61   80.45
  77.66   68.94
  79.19  126.18
  79.37  131.95
  79.67  178.46
  79.87  216.13
  80.01  223.56
  80.67  189.14
  81.50  151.46
  82.09  247.97
  82.73  182.82
  83.02  142.05
  83.13  200.01
  83.39   17.12
  83.69  189.56
  86.15   17.72
  86.41  117.64
  86.57   12.13
  86.95  201.76
  87.28  236.64
  87.49  130.06
  87.84  115.44
  88.00  226.54
  88.13  180.67
  88.25  148.69
  88.30  133.19
  88.70   35.17
  89.01  191.54
  90.05   13.70
  90.78  199.39
  91.07  135.41
  91.73  150.05
  92.51  135.16
  93.08  146.50
  93.29  175.68
  93.42   90.12
  93.46  204.13
  93.83   23.64
  94.01   91.18
  95.06  189.79
  95.48  131.64
  95.64  136.45
  95.84  192.99
  96.20  236.25
  96.89  158.65
  96.98  148.23
  98.30   86.85
  98.32  192.76
  98.39   22.52
  98.64  181.27
  99.02  165.40
  99.32  138.27
  99.33  157.54
  99.53   84.02
 100.86   31.21
 101.41  181.81
 101.51  148.68
 101.83  151.74
 101.89  178.45
 102.00  172.75
 102.67  136.30
 105.07  183.23
 106.25  175.30
 106.26  126.07
 106.70  164.17
 106.91  140.47
 108.44    7.56
 108.93   23.98
 109.46  153.62
 110.42  171.96
 110.50   64.25
 110.88  139.83
 110.97  180.83
 112.01  159.62
 112.61   20.46
 113.63   93.01
 113.76  152.04
 113.77  146.74
 114.24  147.74
 114.39   92.10
 115.07  153.34
 115.09  163.41
 115.10  180.20
 115.99  175.08
 116.54   76.21
 116.64   45.25
 117.16  185.01
 117.50   59.78
 118.78  154.83
 119.08   17.08
 119.51    7.23
 119.95   76.90
 120.04  183.51
 120.57  153.44
 121.16   60.64
 121.98   57.50
 122.11   33.72
 122.59  184.94
 122.77   47.87
 123.04   17.34
 123.12   78.59
 124.07   73.11
 124.10  185.20
 124.11   22.92
 124.39   22.88
 124.79  207.37
 125.26  161.96
 125.34  193.63
 125.60   18.98
 125.78  124.73
 126.35  131.19
 126.46   93.61
 127.59  223.44
 127.67   53.18
 128.79  119.26
 128.90  186.53
 129.02  196.93
 129.09  202.90
 129.18   92.95
 129.35  212.52
 129.35  212.26
 129.66  111.52
 129.85  208.06
 129.86  175.08
 130.10   61.54
 130.44  162.64
 130.94  248.16
 131.23  101.74
 131.31  236.57
 131.51  244.56
 131.72  127.21
 132.38  188.00
 133.08  179.22
 134.34  214.41
 134.73  143.71
 135.27  156.23
 135.49  128.46
 137.11  156.05
 138.58  183.18
 138.80  172.81
 138.84  172.59
 140.13  143.28
 140.74  160.56
 140.84  247.92
 142.16   94.50
 142.67  182.15
 144.20  130.28
 144.71  175.89
 148.03  181.82
 149.06  169.90
 150.55  200.84
 150.63  181.30
 151.13   25.27
 152.16   20.78
 152.16  124.28
 152.17  162.32
 152.22  152.00
 154.28  127.31
 154.63  166.84
 155.43   57.03
 156.11  136.00
 156.38   60.72
 156.64  134.50
 157.11  149.46
 157.20  122.91
 157.71  184.49
 158.15  126.74
 159.70  153.94
 159.86   55.08
 160.00  129.91
 160.03  161.34
 161.72  183.64
 163.46  227.35
 163.62  128.99
 164.16  139.42
 164.36  172.37
 164.71  148.40
 164.93  155.64
 164.98  164.92
 166.33  248.54
 167.43  170.22
 169.34  204.31
 169.40  144.27
 170.21  174.84
 171.28  240.17
 171.33  115.35
 171.56  167.79
 172.02  177.70
 172.73   41.52
 172.77    8.14
 172.99  145.17
 173.13  156.52
 173.81  192.44
 174.71  180.89
 175.06  237.92
 175.71  124.63
 175.78  135.80
 175.84  154.72
 176.21  116.44
 176.79  164.71
 177.81   69.71
 178.20  156.95
 178.39  132.22
 180.39  234.93
 180.98  141.31
 182.03  152.78
 182.03  143.45
 182.25  132.42
 182.57  178.28
 182.90   33.68
 183.09   70.44
 183.14  163.20
 184.42  183.65
 184.96  126.77
 186.39  163.65
 186.87  126.97
 187.16   59.23
 187.57  144.92
 188.45  242.73
 189.10  162.81
 190.06  160.60
 190.65  119.71
 191.16  138.02
 193.63  186.48
 193.65  124.50
 193.80  179.23
 194.64  125.11
 194.88  156.97
 195.67   98.60
 197.91   92.34
 198.68   79.72
 199.57   87.18
 199.90   93.47
 200.21  134.10
 200.79   95.45
 201.37  182.12
 201.59  144.35
 202.69  125.43
 202.93  151.01
 203.39  119.74
 206.03  159.56
 206.24   82.59
 207.28   86.98
 207.54  157.61
 207.72  129.57
 207.76  113.82
 207.99  134.03
 208.10  241.34
 209.45   10.06
 210.82  184.51
 212.38  159.90
 212.53   28.17
 213.48  146.20
 213.57  146.52
 214.95  159.43
 215.06   85.93
 215.42   45.33
 216.13  132.26
 216.28  180.81
 216.41   82.71
 217.69  153.46
 217.75   78.85
 218.57  133.64
 218.77   34.43
 219.27  157.98
 219.73  144.83
 219.96  237.67
 220.85  162.63
 222.40  156.67
 223.18  152.56
 224.48  134.29
 224.79  173.28
 224.82  142.18
 224.96  177.90
 225.30   52.99
 226.35  140.00
 226.75  184.83
 227.35  121.04
 227.48  136.08
 228.46  153.23
 228.50  153.81
 229.56  141.58
 229.58  178.94
 229.88  183.50
 229.91  147.00
 229.97   59.47
 230.84  169.08
 231.58   56.00
 231.83   70.16
 232.20   66.86
 232.35  125.39
 233.01  247.33
 233.07  146.23
 233.50  165.63
 233.80  175.47
 233.81  120.21
 234.33   47.55
 234.39  162.43
 234.55  128.83
 234.93   55.28
 235.00  103.05
 235.45  142.98
 235.57  150.88
 235.90  181.79
 236.08  172.88
 236.08   72.51
 237.67  136.43
 238.01   53.71
 238.37  121.12
 238.39  171.05
 238.44   67.07
 238.49  178.82
 238.87   84.72
 238.87   70.78
 239.62  109.79
 240.10  197.58
 240.42   98.40
 240.71  167.61
 240.85  115.40
 241.11  158.20
 241.76  183.26
 241.93  125.91
 242.08  238.35
 242.34   84.18
 243.01  112.13
 243.07  143.40
 243.72  100.02
 244.42   74.01
 244.43   90.54
 244.55  180.83
 244.55  240.92
 245.14   96.43
 245.23  186.64
 245.29  124.81
 246.00  176.38
 248.52   95.42
 249.24   67.40
