   6.82   40.33
   7.80  218.63
   8.10   48.39
   9.08  192.15
  10.09   39.13
  10.14  126.40
  10.49  178.32
  10.74   88.77
  10.75  209.44
  11.29  215.19
  12.31   69.82
  12.99   49.47
  13.22  110.40
  14.02   77.24
  14.36   19.66
  14.37  210.00
  14.73  201.24
  14.77   49.60
  15.05  215.13
  16.66  125.66
  17.25  191.00
  17.33   43.57
  17.78  113.81
  17.82  245.70
  18.02  128.30
  18.51   93.51
  18.97  187.28
  19.02   17.21
  19.48   13.68
  19.88   84.82
  20.03   84.61
  20.28  206.14
  22.03  213.10
  22.94  127.73
  23.07   42.02
  24.38   85.57
  24.54  148.44
  25.33  187.54
  25.54  214.08
  26.04   59.08
  26.30  220.37
  26.40   92.09
  26.80  120.16
  26.85  150.10
  27.05  208.29
  27.27  104.20
  27.95  124.26
  28.05  193.17
  28.61   96.99
  28.93   89.55
  29.21  178.33
  29.66  203.78
  30.68  246.40
  31.91   40.65
  32.57   68.88
  32.72   45.85
  32.98  202.51
  33.31  188.01
  33.47   93.35
  34.14  176.80
  35.11   77.36
  35.62  212.01
  36.12  190.43
  36.25   96.04
  36.32  200.91
  36.64   70.27
  36.92  244.12
  36.93  123.75
  37.10  213.16
  37.28  179.96
  37.42  209.22
  37.77  220.67
  38.03  197.49
  38.03  141.37
  38.27  125.47
  38.52  101.27
  39.33  202.41
  39.65  172.61
  39.75  194.45
  40.80  180.47
  41.12  104.78
  41.12  199.22
  41.86   42.47
  42.05  101.50
  42.48  230.81
  43.37   75.37
  43.52  176.61
  44.09   93.18
  44.32  148.33
  44.55  205.14
  44.59  243.95
  44.85  159.54
  44.89   97.03
  44.90  115.78
  44.99  185.88
  45.41  194.53
  45.45  204.60
  45.66  111.46
  45.67   64.94
  46.94   47.12
  47.08   22.30
  47.24  147.64
  47.60  217.87
  48.29  102.04
  48.75  215.21
  48.88  170.17
  49.51  174.27
  49.87  178.38
  50.09  133.30
  50.09  161.72
  50.64  246.03
  50.77  221.29
  51.33  193.83
  51.60  105.25
  51.92  114.63
  52.15  237.84
  52.85   30.22
  53.49  127.17
  53.58  185.51
  53.82   99.43
  54.14   46.43
  54.45  167.04
  54.91  136.12
  55.66  209.80
  56.91  105.03
  57.23  176.96
  57.28   17.59
  58.29  195.81
  58.74  192.33
  58.89   47.78
  59.60  216.33
  60.78   29.90
  60.82  170.64
  61.44  221.74
  61.55   79.50
  62.21  210.71
  62.44  104.68
  62.77   68.27
  63.58  189.93
  63.99  181.68
  64.03  137.47
  65.71   76.46
  65.77  158.52
  65.78  153.76
  66.00   43.09
  66.21  166.92
  66.73  172.66
  66.75  179.50
  67.13   87.21
  67.42  121.27
  67.96  205.43
  68.14  176.03
  68.78  186.59
  68.78  189.61
  69.05  128.93
  69.46   99.03
  69.92  172.75
  70.06   83.17
  70.34   77.49
  70.97   24.84
  71.48  184.15
  71.56  212.94
  71.71  188.93
  72.60  225.35
  72.66  218.94
  72.71   38.95
  72.79  163.52
  73.11  110.02
  73.22  144.39
  73.48  214.97
  74.12  124.85
  74.24  116.88
  74.50   90.76
  75.12   97.29
  75.38  147.78
  75.96  161.56
  76.01  120.14
  76.13   93.15
  76.34  197.26
  76.61   24.00
  76.72   67.01
  78.04   85.35
  78.81  245.60
  79.63  190.63
  79.73  183.07
  79.79  156.99
  79.82  207.32
  79.85  172.44
  80.07  208.97
  80.89  201.58
  81.09   69.17
  81.15   82.41
  81.51   64.72
  81.78  211.01
  81.94  205.10
  82.00  167.87
  82.31  219.16
  82.43  154.53
  82.59  176.27
  83.29  224.85
  84.88  194.06
  85.75   79.62
  85.79  163.70
  86.36  124.44
  86.58  168.36
  87.02  136.92
  87.60  182.59
  87.67  199.29
  88.08   83.83
  88.31  171.45
  88.41   85.02
  89.06  166.34
  89.26  108.00
  89.28   92.23
  89.47  139.76
  89.67  117.67
  90.08  149.62
  90.54   76.10
  90.87  176.69
  90.94  155.16
  91.40  154.13
  92.57  212.83
  93.44  123.12
  93.45  157.68
  93.83  169.17
  94.63   60.09
  94.91  119.41
  95.22  219.40
  96.00  212.52
  96.49  196.49
  96.80  134.87
  96.84  127.45
  96.97  158.65
  97.06  176.38
  97.77  187.73
  97.96  124.17
  97.96  197.65
  98.05   41.72
  98.66  206.54
  98.86  215.67
  99.11  172.36
  99.11  210.00
  99.37  221.38
  99.39  121.69
  99.52   31.43
  99.61  212.81
  99.79  127.67
  99.86  154.38
  99.87  200.73
 100.11  164.08
 101.38   23.81
 101.54   50.48
 102.44  120.86
 102.73   92.82
 102.83  180.93
 102.83  188.94
 103.05  140.88
 103.13  186.70
 103.59  113.71
 103.66  176.73
 103.79  172.60
 103.83  163.01
 103.98  213.66
 104.59  174.11
 105.04  205.59
 105.43  164.39
 106.24  201.54
 106.38  150.22
 106.54  213.87
 107.13  177.73
 107.17  132.50
 107.54  161.11
 107.59  220.11
 107.69  197.14
 107.94  167.60
 107.98  116.53
 108.67  191.37
 109.11  181.35
 109.43   87.09
 109.47  159.13
 109.73  226.53
 110.84  152.68
 111.29  202.28
 111.91  210.93
 111.92  209.87
 112.00  197.10
 112.03   64.23
 112.42  103.87
 112.51  120.17
 112.53   25.90
 112.59  192.70
 113.12   97.45
 113.37   87.35
 113.47  220.54
 113.67  141.89
 114.05  117.04
 114.10   98.19
 114.15  244.96
 114.26  176.61
 114.39  122.92
 115.05  157.93
 115.44  187.99
 115.52   72.05
 115.57  236.57
 115.87  202.29
 116.28  138.29
 116.66  227.92
 116.67  169.08
 117.61   71.70
 117.70  105.36
 117.72  171.30
 118.10   64.72
 118.26  197.29
 118.48  208.90
 118.63  234.54
 118.65  216.85
 118.77  183.53
 119.75   83.49
 119.80  132.68
 119.83  245.29
 120.12  103.01
 120.13  153.70
 120.41  144.63
 121.51  161.59
 121.65  171.81
 121.90  227.44
 122.12  150.79
 122.16  206.86
 122.26  167.83
 122.69  182.68
 122.79   99.39
 122.97   11.74
 123.10  235.44
 123.47  175.16
 123.49  232.25
 123.76  146.87
 124.28  119.70
 124.48  136.32
 124.88  181.28
 126.22  207.91
 126.33   93.15
 126.52  143.69
 127.23  174.56
 127.34  241.74
 127.96   40.26
 128.32  236.18
 128.37  133.32
 128.47  194.29
 128.48  103.76
 128.67  213.31
 128.71   87.62
 128.74   92.77
 129.39  223.26
 129.88  235.95
 130.67   47.53
 130.69  241.26
 131.04  122.42
 131.11  192.20
 131.60  211.40
 131.67  100.15
 131.74  184.40
 131.99  232.85
 132.30   63.12
 132.93  138.68
 133.09  219.56
 133.14  143.99
 133.32  223.05
 133.39   38.28
 133.40   57.44
 133.44   68.57
 133.52   89.11
 133.55  189.15
 133.82  245.72
 133.85  208.15
 133.92  199.98
 134.08  178.47
 134.63  215.70
 135.87  230.45
 136.10   93.36
 136.54  131.75
 137.52  226.75
 138.23  180.66
 138.52  242.93
 138.54   52.57
 138.58  165.01
 138.69  177.72
 138.96  193.61
 139.15  155.66
 139.35  224.70
 139.47  147.24
 139.52  111.96
 139.57  183.33
 139.71  208.92
 139.77   48.88
 139.78  150.28
 139.82  129.34
 139.90  141.47
 140.00   90.24
 140.15  106.28
 140.25  172.17
 140.34   14.08
 141.17  204.27
 141.36  177.11
 141.49  143.71
 141.71  202.37
 142.06  135.75
 142.29   98.98
 142.39  124.31
 142.43  154.88
 142.50   83.65
 142.53  241.88
 142.62   58.22
 142.64  107.83
 143.45  181.75
 143.66  198.76
 144.06  143.37
 144.63   26.77
 146.16   82.41
 146.20  147.04
 146.57  128.37
 146.81   98.86
 147.12   91.38
 147.49   85.06
 147.89  193.86
 149.05  204.50
 149.12   74.09
 149.20   14.08
 149.62  208.80
 149.63  138.84
 149.67  134.63
 149.76   14.40
 149.92  245.42
 150.04  146.16
 150.09  220.64
 150.13   31.89
 150.42   35.63
 150.60    9.12
 150.88   95.73
 150.92  131.09
 151.06   98.91
 151.12   50.37
 151.34   89.40
 151.40  217.28
 151.59   15.19
 151.93  117.92
 152.35   73.70
 152.43  201.57
 152.45  192.93
 152.48  168.15
 152.52  150.67
 152.71  156.23
 152.80   62.05
 153.22  196.98
 153.25  161.83
 153.35  186.27
 153.67   80.13
 153.86  143.77
 154.00   85.76
 154.09  124.73
 154.54  178.75
 155.23   47.77
 155.29  129.64
 155.37   24.21
 155.42   55.28
 155.98  206.93
 156.01   75.00
 156.23  174.89
 156.31  122.80
 156.86  216.17
 157.22   50.63
 157.46  110.07
 157.63   95.82
 158.31   61.58
 158.44    7.47
 158.89  246.87
 159.12   98.51
 159.16  103.46
 159.23  144.73
 159.96  196.37
 160.25  106.12
 160.28  187.24
 160.45   61.02
 160.79   84.98
 162.18  219.70
 162.50  213.43
 162.70  200.98
 163.04   98.03
 163.06   37.66
 163.55  244.22
 163.63  119.74
 163.90  107.32
 163.91  208.16
 165.24  192.82
 165.53  139.80
 165.68  113.28
 165.89   53.13
 166.18  221.07
 166.18  103.04
 166.36  110.51
 166.71  212.89
 167.44  156.36
 168.13   79.50
 168.22   39.46
 168.61  116.55
 168.61  173.62
 168.75   91.44
 168.98  193.64
 169.93   56.68
 170.03  248.01
 170.42   52.53
 170.63   42.01
 170.68  112.63
 170.73  218.99
 170.95   36.26
 171.65  109.87
 171.68  170.37
 171.71  244.69
 172.26   62.53
 172.29  175.35
 172.71  107.55
 173.05   39.26
 173.06  217.05
 173.09   89.33
 173.28   93.76
 173.42  100.06
 173.54  237.98
 174.82   79.34
 174.93  194.48
 175.28   66.73
 175.80  216.86
 175.84   35.89
 176.29   96.76
 176.48  103.16
 176.69   73.66
 177.21  179.05
 177.54  211.38
 177.87  164.46
 177.88   48.38
 178.22  214.28
 178.37  183.48
 178.55  109.47
 178.65    9.21
 178.70  204.63
 178.90   99.73
 178.92   42.41
 179.14   39.13
 180.14   93.66
 180.24  201.92
 181.22   49.31
 181.35  195.26
 181.75  226.13
 182.04  240.16
 182.22  217.04
 182.22  208.01
 182.49  212.87
 183.21   83.33
 183.24   77.74
 183.31  227.50
 183.64   89.98
 183.88  200.87
 184.04  109.49
 184.97  114.08
 185.05  113.54
 185.35  203.95
 185.47   17.52
 185.52  104.31
 185.57  195.44
 185.63   37.18
 185.64  234.76
 186.28  105.95
 186.71  109.00
 187.02   11.46
 187.20  244.10
 187.97  216.89
 188.83  178.27
 189.04   23.54
 189.38   78.07
 189.47  242.47
 189.70  195.27
 189.93   36.10
 190.03  119.99
 190.80   27.98
 190.98  218.29
 191.32   24.73
 191.84  123.68
 191.88  123.87
 191.90  147.59
 191.93   72.54
 192.08  103.25
 192.22  208.57
 192.91   98.20
 192.95   93.55
 193.12  227.03
 193.35  133.54
 194.22  116.92
 194.46  231.66
 194.99   43.48
 195.08   19.42
 195.96  177.56
 195.96  198.35
 196.02  150.05
 196.07  123.11
 196.09  192.67
 196.38   79.83
 196.43  144.18
 196.61  110.66
 196.70  104.66
 196.76  219.84
 197.34  216.46
 197.37  205.48
 197.43  135.37
 197.43   73.49
 197.96  198.89
 198.42  187.81
 198.51  123.47
 198.71   92.85
 199.14  233.12
 200.35  214.94
 200.45  226.67
 200.68   44.78
 200.83   15.41
 201.23  193.88
 201.27   26.67
 201.29  137.15
 201.74   41.90
 201.76  103.25
 201.93  112.58
 202.02   33.68
 202.24  224.13
 202.29   89.46
 202.77   93.61
 203.05   69.70
 203.05  219.86
 203.49  105.04
 203.50  122.33
 203.74   69.63
 203.84   19.09
 203.95   96.48
 204.23  176.44
 204.27  216.75
 204.38  206.81
 205.21   44.41
 205.22   74.83
 205.30  144.43
 205.64   34.30
 207.08  110.68
 207.12   39.63
 207.47  232.93
 207.60  119.00
 208.07  236.01
 208.57   31.06
 208.86  242.86
 209.04  224.17
 209.25   22.82
 209.26  106.13
 209.95  120.35
 210.12   14.12
 210.13  213.30
 210.15   93.96
 210.30  209.93
 210.37  199.81
 211.03   64.38
 211.17   90.94
 211.25   45.49
 211.45   14.07
 211.63  142.41
 211.81  206.68
 212.64  169.42
 212.94   34.40
 213.01  148.14
 213.25   55.46
 213.71  201.64
 214.15  144.52
 214.23  128.17
 214.57  105.11
 215.23  228.85
 215.39  222.41
 216.30  203.80
 216.62   36.64
 216.69   80.71
 217.13  116.98
 217.21  116.92
 217.25  195.85
 217.26   30.59
 217.55   62.19
 217.66  147.27
 218.15  122.42
 218.77  210.31
 219.06   43.85
 219.77    9.15
 219.92   19.14
 220.06  229.17
 220.19   47.40
 220.63   13.03
 221.22   52.00
 221.28  195.05
 221.61  202.46
 222.58  191.43
 222.60  235.23
 222.79  161.05
 222.81   36.06
 222.88  221.45
 223.08  189.91
 223.32  166.05
 223.37  170.64
 224.30  216.64
 224.32   95.52
 224.47  196.73
 224.50   42.42
 224.67   31.49
 224.69  133.70
 224.76  117.93
 225.63   91.21
 225.84   40.17
 226.00  107.09
 226.13   25.03
 226.58  212.18
 226.63   98.11
 226.65  112.34
 226.92   76.58
 227.04  136.95
 227.70   87.84
 227.84  221.51
 227.87   36.54
 228.16  132.11
 228.23  115.10
 228.44   58.98
 228.47  244.43
 228.51  100.81
 228.52   79.60
 228.55   50.97
 228.57  120.86
 228.72   82.61
 228.92   92.24
 229.60   33.57
 230.14   39.92
 230.47  167.04
 230.89  184.42
 231.23  133.80
 231.40  117.86
 231.49  187.63
 231.52  237.83
 231.58  104.38
 232.35  100.22
 232.55  169.73
 232.80   26.42
 232.90  234.68
 233.12  191.55
 233.57  166.13
 233.73  217.79
 233.88  162.16
 233.90  138.67
 234.04   23.50
 234.30   78.00
 235.20   37.24
 235.36   83.43
 235.82  242.45
 236.25   50.02
 236.33   80.32
 236.50   88.26
 236.66   20.80
 236.79   70.19
 236.99  245.26
 237.18  139.93
 237.45   13.95
 237.90  131.04
 238.32  146.95
 238.40  220.89
 238.47  206.55
 238.92  113.78
 239.43   47.97
 240.59  143.65
 240.96   90.29
 241.05  172.54
 241.44   28.60
 241.64  217.30
 241.79  228.27
 242.06  108.14
 242.22   82.04
 242.24  138.39
 242.57  169.07
 243.36   95.92
 243.42   99.07
 244.03  164.77
 244.41   10.77
 244.55  235.61
 244.80  229.43
 245.43  201.88
 246.08  241.90
 246.35  141.51
 246.62   90.03
 246.65  155.39
 247.10  172.19
 247.36  118.64
 247.69  222.78
 247.72  113.95
 248.73  212.13
 248.77  187.31
 249.47  173.83
 249.56   27.06
