   6.84   87.03
   7.09   81.45
   8.36  111.70
   9.11   35.78
  10.00   88.69
  10.01   79.70
  10.65   97.69
  11.25   24.52
  11.70  189.23
  12.09  105.66
  12.18   34.24
  12.65  101.84
  13.36   82.30
  13.40  117.87
  14.19  219.57
  14.57  192.16
  15.49   29.26
  15.97   35.24
  15.98   71.76
  16.24  215.20
  16.53   74.05
  16.78  186.96
  16.84  210.93
  17.01  184.12
  17.08  197.31
  17.92  174.72
  18.44  205.13
  18.51   19.52
  19.36   42.81
  19.69   74.45
  20.51  213.36
  20.97   68.79
  21.07  205.58
  21.25   49.71
  21.28   77.19
  21.58  157.25
  22.23  120.34
  22.82   46.54
  22.88   39.19
  22.97  174.29
  23.35   14.20
  23.51  153.78
  25.25   76.37
  25.44  203.82
  25.47  115.18
  25.72  194.52
  25.94   46.21
  26.25  199.14
  26.35   16.50
  26.42   18.06
  26.93  122.32
  26.96  107.88
  27.52   71.31
  27.97   43.77
  28.12  175.96
  28.31  178.15
  28.61  168.84
  28.94  205.41
  29.52   77.18
  29.55  117.15
  29.84   53.71
  30.03   98.15
  30.09  162.67
  30.31  185.69
  30.35  157.86
  30.46   91.26
  30.53  194.28
  30.56  103.20
  31.12  218.72
  31.60  159.60
  32.07  166.90
  32.32   64.51
  32.62  215.19
  33.23   88.60
  33.35   97.61
  33.89   17.72
  33.95  162.30
  34.13  176.52
  34.80  211.47
  34.82   85.15
  34.84   94.92
  35.40  179.32
  35.52  105.41
  35.66  190.89
  36.10   91.96
  36.17   74.12
  36.27  160.27
  36.28   45.53
  36.45   80.06
  36.74   15.86
  37.03  151.16
  37.67  101.41
  38.09   13.35
  38.18  193.19
  38.25   61.71
  38.41   38.26
  38.47  174.24
  38.57  207.88
  39.21   22.72
  39.61  104.61
  39.84  119.21
  40.18  198.14
  40.24  180.08
  40.33   54.74
  40.38   54.61
  40.44  203.68
  40.49  164.06
  40.78  108.20
  40.81  154.48
  41.02   93.04
  41.56   46.17
  41.87   89.59
  41.96   90.57
  44.27   71.39
  44.35  175.71
  44.60   38.75
  44.94   49.69
  45.05  153.82
  45.43  118.86
  45.52  188.27
  45.61  115.90
  46.43  160.61
  46.96  156.63
  47.12   84.71
  47.66  214.37
  47.69   86.74
  47.83  174.45
  48.15  207.22
  48.34  159.93
  48.74  100.78
  50.62  196.45
  50.79  188.16
  51.59  184.56
  51.99   47.94
  52.90   91.31
  53.17   23.04
  53.20  177.44
  53.29   17.69
  55.29  167.21
  56.23   83.15
  56.49  177.14
  57.05  121.60
  57.81   92.00
  57.99  153.24
  58.03   78.42
  58.40  218.45
  58.68  110.32
  58.69  219.18
  58.86  133.95
  58.94   64.45
  59.36  158.77
  60.64   52.02
  60.68   14.05
  62.64  148.51
  63.14  213.21
  64.82  159.93
  64.88   21.29
  64.91  217.12
  65.03  171.05
  65.04  215.81
  66.02   95.25
  66.59  100.54
  66.81  151.74
  66.84  178.33
  67.39   25.44
  68.08   44.50
  68.35   87.52
  68.62  184.58
  68.66   15.30
  68.83  212.02
  69.60   92.06
  70.41  175.00
  70.85  179.38
  71.03  163.82
  71.81   38.41
  72.23  136.38
  72.64   28.53
  72.66  112.65
  72.96   76.24
  73.25   96.95
  73.28  183.60
  73.43   10.07
  73.88   93.54
  74.57   47.76
  75.03  161.05
  75.55  178.85
  75.79  158.84
  76.19  164.81
  76.22   60.47
  76.36   18.28
  76.72   78.90
  77.41  159.67
  77.41  220.43
  78.10   20.99
  78.11  181.79
  79.73   83.45
  79.84   46.00
  79.98  188.97
  80.41   96.56
  80.45  175.03
  81.15   75.98
  81.19   22.15
  81.63   80.27
  81.72   63.16
  81.86  192.90
  82.39  102.22
  82.52  118.33
  82.57    8.15
  82.63   57.50
  82.87   84.20
  83.49  176.16
  83.69  106.51
  83.80   60.04
  83.88   48.26
  83.92  127.95
  84.25  166.25
  84.26   24.00
  84.41   67.86
  84.54   28.01
  84.90   37.89
  84.93  172.04
  85.09   57.12
  85.30   34.38
  85.91   21.71
  85.94  166.17
  86.47  181.53
  86.73   64.45
  87.14  103.97
  87.39   91.82
  88.24   48.11
  88.57   55.33
  89.10   86.03
  89.27   61.40
  89.40   61.30
  90.28   78.15
  90.48  140.44
  91.31   95.47
  92.21   71.83
  92.94  161.29
  92.94   38.40
  93.23  174.94
  93.24  114.84
  93.24   62.03
  93.32   52.00
  93.37   30.01
  93.48  156.76
  93.83   66.41
  94.07  106.20
  94.19   23.67
  94.25  100.90
  94.59  185.92
  94.84   41.91
  94.92  121.76
  95.04   96.28
  95.08  220.45
  95.31  182.29
  95.50   54.44
  95.66  103.28
  95.91    7.66
  96.18  131.91
  96.39  145.39
  96.46  150.06
  96.65  154.80
  96.66   35.68
  96.74   80.64
  96.79   23.51
  97.28   45.27
  97.41  139.24
  99.34   93.12
  99.85   20.94
 100.29  189.73
 100.34  177.55
 100.69   47.88
 101.24  136.79
 101.67   54.33
 101.86  144.34
 102.24   74.37
 102.25  164.95
 102.34   41.16
 102.44   42.79
 102.84  133.09
 103.04   37.66
 103.51  173.95
 103.72   29.12
 103.99   84.37
 104.15   23.08
 105.21   19.34
 105.35   49.38
 105.39  158.43
 105.42  164.15
 105.61  191.45
 105.73  140.89
 105.95  161.37
 106.43   42.72
 106.69   22.48
 106.81   18.24
 107.17   70.36
 107.29   52.71
 107.75   87.31
 107.91   29.64
 108.43   87.78
 108.98   48.54
 109.19  114.86
 109.79  176.01
 109.84   60.27
 110.42  104.76
 110.51  220.02
 110.88  149.76
 111.18  183.74
 111.42  155.35
 111.48   80.15
 111.57   83.38
 112.06  214.22
 112.25  188.40
 112.42   20.48
 112.63  171.94
 112.78  179.15
 113.01   79.92
 113.38  186.62
 113.41  110.82
 113.78   66.26
 113.79   45.97
 114.08  141.71
 114.35   94.43
 114.42   36.58
 114.72    8.65
 114.94  145.34
 115.30   82.10
 116.05  186.06
 116.37   61.49
 116.49  118.51
 117.02  165.75
 117.93   49.24
 118.03  169.59
 118.09   66.80
 118.28  133.71
 118.33  172.64
 119.18  232.62
 119.34   41.06
 119.46   66.56
 119.90   90.60
 120.61   32.27
 120.79  184.13
 121.04   89.94
 121.51   21.61
 121.72  115.12
 122.09   26.46
 122.10  118.97
 122.27   98.35
 122.33  171.75
 122.40  194.99
 122.55  188.60
 122.84   54.60
 123.08   13.56
 123.09  225.78
 123.55  127.88
 123.76  155.63
 123.95  175.70
 124.10   93.97
 124.24  134.81
 124.31   93.80
 124.36  122.01
 124.71   33.89
 124.75   87.33
 125.79  138.05
 126.25  169.19
 126.42  144.88
 126.91   85.05
 128.74  134.00
 128.75  161.22
 128.96  117.42
 129.21  130.94
 129.33   61.27
 129.61   33.13
 129.79  148.51
 129.95  120.39
 130.41  113.92
 130.54  195.22
 130.94  152.92
 131.02   22.17
 131.34   52.17
 132.22  219.82
 132.36   16.89
 132.70  134.52
 132.73  182.93
 132.90   78.43
 132.94   10.54
 132.97  148.17
 133.38  210.97
 133.75   98.55
 133.87  127.49
 134.45  189.36
 134.45   21.76
 134.66   83.31
 134.94  141.07
 135.24  223.35
 135.36   74.04
 135.56  126.73
 136.67   79.52
 137.07   93.66
 137.28   37.77
 137.48   21.16
 138.34   47.03
 138.51  131.24
 138.53  119.84
 139.17   58.14
 139.23   71.13
 139.97   31.05
 140.34  186.53
 140.43   77.97
 140.44  115.54
 140.61  122.44
 140.88  144.76
 141.51   61.03
 141.76  109.24
 143.21   57.91
 143.30  204.93
 143.54   60.65
 144.58   30.88
 144.95   91.42
 145.11  124.91
 145.43  139.66
 145.63   76.58
 145.86   36.54
 145.98   67.89
 146.29  143.29
 146.44   12.53
 146.66   63.43
 146.81  109.26
 146.85  210.46
 147.21  128.05
 147.34  115.99
 147.68  194.72
 148.50  228.91
 148.61   47.39
 148.82  179.26
 148.83  159.24
 149.16  126.37
 149.28   58.27
 149.38   58.61
 149.54  153.65
 149.59  241.50
 151.33  221.46
 151.52  202.26
 151.79  238.95
 151.89  123.23
 151.91  148.75
 152.26   88.73
 152.46  120.75
 153.07  195.55
 153.45   61.24
 153.83   36.92
 153.91  223.66
 153.92   82.07
 153.92   62.16
 154.59  125.11
 154.80   71.46
 155.08  228.58
 155.24   16.81
 155.35  142.48
 155.49  221.49
 155.70  117.89
 155.88  182.38
 155.96  146.19
 156.08   88.94
 156.33  218.99
 156.64  192.02
 156.76  127.56
 158.09  130.83
 158.43  205.98
 158.48   63.85
 158.59  168.09
 159.01  171.90
 160.07   23.45
 160.11  187.61
 160.18   45.19
 160.50  103.96
 160.66  130.41
 161.29   96.10
 161.33  137.01
 162.11   64.08
 162.55   12.91
 162.57   30.90
 163.57  111.64
 163.74  116.27
 163.77   51.93
 163.87  144.90
 164.00   16.51
 164.23   37.57
 164.24  182.26
 164.38  125.76
 164.56   69.72
 164.67   10.02
 165.25   90.27
 165.38   75.21
 165.70   13.59
 165.75   94.68
 165.83  136.59
 166.16  185.20
 166.54  109.92
 167.40  129.40
 167.57   16.65
 168.33  126.18
 168.34   83.46
 168.38   87.33
 168.41  122.65
 168.63   67.21
 168.80   75.63
 168.98  208.52
 169.09  102.11
 169.10   75.63
 169.23  225.44
 169.59  104.04
 169.75  188.96
 169.78   23.42
 169.97  133.18
 169.99   27.97
 170.18   68.81
 170.43   38.57
 170.52  144.20
 171.31  108.27
 171.84  122.95
 172.04  117.75
 172.17  225.38
 172.36   42.83
 173.22  199.99
 173.55   88.47
 173.92   80.12
 173.98   96.02
 174.71   92.48
 174.96  103.19
 175.35   84.25
 175.39  203.16
 175.43  119.22
 175.84  218.24
 176.35  100.02
 176.46   77.18
 176.50   89.11
 176.98  106.95
 177.22   62.70
 177.39  137.02
 177.40   33.51
 177.95   59.57
 178.27  140.19
 178.86   94.31
 179.06   31.62
 179.22  162.19
 179.67  165.83
 179.71  197.62
 179.76  130.18
 179.96   65.72
 180.00  162.69
 180.20  103.06
 181.02   78.23
 181.05  146.32
 181.61  113.35
 181.68   48.39
 182.04   67.34
 182.28   55.58
 182.36   73.20
 182.89   55.58
 183.76   91.23
 184.20  136.58
 184.96  116.75
 185.49   46.22
 185.79   27.36
 186.54   30.00
 186.63  139.61
 186.80   16.48
 187.17  220.68
 187.30   84.83
 187.70  102.46
 187.81  198.15
 188.50  202.89
 188.80  225.18
 188.97  112.32
 189.48   55.96
 189.76  162.25
 189.82  100.90
 189.88  140.08
 190.20  113.70
 190.41  241.01
 190.63  104.02
 190.91  129.92
 191.05  195.75
 191.09  107.68
 191.74  170.16
 192.31   72.53
 192.56  100.12
 192.88  143.58
 192.94  143.92
 193.00   84.78
 193.12  165.06
 193.26  127.91
 193.73  120.88
 194.07  103.82
 194.36   93.43
 194.48  197.43
 194.52  224.96
 194.54   93.22
 194.54  135.57
 194.85   56.49
 195.08   68.02
 196.60   11.48
 197.37  189.85
 197.46   85.58
 198.03   66.35
 198.32   97.43
 199.00   90.78
 199.21   62.98
 199.45  127.66
 200.12  101.39
 200.18  121.66
 200.35  189.23
 200.51   56.91
 201.34   78.76
 201.43   75.81
 201.87  184.09
 202.30  174.93
 202.47  104.69
 202.68  125.53
 202.87  133.92
 203.37  111.84
 203.95  218.54
 204.11  225.96
 204.18    8.81
 204.76   25.43
 204.98   69.39
 206.19  226.36
 206.22  133.52
 206.45  188.93
 206.58  124.59
 206.59  105.81
 206.72   73.09
 207.40   99.66
 207.80   79.10
 208.00   19.21
 208.90   52.33
 209.94  116.65
 210.51   31.28
 211.00   56.74
 211.14   85.78
 211.71   33.76
 212.25  115.04
 212.94  216.09
 213.62    8.66
 214.15   93.80
 214.77   75.25
 215.42  130.23
 216.73   57.31
 216.87  114.70
 217.30   85.44
 217.33  128.72
 217.73   54.49
 218.57  108.83
 218.57   49.85
 218.58  223.99
 219.16  102.74
 219.31   67.09
 220.14  196.61
 220.32  113.66
 221.11  156.45
 221.11  105.50
 221.14   89.42
 221.28   57.31
 221.64   79.92
 222.22   20.73
 222.51  200.00
 222.67   75.21
 223.05  132.04
 223.61   55.61
 223.77   51.52
 224.84  118.20
 224.85   41.65
 224.92   46.48
 224.94  205.90
 225.73  158.96
 226.51   23.73
 226.66   97.02
 227.28  106.74
 227.47  156.54
 227.55  127.69
 227.58   93.86
 228.28  193.24
 229.09   18.88
 229.44  115.49
 229.85   69.85
 230.06  110.65
 230.08  110.59
 230.10  194.20
 230.30  134.10
 230.41  166.19
 230.72   22.22
 231.69  208.78
 231.71  118.67
 233.13   10.43
 234.00  222.00
 234.57  203.88
 235.19  109.02
 235.22  145.04
 235.54  225.47
 235.55  137.55
 235.55  212.00
 235.68  160.81
 235.83   25.09
 236.18  119.07
 236.72   14.66
 237.01   92.32
 237.37  157.71
 237.49   10.86
 238.16  108.64
 238.64  142.52
 238.70   45.33
 238.76   69.61
 239.03   36.14
 239.04  146.05
 239.30  130.04
 239.94  105.72
 240.39   19.85
 241.55   37.93
 241.75  116.91
 242.10    8.12
 242.27   64.79
 242.35  101.87
 242.37   47.93
 242.68  143.55
 243.19   32.82
 243.22   70.53
 243.47  202.86
 245.95   63.80
 246.11  164.75
 246.62   47.45
 246.65  198.34
 246.85  147.57
 247.01  121.48
 249.61  180.89
 249.68   55.10
 249.77   96.06
