  10.05  117.40
  14.05  145.99
  14.11  216.33
  15.20  174.51
  15.43  111.01
  15.96  232.78
  17.05   30.66
  17.07   99.72
  17.93  237.48
  19.06  113.98
  19.47  117.80
  19.99   14.47
  20.08   24.12
  22.14  100.53
  22.31   66.39
  22.70  141.08
  22.79   59.83
  23.40  157.88
  23.44  165.31
  25.22  102.95
  25.25   72.25
  27.45  112.31
  27.56  144.75
  28.65   32.26
  28.69   12.68
  28.69   22.61
  30.87   84.42
  31.39  158.76
  31.47  150.95
  35.51  105.65
  35.68  152.06
  36.53   87.15
  37.82  140.30
  38.28   90.66
  38.37  241.61
  39.12   30.38
  39.73   45.92
  41.87  120.44
  42.88   91.36
  43.55  108.19
  44.08   17.11
  44.18  115.71
  45.69  145.50
  46.28   22.21
  46.31   86.06
  47.16   27.80
  48.26   23.34
  48.84  118.78
  49.20   42.26
  49.80  242.32
  50.38   32.14
  50.90    9.39
  51.08  145.42
  51.42  220.05
  52.43   57.86
  52.77   35.74
  52.98   92.39
  53.20   75.97
  53.79  137.98
  53.87   86.01
  54.15   80.59
  54.34  155.76
  55.03   58.23
  55.74   23.66
  56.66  116.97
  57.19   32.92
  57.33   55.64
  57.88  134.88
  58.17  102.57
  58.36   69.07
  58.62  108.26
  59.67   66.27
  59.94   85.78
  60.05   39.88
  60.40  135.82
  60.92   64.92
  61.51   30.35
  62.05  127.52
  62.12  178.55
  62.75  154.95
  62.95   42.79
  63.48  113.52
  64.22   88.36
  64.93   46.54
  65.01  125.90
  65.49   78.74
  65.84   34.10
  66.25   50.70
  66.69  130.78
  66.95   60.40
  67.48   44.96
  67.85  108.70
  68.53  144.16
  69.47   39.51
  69.91   86.17
  70.02   74.13
  70.05   98.84
  70.31   12.21
  70.54   23.71
  70.58  124.43
  70.95   63.79
  70.98  241.68
  72.01  154.99
  72.31   91.88
  72.34   51.99
  72.70   37.62
  72.73  158.55
  72.82  114.15
  73.19   48.23
  73.42   57.11
  73.70   78.46
  73.89  124.30
  75.07  154.16
  75.13  128.54
  75.65   94.20
  76.03  120.43
  76.40   86.26
  76.41  105.84
  76.80  143.77
  77.07   78.59
  77.29   90.28
  77.41   83.94
  77.42  138.27
  77.62  134.70
  77.84   56.50
  78.11   52.71
  78.31  152.62
  78.91  117.48
  80.19  109.83
  80.43   33.89
  81.00   91.01
  81.19   58.66
  81.54   66.14
  81.80  145.98
  81.87   58.51
  82.68   99.50
  82.86  144.56
  83.57   50.83
  83.83  115.65
  84.18   27.08
  84.35  109.46
  85.85   34.50
  86.10   79.45
  86.24  105.09
  87.61   47.42
  89.44   66.67
  89.50  153.44
  89.75   49.65
  90.26  128.60
  90.75  147.34
  90.80   33.95
  91.51   63.77
  91.95  181.20
  92.33  150.54
  92.34    9.31
  92.67   42.00
  93.34   60.92
  93.61   89.03
  93.95  101.37
  94.46   46.72
  94.67   56.76
  95.26   75.64
  95.71  133.19
  95.98  133.21
  96.17   87.96
  96.44  111.40
  96.58  125.71
  97.07  129.27
  97.64  105.54
  98.54  147.11
  99.81  117.17
 101.52   66.63
 102.01   94.80
 103.16   69.58
 103.85  136.27
 104.65   57.21
 105.51   59.40
 106.08  101.89
 106.77  112.57
 106.93  186.05
 106.98   57.99
 107.10  108.63
 109.51   64.96
 110.07   52.57
 110.11  139.15
 110.32  160.76
 110.37  106.23
 111.01  110.20
 111.01  154.31
 111.26  121.75
 111.28  114.80
 111.89   97.45
 112.43  135.37
 113.86   79.41
 115.09   52.15
 115.99  130.39
 116.01  127.00
 117.15  106.19
 117.36   85.89
 117.69  145.88
 117.79  160.10
 119.72   90.71
 120.52   52.54
 120.80   86.59
 121.74  140.21
 122.08  123.51
 122.66   74.71
 123.33  115.44
 124.03  132.49
 125.46   59.85
 125.92  110.93
 125.95  126.43
 126.42  105.65
 126.60  101.04
 128.19  156.85
 129.67  127.69
 130.80   80.92
 130.93  133.28
 131.08   86.06
 131.42  108.20
 131.55  100.18
 133.06   29.75
 133.09   72.54
 133.58  115.89
 134.88  100.06
 135.13   76.85
 135.37  110.51
 135.64  128.49
 135.78  144.64
 136.53  160.54
 136.91  246.53
 137.21  157.60
 137.47  134.18
 139.95  110.91
 140.04  161.97
 140.40  131.34
 140.66  134.48
 140.92  104.64
 140.98   71.04
 143.79  144.07
 144.41  125.66
 144.74  149.54
 144.81  157.93
 145.95  154.15
 146.81  129.09
 147.42  135.07
 147.78   29.48
 148.09   23.64
 150.35  168.38
 153.45  120.94
 155.08  136.92
 155.24  101.61
 155.39  164.36
 155.47  164.44
 155.65   81.82
 156.77  141.32
 156.79  151.51
 157.75  148.45
 157.85  143.90
 157.94   28.77
 158.02   54.77
 158.35  119.96
 160.95   52.22
 162.18  173.18
 162.73  120.41
 163.87  126.79
 164.26  142.18
 164.40  117.61
 166.00   26.01
 167.78   90.10
 168.00  151.45
 168.66  180.26
 168.81  119.45
 169.07  103.31
 169.44  107.08
 170.10   81.59
 170.81   96.22
 171.76  112.78
 172.17  123.03
 173.19  136.75
 173.52  117.51
 174.35  120.42
 174.36   85.62
 176.02   21.61
 176.43  136.18
 177.70   26.45
 178.28  120.39
 178.62   71.89
 180.46  150.21
 180.91  118.29
 181.21  148.70
 181.76  122.51
 183.28  132.31
 183.81   95.03
 184.00   27.88
 184.48   86.82
 187.11   52.12
 187.61  145.03
 188.72  136.17
 189.39  149.66
 189.52  150.28
 190.00   42.45
 190.68  119.03
 192.01  145.31
 192.07   72.47
 192.25  152.74
 192.76  234.03
 192.86  110.13
 192.91   98.45
 195.95  121.22
 196.29  114.98
 197.55   26.01
 197.76  226.87
 198.46  117.22
 200.34  139.24
 200.74  103.72
 203.35  114.76
 203.52  132.44
 204.82   93.12
 207.68   72.36
 211.52  140.15
 212.04  123.79
 212.43  138.92
 213.66   37.12
 213.82  125.84
 214.10  144.89
 214.95  205.39
 216.57   83.87
 216.59   47.29
 217.00  117.70
 218.00  113.15
 219.19   50.73
 221.82   96.68
 225.72   46.61
 227.65   48.01
 232.64   53.42
 232.91   44.89
 235.22   43.97
 235.96   63.47
 236.23   67.03
 236.55  242.85
 237.33   60.40
 237.60   31.84
 238.81   23.76
 238.87   56.83
 241.22   65.85
 243.20   46.69
 243.58    8.72
 244.50   41.58
 245.03   32.68
 245.21   37.36
 245.78   11.12
