   7.03   75.47
   7.37   39.48
   7.41  218.14
   7.70  134.03
   7.79  146.50
   8.19   11.01
   8.73  222.07
   8.94  226.69
   9.48   31.13
   9.56   61.83
  10.41   14.59
  10.44  133.51
  10.66  174.54
  10.82  195.20
  10.91   18.06
  11.20  129.08
  11.57  223.89
  12.40  219.53
  13.27  110.13
  13.41   68.48
  13.66  240.60
  14.34   56.59
  14.71   43.09
  15.15   19.55
  15.73   12.21
  15.87  218.52
  15.98  191.26
  16.01   63.77
  16.88   71.27
  17.07   60.31
  18.46   75.87
  18.68   26.98
  18.85  193.48
  19.54   47.90
  19.69  171.36
  20.00   20.17
  20.32   12.53
  20.98   60.56
  21.99   69.76
  22.69  242.31
  23.41  138.74
  24.48  113.44
  24.77   26.99
  25.64  239.84
  25.70   51.34
  26.35   11.94
  26.71  237.71
  26.89   72.44
  27.13   61.19
  27.73  134.78
  27.80   15.90
  27.98   37.55
  28.07   68.00
  28.22   19.30
  28.76  215.00
  29.10   53.67
  29.84   49.74
  29.85   43.92
  30.63   61.75
  30.86  230.09
  30.94  132.90
  31.08   87.78
  31.26   75.34
  32.80  134.96
  32.90   69.16
  33.99   23.86
  34.31   44.95
  34.54   35.96
  35.06  124.07
  35.40  110.79
  35.86   19.84
  35.97  114.19
  36.06   86.54
  36.08   80.39
  36.35  117.60
  37.01   51.26
  37.11  151.74
  37.53  198.22
  37.57  108.89
  38.29  236.81
  38.99   35.25
  39.91   88.02
  41.01  248.34
  41.03  127.39
  41.22   80.77
  42.75   40.33
  43.96  248.17
  44.19   97.78
  44.19   10.98
  44.30   69.34
  44.31  200.00
  45.60   72.32
  46.24   48.52
  46.25   59.03
  47.36   47.60
  47.48   85.23
  48.00   57.87
  48.41  123.49
  48.51  202.74
  48.59  201.78
  49.22  219.01
  49.52  105.60
  50.60   60.99
  50.65  113.54
  51.50   19.68
  52.07  219.38
  52.31  224.36
  52.32   76.47
  52.76  109.36
  54.16   52.55
  55.25   81.78
  55.43  143.43
  56.30  112.73
  56.56  194.14
  56.94  121.96
  57.08  174.29
  57.38  129.34
  57.89  247.11
  58.01  190.64
  58.25   60.77
  58.57   45.11
  59.88  112.45
  60.93  173.86
  61.28   43.60
  62.30   82.07
  62.56   59.95
  62.79   70.13
  63.27   93.49
  64.11  195.35
  64.34   96.81
  64.81   69.84
  64.81   53.14
  64.89   24.31
  64.92   57.60
  65.70   20.80
  66.65   93.95
  66.69   51.20
  67.17   82.43
  67.90  125.33
  67.93   54.11
  68.08  117.71
  68.46   91.23
  68.59  173.31
  68.79  141.29
  70.02   39.73
  70.77   80.00
  71.26  109.78
  71.64   74.57
  72.34  144.73
  72.54  171.59
  72.87   42.69
  72.97  196.90
  73.62   69.25
  73.80   11.65
  74.90  175.26
  75.06  174.58
  75.23  109.90
  75.37   65.14
  75.54   32.92
  75.66   14.89
  76.13   23.07
  76.58  116.04
  76.66   68.40
  76.66  197.69
  76.69   49.69
  76.77  247.61
  76.91  232.83
  77.33  179.82
  79.41   87.92
  79.70  176.26
  79.75  115.70
  79.88   97.76
  80.15  113.19
  80.26   48.13
  80.50  231.10
  80.56   15.73
  80.63  192.81
  80.65  124.54
  80.65  119.72
  80.82   58.15
  81.91  235.58
  82.51   49.90
  82.85  137.32
  83.20  170.34
  83.64   92.14
  83.89   21.04
  83.95   38.45
  84.17  238.90
  84.71   97.48
  84.77  246.66
  85.01  200.24
  85.41   65.20
  85.58   60.05
  86.42   26.39
  86.95  141.79
  87.56  239.98
  87.83   72.26
  87.86   68.50
  87.90  190.38
  88.20  100.69
  88.30  199.77
  88.44   54.59
  88.85  148.04
  88.99   97.23
  89.91  133.89
  90.31  137.24
  90.64  144.06
  90.73  144.09
  91.75  199.12
  91.98  236.11
  92.19  222.44
  92.52  243.01
  92.80  123.59
  92.89  132.56
  92.93  224.81
  95.04    9.90
  95.28  238.88
  95.34  188.82
  95.90   68.63
  95.95  103.85
  96.62   99.22
  96.73  229.59
  96.73  113.54
  97.24  131.10
  97.95  109.18
  98.25   68.19
  98.54   19.76
  98.97   26.05
  99.30  215.53
  99.73   94.95
  99.91   22.84
 100.13   72.77
 100.25  101.61
 100.38  188.63
 101.87  156.23
 103.68  142.21
 104.22  121.42
 104.29  190.70
 104.45   49.36
 104.71  210.26
 105.33   44.59
 105.51   40.93
 105.63  118.20
 105.66  146.30
 107.00   63.11
 107.10  205.77
 108.82  118.03
 109.07  185.98
 109.79  214.47
 109.88  190.41
 110.35  179.49
 110.58  219.22
 112.30   36.39
 112.40  100.90
 112.61  123.88
 112.92  236.83
 112.99   61.60
 113.14   56.37
 113.32   92.39
 113.42   29.24
 113.46   73.78
 113.50  243.65
 113.57  152.83
 113.87   80.37
 113.94  126.68
 114.04  189.72
 114.24  240.14
 114.40  116.15
 114.77  227.44
 115.52   90.17
 115.57   94.99
 116.79  111.16
 116.91    9.43
 117.06  216.47
 117.13  124.21
 117.50   56.72
 117.63  152.48
 117.76   37.43
 118.03   99.31
 118.11   30.48
 118.13  139.09
 119.20   96.39
 119.28   48.44
 120.23   63.90
 120.46  218.73
 120.61  124.91
 121.47   96.77
 121.69   14.69
 121.80   68.64
 121.84  198.50
 122.05  227.00
 122.24  195.27
 122.30  121.49
 122.41   80.48
 122.47   34.09
 123.23  230.59
 123.95  178.81
 124.06   64.13
 124.13  242.63
 124.50  112.00
 124.50    8.40
 124.90   32.06
 124.94  138.02
 125.37  223.43
 125.43  166.57
 125.44  130.43
 125.93  100.39
 126.03  132.55
 126.03  121.45
 128.14  105.43
 128.65   26.84
 128.75   42.23
 128.90  223.02
 129.71   18.98
 129.82  124.79
 130.08  230.92
 130.96   54.57
 131.30   56.05
 131.74  134.36
 131.86  102.10
 132.15  184.95
 133.05  169.57
 133.06  178.55
 133.45   37.63
 133.57  223.71
 133.62  131.78
 134.09   22.35
 135.64  115.16
 135.89  232.21
 136.12  133.78
 136.39  241.81
 136.45   97.52
 136.58   15.89
 136.76   75.59
 136.91   36.67
 137.41  172.29
 137.47  118.18
 137.72  111.38
 138.58   56.22
 139.22  196.45
 139.29   31.36
 141.67   93.16
 142.13   71.80
 142.20  118.51
 142.23   98.12
 142.41   64.73
 142.59   93.47
 143.14   14.73
 143.69   51.92
 144.00   95.57
 144.02  158.51
 144.13   46.10
 144.18  113.62
 144.65   23.29
 144.88   37.66
 144.89   55.74
 144.92   19.09
 145.01   55.56
 145.02  208.55
 145.31  231.78
 145.45   48.51
 145.69  162.11
 146.15   16.36
 146.63  245.81
 147.34   81.21
 147.66  106.09
 147.99   24.15
 148.78  232.33
 148.98  162.48
 149.00   23.13
 149.15  247.96
 149.26   11.35
 149.43   59.85
 149.54   53.41
 149.95  114.40
 150.76  103.90
 152.43   55.99
 152.52   67.42
 152.63   41.33
 152.66  100.12
 153.01  161.41
 153.11   33.13
 153.38  190.67
 153.91   68.65
 154.11   72.44
 154.29   85.21
 155.90   88.55
 156.18   35.36
 156.34   40.74
 156.92   92.81
 156.95   74.32
 157.47   61.03
 157.50  145.19
 158.26   25.97
 158.31  211.45
 158.68   46.10
 158.74  103.94
 159.01   64.38
 159.02   95.22
 159.21  114.66
 160.91  127.95
 161.82  121.91
 162.06   41.18
 162.21  213.67
 162.32  238.33
 162.42  101.06
 162.76   70.85
 162.94   11.75
 163.06   55.27
 163.66   65.18
 164.07  112.59
 164.33  242.89
 165.09   89.63
 165.79  102.69
 165.89  219.74
 166.06   56.44
 166.55  210.19
 167.30   30.57
 167.63  110.38
 168.03   93.49
 168.20  224.23
 168.28  161.91
 168.69   92.53
 169.00   86.63
 169.47  107.70
 169.84   85.36
 170.47  211.42
 170.51   15.16
 170.64  119.58
 170.70   71.50
 170.98  182.63
 171.37   88.12
 171.42   47.02
 173.28  216.25
 173.29  246.81
 173.34  116.76
 174.00   62.48
 174.10  236.07
 174.17   48.11
 174.18   83.06
 174.89   35.23
 175.22   56.47
 175.77   88.22
 175.93   12.26
 176.19  120.10
 176.35   42.23
 177.57   33.60
 177.64   18.83
 178.08  102.15
 178.10   80.97
 178.47   72.94
 178.64   92.16
 178.71  183.74
 178.79   17.56
 179.06   44.85
 179.67   64.13
 180.08  238.60
 180.20   90.42
 180.53   27.67
 180.77   24.33
 181.54   17.84
 181.62   77.28
 182.04  212.37
 182.48   32.75
 182.62  187.43
 182.97  237.74
 183.20  137.08
 183.26  117.51
 183.33   14.42
 184.38   57.71
 184.83   21.26
 184.89    6.97
 185.13   90.71
 185.40  125.93
 185.57   48.68
 186.19   38.61
 186.87  202.04
 186.99   61.65
 187.14   33.14
 187.71  173.51
 188.09  207.56
 188.18   64.02
 188.83   54.70
 188.89   82.11
 189.50   38.87
 189.73  131.75
 190.14   76.07
 190.30  153.28
 190.31   85.91
 190.43   51.25
 190.52   97.52
 190.68   44.93
 190.81  242.29
 190.82  101.58
 191.13  235.12
 191.59  125.50
 192.05  207.10
 192.69  122.13
 192.84   18.42
 192.91   36.24
 192.97  132.50
 192.99   23.81
 193.50  134.76
 193.71  242.21
 193.97   78.31
 193.99   73.60
 194.45   58.29
 194.46   49.75
 194.70    9.51
 194.71   65.14
 194.75  194.07
 194.97  154.03
 195.51  127.43
 196.44   68.14
 196.89   27.05
 197.09  122.65
 197.87  128.37
 198.30   49.73
 198.31  190.53
 198.55   73.72
 198.63   66.19
 198.84  179.19
 199.13  239.80
 199.38   24.13
 199.67  237.54
 199.70   82.28
 199.84  138.60
 200.05  113.24
 200.67   35.54
 200.73  116.35
 200.75   40.01
 200.79  203.46
 201.34   43.30
 201.38   29.93
 201.59   61.42
 201.74  179.10
 201.95   67.66
 202.13   92.45
 202.15   31.59
 202.15   73.86
 202.46   46.66
 202.79   96.50
 202.86  124.35
 203.11   11.93
 203.70   14.68
 203.97   24.23
 204.52   88.42
 205.18  113.91
 205.89  235.16
 205.96  125.63
 206.01   64.43
 206.06   55.50
 206.11   79.58
 207.44   68.53
 207.93   89.51
 207.99   41.03
 208.04   82.93
 208.49   52.26
 209.00   30.58
 209.36   63.99
 209.55   87.73
 209.80  119.31
 210.06  104.56
 210.14   21.96
 210.30   44.60
 210.90   37.37
 212.03  117.90
 213.22   61.03
 213.83   57.40
 214.00  133.94
 214.01   51.74
 214.36  118.09
 214.81  180.76
 216.53   45.10
 217.44  178.75
 217.76   22.28
 217.97   95.40
 218.14   91.94
 218.29   89.15
 218.48   49.18
 218.89   98.28
 219.37   64.54
 219.50   36.02
 220.25   53.24
 220.37  113.10
 221.52  114.65
 221.98  178.73
 222.34   65.47
 222.37   47.54
 222.46  110.42
 222.67  103.06
 222.70   23.70
 222.74   79.21
 222.81   32.45
 223.39    7.81
 223.66   92.41
 224.23   74.91
 225.67   28.13
 226.90  125.16
 226.98  137.35
 227.07  108.05
 227.09   40.89
 227.17   73.55
 227.38  118.03
 227.88  234.74
 227.95   39.81
 228.05   47.53
 228.27  128.86
 228.54  175.78
 228.66   17.50
 229.12   11.74
 229.45   85.84
 230.09   53.23
 230.29   27.58
 230.96  119.50
 231.47  233.53
 231.75   19.42
 231.89   93.64
 231.91   80.33
 231.95   80.27
 231.96  116.56
 232.05   85.18
 232.10  111.86
 232.11  103.69
 234.37   47.23
 234.60   96.01
 234.68   91.72
 235.09  125.63
 235.23  201.86
 235.38  110.15
 235.50   11.34
 235.55  153.99
 236.12   16.45
 236.56  128.10
 238.16   44.33
 238.55  191.92
 239.14   27.04
 239.22   30.91
 239.48  213.47
 239.53   23.52
 239.86   76.76
 239.98  231.34
 240.57  190.08
 240.66   40.56
 241.72  100.46
 243.33  109.90
 243.40   10.09
 243.47  102.72
 244.05   81.76
 245.05   15.53
 245.16   40.51
 246.38  121.22
 246.50   51.03
 246.65  101.97
 246.76   23.20
 247.25  133.92
 247.33   95.66
 247.40   79.28
 248.39   11.03
 248.59  243.34
