  11.41  228.00
  11.68  161.87
  12.49  155.99
  15.77   48.52
  17.70   25.85
  17.91   12.05
  19.33  200.92
  19.44  186.11
  20.94  238.26
  20.96  206.34
  21.22   24.23
  21.59  190.01
  23.29   27.02
  24.13  206.04
  24.62  159.43
  27.07   12.16
  27.42  109.04
  27.57  218.10
  27.83   27.46
  29.74  227.65
  30.15  152.10
  30.69   95.15
  32.31   21.74
  32.37  181.51
  32.40   21.63
  35.82  229.06
  37.25   18.96
  37.82   10.35
  38.86  235.40
  40.81  231.76
  42.17    9.14
  42.75  155.93
  45.02  234.90
  45.33   17.95
  45.70  113.33
  47.69  207.00
  48.08  108.94
  48.79   38.95
  49.22   30.76
  50.46  185.59
  52.95  146.14
  53.05  214.86
  53.40   32.91
  53.90   24.41
  54.66  141.55
  56.21  178.13
  56.31   13.68
  56.84  144.93
  56.87   25.64
  56.97   39.77
  57.45  223.25
  59.12   58.99
  59.28   31.57
  59.94   73.89
  62.44    7.94
  64.73   81.92
  65.69   34.55
  66.29   17.71
  66.91   47.58
  70.49   31.28
  72.27   40.42
  74.11    7.61
  74.21  216.83
  75.42  234.12
  77.26   67.41
  77.43   25.09
  78.79   51.77
  79.09   77.81
  83.52   62.27
  83.57   59.49
  83.88  218.03
  84.08  164.70
  84.63  227.90
  85.02  227.23
  87.12   51.92
  88.02  210.01
  88.06  163.14
  89.14   83.86
  90.30   32.90
  90.33  246.78
  90.78   33.22
  91.00  224.48
  91.82   44.59
  92.47  199.52
  92.91  236.94
  94.99   68.00
  95.12  174.70
  97.87   83.55
  98.02   48.98
  98.03   49.25
  98.64  121.49
 100.45   68.61
 100.93  215.57
 101.17   85.70
 101.35   69.17
 101.50   40.56
 103.79   89.27
 103.90   57.35
 104.82  125.03
 105.43  150.01
 106.24  118.27
 107.62   58.92
 108.48   90.49
 109.97   80.83
 110.34   71.91
 110.60   54.51
 110.93  162.29
 110.95  126.04
 112.46  235.40
 113.73  231.61
 115.77   64.22
 117.09  248.08
 118.49   68.85
 119.63   64.12
 119.84  228.47
 121.50  246.09
 121.50   28.48
 121.74   57.55
 122.28  243.99
 125.58   30.63
 126.74   38.49
 126.79   36.56
 127.52   55.97
 130.78  184.92
 130.78  129.39
 132.04   44.81
 133.96  235.12
 133.97   34.69
 134.98  156.64
 141.49   97.87
 142.20   24.90
 142.67   53.15
 144.13  121.32
 144.89   60.78
 145.35   64.55
 145.54   44.54
 145.84   55.96
 147.75   33.16
 148.50   73.64
 150.88   54.04
 153.11  152.97
 153.28   43.34
 154.30   74.82
 154.87   46.48
 155.07   11.56
 156.58   13.83
 157.10   47.06
 157.86   39.30
 158.58    9.15
 160.22   45.19
 161.07  222.06
 163.66  185.98
 164.98   52.47
 167.05  210.45
 167.96   24.92
 168.14   59.21
 168.21   41.94
 169.56  238.85
 169.75  186.94
 171.32   64.30
 171.60   53.04
 172.93   23.21
 173.00  142.20
 173.00   52.26
 173.83   15.59
 173.99   83.89
 174.88   44.01
 176.06   62.62
 177.90   51.36
 177.90   69.88
 178.54   45.65
 178.66   81.62
 179.15  100.76
 179.23   22.18
 179.95  192.36
 181.62   59.21
 182.19   47.63
 182.57   17.39
 182.66   18.33
 182.92   19.32
 183.46   52.39
 185.36   66.38
 185.63   18.99
 185.99  201.45
 186.25   44.84
 186.93   52.06
 187.11   42.90
 187.36    9.62
 187.53   34.43
 187.62  227.87
 189.39   19.93
 190.26   11.25
 190.51  189.85
 191.21  213.24
 192.16   67.76
 193.82   35.23
 194.06  106.05
 194.31   24.29
 196.91   89.43
 200.18  190.92
 200.37  217.17
 202.31   58.41
 203.52  224.55
 206.03   21.23
 206.23   96.90
 206.55   89.11
 208.39  239.96
 209.67   56.94
 209.82  218.61
 209.97   49.93
 210.10   53.21
 210.91   80.06
 211.20   78.24
 212.25   83.26
 213.13   70.65
 214.40  117.13
 214.51  166.56
 216.49   66.56
 217.48  125.58
 217.84  243.85
 218.35  146.53
 220.26  205.99
 220.72   15.87
 221.79    8.68
 223.10  201.90
 224.19  246.71
 226.07  213.94
 226.47  232.76
 227.02  227.83
 227.35  129.54
 227.65   29.65
 228.73   76.31
 230.80  233.78
 234.27   12.96
 236.34   15.98
 239.40  162.68
 245.18  245.21
 246.29  147.07
