   7.55   19.39
   8.91   48.93
   8.96   42.81
   9.43  171.24
  10.27  163.53
  10.54  132.40
  12.09  222.58
  12.42  156.70
  13.42  194.13
  14.05  164.60
  14.71  192.73
  15.91  201.55
  15.97   19.64
  16.19   29.17
  16.25  232.64
  16.87  229.30
  17.12  221.39
  18.08  135.09
  19.73  172.88
  20.03  143.15
  20.25  126.10
  21.32  209.58
  21.36  182.93
  21.94  132.68
  21.99   90.48
  22.36  103.98
  22.69  241.41
  23.00  238.21
  23.04  215.51
  23.07  206.48
  23.38   44.06
  24.35  163.95
  24.60  142.52
  26.12  102.43
  26.13  225.26
  26.51  121.33
  26.57  214.87
  26.85  126.04
  27.15  145.76
  27.50   32.91
  27.60   20.64
  27.64  241.53
  27.78   41.71
  27.80  143.00
  29.71  233.03
  29.94  248.39
  30.23  172.89
  31.49  163.98
  32.55  165.24
  32.55  157.07
  32.65   11.59
  33.00  224.63
  35.70  172.79
  35.88   32.37
  36.31  207.50
  37.07  124.78
  37.22  247.82
  37.25  179.78
  37.71  154.68
  38.47   45.76
  38.93   60.19
  39.01  175.68
  39.52   63.30
  39.55   38.48
  39.56   32.68
  39.64   66.20
  39.92  217.85
  40.61  141.02
  41.00  165.29
  41.22   58.35
  41.57   57.97
  42.05  154.55
  42.44  129.31
  42.49   31.39
  43.23  120.43
  44.01  152.57
  44.91   43.40
  45.14  197.18
  45.73  111.75
  45.88  216.17
  46.47  155.28
  47.19  224.65
  47.75  181.81
  48.82   45.52
  49.96  196.62
  50.00   21.98
  50.39  174.79
  50.41  180.26
  50.74  177.19
  51.12   61.80
  51.46   52.69
  51.61  216.34
  52.30   61.56
  52.34  194.88
  52.69   34.42
  52.78  160.64
  53.75  163.89
  53.91   21.82
  54.88   92.58
  55.81   28.55
  56.78  239.69
  57.30  196.73
  57.57   23.29
  58.30   49.85
  58.97  155.13
  60.01  169.73
  60.37   27.08
  60.59   55.67
  61.16   99.04
  61.83  218.44
  62.09  151.43
  62.40   74.93
  62.46  161.79
  62.48  105.86
  62.66  102.47
  62.99  195.85
  65.38  176.97
  65.46  158.75
  65.76  169.10
  65.97  130.84
  66.36  160.01
  70.18   60.12
  71.27   30.22
  72.52  215.67
  72.64  119.19
  74.40  225.89
  74.77  115.42
  74.98   89.99
  75.52   30.03
  75.91  221.69
  75.98   43.87
  76.40   35.68
  76.97   93.24
  77.20   75.13
  77.66  173.47
  77.77   72.43
  78.31  123.22
  78.57  183.53
  78.77  125.69
  78.97  142.78
  79.51  227.97
  79.82  117.22
  79.99  111.19
  80.12  180.15
  80.64    8.74
  81.48  220.36
  82.81  106.30
  83.06  224.43
  83.73   89.39
  83.79  224.76
  84.87   86.06
  86.26  229.12
  86.61   92.85
  86.77   46.28
  87.70   77.44
  88.48  150.17
  90.62   82.77
  90.76  141.76
  91.32  190.91
  91.84   78.03
  91.99   35.50
  92.10   68.59
  92.74  104.05
  92.77   31.10
  93.80  159.94
  94.08   73.09
  94.17   73.46
  95.43  144.82
  95.56   83.84
  96.12   17.35
  96.25   93.93
  96.74   13.37
  98.07   67.38
  99.72   57.28
 100.15  103.94
 100.31  221.79
 100.73  129.73
 101.55   84.90
 102.16   90.05
 102.31  172.10
 103.94   62.50
 105.49   91.83
 105.73  122.84
 105.79  160.67
 105.96  169.69
 106.18   59.24
 106.61  184.81
 107.58   34.75
 108.77  154.49
 108.93   15.91
 109.03   84.92
 109.21  115.72
 109.54   43.31
 110.15   18.92
 112.88   56.12
 112.98   36.37
 113.59   95.60
 114.05  128.46
 114.06   54.93
 114.32   41.05
 114.41   92.10
 114.94   88.27
 114.97   88.42
 115.79  132.11
 116.29   64.84
 116.71   20.49
 116.72   78.76
 117.30   31.61
 117.78  178.64
 117.96   72.83
 118.12   39.77
 119.73   36.79
 121.69   55.73
 122.29   62.89
 122.36   44.91
 123.11   55.90
 123.34  234.87
 124.14   42.79
 124.29   36.52
 124.45   86.53
 125.47   26.63
 126.44   72.46
 126.75  178.80
 126.75   45.14
 127.00  106.09
 127.25  132.49
 128.01  180.33
 128.03  184.98
 128.70  172.75
 128.93   78.24
 129.21   51.76
 129.36   52.88
 131.46   72.33
 133.49  131.24
 135.60  100.12
 135.89   79.96
 136.23   43.81
 137.03  171.98
 137.23   25.56
 137.36   37.37
 137.62  136.24
 138.26   67.03
 139.31  221.66
 139.35  104.32
 139.70   95.52
 141.78   80.89
 141.80   17.42
 143.23  175.04
 143.49  233.01
 143.96  172.19
 144.61  140.46
 145.49   79.02
 145.67  239.77
 146.94  122.07
 147.54  140.24
 147.59   65.37
 148.05  168.98
 148.40  145.07
 150.63  115.40
 150.82  111.43
 151.25   59.03
 153.05   56.96
 153.59  145.85
 155.17  132.43
 155.31  133.39
 156.52  122.73
 156.55  151.11
 157.31  164.41
 157.55  162.40
 158.15  115.72
 158.54  199.05
 159.13  178.43
 159.51  190.35
 160.03  168.46
 161.76  135.75
 163.16   80.64
 163.54   69.23
 163.62   33.06
 164.20  152.42
 164.33  185.92
 164.62   42.33
 164.79    9.01
 165.72  240.86
 165.86   92.03
 165.99  145.20
 166.11   72.42
 167.70  230.20
 169.40   45.30
 171.70  187.56
 172.13   92.80
 173.30  105.58
 173.41   98.36
 174.25  166.65
 174.50   21.50
 174.63  151.67
 174.78   79.42
 175.31   88.95
 175.38  166.68
 176.13  172.09
 176.78   33.56
 177.76  136.60
 178.64   81.73
 178.99   47.31
 179.57  111.96
 179.95   22.89
 180.28  166.55
 180.58  140.13
 180.82   64.37
 181.18   20.10
 181.24  113.56
 182.20   12.88
 182.64   18.20
 184.28  121.51
 184.73   15.15
 184.76  188.45
 185.23  166.86
 185.98   59.54
 186.61  153.67
 186.66  174.19
 187.36   31.89
 189.90  227.63
 189.91   41.71
 190.26   75.54
 192.08  179.86
 192.22   72.74
 192.37  132.86
 192.73   24.07
 193.10  179.73
 193.41   70.06
 194.70   34.22
 195.96   66.27
 197.18   86.62
 197.64   73.06
 198.02   92.82
 198.60   23.21
 201.82   43.92
 201.89  160.07
 202.50  136.22
 203.26  165.54
 203.48  220.59
 203.66  103.25
 205.00  151.28
 205.80   18.98
 206.46  156.08
 207.12  161.16
 207.42  113.82
 207.72  148.75
 208.35  169.13
 208.76  165.57
 209.37   12.54
 210.83  152.44
 212.22  155.34
 212.29  147.17
 212.52   91.45
 213.43  167.07
 214.98   62.64
 215.15  173.96
 215.32  135.51
 217.48   89.16
 218.55   53.07
 218.78   40.12
 219.03  125.82
 219.31   56.28
 219.57   58.10
 219.69  157.88
 219.91   92.99
 220.37  181.60
 221.13  246.54
 222.07  148.72
 223.21  162.38
 224.76  132.71
 224.78   12.44
 225.22  174.41
 228.51  133.06
 228.62   14.81
 229.02  151.18
 230.02   10.05
 230.02  150.06
 230.21   22.79
 231.12  184.44
 232.63  116.91
 233.04  112.65
 233.14  157.82
 233.32  129.98
 233.34  129.94
 233.77  152.36
 235.93  126.37
 237.02   41.21
 237.44  183.80
 238.46  214.81
 238.65  159.65
 239.15  148.02
 239.36  219.08
 239.61  136.55
 239.76  169.49
 240.63  194.64
 241.70  143.05
 241.84   57.51
 242.72   53.16
 243.21  175.18
 243.34  161.93
 243.74  104.26
 244.21  126.41
 246.46  198.68
 247.48  202.98
 247.63  205.97
 249.37   36.77
