   7.29  124.78
   7.45   83.16
   8.39   54.46
   8.85  233.03
   8.99  224.98
   9.46  173.65
   9.51  155.07
   9.87   80.39
  10.21  143.23
  10.52  184.64
  10.67   83.75
  11.02  219.22
  11.26  146.27
  11.60   63.88
  11.77  244.90
  12.04  216.10
  12.12  239.72
  12.12  226.46
  14.09   36.04
  14.32   53.53
  14.49  191.60
  14.51  101.46
  14.88   11.10
  14.92  234.03
  15.50   25.81
  15.53  197.74
  16.08  230.82
  16.11   14.23
  16.42   71.24
  16.95  225.25
  17.44   55.57
  17.70  156.30
  18.01  173.00
  18.40  170.76
  18.60  140.81
  18.84   62.95
  18.89   94.05
  19.00  120.25
  19.25  144.78
  19.37  249.71
  19.68  210.68
  19.73  153.94
  19.91  151.10
  20.01    7.81
  20.42  175.27
  20.45   31.00
  20.63  192.13
  20.70  162.06
  20.81   24.61
  20.83  147.72
  20.86  230.75
  20.93  199.60
  21.15  178.75
  21.16  210.41
  21.37   65.70
  21.84   79.06
  21.94  118.70
  22.04  135.99
  22.30  107.98
  22.44  104.77
  22.58   17.72
  22.83    8.36
  23.26   56.97
  23.33   70.71
  23.57  237.97
  23.62  229.54
  23.72  144.52
  23.96  204.78
  24.07  197.58
  24.16   12.02
  24.34  136.36
  24.85  155.07
  25.03  175.36
  25.24   74.41
  25.44   34.20
  25.75  201.00
  25.95   79.25
  26.24  216.24
  26.71  122.16
  26.80  195.47
  26.86  156.90
  27.00  134.42
  27.04  173.07
  27.11  165.12
  27.18   55.23
  27.26  221.13
  27.40  160.44
  27.45  116.76
  27.63  228.78
  27.70  183.19
  28.19  165.25
  28.51  137.28
  28.82  176.35
  28.97  113.87
  29.14   63.41
  29.25  232.03
  29.31   11.01
  29.39   18.12
  29.67   50.82
  29.71  143.32
  29.75  192.99
  29.93   29.23
  29.93   96.36
  30.33  127.97
  30.58  212.97
  30.78  226.89
  30.97  171.69
  30.98   44.41
  32.02   26.49
  32.27  116.15
  32.53  126.18
  32.84   65.89
  33.01   78.46
  33.23  100.39
  33.32  227.11
  33.41   51.46
  33.51   48.37
  33.65  149.59
  33.67   40.16
  33.79  206.36
  33.85  201.18
  33.86  224.03
  34.21   54.71
  34.25  129.30
  34.63   75.85
  34.73   95.47
  34.77   18.42
  35.09  189.61
  35.17   69.52
  35.30  180.84
  35.35  158.20
  35.99  176.53
  36.37  117.00
  36.51  134.18
  36.92   97.06
  36.99  127.13
  37.13   10.61
  37.25  121.71
  37.40   82.20
  37.44  245.10
  37.45  207.54
  37.48  217.57
  38.37  103.10
  38.70  179.32
  38.88  238.40
  38.95    7.96
  39.19  142.25
  39.73  234.66
  40.11   82.69
  40.35   43.99
  41.17   63.63
  41.21  139.88
  41.34   27.38
  41.61  184.82
  41.97  136.47
  42.07  171.50
  42.18  192.58
  42.45  216.75
  43.03  195.28
  43.41   19.71
  43.87   83.07
  44.06  133.88
  44.22  143.67
  44.30  239.18
  44.67  205.86
  45.00  178.25
  45.78  181.59
  45.90  149.75
  46.00  135.02
  46.07  128.28
  46.37  236.03
  46.63   24.41
  46.68  165.86
  46.74   30.03
  47.02  150.85
  47.42  109.06
  47.55   79.71
  47.60  207.72
  47.83  203.68
  48.06   57.16
  48.22  100.41
  48.25   84.76
  48.46  200.51
  48.50  173.22
  48.52  115.40
  48.58  115.35
  49.59  127.51
  50.29  153.10
  50.56   68.27
  51.23   27.78
  51.42  183.30
  51.62   41.42
  52.06   16.67
  52.11  202.74
  52.26  123.38
  52.36  161.43
  52.55   44.19
  53.02   99.90
  53.14  213.72
  53.16   21.07
  53.33   96.83
  53.80   91.82
  53.85  116.03
  53.90   33.37
  53.90  178.41
  54.29  221.56
  54.56  130.49
  54.58   86.89
  54.60  107.27
  54.94   63.71
  55.06  184.78
  55.20  144.88
  55.21  202.35
  55.30   14.71
  55.37   35.76
  55.55   46.59
  55.60  243.36
  55.66  217.79
  55.93   53.50
  56.05   20.83
  56.09  212.73
  56.32   23.86
  56.38   57.88
  56.39   25.75
  56.71  113.54
  56.78  188.50
  56.90  209.90
  57.34   11.06
  57.43   83.60
  57.54   65.77
  57.59  181.40
  57.61  173.15
  58.11  164.66
  58.68  234.68
  59.24  144.21
  59.45  156.79
  59.46  243.57
  59.51  184.79
  59.58   96.78
  59.77  177.12
  60.04    8.42
  60.15  140.33
  60.32  219.51
  60.40  148.86
  60.41   89.97
  60.58  152.02
  61.19  166.77
  61.37  105.56
  61.48  196.33
  61.90  191.60
  62.11  143.93
  62.34  226.88
  62.65   70.85
  62.69  120.87
  63.09   33.74
  63.37  151.94
  63.54  203.13
  63.70   29.66
  63.70  169.97
  63.94  146.33
  64.29  230.21
  64.38   46.74
  64.97  212.66
  65.03  159.53
  65.07  178.05
  65.15   48.88
  66.08  143.67
  66.30  243.72
  66.48  150.98
  66.62   89.71
  66.91  237.82
  67.30   33.48
  67.85   58.98
  68.71   35.87
  68.72  182.03
  68.80  168.84
  69.49  107.07
  69.76   25.95
  69.83  192.11
  70.40   33.31
  70.41   98.75
  70.52   62.73
  70.53  142.87
  71.15   92.95
  71.65  243.94
  72.41  107.62
  73.02  189.10
  73.44  208.20
  73.62  117.04
  73.79   97.28
  73.90  185.57
  74.15  171.04
  74.17  152.96
  74.22   40.59
  74.44   84.11
  74.63  195.98
  74.68   93.18
  74.80   53.10
  74.83  129.49
  74.92   70.72
  74.98  234.97
  75.07  182.44
  75.11  149.05
  75.14  129.24
  75.41   36.56
  75.43  142.54
  75.89  209.50
  76.13   33.73
  76.24  108.87
  76.38  155.03
  76.49   73.79
  76.50  104.90
  76.84   55.09
  77.22   31.94
  77.24  199.97
  78.88   26.89
  79.06  185.10
  79.07  161.56
  79.11   39.77
  79.34   97.32
  79.37  233.60
  79.50   70.88
  79.71  220.08
  80.29  137.62
  80.78  134.26
  80.85   84.05
  81.06  174.40
  81.23  209.70
  81.24  198.37
  81.56  236.93
  81.71  171.29
  81.78   34.13
  81.79  109.09
  81.82  123.37
  81.91  213.03
  82.09  187.49
  82.41  131.09
  82.46   99.54
  83.22  184.27
  83.90  161.64
  84.03   90.41
  84.22   20.49
  84.25   84.80
  84.50  230.12
  84.59   46.49
  84.71  237.27
  84.73   63.54
  84.81   23.80
  85.00  211.18
  85.27    9.40
  85.39   55.33
  86.64  218.99
  87.24   90.73
  87.43   30.73
  87.45  107.54
  87.65  100.69
  87.72   98.15
  88.03   41.34
  89.26   33.39
  89.30  216.06
  89.41  109.88
  89.61  193.60
  89.68  226.06
  89.79  199.99
  89.89  131.62
  90.33   44.53
  90.51  127.70
  90.52  173.88
  90.67  219.43
  90.78   20.84
  90.80  212.92
  90.88   91.53
  91.13   69.76
  91.64  119.14
  92.02  155.25
  92.15  195.81
  92.16  236.24
  92.36  245.29
  92.46   75.84
  92.61  191.42
  92.96   72.37
  93.09   36.98
  93.19  201.33
  93.19  238.93
  93.21   98.47
  93.59  179.15
  93.98  124.06
  94.03   38.77
  94.21  167.74
  94.36  163.80
  94.54  133.10
  94.94   84.11
  95.37  196.52
  96.23  212.50
  96.30  207.26
  96.43  184.02
  96.60  240.76
  96.90  114.19
  96.95  230.49
  96.98   18.25
  97.31  135.80
  97.68   45.22
  97.73   20.70
  97.74   76.60
  98.05  204.38
  98.19   63.38
  98.36  154.14
  98.69  177.30
  98.72  171.69
  98.74  196.95
  98.77  189.42
  98.79  128.49
  98.98   84.74
  99.17  243.37
  99.25  182.40
  99.48  209.17
  99.50  138.47
  99.80  223.56
 100.07  103.73
 100.27   57.74
 100.32   18.52
 100.55  160.02
 100.60  239.54
 100.76   60.50
 101.46  203.50
 101.97  167.37
 102.02  177.88
 102.14  115.53
 103.07  158.71
 103.07  191.50
 103.14   90.94
 103.29   43.03
 103.58   21.65
 104.06  216.93
 104.45  137.95
 104.53   67.43
 105.30  171.76
 105.75  219.45
 105.79  110.84
 105.89   80.44
 106.06  189.56
 106.18  152.72
 106.21  183.89
 106.21   56.71
 106.29  129.50
 106.30  213.91
 106.42   33.98
 106.55   19.58
 106.57   99.71
 107.15   73.14
 107.56    8.65
 107.56  143.61
 107.58  133.86
 107.75   62.30
 107.76   83.93
 107.82  225.17
 108.22  176.35
 108.64   66.32
 108.88  139.53
 109.77   98.25
 109.99   89.52
 110.10  199.49
 110.42  179.44
 110.42   78.25
 110.65  173.80
 110.69   60.28
 110.74   78.22
 110.74  191.74
 110.88  113.96
 110.99  128.40
 111.01  157.14
 111.17  247.14
 111.54   82.98
 111.55   83.00
 111.58  225.79
 111.80  209.46
 111.85    8.80
 111.92  220.04
 112.15  231.69
 112.57  116.57
 113.00  143.67
 113.51  166.09
 113.61  135.48
 113.83  197.78
 114.05   66.91
 114.26  221.79
 114.41  138.45
 114.45  129.48
 114.55  240.56
 114.71   78.63
 114.76   28.44
 114.90  224.91
 114.93  172.11
 115.25  175.27
 115.30   57.45
 115.30  232.51
 115.82  179.87
 115.85  228.96
 115.86   43.44
 115.87  162.16
 116.04  193.61
 116.19   87.27
 116.36  166.66
 116.50  114.80
 116.53   74.51
 117.40  150.25
 117.88  213.04
 118.08   81.44
 118.18   91.10
 118.38  175.90
 118.64   48.16
 118.71  164.22
 119.02  169.37
 119.40  118.41
 119.64   19.50
 119.90  179.78
 120.59  110.36
 120.60  207.69
 120.90  102.96
 120.92  190.83
 121.09  193.61
 121.12   45.03
 121.18   24.13
 121.30  222.41
 121.50   90.87
 121.58  171.01
 121.87   86.62
 121.92   48.54
 121.94  160.44
 122.48  185.92
 122.53   82.62
 122.91  108.29
 123.06  105.03
 123.73   17.95
 124.14  158.15
 124.49  226.29
 124.55  151.97
 124.88   48.07
 125.20  216.74
 125.44  191.77
 125.45  187.84
 125.46   14.32
 125.51   11.09
 125.53   93.00
 125.54  236.52
 125.69  155.03
 125.79  220.52
 125.84  101.78
 125.91  117.07
 126.16   63.29
 126.24    7.98
 126.26  142.41
 126.41  243.42
 126.49   89.26
 126.70   18.19
 126.72   55.47
 126.76   25.00
 126.79  194.30
 126.82   71.73
 126.98  128.42
 127.16  163.14
 127.50  184.94
 127.50  170.75
 127.54  239.16
 128.07   33.22
 128.11   49.47
 128.19  181.00
 128.25   12.65
 129.23  114.05
 129.44  207.96
 129.44   19.97
 129.55   42.53
 129.64  152.24
 129.68  110.52
 129.69  128.66
 129.72  228.72
 129.75  240.98
 129.81  137.01
 129.86  103.38
 130.12   96.44
 130.18  163.13
 130.19   99.12
 130.39  140.39
 130.59  191.06
 130.78  115.20
 131.41   55.16
 131.62   45.87
 132.65   77.02
 132.66  224.44
 132.85  221.58
 133.73   87.57
 134.04  145.24
 134.31  131.69
 134.35  102.93
 134.88  128.16
 135.40   10.30
 135.56   44.34
 135.96  157.29
 135.98  116.45
 136.49   85.50
 136.54  228.61
 136.77  109.17
 136.89  100.26
 136.90   32.49
 137.06   66.04
 137.18  217.93
 137.31  205.87
 137.62  181.62
 137.77   13.39
 137.85  242.58
 137.86   30.41
 137.96  238.85
 138.08  138.96
 138.21  175.95
 138.46  148.17
 138.94  145.80
 139.50   87.60
 140.47  126.01
 140.52    9.59
 140.70  132.30
 140.74   83.34
 141.21  179.46
 141.75   53.48
 141.76  198.31
 142.02  193.39
 142.07   79.78
 142.82   18.65
 142.84   28.55
 143.27   91.28
 143.62  216.62
 143.74  153.05
 143.93  181.58
 144.05  128.17
 144.10  177.77
 144.37   65.38
 144.57   94.64
 144.61   42.45
 144.75  146.04
 144.92  100.11
 145.20   88.37
 145.62   53.01
 146.03   47.61
 146.24  211.08
 146.51   30.14
 146.60  130.50
 146.79  124.62
 147.18  204.28
 147.30  183.38
 147.91   91.77
 147.94   97.04
 148.34  222.14
 148.45   48.78
 148.48  156.52
 148.65  147.31
 148.66   71.51
 148.79  124.88
 148.85   28.79
 149.34  139.97
 149.40  201.86
 150.57  194.75
 150.74  127.89
 150.83  114.99
 151.44  233.26
 151.61   74.71
 151.86  134.17
 152.07   88.97
 152.80   71.49
 153.37  165.53
 153.44  206.97
 153.48  206.80
 153.81   76.71
 153.95  131.29
 154.01  185.17
 154.04  225.48
 154.14  138.05
 154.65   67.07
 154.70  154.41
 154.73    9.64
 155.25  215.53
 156.14  104.01
 156.63   38.91
 156.78  202.03
 157.12   86.94
 157.14   60.55
 157.45  223.38
 157.69   36.36
 157.78  130.42
 158.07   81.20
 158.17  139.95
 158.40  135.43
 158.46  113.89
 158.60  220.39
 159.92  194.83
 160.31  109.79
 160.98  101.88
 161.30  161.86
 161.80  239.19
 161.84  172.97
 162.51  114.25
 162.86   51.06
 162.96    9.22
 163.07  188.36
 163.25  182.27
 163.25   62.25
 163.29  202.05
 163.31  153.49
 163.49  106.57
 163.51  234.74
 163.60  123.06
 163.77  135.06
 163.84  192.46
 163.88  249.16
 164.10  128.79
 164.15   12.72
 164.61   84.30
 164.84   70.44
 165.02   55.76
 165.21  109.18
 165.21   48.13
 165.35  179.36
 165.43   76.12
 165.56   32.71
 165.75   35.90
 166.49  196.07
 166.49  196.23
 166.87   80.56
 167.23  230.72
 167.58  164.80
 167.65   69.62
 167.78  158.49
 168.13  137.01
 168.66   59.26
 168.87  219.37
 169.44   89.56
 169.60   72.29
 169.76   37.11
 169.95   95.04
 170.75   52.99
 170.76   55.86
 170.96  194.95
 170.99  100.64
 171.02  234.24
 171.21  231.03
 171.47  218.07
 171.57    7.83
 171.58  106.35
 171.79   79.58
 172.14   34.93
 172.45  123.40
 172.69   50.27
 172.87   26.61
 173.12   76.34
 173.59  227.59
 174.50  136.21
 174.52  121.41
 174.53  197.97
 174.60  132.39
 174.67  177.83
 174.70   13.99
 174.95  139.98
 174.95  110.64
 175.50   99.98
 175.61  152.09
 176.00   10.07
 176.18   35.15
 176.24   25.69
 176.40   20.78
 176.41  118.96
 176.44  169.90
 176.52   91.20
 176.80  115.04
 176.90  158.71
 177.90  111.59
 177.92  230.45
 178.05  195.73
 178.21  140.68
 178.27  202.56
 178.70   73.48
 178.82  181.85
 179.11   89.29
 179.44  236.15
 179.64  149.12
 179.69  127.54
 179.87   29.62
 180.56  106.72
 180.63  193.94
 181.20   19.78
 181.22  134.69
 181.23  166.27
 181.27  205.69
 181.90   65.68
 181.96  232.27
 182.01   68.64
 182.11   10.59
 182.23  145.24
 182.26  109.05
 182.44  244.27
 182.60  163.52
 183.02   30.84
 183.52  208.62
 183.83   41.51
 184.02  190.55
 184.67  165.49
 184.70   85.15
 184.79   51.05
 185.01  101.60
 185.12   36.39
 185.21  172.74
 185.32  203.83
 186.47  124.05
 186.53   71.74
 186.87  217.77
 187.34  175.25
 187.44  206.35
 187.72  238.72
 187.88  113.95
 187.96   38.28
 188.25   93.27
 188.27  163.66
 188.61  119.15
 188.63  128.96
 188.80  215.95
 188.99  134.12
 189.10  169.01
 189.50  236.45
 189.50   88.60
 189.51  210.28
 189.53  145.14
 189.87  222.83
 189.91   10.63
 190.37   95.75
 190.40  194.71
 190.40  198.20
 190.74  207.11
 190.77  108.62
 190.89  202.30
 191.33  220.25
 191.41   57.93
 191.41   53.92
 191.55  114.38
 191.65   45.99
 191.91  163.17
 191.96   85.53
 192.02  143.12
 192.03  166.17
 192.03  184.34
 192.20  244.91
 192.46  217.78
 192.46  234.56
 192.62  119.64
 192.80  128.16
 193.12  139.37
 193.47  117.04
 193.58  199.92
 193.65   34.59
 193.72   16.27
 193.76   96.31
 193.80   10.29
 193.83  191.29
 193.85   24.84
 193.94   37.44
 194.25  209.21
 194.80   39.45
 194.88  167.33
 195.48   83.11
 195.94  185.99
 196.78   73.76
 197.01   36.12
 197.53  202.65
 197.58  109.44
 197.73  217.02
 197.88   84.60
 197.97  126.02
 198.07  197.59
 198.52   89.54
 198.67   10.93
 198.87   99.70
 199.60   76.26
 199.82  206.63
 199.90  128.76
 200.47   51.84
 200.80  136.15
 200.92  183.37
 200.99   27.14
 201.04   82.75
 201.20   13.65
 201.22  165.98
 201.36  147.54
 201.42  225.52
 201.43  186.28
 201.54  229.41
 201.60   48.01
 201.70  237.52
 201.76   72.90
 201.82  106.31
 202.19  212.06
 203.10   43.05
 203.28  180.03
 203.33  139.78
 203.61  216.44
 203.84  143.87
 203.86   88.49
 204.12  200.46
 204.13   85.16
 204.30  204.06
 204.55   20.93
 205.00  115.65
 205.08  131.01
 206.51  156.10
 206.66  116.22
 206.82   24.94
 207.00  227.59
 207.21   87.90
 207.49   26.27
 207.50   41.47
 207.52   29.74
 207.53  139.16
 207.54  211.60
 207.66   92.51
 207.89  223.42
 208.14  175.21
 208.30  153.54
 208.30   73.55
 208.46  102.47
 208.47   96.94
 208.68  230.91
 208.75  153.71
 208.85   36.15
 208.96  207.49
 209.85  225.93
 210.60  117.60
 210.81  233.88
 211.59  103.26
 211.92   90.71
 213.42  234.65
 213.60   61.42
 215.12   13.35
 215.66  248.61
 215.80  105.54
 215.84   27.92
 216.05  155.50
 216.71  228.09
 216.72  221.01
 217.23  202.03
 217.29  215.67
 217.89  142.58
 218.44  204.81
 218.50  172.05
 218.60   11.95
 218.77   84.35
 218.84   17.62
 219.20  139.04
 219.36   27.74
 219.46  148.72
 219.56   80.12
 219.66  192.15
 219.69  163.10
 219.77   39.63
 219.93   72.62
 220.70  234.63
 220.71   34.57
 220.99   46.78
 221.03  152.08
 221.20   71.06
 221.25  169.93
 221.70   20.62
 221.94   32.04
 221.98   55.30
 222.11  209.16
 222.38   99.97
 223.26  140.36
 223.63  230.58
 223.85  206.90
 224.02  108.12
 224.93  221.84
 225.65   69.52
 225.77  155.90
 225.87  189.64
 226.31  166.78
 226.47  217.90
 226.57  246.44
 226.60  104.94
 227.19  186.00
 227.25   28.40
 227.33  108.46
 227.36  244.69
 228.23   54.57
 228.24  133.21
 228.25  154.23
 228.41  129.62
 228.56  172.78
 228.68  203.31
 228.94  207.78
 228.98   36.28
 229.06  181.21
 229.30  217.06
 229.50   18.96
 229.64  151.62
 229.76   61.45
 230.38   92.82
 230.54  197.59
 230.79  139.18
 231.10   25.43
 231.15   29.08
 231.24  205.13
 231.31  234.97
 231.51  120.08
 231.64  213.07
 232.10   34.32
 233.52  126.92
 233.65  202.91
 234.03   22.05
 234.03   57.59
 234.20   38.20
 234.39  211.62
 234.46  142.32
 234.68  165.30
 234.73   67.87
 235.05   62.50
 235.39  223.71
 235.46  170.45
 235.81  218.32
 235.84  127.00
 236.79  208.37
 236.83   98.27
 236.86  134.47
 236.90   72.67
 236.91   37.62
 237.24   24.34
 237.42  107.11
 237.97  104.15
 238.02  163.24
 238.08  221.38
 238.38  168.21
 239.45  198.14
 239.69  100.84
 239.97  212.42
 240.23  149.07
 240.52  120.72
 241.30   32.23
 241.82   17.39
 241.83  146.27
 241.91   83.33
 242.24  237.62
 242.46  111.56
 242.62  155.18
 242.88  123.49
 243.13  126.38
 243.14  100.07
 243.14  211.93
 243.73   37.43
 243.75  221.36
 243.81  114.45
 243.91  136.48
 245.17   24.74
 245.36  102.27
 245.46   36.89
 245.73   81.91
 246.45  122.18
 246.61  242.52
 247.52  139.95
 247.88   90.45
 248.05   26.70
 248.13   64.82
 248.17  110.55
 248.36  124.68
 249.16   75.87
 249.46  237.94
 249.51  212.42
 249.62  220.54
 249.66   43.42
