   7.67   51.29
   9.03  210.89
  10.61  227.12
  10.71  100.13
  11.03  159.08
  11.58  204.50
  12.33  188.10
  12.93   10.81
  13.08  224.29
  13.77   66.02
  14.26  201.17
  14.42   13.75
  14.55   78.68
  15.51  209.91
  15.71   40.87
  16.30   39.26
  16.64  155.30
  16.74   31.42
  17.06  140.57
  17.09  203.53
  17.18  238.01
  17.96  123.65
  18.18   26.52
  18.79  161.46
  18.86  204.43
  19.13  186.01
  19.63  230.94
  20.40    7.50
  20.89  179.51
  21.24  193.06
  22.40  206.24
  22.73  220.01
  23.65  100.01
  24.48  115.98
  24.68  213.54
  24.69   85.17
  25.05  201.99
  25.15   96.50
  26.27  241.30
  26.40   20.59
  26.71  190.96
  26.71  234.88
  26.75  232.06
  27.44   43.01
  28.05   83.21
  28.72  220.10
  29.07   29.07
  29.56   39.41
  29.72   68.44
  30.00   61.20
  30.16  181.14
  30.40  190.39
  30.77   22.22
  30.90   49.58
  31.87   92.54
  32.26   84.80
  32.48  231.31
  32.61  182.98
  33.01   78.69
  33.21   75.50
  33.55   52.17
  33.89   48.40
  34.22   60.66
  36.68   51.46
  37.50  238.05
  37.59  123.56
  38.00   69.26
  38.38  180.76
  38.67  158.97
  38.88   90.86
  39.02  214.58
  39.72   47.51
  39.72  149.00
  40.08   68.11
  40.08   47.26
  40.18   86.63
  40.51  166.09
  40.59  112.89
  41.00  100.59
  41.32  196.25
  42.32  108.52
  42.93  129.25
  43.07  230.13
  43.22   53.57
  44.30   47.82
  44.34  171.02
  44.36   51.21
  44.43  197.17
  44.81  120.11
  47.27   55.11
  47.42  171.36
  48.70  224.88
  49.36   43.62
  49.51   66.46
  49.69  160.48
  50.07  160.27
  50.20   94.14
  50.42  234.99
  50.59  113.49
  51.95   11.08
  52.31  118.29
  53.80  169.70
  54.42  166.22
  56.06   52.72
  57.66  184.48
  57.95  165.42
  58.08  180.38
  58.17   49.77
  58.61   76.89
  58.66   99.32
  58.73   49.74
  59.02   44.60
  59.57   16.98
  59.74  122.23
  59.88  174.85
  59.95  241.16
  61.59  189.23
  61.61  182.67
  62.09  100.95
  62.12  157.96
  62.76  199.06
  63.12  203.56
  63.96   59.68
  64.30  114.06
  64.41  186.25
  64.99   51.42
  65.47  105.03
  66.33   89.84
  66.45  238.18
  66.89  189.56
  67.28  224.38
  67.31  196.64
  68.65   62.71
  68.71   28.47
  68.84  102.02
  69.12   75.55
  69.14  192.03
  69.83   47.18
  69.90  139.26
  70.01  186.89
  70.27  219.30
  71.37  205.24
  71.55  113.98
  72.44   97.60
  72.53  164.64
  73.00  239.73
  73.33   58.38
  73.46  173.24
  73.81  163.62
  75.13  242.49
  75.32  154.90
  76.24   39.10
  76.38  208.07
  76.93  159.02
  76.94  197.70
  76.97  166.71
  77.69  204.17
  78.41  213.53
  78.59  148.34
  78.64  132.00
  78.98  224.10
  80.06   58.30
  80.34  190.29
  80.98  227.34
  81.02  207.86
  81.08  112.25
  81.18   21.26
  81.40   64.43
  81.81   27.47
  83.14  217.71
  83.43  144.93
  83.56  178.87
  83.64  152.88
  83.82  180.41
  84.08  171.01
  84.93   45.81
  85.90    8.68
  86.20   47.03
  86.33  191.50
  86.54  211.04
  86.65  182.08
  87.37  106.72
  87.61  175.17
  87.70   65.47
  89.54  204.60
  89.86  181.78
  89.90   18.91
  90.89  121.27
  91.46  193.72
  91.74  151.22
  91.87  163.82
  91.94  222.50
  92.05   39.49
  92.17   24.18
  92.54  133.42
  93.42  228.46
  94.26  213.54
  94.89  136.78
  94.93  146.06
  95.16  170.51
  95.29  191.53
  95.54  151.02
  96.80  106.18
  97.01  106.02
  99.19  143.05
  99.24  229.56
  99.65   18.26
  99.71  156.03
  99.87   14.24
  99.91   32.75
 100.00  190.05
 100.83   48.07
 100.97  183.71
 100.99  131.64
 102.01  177.53
 102.19  221.99
 102.31   58.65
 102.59  215.01
 102.87  175.94
 102.95  149.43
 102.98   34.51
 103.00  187.99
 103.53  192.49
 103.79   45.34
 103.87  104.21
 104.29  139.21
 104.45   24.35
 104.51  163.12
 104.69   16.45
 105.32  146.02
 106.41  131.46
 106.46   63.43
 106.51  202.24
 106.61  126.30
 107.32   47.48
 107.44  100.84
 107.88  182.67
 108.33  242.52
 109.00  239.60
 109.02   38.65
 109.49  212.14
 109.70  204.26
 109.72   43.93
 109.74  225.07
 110.71   54.51
 111.30  241.95
 112.30   40.69
 112.43  199.90
 112.78  202.65
 112.81  137.32
 112.90   54.55
 112.97   51.36
 113.17  207.02
 113.18  143.99
 113.27   24.43
 114.10  179.67
 114.64  199.29
 114.93    9.84
 115.59   81.75
 115.73  210.76
 116.97   18.15
 118.05   47.53
 118.28   23.92
 118.62  159.92
 118.83  244.49
 118.97  209.43
 119.21   83.34
 120.63   86.31
 120.71  153.83
 120.94   37.09
 121.42   24.97
 123.07  181.27
 123.68  209.96
 123.73    8.33
 124.00  177.47
 124.17   53.34
 124.63   78.38
 126.62   15.65
 126.77  145.36
 126.80  171.07
 127.30   64.26
 128.12  178.98
 129.20   59.92
 129.71   28.19
 130.05  129.19
 130.25  109.68
 130.26   18.21
 130.28   18.63
 131.36   51.50
 132.37   88.89
 132.56   32.59
 132.60  102.81
 132.79   80.30
 133.31  117.54
 133.68  142.07
 134.33  203.56
 134.66   59.07
 135.08   67.81
 135.69   51.11
 136.41   78.15
 136.98   13.64
 137.38  197.14
 137.59   58.12
 138.33  200.29
 138.99  132.97
 139.11   24.48
 139.53   94.71
 139.67  126.24
 141.28  108.56
 141.95  165.92
 142.05   46.87
 142.38   56.74
 142.41   13.53
 143.03  194.05
 143.41  123.01
 143.94  197.56
 144.18  115.09
 144.30   27.10
 145.49    9.78
 145.76   51.25
 145.93   81.03
 146.01  137.86
 146.13   19.54
 146.22   23.54
 146.78  192.64
 147.62   58.58
 147.92   63.13
 149.11   70.89
 149.74   24.36
 149.97   93.77
 150.14   85.62
 150.27   43.81
 150.31  124.52
 151.06  108.62
 152.03   12.22
 152.40  190.13
 152.78   44.27
 152.84   27.33
 153.75   59.18
 154.38   16.94
 154.46   63.74
 155.00   67.04
 155.28   32.05
 155.69   72.16
 156.14  116.99
 157.25   82.46
 157.33   37.18
 158.07  105.39
 158.35  235.01
 159.90  209.29
 163.95   83.25
 164.68   51.47
 165.32  164.72
 165.62  102.78
 165.76   94.89
 166.59  121.34
 167.98  114.29
 168.00  207.41
 168.55   59.27
 171.07  210.45
 171.72  117.46
 171.77  238.89
 173.20   79.16
 174.00   80.71
 174.24   62.79
 174.42   98.41
 176.02  112.85
 176.39  238.03
 178.16   47.08
 179.37   50.69
 179.90   31.62
 180.03  116.81
 181.35   28.36
 181.60   17.79
 183.47  110.15
 183.98   84.58
 184.61   67.04
 185.06   16.65
 186.46  213.86
 186.60   39.61
 187.57   94.90
 187.61  114.98
 188.31  174.05
 189.26   64.81
 189.36  160.62
 190.14   87.03
 190.38   78.06
 190.51   41.49
 190.56  108.64
 191.36   17.11
 191.67  103.45
 191.77  221.19
 191.99  115.57
 194.48   97.80
 194.76  106.30
 195.16   26.68
 195.85   88.63
 196.36  102.05
 196.86  112.74
 196.90   92.39
 197.09   82.35
 198.30   16.87
 198.57   13.14
 198.91  114.69
 199.08  146.73
 202.15   88.52
 202.38  112.01
 203.37   69.43
 203.68   43.13
 203.84  111.01
 204.38  113.97
 205.24   37.47
 205.29  129.34
 205.60  138.88
 205.84   82.16
 206.33   97.40
 206.96   85.28
 207.77  102.52
 208.18  182.00
 208.23  196.83
 209.79   83.07
 210.02   73.25
 210.73  120.90
 213.25   15.05
 213.42   83.92
 213.79  110.66
 213.81  141.20
 214.06   88.70
 214.11  205.27
 214.16   24.77
 216.52  190.74
 216.72  196.45
 216.73   95.43
 217.31  104.79
 218.07  219.16
 218.65  240.81
 219.34   27.51
 220.78  236.91
 220.92   84.35
 221.01   89.25
 221.10   44.94
 221.75  241.64
 221.91   78.34
 222.19   24.77
 222.31  198.42
 224.24  229.31
 224.97  189.82
 225.17  135.04
 225.30  135.20
 226.71  183.40
 227.02  155.58
 230.16  106.41
 231.84  182.25
 232.02  128.00
 232.74  141.32
 233.27  198.17
 234.78  189.99
 235.68  183.26
 235.95  101.28
 236.48  163.29
 237.12  110.29
 237.48  166.06
 237.93  188.46
 238.93   73.16
 239.00  218.96
 239.14   41.78
 240.95   46.76
 241.13   94.58
 241.50  211.30
 241.76  191.08
 242.16   88.88
 243.58   33.65
 245.27   96.09
 245.36  185.08
 246.23  223.96
 246.81  138.32
 248.32  204.38
 249.60   58.20
