   8.85   28.23
   9.16  121.87
   9.80   67.25
  10.29  229.56
  10.78   33.39
  10.87  216.83
  11.88   25.36
  11.91    9.03
  12.71  231.23
  12.73  110.89
  13.46  239.13
  14.16  226.81
  14.83  124.61
  15.29   11.30
  15.40  108.37
  15.47   45.28
  15.51   41.86
  16.33  220.31
  16.50   66.21
  16.83  107.05
  16.98   45.17
  17.99  217.78
  18.15  102.31
  18.92   41.76
  19.17  223.64
  19.46   65.32
  19.64  125.06
  19.89  129.20
  21.96  149.41
  23.05   37.70
  23.65   19.54
  23.70  232.77
  24.98   43.92
  25.14  109.05
  25.41  209.20
  25.55   97.35
  25.57  214.98
  25.80   40.34
  26.58  219.96
  26.94  235.48
  27.06   61.48
  27.11  221.11
  27.19   89.75
  28.64  100.56
  29.02   23.24
  29.30   50.87
  29.41   93.28
  29.45   50.52
  31.77   92.86
  31.89    8.79
  32.07   79.56
  32.33   12.68
  33.10  218.05
  33.22   36.99
  34.51   28.18
  34.92   68.55
  35.17  129.96
  35.70  220.57
  36.09  228.82
  37.17   14.87
  38.71   44.91
  39.17   43.79
  39.92   91.80
  40.46   49.38
  41.47  215.82
  41.58   29.31
  41.63    9.38
  44.34  123.73
  46.40  214.51
  47.00   76.59
  47.12  122.06
  47.43   59.97
  47.60  143.12
  48.60   25.66
  48.61   10.31
  51.59  135.51
  52.73  108.46
  53.21   34.08
  54.33  217.12
  54.92  126.18
  55.33  129.98
  56.06   80.22
  56.10   10.05
  56.90   67.61
  57.44   98.65
  58.48   14.87
  59.53   28.71
  60.03   47.00
  60.36   11.49
  60.40   87.78
  60.87   94.14
  62.48   33.20
  63.40   30.07
  63.42   83.00
  63.52   57.60
  65.66   11.97
  65.77   64.26
  66.00   41.89
  67.13  107.54
  67.54   49.46
  67.90   61.90
  68.02   75.93
  68.17   86.03
  69.06   16.62
  71.66  114.05
  71.76  226.61
  72.64   92.69
  73.61  122.99
  74.56   55.59
  75.61  205.75
  76.22  130.84
  76.82  222.03
  78.13   77.95
  81.19  227.85
  82.05   61.36
  82.22   61.11
  83.67  220.43
  83.79   74.93
  84.75   34.73
  85.42   51.94
  86.17  224.41
  87.48   75.91
  87.53   25.27
  87.82  228.42
  89.01  119.14
  92.70  119.39
  93.57  226.59
  93.77   12.68
  96.49   54.34
  97.72   23.84
  97.77  138.42
  97.98   38.04
  98.07   91.32
  98.36  222.56
 101.84   83.02
 101.86   73.03
 101.97  141.48
 103.76   28.95
 106.72   21.93
 108.54  125.32
 108.95   12.83
 108.98   42.74
 109.07  215.58
 110.80   39.64
 114.43   18.12
 114.64  218.32
 115.00  227.39
 115.29  181.49
 115.30  101.53
 115.55   44.01
 115.67   44.27
 116.19  221.81
 116.21  123.92
 117.96  105.27
 117.98  119.33
 119.29   63.08
 119.51  211.33
 119.68  124.31
 120.50  227.68
 121.20  124.74
 123.03  108.80
 123.63   63.60
 124.03  125.92
 125.30   24.49
 125.56   51.96
 126.16   29.25
 130.76  223.74
 130.95   34.13
 131.27   54.15
 132.54   88.15
 134.16   21.59
 134.17   99.67
 134.37   37.90
 138.12    8.14
 138.71  226.12
 140.42   94.12
 140.55  124.42
 140.59  124.20
 140.91  106.20
 140.97   47.63
 143.44   52.92
 143.56   43.16
 145.36  202.16
 146.70   57.27
 146.80   54.04
 148.13   75.98
 148.19   71.88
 148.26   44.16
 148.66  223.67
 150.33   60.68
 151.32  233.31
 152.22  236.09
 152.66  129.80
 152.81   77.18
 153.39   64.81
 153.51  227.55
 154.07  230.55
 154.80   25.85
 154.90  103.74
 155.72  227.33
 156.75   10.72
 156.95   69.31
 157.12  104.13
 157.76  126.88
 157.87   64.91
 157.99   51.73
 158.66  228.82
 158.71  225.00
 159.89   73.36
 160.00   99.10
 160.11   20.41
 160.47   47.55
 161.10  135.20
 162.10   90.76
 162.21   90.64
 162.52  116.02
 162.88   16.54
 164.71   98.88
 164.90  146.30
 165.52   77.39
 167.86  104.54
 168.27  140.83
 169.29   81.88
 169.32   34.98
 169.52  100.75
 169.91  221.31
 170.79  116.49
 170.90  103.50
 171.44  247.42
 172.06  237.33
 172.67   53.05
 172.94   91.96
 173.34  101.96
 173.54   47.37
 174.85   88.92
 175.62   18.86
 176.06  242.89
 176.18  140.10
 176.73   30.82
 177.11   11.45
 177.39   26.14
 177.53   58.04
 177.68  130.20
 177.78   53.04
 177.89   65.57
 177.96  127.60
 178.38  162.55
 178.58  108.14
 178.67  215.26
 178.84   93.95
 178.88   79.35
 178.88   46.51
 180.50  204.64
 180.60  121.44
 181.29   87.99
 181.44   35.62
 181.45   64.93
 181.99  214.30
 182.32  147.42
 183.12   93.14
 183.66   18.76
 183.76   63.51
 183.82  107.07
 184.91  120.13
 185.01  214.08
 185.10   88.49
 185.14  202.53
 185.88  166.24
 186.05   83.48
 186.12   92.66
 186.43   60.96
 186.47  110.99
 187.43  153.26
 187.62  180.11
 187.68   41.76
 187.87  172.64
 188.38  103.45
 188.78  143.19
 188.83  121.43
 189.45  125.57
 190.00  105.69
 190.36  118.83
 190.58  158.06
 191.07  144.90
 191.23   57.89
 191.54  101.41
 194.17   66.09
 196.14   37.83
 196.27  247.09
 201.16  111.41
 203.01  228.72
 207.45  161.06
 207.67  172.34
 208.70  178.94
 209.89  198.26
 210.70  119.56
 211.08  229.64
 212.66  234.18
 213.19  236.41
 213.95  181.35
 214.56   19.30
 215.32  153.97
 216.31  123.76
 217.83  107.70
 218.13  212.42
 218.20   94.59
 218.79   63.22
 218.82   52.35
 219.91  153.74
 220.13  141.46
 220.25   96.48
 220.51  185.78
 220.51  172.32
 221.33  129.88
 221.93  135.33
 222.33  229.35
 222.70   75.26
 222.82  127.52
 224.43   82.81
 224.49  165.20
 224.87  235.73
 225.83  137.05
 225.85  175.86
 226.41   85.99
 227.55  233.33
 227.57   99.46
 227.86  217.95
 228.51  151.06
 229.02   65.22
 230.58  155.91
 230.97  105.27
 230.98  137.04
 232.96  141.43
 233.05  227.49
 233.49   82.01
 235.34  102.83
 235.73  235.12
 235.94  233.50
 235.94  149.49
 237.56  213.22
 238.00   71.53
 238.12   59.58
 239.90   28.44
 242.76  121.23
 244.73   23.77
 245.10   94.49
 245.93   44.31
 246.08  185.95
 246.58   15.16
