   6.87   89.14
   7.19  240.90
   7.80  134.71
   8.80   68.96
   9.67  114.10
  10.49   63.48
  10.56   35.47
  11.37   67.00
  11.54  191.82
  12.15  233.29
  13.19  146.71
  13.22  114.26
  14.30   83.23
  14.60  231.15
  14.66   86.62
  14.73   56.88
  15.08  117.36
  15.29  139.53
  17.68  156.82
  18.34   37.05
  18.61  114.09
  18.63   79.46
  19.00   84.25
  19.19  137.50
  19.26  239.75
  20.67  230.91
  20.77   40.53
  21.11   72.19
  21.61   80.37
  21.78  133.99
  22.45   37.82
  22.58  227.77
  22.85  249.42
  23.06  153.73
  23.39  120.27
  23.40  103.18
  23.42  136.81
  23.46   48.80
  23.88  234.02
  24.95  123.56
  26.31  102.82
  26.33   41.28
  26.75  136.26
  26.87  107.13
  27.17  227.14
  27.34   44.28
  27.43  198.70
  28.21  193.85
  28.57  233.43
  28.65  230.38
  28.75  202.15
  29.85  191.65
  29.94  243.21
  30.21  125.45
  30.69  188.30
  31.03   80.96
  31.97  109.94
  33.12  244.36
  33.77  197.68
  34.21  136.44
  34.42  237.89
  34.45  240.88
  34.57   38.02
  34.86  108.95
  35.13  133.05
  36.14  175.43
  36.61  129.78
  36.62  235.14
  36.82  231.88
  37.84  183.42
  38.47  246.78
  38.72   38.38
  38.92   84.72
  40.04   69.55
  40.92  136.28
  41.03  189.96
  41.58  244.70
  41.94  139.37
  42.61  133.53
  42.88  249.37
  43.48  188.74
  43.55  234.67
  44.00   35.04
  44.36   35.42
  44.60  242.53
  45.05   69.08
  45.65  190.83
  45.75  231.48
  46.32  245.13
  46.42   66.09
  46.51   85.98
  47.16  249.02
  48.35  137.88
  49.29   44.03
  50.19   30.96
  50.69   26.99
  50.85  116.36
  51.22  246.04
  51.42   72.50
  51.43  234.15
  52.65  137.35
  53.20  243.53
  54.08  118.03
  54.95  240.94
  54.95  138.09
  55.36   66.27
  55.80   71.22
  55.88  120.74
  56.07   28.38
  57.01   85.80
  57.38   98.09
  57.60  233.83
  58.08   44.21
  59.00  137.69
  60.11  236.03
  60.43   52.90
  60.56  243.50
  61.33   75.56
  61.68  138.84
  61.78   69.87
  62.18  183.20
  62.43   81.62
  62.74  233.68
  63.09   37.25
  64.70   24.08
  65.57  174.86
  65.82   23.10
  65.92   53.46
  66.63  230.82
  67.10   62.34
  67.89   17.87
  67.90  206.22
  68.53   65.42
  69.08   92.19
  69.09   19.35
  69.13   52.39
  69.20   74.37
  69.57   35.61
  69.85   56.68
  70.67   82.28
  71.30   59.77
  73.13  184.02
  74.37   80.55
  74.52   74.42
  74.94   15.28
  75.63   86.58
  75.67   97.71
  75.87   69.49
  76.41  185.08
  77.33   94.73
  77.49   61.69
  77.99   90.29
  78.53  246.01
  78.65   12.13
  79.44   99.56
  79.81   68.11
  79.96  233.34
  80.40   51.60
  80.55  244.14
  80.60  110.76
  80.72  106.92
  80.86  128.74
  81.57   10.49
  81.91   64.51
  82.14  122.94
  82.86  117.46
  83.36  113.32
  83.74  128.94
  84.89   33.53
  85.13   31.65
  85.22  106.63
  85.31   61.79
  85.52   72.02
  85.63  109.81
  86.23   77.43
  86.66   74.95
  87.28  246.56
  87.40  241.94
  87.61  196.60
  87.66  241.03
  88.05   14.52
  88.29   82.95
  88.54  181.02
  89.25   43.34
  89.40  246.56
  89.48  221.47
  89.51  238.64
  89.52  211.49
  89.62   92.34
  90.42  192.41
  90.73  183.33
  91.16   16.14
  92.24   33.55
  94.68   38.80
  95.49   31.44
  95.90   50.63
  96.88   90.27
  97.33  182.54
  97.60   33.74
  98.84   51.08
  98.95   17.48
  99.12   38.82
  99.50   47.41
  99.51   89.17
  99.58   72.90
 100.78  132.68
 101.54   31.60
 101.63   21.47
 103.67  132.58
 104.85  239.59
 105.37   81.26
 105.67  159.70
 106.15   56.78
 106.46  120.42
 106.61   42.06
 106.85  243.12
 107.47  106.48
 107.79   37.59
 107.82   30.75
 108.08   81.46
 108.86   53.56
 108.93  110.41
 109.16   66.56
 109.24   21.60
 109.37  120.52
 109.76  197.76
 110.09  183.17
 112.25  159.54
 112.67  243.45
 113.15   56.71
 114.39  164.27
 115.78   16.59
 116.57   31.32
 117.14   61.09
 117.54  120.91
 118.06   42.82
 118.40   17.53
 119.37  138.20
 119.80   45.98
 120.18  112.72
 120.32   40.00
 120.33  119.40
 120.44   19.89
 120.60   79.23
 121.08  155.75
 121.32   76.01
 121.34   26.79
 121.46  140.10
 122.31  115.81
 122.69  149.65
 123.91   97.73
 123.99  138.55
 124.24   15.81
 124.54   27.16
 124.86   86.45
 124.98   12.97
 125.97   60.71
 127.67   30.70
 128.63  104.24
 128.69   13.68
 128.71  136.87
 130.08  140.54
 130.52  151.61
 131.26  172.27
 131.66  109.67
 132.57   15.21
 132.61   84.03
 133.66  100.73
 135.61    7.40
 135.77  211.14
 135.99  213.56
 136.00  205.09
 136.55   54.16
 136.60   39.56
 137.02  136.32
 139.56  152.31
 139.58  146.25
 140.05  155.61
 140.63   97.87
 141.32   89.48
 141.63  113.17
 142.21  197.73
 142.40  122.26
 143.04  140.65
 143.41  145.41
 144.45   78.11
 144.57  216.43
 144.85  130.24
 146.04  108.86
 146.08  203.44
 146.35  176.06
 146.58  206.68
 147.21  117.25
 147.62   93.38
 147.99  197.27
 148.32   82.07
 148.82  154.03
 149.63  194.55
 150.95  162.02
 150.96   85.23
 150.97  147.47
 151.20  140.97
 151.27  191.26
 151.82  137.37
 151.96   99.13
 152.20  203.65
 152.45  158.67
 152.45  165.93
 152.99  206.12
 153.05  181.95
 153.45  169.30
 153.58  172.85
 153.82  169.17
 154.09  120.67
 154.15  131.18
 154.79   93.81
 155.00  175.77
 155.86  190.64
 156.19  179.21
 157.36  168.91
 158.53   63.96
 158.92  153.76
 159.35   75.89
 159.78  186.49
 160.47  193.74
 160.70   73.03
 160.84   85.25
 161.54  166.79
 162.24  234.40
 162.63   67.29
 163.59  133.31
 163.75  157.38
 163.81  175.76
 164.19  172.17
 164.31  144.23
 164.39  188.26
 164.93  136.47
 165.80  161.05
 166.25  197.41
 166.80  105.38
 166.96  155.60
 166.99   57.59
 167.08   63.34
 167.75   87.52
 167.83   81.27
 167.96  191.73
 167.96  145.70
 168.41  148.26
 168.52   47.68
 168.53  185.75
 169.60  235.00
 170.28  196.79
 170.42  193.88
 170.70   34.69
 171.32   45.63
 171.33   66.63
 171.71  138.16
 171.82  189.35
 172.10   10.11
 172.94   85.62
 173.06  198.08
 173.76   30.48
 174.59  192.30
 174.77   55.20
 175.03  125.30
 175.51   24.43
 175.67   35.38
 175.96   12.14
 176.96  119.27
 177.07   30.02
 177.73  190.73
 179.06   14.02
 179.10   48.81
 180.14  121.28
 180.33  106.54
 181.12   64.55
 181.13   82.31
 181.95   11.91
 183.38   91.83
 184.08   85.60
 184.19   50.93
 184.19   49.11
 185.01   16.86
 185.04  196.41
 185.53   96.84
 185.68   58.20
 186.37  204.63
 186.77  178.36
 186.91  120.84
 187.18   87.50
 187.20   49.38
 187.66  148.87
 187.76  107.45
 187.98   61.23
 188.80  198.22
 188.93   73.95
 190.08  145.41
 191.15  139.73
 191.42   96.37
 191.63  117.19
 192.03   99.45
 192.25   63.89
 192.95   67.90
 193.86  119.23
 194.26  166.78
 194.40  151.90
 194.58   57.21
 194.67  141.06
 195.01  102.48
 195.51  184.57
 196.43   90.88
 196.76   18.70
 197.56   97.69
 197.74  180.58
 197.98  193.20
 198.18   94.98
 198.41  186.85
 198.72  182.03
 199.29  138.58
 199.51   66.00
 199.75  121.88
 200.58  189.81
 200.67  184.60
 201.52   81.54
 202.29  193.03
 202.41  102.06
 202.92  187.03
 203.01  216.60
 203.39   83.71
 203.49   20.14
 204.21  171.19
 204.46   72.61
 205.73  123.34
 205.90  144.21
 206.10   91.33
 206.18  203.11
 206.23  206.53
 206.50  194.56
 206.84  169.73
 207.14   18.87
 207.69   58.62
 207.91  166.98
 208.54  132.39
 208.70  172.21
 208.81  155.37
 209.32   91.87
 210.06  198.53
 210.06  217.78
 210.48  227.72
 210.59  193.03
 210.95   20.89
 211.27   42.16
 211.88  195.95
 212.22  230.33
 212.26   24.13
 212.37  136.34
 212.78   97.83
 214.04  118.70
 214.95  110.50
 215.90  139.30
 216.34   36.72
 216.43  228.16
 218.51   31.80
 218.76  137.89
 220.07  141.03
 220.21  211.98
 220.23  111.82
 220.31  121.87
 222.52   27.22
 222.72   43.25
 223.05  139.53
 223.28  161.18
 223.31  156.73
 223.59  195.95
 224.01  167.56
 224.57  144.66
 224.62  154.20
 225.31   66.53
 225.33   30.79
 225.51  171.42
 225.64  110.60
 226.03  148.49
 226.22  118.82
 227.47  153.81
 227.67  129.06
 227.68  142.91
 228.53  114.18
 228.70   33.18
 228.76  161.30
 229.50  171.95
 230.69   49.68
 230.71  186.39
 231.37   40.66
 231.82  199.17
 232.54  156.48
 232.57   60.63
 234.25  188.73
 234.47  198.13
 235.11  158.88
 235.95  161.75
 237.12  167.07
 237.39  186.49
 237.42  172.92
 237.43  179.26
 237.93  178.80
 238.39  152.08
 238.98  197.80
 239.57   59.57
 239.63  161.04
 240.37  221.62
 240.47  116.68
 240.88  105.67
 241.33  164.35
 241.73   36.37
 242.24  183.65
 242.91  168.88
 243.08  210.04
 243.36  124.96
 244.17  115.28
 244.18  186.59
 244.43  173.83
 244.51   49.57
 244.59   63.49
 245.34   41.41
 245.50  217.45
 245.65  221.34
 245.72   38.67
 245.77  160.60
 246.37  130.70
 246.56  241.55
 246.66   44.98
 246.84  198.84
 247.17  168.36
 247.41   97.19
 247.46  183.06
 247.62   60.86
 247.87   93.91
 247.99   64.64
 248.27  157.95
 248.39  173.29
 248.88  113.24
 249.26  233.23
 249.36  241.88
 249.65   53.76
