   7.52  224.41
  11.93  120.41
  11.95  234.93
  11.98  227.96
  12.12  235.85
  13.49   35.24
  14.84  123.98
  15.30  225.32
  15.91   84.06
  15.92  132.14
  16.34  218.19
  19.30  235.55
  21.04  204.60
  22.17  100.49
  22.45  231.76
  23.76  108.81
  25.83  194.51
  27.58   85.56
  28.09  230.71
  28.40  131.60
  32.49  106.33
  34.69   45.89
  35.43  222.66
  35.44  222.50
  35.97  118.14
  36.44   89.56
  36.55   61.96
  37.77  209.30
  38.18  225.19
  38.27   63.80
  38.40  128.19
  38.71   50.20
  39.84  205.22
  39.98  205.34
  40.49  201.19
  40.57  112.20
  40.82  241.00
  41.38  194.48
  42.60   33.90
  43.53  179.88
  43.92   76.35
  44.10  170.38
  44.51   83.63
  44.57   56.40
  45.16  192.14
  45.24  243.05
  45.62   21.66
  47.94  152.20
  48.36  141.67
  49.47  124.00
  49.54  187.13
  50.42  235.05
  52.47   45.39
  52.72  132.55
  53.10  113.37
  54.39  182.98
  54.69   70.47
  56.55  132.05
  56.60  169.79
  60.53  126.45
  61.02  177.87
  61.61  138.89
  64.09   34.28
  64.48  130.40
  64.84   87.63
  65.01  190.17
  65.04   87.78
  65.06  151.91
  65.64   71.83
  66.61  243.86
  66.92  132.17
  67.18   56.75
  67.92  193.02
  67.93  239.63
  68.01  137.54
  68.79  161.13
  69.04  120.30
  70.23  157.07
  70.67  175.66
  71.80  233.97
  73.43  162.33
  73.65  183.08
  73.77   74.64
  73.86   18.91
  77.03  128.55
  77.35  175.62
  78.01  116.79
  79.34  110.43
  79.46   83.67
  80.10  244.11
  80.24  192.22
  80.30  133.19
  81.71   92.83
  81.77   56.90
  82.71  128.65
  82.72   91.64
  82.76   62.06
  82.96  188.20
  83.12  178.63
  83.22  164.20
  83.79   88.66
  84.28  171.60
  85.13  101.63
  85.24   83.54
  85.26  149.22
  85.99   49.54
  86.22  173.79
  86.93  180.57
  87.50  246.13
  87.51  135.74
  88.49  178.08
  89.13  154.60
  89.65  177.98
  90.26  161.82
  90.79  165.73
  92.04  130.87
  93.12  127.04
  93.74   68.33
  93.87  190.48
  95.42  100.63
  96.24  116.97
  96.86  247.30
  97.05  138.04
  97.32  145.18
  97.48   15.64
  99.02  170.33
 103.05  238.90
 103.07  125.31
 103.16  196.08
 103.20  235.99
 105.24  232.85
 105.51  120.45
 106.36   97.17
 107.53  190.22
 107.72  247.08
 108.02   20.70
 108.15   93.10
 109.33  149.58
 109.78  182.52
 112.66  194.41
 113.70   67.23
 113.94   88.70
 114.46  192.66
 114.60   52.75
 116.05   83.57
 116.13  112.65
 116.23   98.24
 117.37   69.63
 118.74   52.09
 119.87  168.35
 120.34  152.35
 122.12  204.07
 124.65  162.16
 124.83  165.42
 125.43  221.44
 125.70  131.66
 126.69   98.25
 128.29  139.72
 128.31   95.60
 129.93  145.82
 131.09  182.09
 132.67   57.33
 133.25  168.60
 133.52   12.40
 134.16  205.80
 134.65   72.48
 134.88  210.59
 134.90  185.55
 135.03   79.43
 135.17  135.57
 136.23  103.91
 136.40  202.28
 136.51  121.73
 137.49   91.82
 138.14   65.69
 138.41   23.05
 138.92  222.15
 141.59  228.55
 142.03  239.60
 143.36  218.87
 143.95  225.02
 144.62  234.99
 144.90  164.60
 145.09   65.94
 145.94  141.10
 146.95  214.95
 147.76  201.97
 148.04  190.39
 149.49  144.71
 149.85  116.96
 149.96  236.16
 150.00   62.57
 150.05  153.18
 151.23  213.11
 151.49  209.97
 152.27  115.08
 152.67  131.08
 153.03  224.38
 153.04  199.14
 153.78  133.15
 156.10   56.10
 156.12  153.20
 156.20   46.14
 156.56   42.48
 156.86  195.01
 157.55   40.47
 157.68  231.36
 158.25   84.24
 158.61  209.90
 159.49   46.40
 159.57  152.12
 160.71   80.54
 160.80   32.85
 161.49   65.31
 161.53  144.54
 161.76  128.12
 162.07  140.07
 162.09   55.73
 162.21  123.73
 162.29  195.96
 162.39  116.36
 162.75  126.23
 162.77   36.24
 162.85  243.59
 163.66  132.64
 163.71  130.13
 163.93  148.43
 164.25   86.41
 165.38   80.14
 165.59  114.57
 166.13  150.90
 166.20   44.13
 166.69  166.66
 166.73  154.83
 167.07   40.90
 167.41  128.43
 167.58   80.77
 168.06  162.51
 168.56  159.32
 169.29   85.52
 169.67   44.99
 169.71  135.89
 169.86   96.23
 169.97  119.65
 169.97  119.64
 170.19  228.51
 170.25   39.54
 171.04   27.52
 171.30  152.41
 171.30   90.48
 171.38   63.58
 171.48  133.43
 171.56  168.03
 172.32  172.59
 172.33   50.24
 172.84  140.87
 172.89  126.27
 173.25  161.36
 173.26   80.73
 173.28   59.53
 173.64  156.60
 173.84  136.03
 174.81   46.06
 175.40   83.45
 175.57  152.12
 175.78   55.45
 175.82  124.57
 175.87  180.82
 177.30  113.47
 177.51   49.49
 177.98  213.95
 178.21   61.65
 178.75   89.97
 178.88    6.88
 178.99  150.36
 179.27  132.26
 179.94   54.91
 180.47   23.18
 180.79  135.64
 181.21  179.34
 181.92  100.64
 181.97   83.76
 182.52   25.61
 183.17  168.17
 183.39   82.96
 183.45   46.27
 183.74   32.41
 184.47   64.88
 184.55   37.60
 185.03   88.06
 185.80  138.65
 185.98   28.50
 186.46  174.17
 186.55   83.43
 186.88   95.07
 187.01   48.66
 187.18   92.20
 187.46  129.53
 187.77  140.93
 187.81  179.11
 187.90  146.55
 188.43   60.55
 189.00   68.25
 189.73  208.23
 189.86  167.93
 189.92  107.81
 189.95  182.27
 190.08  148.80
 191.24    7.16
 191.43  210.86
 191.81   26.04
 192.31  145.54
 192.32  154.79
 192.85   14.77
 193.36  203.81
 193.56  141.38
 194.34   25.72
 194.42   54.68
 194.86  144.42
 195.65  196.02
 195.95  195.20
 196.76   37.39
 197.10  152.99
 197.55  181.47
 198.19   74.08
 198.28  138.83
 198.28   77.49
 198.36   24.11
 198.40   40.49
 198.53  182.01
 198.60  198.39
 198.69  158.43
 199.15  190.92
 199.26   43.43
 199.37   65.83
 201.18  195.03
 201.20   58.39
 201.37   91.57
 202.23  140.36
 202.31   20.94
 202.98   23.79
 203.09  119.27
 203.12  131.34
 203.15  168.06
 203.23  135.68
 203.66  117.45
 204.34   16.46
 205.05  144.13
 205.80   40.90
 206.05  156.62
 206.09  200.76
 206.11   73.63
 206.40   11.83
 206.51   56.29
 206.74  129.04
 206.98  132.76
 207.21  147.11
 208.88   27.11
 209.80  113.22
 210.20   72.27
 210.21   29.70
 211.00   42.19
 211.31   11.57
 211.41   40.95
 211.79  186.06
 212.46   76.01
 212.59  146.56
 213.74  121.67
 213.96  125.91
 214.05   61.68
 214.69   61.77
 214.78  159.20
 215.14  116.99
 215.32   36.83
 215.34  195.66
 215.37  129.18
 215.74  180.71
 215.76  185.97
 215.86   57.53
 215.97   99.85
 216.13   99.58
 216.28   54.67
 216.35  156.05
 216.53    9.75
 216.94  119.48
 217.36  104.62
 218.16   80.60
 218.41  186.42
 218.43  175.70
 218.58  137.36
 219.15   23.15
 219.39  134.20
 219.74   69.75
 220.05  170.49
 220.12   28.69
 220.58   45.86
 221.68  129.51
 222.31   64.99
 222.53  137.87
 222.63   32.93
 223.12   54.14
 223.14  178.55
 223.25   60.18
 223.79  134.49
 224.05   94.80
 225.44  148.73
 225.50   82.54
 226.11   59.41
 226.15  169.38
 226.34   80.67
 226.70  104.54
 227.13  116.99
 227.25  109.58
 227.27   22.51
 227.50  134.15
 228.21   39.97
 228.34  120.39
 228.44  134.04
 228.51   24.47
 229.11  141.47
 229.24  125.52
 230.17   70.28
 230.40   59.35
 230.89  177.01
 231.11  159.12
 231.36  173.83
 231.58   12.83
 232.23  133.33
 233.08  171.60
 233.08  103.58
 233.17   68.52
 233.18  153.36
 233.96   47.24
 234.08  157.47
 234.79  138.02
 234.93  167.53
 235.41  165.41
 235.49  207.52
 235.51   50.00
 235.77   43.45
 236.25  222.51
 236.29  116.93
 236.32  185.42
 237.03   80.72
 237.27  104.90
 237.35  181.43
 239.18  142.99
 239.49   57.24
 240.13   35.61
 240.14  155.39
 241.55   52.21
 242.21   39.70
 242.89  202.51
 243.44  150.48
 243.54   54.31
 243.64  102.19
 243.69  198.54
 244.99   93.51
 246.22   97.73
 247.55  100.78
 249.21  188.51
