   6.95  185.70
   7.40   23.18
   7.51  167.86
   7.77  236.04
   8.54  212.33
   8.57  241.76
   9.02   40.83
   9.18  129.20
   9.25   90.12
   9.79  189.50
   9.94  164.31
  10.01  123.80
  10.78   37.93
  11.27  227.29
  11.64  115.94
  11.67   96.98
  12.75  163.07
  12.96  215.27
  12.99   40.52
  13.33  140.40
  13.56   48.94
  13.62  131.18
  13.73  191.95
  14.09   94.00
  14.13   98.75
  14.26  124.38
  15.05   55.30
  15.35  151.68
  15.38  241.57
  15.96  205.57
  16.42   40.56
  16.57  109.02
  16.72   52.12
  16.95   98.04
  16.98   94.47
  17.65  127.77
  17.98  133.60
  18.14  193.74
  19.00  104.71
  19.51  228.63
  20.04  216.59
  20.27  221.80
  21.03   89.19
  21.44  198.23
  21.72  190.70
  21.75  113.33
  22.00  105.88
  22.01  101.56
  23.34   18.72
  23.62  213.68
  23.69   91.71
  23.73   52.91
  23.91   72.27
  23.97  218.15
  24.03  132.86
  24.04  127.89
  25.35  190.12
  25.62   80.14
  25.63  235.50
  26.27  135.42
  26.54  216.10
  26.71  241.08
  26.76  219.29
  27.78  116.36
  28.72   74.34
  28.74   46.73
  28.92  150.27
  28.96  237.81
  28.96   92.70
  29.33   81.70
  29.38  105.66
  29.64   85.02
  29.89  117.03
  29.96  140.31
  30.89  221.74
  31.11  105.72
  31.31  102.57
  32.96  108.26
  33.18  225.03
  33.28  101.40
  33.29   13.07
  33.37  142.37
  33.38   92.33
  34.11  114.27
  35.20  120.92
  35.27  110.27
  35.52  135.16
  35.98  104.08
  36.02  150.99
  36.92   68.75
  37.54  187.66
  37.56  131.44
  38.01  142.28
  38.07  122.97
  38.24  202.14
  38.44  107.57
  39.81  215.26
  39.86   63.76
  39.88   77.70
  40.31  119.63
  40.95  126.75
  41.57  147.94
  42.13  238.41
  42.68  114.56
  42.73   63.28
  42.88  110.60
  43.09   97.51
  43.55  138.76
  43.89  145.44
  44.26   88.50
  44.26  196.69
  44.69  117.21
  44.85  135.39
  44.98  207.98
  45.16  130.26
  45.34   33.65
  45.48   85.87
  45.57  114.12
  45.64  123.70
  45.91  206.53
  45.95  109.06
  46.12  100.75
  46.54  149.36
  46.75   70.19
  46.76  210.90
  46.77   97.78
  47.14  230.21
  47.68  114.77
  47.76  143.97
  47.87  127.71
  48.31   49.66
  48.46  134.28
  48.58  140.45
  48.61   33.07
  49.51   20.74
  50.35  209.26
  50.60  114.01
  50.63   97.31
  50.79  110.17
  50.82   81.97
  50.89   77.92
  51.39  215.29
  51.71  103.02
  51.84   77.04
  51.84  123.62
  52.52   20.01
  53.14  226.57
  53.24  168.31
  53.46   79.51
  53.54  171.96
  53.56   26.47
  53.78   25.73
  53.86  202.28
  54.20   17.10
  54.38  141.11
  54.46   86.06
  55.00  217.59
  56.07  130.60
  56.17  230.01
  56.69   79.76
  57.17   14.44
  58.03  173.83
  58.33   90.02
  58.73   58.30
  58.97  176.92
  59.20  125.93
  59.40   11.87
  59.57  129.14
  59.59  167.01
  60.00  228.79
  60.02  112.45
  60.16  219.81
  60.27   87.38
  60.31  157.05
  60.89   66.14
  61.04  195.43
  61.06   69.10
  61.42  244.00
  61.87  115.29
  62.54   26.43
  62.99  163.16
  63.32  133.32
  63.45   45.77
  63.51  128.06
  63.61  110.40
  63.78   80.71
  64.24   70.39
  64.87  139.04
  65.09  215.05
  65.57  131.10
  66.29   31.16
  67.10  233.21
  67.46  121.95
  67.50   44.78
  68.23  140.15
  68.45  164.08
  68.63  229.81
  68.75  174.22
  69.28  236.70
  69.67  185.33
  69.73  112.83
  70.19  213.62
  71.07  110.65
  71.38   56.58
  71.49  154.70
  71.97   35.21
  72.22  232.87
  72.31  238.37
  72.48  215.64
  73.03  192.39
  73.08  196.67
  73.08    6.88
  73.34  240.50
  73.50  218.46
  73.87  224.82
  74.56   20.39
  74.71  221.32
  75.63  122.40
  76.13  125.05
  76.75  217.23
  76.87   86.38
  77.25   96.95
  77.83  224.32
  77.93  139.51
  78.05   13.89
  78.18   10.03
  78.19  158.37
  78.41   65.68
  78.92  145.71
  79.50  120.53
  80.24   25.25
  80.35   27.93
  80.51  167.51
  80.78  117.32
  81.24  135.41
  81.26  220.39
  81.36   15.91
  81.91  200.29
  82.41   68.02
  82.62  145.76
  82.73  190.01
  82.79   20.21
  82.84  137.91
  83.13  230.60
  83.66  115.84
  83.86   91.45
  84.01  198.31
  84.10  193.70
  84.45   17.58
  84.58  220.07
  85.31   23.57
  85.43  125.06
  85.55  143.41
  85.57  185.59
  85.96  211.47
  86.18  172.08
  86.28  237.77
  86.37   11.77
  86.47  157.78
  86.60  168.21
  86.62  196.61
  86.67  150.48
  87.47  104.42
  87.79   70.72
  88.19   82.60
  88.23   91.59
  88.40  131.77
  89.14  119.95
  89.18  241.49
  89.23   25.27
  89.45  123.55
  89.60  167.15
  90.36  158.53
  90.80  150.09
  90.94   15.03
  91.58  139.77
  91.64   34.17
  91.72   30.74
  91.91  221.12
  91.91  114.72
  91.94  133.20
  92.17  118.09
  92.51   27.92
  92.64  100.45
  92.67  148.77
  94.07   20.04
  94.16   14.23
  95.15  114.40
  95.31   78.35
  95.68   83.34
  95.74  181.39
  96.20   17.49
  96.66  207.69
  96.86  149.70
  97.99  152.79
  98.21  124.45
  98.41  221.19
  98.67  127.07
  99.01  242.96
  99.04  212.86
  99.09   78.21
  99.10   89.35
  99.28   49.14
  99.32  177.86
 100.23  173.57
 100.39  191.69
 100.76  246.15
 101.01  106.65
 101.70  156.24
 102.13  184.22
 102.26  206.60
 102.46  196.15
 102.70  137.37
 102.71  131.38
 102.98  199.30
 103.68   47.90
 104.00  105.96
 104.51  166.95
 105.35   40.14
 105.61  193.64
 106.15  222.00
 106.74   82.13
 106.80  204.95
 106.94  168.68
 107.19   79.10
 107.25  216.62
 107.47  196.72
 107.52  123.41
 107.52  225.53
 107.69  232.32
 107.84   85.92
 108.96  157.06
 109.03   45.81
 109.08   25.05
 109.13  149.69
 109.18  227.99
 109.19   42.91
 109.26  238.43
 109.35  207.93
 110.42  163.39
 111.35    9.92
 111.56   26.91
 112.59  204.95
 112.65   90.70
 113.14   43.30
 113.30  125.71
 113.39  190.54
 113.56  207.97
 113.85  144.20
 114.07  113.76
 114.49  174.58
 114.61  114.98
 114.67  150.74
 114.75   28.21
 114.79  216.94
 115.13  108.21
 115.15   47.70
 115.30   66.72
 115.41  170.37
 115.66   84.22
 116.40  167.08
 116.56   59.80
 116.71  208.70
 116.90  152.34
 117.17   25.14
 117.99   48.86
 118.30   54.00
 118.58   95.45
 118.81  108.33
 119.06   28.19
 119.39   62.19
 119.40  209.82
 119.52   98.26
 119.52  241.39
 120.00   19.46
 120.24   65.87
 120.65   12.47
 121.31   71.78
 121.90   74.70
 122.27  231.26
 122.84   97.38
 123.09   68.86
 123.35  247.65
 124.04   87.23
 124.09   48.10
 124.28   89.75
 124.57   56.47
 125.16  152.69
 126.27  205.16
 127.14  167.66
 127.16   79.86
 127.63   54.45
 128.38  208.41
 129.28  101.09
 129.52    9.16
 129.74  216.02
 129.76   86.72
 130.53  244.28
 130.58  179.04
 131.27  145.74
 131.31  130.20
 131.43  154.25
 131.90  210.25
 131.97  209.76
 132.52  205.37
 132.94  120.47
 132.99  149.24
 135.93  147.36
 136.54  221.25
 137.98  212.53
 138.33  198.58
 138.36  105.50
 139.93   66.02
 141.11  176.63
 141.15  244.55
 141.54   43.24
 141.55   13.89
 142.83  240.30
 143.35   37.10
 144.02  145.21
 145.13   66.04
 145.88  103.91
 145.93    9.03
 145.97  133.48
 146.05  186.78
 147.20  247.15
 147.45   91.69
 147.56  190.26
 147.60  166.27
 148.16  196.69
 148.66  202.44
 148.90  249.30
 150.67   20.80
 150.71  191.84
 151.09  152.98
 151.49  240.50
 152.88  217.98
 153.25  236.54
 153.27   22.35
 153.49    8.82
 155.06  141.91
 155.20  152.35
 155.56  239.07
 159.45  160.94
 160.10  248.52
 160.35  141.38
 160.83  115.47
 160.90  126.42
 162.45   14.49
 162.46  126.36
 162.73    9.28
 163.03  233.46
 163.07  117.63
 163.55  121.46
 163.71  140.36
 165.48   86.04
 165.89  100.72
 166.31  105.44
 166.60   56.28
 167.00  249.51
 167.15  113.66
 167.37  146.45
 168.11  211.61
 168.17  107.73
 168.74  237.36
 169.21   59.18
 170.89  126.00
 171.01  145.57
 171.03  139.58
 171.37  136.31
 171.61  209.15
 171.65  193.01
 171.80  199.94
 172.68  216.90
 173.26  113.11
 173.60  126.42
 173.67  146.44
 173.74  228.72
 174.08  140.25
 174.75  236.26
 174.81  193.22
 175.47  117.65
 176.98  160.91
 178.36  232.89
 178.67  246.27
 178.97  238.58
 179.23  115.03
 180.14  164.27
 180.56  193.32
 180.74  130.23
 180.96   67.56
 181.47  196.43
 181.62  183.07
 182.53  177.89
 182.78   70.00
 182.91  122.27
 183.05  118.59
 183.23   11.36
 183.45  198.91
 184.74  196.07
 185.98  249.70
 186.09  161.33
 186.63  239.29
 187.43  119.22
 188.28  122.80
 189.65  189.11
 189.96   55.09
 190.87  238.05
 191.89   52.61
 192.57  113.40
 192.81  106.58
 194.73  246.48
 194.93   51.58
 195.25   84.20
 195.27   39.22
 195.65   43.35
 196.39   32.94
 196.45  151.74
 196.87  243.36
 196.91   25.56
 199.33  100.53
 199.40   54.53
 199.64  221.67
 199.79  176.91
 200.05  124.11
 200.13  152.87
 200.24   51.50
 200.85  192.69
 201.96   19.00
 203.41  241.93
 205.71  105.06
 208.82  168.58
 209.46   37.31
 209.64  243.64
 210.82  123.27
 211.49   89.68
 211.99  173.49
 212.56   92.94
 212.59  197.66
 212.65  164.46
 216.21    8.82
 216.56  225.86
 217.22  155.76
 217.74  229.97
 218.27  243.72
 219.37  157.97
 219.67  184.85
 219.82   92.10
 221.23   79.82
 221.48  182.89
 222.06  110.23
 222.14   44.16
 224.71  229.26
 224.97   43.25
 225.16  188.76
 226.80  155.16
 226.87   10.99
 227.20  227.41
 227.46   68.08
 228.19  242.08
 228.41  170.42
 228.74  217.62
 229.50  245.51
 229.86  129.85
 229.92    8.80
 230.15  152.43
 231.49  188.03
 233.39  177.69
 233.49  106.01
 233.58  205.75
 233.69   88.41
 234.58  162.51
 234.69    8.31
 234.79  174.48
 235.07  135.99
 235.57   90.87
 235.93   85.17
 236.11  146.05
 236.50  168.11
 236.95  171.37
 238.15  121.53
 238.51   92.44
 238.79  219.11
 238.96   80.45
 239.34  163.76
 239.58  207.11
 239.66  143.16
 240.43  212.92
 240.75  187.55
 241.24  210.79
 241.28  148.89
 241.56  200.88
 242.24   53.69
 242.31   80.01
 242.64  179.33
 242.92  172.05
 243.19  197.75
 243.30  189.73
 243.60  135.94
 243.78  235.96
 243.79  217.44
 243.91  231.95
 244.41  211.79
 245.49  200.61
 246.08   67.67
 246.43  195.83
 246.53  214.22
 246.67  237.47
 246.81   81.55
 247.04   12.43
 247.83   89.42
 249.16  119.36
