   9.10   42.56
  11.26   14.57
  11.33  152.56
  11.39    7.73
  12.28  119.85
  12.36   84.04
  12.72  103.28
  14.06   80.27
  15.29   69.26
  16.93   83.36
  17.53   24.87
  18.53  218.52
  19.01   28.42
  21.25   57.20
  22.55  213.49
  22.82  156.74
  24.65  120.45
  28.16  215.12
  28.20  211.77
  29.38  100.11
  29.80   27.39
  33.14  207.01
  33.62  112.52
  38.10  132.91
  38.21  152.26
  38.82  152.25
  39.42  212.21
  40.69  135.61
  49.30  211.46
  53.82  215.67
  58.76  208.80
  60.89  107.60
  63.75  202.64
  63.94  181.70
  67.89  202.94
  68.02   69.43
  68.84  194.31
  70.24  166.50
  70.91    8.98
  71.11   37.59
  72.42   40.28
  73.23   53.23
  73.53   69.23
  74.05   97.86
  74.26  211.57
  74.85  214.70
  79.26   33.73
  79.97  193.82
  80.39  230.30
  86.14   63.35
  92.51  191.89
  93.24   47.35
  93.25  218.57
  93.40  161.02
  94.76  145.08
  95.93  182.02
  96.08  221.27
  97.64  115.27
  97.74  194.64
  98.02  215.56
 100.00  196.21
 100.20   39.93
 101.37  213.09
 102.40  198.52
 102.67  225.93
 105.72  200.83
 106.03   51.23
 106.24   46.86
 106.50   73.07
 108.94   69.88
 110.68  169.41
 112.28  102.26
 112.48   71.57
 112.52  166.30
 112.67  162.93
 112.68  152.48
 115.22   73.88
 118.63   97.18
 121.24  109.76
 121.61   62.88
 121.69  176.52
 121.78  209.44
 122.26  165.34
 122.28  202.83
 122.98  206.38
 124.09  109.62
 124.65  212.13
 124.65  100.90
 125.20   62.88
 126.35   66.12
 127.05   24.48
 127.59  179.26
 127.99   83.60
 128.02   80.76
 128.11   72.63
 129.78   14.42
 132.17  157.83
 132.31  226.90
 132.39  196.74
 137.43   58.58
 137.44  195.54
 139.23  243.43
 142.12   88.22
 142.64  158.70
 142.87  237.36
 143.14  196.40
 145.73   10.06
 146.34   47.31
 148.70  205.56
 149.36   47.19
 150.73   60.87
 151.68   64.02
 151.80    8.97
 151.82   60.08
 152.08  211.68
 152.46   46.27
 152.57  205.88
 152.75   55.43
 153.42  216.59
 153.47  223.47
 155.83  151.77
 156.24   58.73
 156.44  212.95
 157.09  217.89
 157.19  155.84
 160.89  216.21
 160.89  211.93
 161.15   90.21
 161.20  154.95
 162.76  100.10
 164.92   25.05
 167.51   38.49
 167.54   68.03
 168.01   29.55
 169.85   27.11
 171.23    8.93
 171.33   89.58
 171.80   56.46
 172.05   47.41
 175.92   10.42
 177.47  206.68
 178.19   32.46
 179.40   44.93
 180.40   49.17
 180.85   11.72
 181.32   14.89
 181.50  169.03
 183.75   25.22
 183.97  151.04
 185.95    7.16
 186.90   25.01
 187.01   53.75
 187.18  153.81
 188.16  197.98
 188.17   29.94
 191.36  197.53
 191.59  152.24
 191.74  148.97
 192.36  213.82
 193.61   31.61
 194.36   77.98
 195.24   95.06
 195.27  165.44
 195.97  214.77
 196.59  209.10
 197.37  195.99
 197.48  161.48
 201.53   59.63
 201.72   66.80
 201.89  217.74
 202.78  195.66
 205.49   46.58
 205.56  207.37
 207.30  139.00
 212.18  215.65
 215.81  215.90
 216.68  219.06
 217.22   14.68
 219.74   69.51
 220.22   65.98
 220.54  122.76
 221.19   54.50
 223.16   72.57
 223.68  215.25
 224.95   57.83
 225.00  220.56
 226.01   42.06
 226.28   74.30
 227.29   55.82
 230.21   43.10
 230.45   33.48
 230.54  221.07
 231.46   10.66
 231.54   37.19
 233.59   44.77
 234.33  100.04
 237.06   59.40
 237.28  152.77
 237.28   54.45
 237.62   34.58
 238.73   19.52
 240.24   30.09
 240.44   88.50
 240.75   39.44
 241.11   34.44
 243.61   31.11
 243.79   37.32
 244.64  153.09
 244.82   24.45
 246.30  213.73
 246.40   97.35
 246.98  102.50
 248.88  199.69
