   6.98   24.05
   7.63   88.27
   7.70  116.61
   8.32   67.44
   8.58  149.34
   8.71   43.83
   9.94   59.61
   9.98   23.47
  10.40  103.97
  10.56  145.34
  11.06   46.22
  11.64   69.59
  11.78  153.69
  11.91   89.35
  12.02  200.80
  12.74   35.22
  12.83   73.66
  13.12  134.74
  14.87  148.76
  14.94   32.50
  14.95  198.68
  15.20  214.62
  16.25   68.12
  16.37   22.04
  16.42  162.77
  17.12   40.09
  17.62  231.81
  17.81   71.32
  17.99  171.01
  18.43  188.37
  18.53  200.22
  18.85   34.03
  19.01   66.18
  20.14  162.44
  20.51   11.68
  20.53   36.36
  20.88  242.32
  20.99   77.25
  21.01   63.86
  21.01  249.23
  21.10  117.24
  21.27  154.79
  21.93  146.07
  22.04  140.25
  22.61   32.66
  22.69   74.61
  23.41  160.40
  24.25   23.98
  24.26   54.23
  24.27   37.39
  25.44   48.74
  25.45  166.25
  25.72   26.93
  26.28  141.20
  26.53  248.55
  27.03   10.13
  29.18  249.30
  30.00    8.29
  30.01   51.23
  31.76   68.61
  31.76  114.03
  32.11   57.92
  32.11   85.13
  32.53   24.02
  32.89  179.96
  33.17   34.94
  33.26   17.67
  33.67   40.03
  33.80   43.95
  33.97  172.47
  34.19  175.33
  34.33    8.55
  35.71  203.32
  36.06   30.90
  36.56  152.49
  36.72   41.28
  37.84   46.09
  38.29  143.58
  38.40  201.32
  38.53  220.27
  38.72   59.50
  38.87  136.92
  40.54   57.02
  41.04  225.14
  41.23  138.94
  41.46   43.70
  41.65  144.73
  42.25  190.39
  43.82   41.88
  44.56  163.80
  44.66  142.40
  45.18  107.54
  45.35   79.57
  45.69  175.91
  46.02  218.37
  46.19  245.58
  46.33  189.65
  46.89  126.24
  46.91  170.53
  47.16  166.53
  47.30  248.50
  47.50   17.66
  47.58  173.71
  48.59  186.10
  48.94  193.55
  49.64  128.09
  49.96  196.74
  50.34  202.16
  51.25  148.93
  51.43  162.29
  51.49  132.43
  51.50  174.76
  51.74   24.98
  51.74   56.91
  51.89  145.58
  52.00  239.37
  52.96   63.45
  53.00  136.52
  53.07    8.12
  53.07  114.46
  53.16   19.49
  53.21   52.26
  53.56  164.17
  53.93   94.37
  54.13  169.29
  54.84  153.00
  55.00   36.00
  55.09  174.36
  55.17  188.27
  55.21  247.25
  56.66  148.80
  57.00   47.70
  57.06  207.70
  57.32   31.11
  57.34  225.03
  57.37  106.49
  57.81   27.67
  57.94  189.65
  58.04  175.40
  58.49  161.13
  59.08  146.56
  59.14   67.71
  59.36  212.59
  59.51  172.26
  59.72   53.18
  59.77  152.86
  59.92   46.43
  60.37   34.75
  60.97   56.99
  61.91  247.16
  62.35  196.23
  62.96  215.28
  63.69  176.59
  63.96  192.54
  64.06  231.22
  64.10  236.57
  64.30   13.07
  64.92  163.81
  65.75  139.39
  65.84  179.39
  65.94   15.57
  66.00  148.10
  66.85  214.12
  68.32   10.20
  69.00   30.15
  69.04  150.07
  69.55  105.68
  72.32  214.78
  72.36   17.63
  72.52  179.53
  72.74  172.47
  72.84  167.31
  73.11  244.57
  73.38   35.61
  73.50   10.48
  73.94  158.11
  73.95   92.63
  74.07   63.47
  74.22  114.90
  74.59   28.35
  76.35   89.24
  76.61   51.25
  76.66  157.17
  77.72  125.74
  78.05  137.44
  78.23  161.45
  78.56  102.47
  78.99   95.16
  79.50  246.97
  79.59  196.70
  79.77   98.80
  79.79   53.53
  80.71  156.71
  81.12  138.73
  81.13   11.79
  81.23  100.77
  81.65  159.80
  81.77   64.26
  81.82  209.05
  82.41  131.48
  83.31  228.99
  83.35  146.92
  83.68  245.41
  83.84   42.52
  83.92   31.03
  84.09   91.29
  84.66   87.34
  84.77   47.17
  85.37   28.17
  85.78  210.70
  85.95  149.18
  85.99   63.39
  86.22  172.42
  86.73   72.90
  87.31  230.85
  87.87   36.43
  88.82   63.82
  89.77  111.97
  90.00  151.65
  90.32   51.71
  90.48   21.56
  90.86   73.77
  90.97   28.66
  91.32  114.49
  91.35   66.61
  92.76  154.69
  92.96  222.62
  93.27   21.77
  93.74  227.40
  93.80    7.71
  93.85  142.40
  94.25  137.29
  94.37   17.28
  96.51  237.66
  97.37   18.93
  97.40   43.56
  98.36   86.34
  98.37  146.00
  98.53  117.41
  98.86  231.30
 100.27   42.03
 100.96  235.38
 101.74  138.95
 101.93  231.97
 101.94  245.03
 102.19  221.03
 102.26  118.29
 102.54  204.73
 103.06   35.17
 103.34   49.71
 103.96  182.99
 104.15  170.71
 105.33  151.06
 105.81   57.69
 106.10   23.71
 106.22   28.64
 106.26   58.82
 106.66   54.10
 106.81  138.39
 106.91   33.89
 107.06   46.53
 107.12  135.20
 107.33  217.28
 107.34   50.31
 107.72   77.73
 107.90  220.20
 109.01  157.72
 109.31  137.42
 109.80   17.13
 110.49  161.66
 110.76   79.24
 111.97  157.19
 112.27   33.97
 112.40  137.74
 113.68   79.09
 114.03  221.36
 114.39  182.64
 114.76    7.75
 115.01   91.79
 116.30  122.01
 116.50   31.98
 116.53  114.29
 116.86   19.99
 117.18  200.55
 117.34   16.70
 117.55  239.18
 117.71  177.98
 118.06   62.52
 118.08  246.95
 118.46  111.68
 119.95   18.91
 120.14  236.98
 120.37   65.24
 120.58   22.11
 120.61  189.20
 120.62  160.57
 121.16   27.13
 121.27  224.28
 121.73   78.54
 122.55  228.93
 122.71   51.20
 122.88  206.07
 123.39  183.40
 123.60   80.95
 124.17  193.55
 124.33  195.12
 124.67   60.65
 124.71   25.29
 124.97  217.36
 125.69  221.37
 125.75  131.68
 126.30  168.90
 126.77   50.17
 126.86  165.34
 126.94  213.93
 127.90   27.53
 128.19  237.21
 128.44  228.93
 128.63  178.03
 129.82  169.34
 130.39   39.65
 131.12   48.16
 132.11   28.59
 132.26  194.54
 132.89   37.91
 133.05   51.97
 133.19  164.40
 133.23   86.31
 133.42  245.86
 133.87  159.01
 133.98   45.45
 135.04  127.27
 135.64  134.44
 136.41   35.55
 137.39   46.79
 138.13   68.47
 138.40   38.94
 138.61   29.68
 138.97  109.38
 138.99  163.62
 139.20  188.19
 139.76   65.74
 140.06  249.55
 140.37   32.40
 140.44   77.32
 140.58  112.13
 140.71   59.13
 140.91   48.67
 140.99  106.96
 141.80  118.53
 141.97   92.26
 143.06   80.99
 143.39   84.32
 143.84   48.41
 144.66   27.72
 144.73  130.72
 145.15   87.71
 145.28   68.91
 145.61   77.91
 145.83  247.62
 146.03   33.49
 146.06   52.86
 146.43   73.81
 146.80  120.79
 147.75   86.61
 148.38  204.66
 148.73  107.32
 148.91   48.50
 149.25   62.28
 149.26   58.57
 149.58  123.62
 150.21   84.75
 151.90   56.85
 152.01   81.64
 154.02  137.03
 154.43   67.58
 154.79   63.70
 156.19  123.59
 156.30   98.75
 157.47  139.22
 157.48  139.71
 158.27  110.73
 159.36  100.56
 160.24  116.29
 160.77   82.18
 161.12  130.95
 162.12  111.58
 162.29   12.46
 163.49  114.80
 164.38  132.01
 164.48  171.49
 164.88  237.25
 165.53  188.92
 165.80  134.75
 165.96   86.32
 166.05  164.80
 166.83  112.65
 167.53  171.55
 168.45  190.72
 169.50  147.82
 169.55   94.39
 169.66  131.30
 169.98  164.76
 170.55  188.28
 170.86  139.94
 171.23  124.22
 171.46  111.83
 171.62  116.83
 172.50  120.20
 173.03  203.92
 174.63  128.27
 175.19  121.86
 176.67  164.36
 176.77  142.29
 178.39  131.25
 178.99  166.47
 181.02  122.58
 181.54  128.70
 181.56  125.75
 181.93  225.50
 182.37  201.30
 182.98  210.88
 185.13   21.53
 185.57  115.27
 186.47  178.26
 187.56  175.61
 187.65  237.32
 189.14  239.80
 189.38  131.09
 190.55  208.83
 190.59  161.78
 191.45   42.51
 191.52  244.77
 192.25  249.00
 193.28  151.24
 194.45   73.11
 194.83  194.09
 195.00  219.37
 195.03  207.46
 197.14   68.93
 197.53   73.05
 197.65  122.90
 199.54  132.62
 200.48  100.70
 201.00  118.66
 201.01  123.86
 202.67   98.26
 202.75  132.62
 202.86   65.79
 202.93   35.87
 203.07   51.85
 203.26  136.07
 203.52   24.74
 203.85  180.05
 204.10   47.63
 204.30   33.34
 204.65  104.47
 205.00   75.07
 205.20  190.12
 205.29   78.91
 205.48  167.95
 205.50  145.11
 206.02   59.36
 207.05  113.54
 207.35  215.94
 207.71  173.09
 208.24  244.26
 208.55   77.97
 208.86   51.17
 209.27   55.94
 209.28   75.03
 209.43  103.39
 209.60  187.75
 210.56  125.46
 210.59  215.55
 210.82  100.48
 211.65  156.34
 212.05  117.00
 212.94  195.42
 215.73  176.07
 215.96  178.81
 216.22   44.25
 216.27  165.11
 216.35  230.97
 216.96  136.38
 217.15  213.62
 217.55  144.99
 217.69  247.39
 217.71  173.59
 218.69  240.05
 219.59  164.68
 220.67  149.72
 223.32  124.38
 223.59   64.75
 224.16  184.74
 224.33  120.76
 224.45  172.89
 224.57  195.52
 225.20  212.05
 225.63  141.92
 225.76   44.33
 225.85   60.65
 226.53   65.72
 226.56  164.54
 227.30  153.92
 228.70   92.00
 228.95  165.28
 229.87   94.82
 230.29  140.24
 230.35  169.37
 231.66   47.35
 232.84  191.09
 234.68   44.65
 234.70  178.11
 235.37  192.03
 235.87  168.90
 236.25  180.52
 237.08   32.79
 237.33   33.66
 238.31  210.80
 238.98  154.24
 239.63   34.97
 240.31   42.89
 240.35   39.75
 242.94  138.17
 243.37   48.22
 244.21  191.01
 244.44  230.30
 244.56   70.78
 244.60  140.99
 244.69  186.86
 245.15  177.07
 247.11  227.71
 248.06   40.30
 248.30  224.50
 248.68  231.35
