   7.41  174.14
   7.43  222.71
   7.79   67.72
   8.59  153.63
   8.62   10.69
   8.67  147.16
   9.19   83.57
  10.75   24.45
  10.78  197.38
  10.90  155.75
  10.91  215.25
  11.00  127.73
  11.25    9.15
  11.76  115.44
  12.15   69.96
  12.33  164.57
  12.64   49.00
  12.75   33.54
  13.25  129.92
  13.34   20.68
  13.57  119.38
  14.34   38.21
  14.72  177.43
  15.73  226.74
  16.55   19.67
  16.72  196.94
  17.63   35.56
  17.69  137.41
  17.88   68.36
  17.88   40.91
  18.93  103.05
  19.22  113.43
  19.84  184.98
  19.87   94.58
  20.27  172.46
  20.40   35.78
  20.55  219.70
  20.61   87.66
  20.65  168.53
  20.75  116.05
  20.87  139.57
  21.11  132.86
  21.38  136.24
  21.49  129.34
  21.63  159.16
  21.70   84.56
  22.78   37.58
  23.30  236.28
  23.37  102.80
  24.15  230.93
  24.60  125.73
  24.64   34.13
  24.83  128.70
  26.01  147.33
  26.02  241.33
  26.03  184.77
  26.29  158.43
  26.30  154.13
  26.67  208.64
  27.16   93.20
  27.34  221.52
  27.39  126.43
  27.71  165.61
  27.89   22.60
  30.00  100.00
  30.06  247.54
  30.34  138.73
  31.32  107.64
  31.34   34.71
  31.41   67.64
  31.54  131.43
  32.51   79.91
  32.60  200.04
  33.11   97.70
  34.19  137.18
  34.63  152.42
  34.85  217.31
  35.28  197.27
  35.38  226.52
  35.99  130.80
  36.28  240.67
  36.59  154.57
  37.33  223.36
  37.43  234.70
  37.44  105.62
  37.72  150.87
  37.98  117.63
  38.31  207.18
  38.52  164.51
  38.59  168.48
  38.71  159.09
  38.84  130.98
  38.85   35.76
  39.27  210.49
  39.41   75.87
  39.47   75.48
  39.60   19.26
  39.64  181.11
  39.72  120.83
  39.76  220.27
  39.76  153.25
  40.52  236.43
  40.60   11.21
  41.12  129.79
  41.45   84.45
  41.49   38.49
  41.86  154.89
  42.55  100.71
  42.57  158.04
  42.69   24.93
  43.36   45.66
  43.72  193.75
  44.00  149.41
  44.07  113.04
  44.17  195.19
  44.19  120.84
  44.36  129.52
  44.82   78.42
  44.90  202.37
  45.24  218.59
  45.41  222.06
  45.52   83.55
  45.56  150.16
  45.75  144.66
  45.76  100.74
  45.76  126.88
  45.87  228.37
  45.96  242.14
  46.40   97.06
  46.60  119.03
  46.70   50.09
  46.83  168.40
  46.89   10.36
  47.97  153.92
  48.40  210.02
  48.41  207.06
  48.54   70.46
  48.98   93.21
  49.17  147.64
  49.28   95.90
  49.41  170.51
  50.30  189.32
  50.53  218.88
  50.69    8.08
  51.06  155.51
  51.54  119.22
  51.66  130.64
  51.78   13.77
  51.79  231.31
  52.41  216.23
  52.81  121.52
  52.97   81.14
  53.67   22.82
  53.72  158.62
  54.02  183.50
  54.43  151.25
  54.76  169.27
  55.25  193.22
  55.75  114.26
  55.87  190.85
  56.05  212.86
  56.26  154.53
  56.74  108.28
  57.01  182.88
  57.05   61.81
  57.06   98.88
  57.14  127.45
  57.27  137.24
  57.45  197.74
  57.65   64.44
  57.73  134.28
  57.77  173.49
  57.82  144.59
  57.93  227.61
  58.46  194.56
  58.52  185.82
  58.62   39.61
  59.26  201.59
  59.34  219.71
  59.49  119.48
  59.52  114.01
  59.64  211.88
  60.03  223.04
  60.11   18.94
  60.13  204.45
  60.20  155.83
  60.90  233.06
  61.23   12.26
  61.27  208.05
  61.38   18.25
  61.43  175.65
  61.56  185.53
  61.58  151.80
  61.60  247.84
  61.62   88.20
  61.67  216.53
  62.40  236.18
  63.50  224.66
  63.62  117.31
  63.75   81.01
  63.82   88.28
  63.95  125.36
  64.51  165.83
  65.17  195.01
  65.32  108.13
  65.39  132.67
  65.51  175.69
  65.67  109.75
  66.05   17.45
  66.24   39.16
  66.37  153.68
  66.42  170.04
  66.81  142.06
  66.91  177.61
  66.96   24.18
  67.11  210.95
  67.26  249.26
  67.57   86.77
  67.64   58.31
  67.85  173.78
  68.12  105.18
  68.22   29.67
  68.25   98.51
  68.28  245.66
  68.32  129.39
  68.45   95.82
  68.73  206.72
  68.77   11.69
  69.03   14.94
  69.05   89.86
  69.68  241.58
  69.75  214.45
  70.19   64.70
  70.32   61.35
  70.42   45.38
  70.57  124.47
  71.01  116.07
  71.23  169.16
  71.41   93.58
  72.10  127.31
  72.26  157.21
  72.43   76.89
  72.55   13.33
  72.64  179.16
  72.76  123.79
  72.76   90.34
  72.84  146.71
  72.98  131.11
  73.21  167.15
  74.33  215.16
  74.45  153.37
  74.54  204.24
  74.67  104.30
  74.68  134.11
  74.71   84.01
  74.79  172.07
  75.30  235.65
  75.42   67.39
  75.52  217.75
  75.92   59.11
  76.03  220.33
  76.54  144.27
  77.02   39.48
  77.19  206.88
  77.65  166.72
  77.65  174.21
  77.66  135.78
  77.76  126.71
  77.81   83.61
  77.92  155.59
  77.97  158.34
  78.00  223.97
  78.06  158.78
  78.25   45.38
  78.28  213.83
  78.45   78.26
  78.45   91.51
  78.71  237.51
  79.97  169.59
  80.27   88.30
  80.65  193.96
  80.87  216.00
  80.88  180.46
  81.09  138.79
  81.12  224.36
  81.20  140.11
  81.48  234.70
  82.06  109.22
  82.29  136.28
  82.41   90.16
  82.44   68.36
  82.89  164.36
  83.07  185.97
  83.41  198.10
  83.49   78.08
  83.53    7.90
  83.91  113.50
  84.24  237.51
  84.46  207.02
  84.54   52.59
  84.64  134.71
  84.87  114.99
  85.05  216.39
  85.26  190.31
  85.31   62.63
  85.41  151.34
  85.53   23.73
  85.54  155.46
  85.64   97.64
  86.65   57.90
  86.84  138.45
  87.08   42.19
  87.89   17.24
  87.97  206.45
  88.09   11.46
  88.61  233.69
  88.76   63.93
  89.28   23.27
  89.75  221.54
  89.77  123.40
  90.02  145.00
  90.86  242.56
  90.99   84.42
  91.67  157.23
  91.68  118.10
  92.03  104.33
  92.78  147.36
  92.83  150.75
  93.52  100.72
  93.71  169.14
  93.73    9.60
  94.67  195.07
  94.93  209.71
  95.76   53.01
  95.81   91.02
  95.89  163.10
  96.01   12.63
  96.07   72.13
  96.08   17.25
  96.28  237.08
  96.84  134.90
  96.95   25.74
  96.98   75.20
  97.77  197.87
  97.77  114.72
  97.90  234.49
  97.96  227.33
  97.99   58.33
  98.18  191.57
  98.22  223.53
  98.63  219.05
  98.64  233.72
  98.88  128.87
  99.16  209.91
  99.57   69.45
  99.71   96.94
  99.96  118.18
 100.96  172.42
 101.04  123.96
 101.38  185.51
 101.56  176.95
 101.86  169.09
 102.24   40.88
 102.35  180.41
 102.61   27.08
 102.81  215.67
 103.42  151.82
 103.62  126.10
 103.65  151.04
 103.77   51.26
 103.80  107.91
 104.00  113.43
 104.16  163.19
 104.18  229.83
 104.27  233.98
 104.57   85.26
 104.66   80.40
 104.93  183.43
 104.96  138.93
 105.16  205.48
 105.33  189.82
 105.39  218.82
 105.61   70.30
 105.77  193.06
 106.12  183.47
 106.12  196.19
 106.13   27.53
 106.26  160.65
 106.40  136.01
 106.99  174.31
 107.01  151.61
 107.61  200.64
 107.77  124.39
 107.87   83.43
 107.95  100.05
 108.46  205.47
 108.47   70.50
 109.09  240.09
 109.12  146.13
 109.24  160.51
 109.34  174.34
 109.52  102.79
 109.66  198.08
 109.84  139.64
 109.91  106.34
 110.01  120.51
 110.81  178.10
 111.95   86.97
 112.09  185.22
 112.56  182.36
 112.68  123.18
 112.86  195.60
 113.01  145.50
 113.25  108.67
 113.29  161.96
 113.57  141.29
 113.63  112.35
 114.06   72.47
 114.08   84.48
 114.21   90.77
 114.58   58.10
 114.76  248.33
 115.20  125.93
 115.51  138.46
 115.54  206.62
 115.60   48.72
 116.32  236.02
 116.48  181.64
 117.07  231.48
 117.20  202.17
 117.23  158.66
 117.28  194.63
 117.38   19.45
 117.93  120.68
 118.02  161.76
 118.05   42.70
 118.07  178.49
 118.11  154.12
 118.16  186.90
 118.33   60.11
 118.45   81.93
 118.71   14.69
 118.98   45.57
 119.41   57.23
 119.41  212.37
 119.43   38.95
 119.73  240.94
 119.80   53.47
 119.83  196.89
 120.08  226.55
 120.14   96.06
 120.43  172.66
 120.55   73.38
 120.59  103.68
 120.74  193.18
 121.03   44.10
 121.16  245.64
 121.25   80.73
 121.34   99.71
 121.51  236.93
 121.70  157.64
 121.71  163.35
 121.97  108.86
 122.26   13.03
 122.37   70.24
 122.59  242.92
 122.97  138.94
 123.28  140.46
 123.42  198.17
 123.60  134.52
 123.61   26.12
 124.05   10.02
 124.25   36.80
 124.45  172.18
 124.48   98.70
 124.55   39.58
 124.94   90.65
 125.04  233.64
 125.20  121.80
 125.25   52.08
 125.53   15.70
 125.57   88.48
 125.66  202.71
 125.67  164.62
 125.94   73.56
 126.24  140.52
 126.36  165.19
 126.47   66.30
 126.66   69.05
 126.84  215.78
 126.99   12.65
 127.03  128.30
 127.42  190.13
 127.64  224.51
 127.80   56.95
 127.85   76.90
 127.98   99.92
 128.48  211.53
 128.67  158.53
 129.06   38.69
 129.28  119.17
 129.51   95.47
 129.59  115.26
 129.62  220.22
 129.90  147.69
 130.06   41.92
 130.46  248.87
 130.54  169.84
 130.58   73.92
 130.61  233.33
 130.81  153.78
 131.04   20.62
 131.06  204.96
 131.20  110.36
 131.27  240.11
 131.40   85.20
 131.51  201.76
 131.83    9.62
 132.10   59.44
 132.68  143.86
 132.84  126.58
 133.07   24.04
 133.16   82.71
 133.28  141.08
 133.51  247.75
 134.60  201.07
 134.93  192.45
 135.04   11.36
 135.91  115.53
 135.91  159.21
 136.28  217.03
 136.35   39.55
 136.57  103.76
 136.65  140.97
 137.09  119.55
 137.24   14.29
 137.45  137.23
 137.56  129.89
 137.63  229.26
 137.72  190.49
 138.01  165.89
 138.10  247.65
 138.24  183.75
 138.36  157.01
 138.71  113.51
 139.05  107.49
 139.12  116.77
 139.27   37.66
 139.53  225.81
 140.14   24.35
 140.41   77.57
 140.51  143.36
 140.77  126.05
 140.90  165.13
 140.99   17.68
 141.10   27.58
 141.24  174.54
 141.53  134.54
 142.07  100.50
 142.41  145.59
 142.51  106.78
 142.54  178.59
 143.81   76.59
 143.87   57.97
 144.04  167.87
 144.53  209.70
 144.54   78.63
 144.83   32.46
 144.96  156.92
 145.06  190.99
 145.12   98.31
 145.29   92.20
 145.40  147.26
 145.46   85.39
 145.47  161.67
 145.50  226.04
 145.66  160.69
 146.23   99.06
 146.76  126.93
 146.87  198.11
 147.29  186.84
 147.41   51.56
 147.50   76.37
 147.66   61.77
 147.69  208.84
 147.71   36.38
 148.51  144.61
 148.89  102.31
 148.98  205.35
 148.98  245.28
 149.00  156.26
 149.05   88.97
 149.06   69.26
 149.07  139.27
 149.12  228.46
 149.16  160.12
 149.62  152.24
 149.95   71.70
 150.02  142.08
 150.20   63.49
 150.29  168.71
 150.64  128.61
 150.91   77.50
 152.22  160.95
 152.24  206.18
 152.39  121.75
 152.55  105.56
 152.59   21.00
 152.83  134.51
 152.83  126.44
 153.01  174.06
 153.02  131.08
 153.07  219.02
 153.10  149.66
 153.52  100.14
 153.57  241.18
 153.64   10.42
 154.00  238.32
 154.42  246.58
 154.55  123.55
 154.56   32.89
 154.74  185.16
 154.94   37.53
 155.22   26.26
 155.59  128.84
 155.71  234.98
 156.42  214.32
 156.69  149.76
 156.72  157.74
 156.73   86.59
 156.81  231.50
 156.92  121.40
 157.01  228.52
 157.31  210.37
 157.46  229.76
 157.50  222.68
 157.75   42.49
 158.00  197.77
 158.10   92.62
 158.21  127.50
 158.53  204.27
 158.54   39.08
 158.54  152.93
 158.92  181.42
 159.31   49.65
 159.36  200.55
 159.52  190.33
 160.00   45.67
 160.09  221.33
 160.20   52.63
 160.21  106.40
 160.48  186.98
 160.59   97.88
 160.89  124.12
 160.89  157.71
 160.98  193.98
 161.04   94.54
 161.17  147.91
 161.54  151.13
 161.87   34.34
 161.98  213.19
 161.99  227.88
 162.20  101.71
 163.00  107.70
 163.38  231.96
 163.53  129.61
 163.56  170.63
 163.64  216.92
 163.78  135.09
 163.83   82.68
 164.23  157.86
 164.29  226.14
 164.49  177.92
 164.56  104.88
 165.02  209.53
 165.47  183.59
 165.94  201.50
 165.95   50.58
 165.97  212.60
 166.34  229.06
 166.37  239.56
 166.45  121.14
 166.64  164.62
 166.76  158.50
 167.00   97.54
 167.01   78.52
 167.07   41.91
 167.29  224.97
 167.32  187.18
 167.46   72.28
 168.12  118.03
 168.48  199.78
 168.55  164.85
 168.75  219.67
 168.95   75.64
 168.97  211.95
 169.28  189.23
 169.35   68.17
 169.58  160.84
 170.66   56.36
 170.78  134.00
 171.10  162.78
 171.25  204.91
 172.10   43.63
 172.33   86.04
 172.35   69.54
 172.73  215.31
 172.90   91.68
 172.92   20.34
 173.30   57.99
 173.37   52.04
 173.44  210.47
 173.44  120.51
 173.45   82.57
 173.80  156.28
 174.02  164.63
 174.39   64.17
 175.97  182.23
 176.06  106.34
 176.53  187.08
 176.71  194.56
 176.97   75.61
 177.30  200.75
 177.57   62.12
 177.61   82.57
 177.75   50.90
 177.87  160.11
 177.94  208.14
 177.98  191.36
 178.20  139.75
 178.24  203.74
 178.30  215.62
 178.49  119.41
 178.80   87.16
 179.24   43.29
 179.33  150.07
 179.61  185.59
 179.69   80.10
 180.00  147.46
 180.32   35.27
 180.36  139.95
 180.50  220.91
 180.90   72.86
 181.13  195.30
 181.32  170.11
 181.44   84.53
 181.48  205.18
 181.96  145.01
 182.46   39.10
 182.65   50.40
 182.68  123.61
 183.01  201.12
 183.04  188.16
 183.07   19.47
 183.29   96.78
 183.47   67.04
 183.84  167.98
 183.91   77.18
 183.94  210.24
 184.29   81.45
 184.29   35.45
 184.54   69.16
 184.54  114.84
 184.60  218.17
 184.67  190.76
 184.86  107.65
 185.12  156.45
 185.31  116.83
 185.39  144.75
 185.41   99.65
 185.46  205.10
 185.61  166.02
 185.62  103.44
 185.98   60.44
 186.18  231.61
 186.37   18.73
 186.55  149.97
 186.58  215.18
 186.62   67.37
 186.80  180.62
 186.84  211.85
 186.99  184.81
 187.20   29.88
 187.61   24.25
 188.04  112.04
 188.26   71.22
 188.61  146.04
 188.94  191.04
 189.13   73.33
 189.20   76.86
 189.21   99.90
 189.30  226.92
 189.88   66.96
 190.64   40.07
 191.19  138.38
 192.06  205.79
 192.07   76.48
 192.27  183.26
 192.30  226.41
 192.69  224.01
 193.27  121.75
 193.27  193.65
 193.30  189.92
 193.30  170.07
 193.73  158.54
 193.99   18.57
 194.34  173.28
 194.52   69.11
 194.70  238.06
 194.71   91.51
 195.04   29.98
 195.63  123.83
 195.79  232.88
 195.87   78.12
 196.24   35.43
 196.32   45.95
 196.47  154.59
 196.62   24.42
 196.72  167.64
 197.28  179.80
 197.49   82.31
 197.76  189.65
 197.94  126.60
 198.34  241.44
 198.54   88.43
 198.86  206.08
 199.09  182.50
 199.34   11.81
 199.41  114.65
 199.45   96.18
 199.73  169.59
 199.90  230.47
 199.91  189.87
 200.01   68.07
 200.21  217.62
 200.29   81.68
 200.54  138.76
 200.63  162.87
 200.70  210.20
 201.00   64.32
 201.16  221.40
 201.44  128.41
 201.58  147.98
 201.61   78.61
 201.69  212.35
 201.82  215.36
 201.87  155.68
 201.88  151.65
 202.50   96.69
 202.50   45.27
 202.72   40.88
 203.18  233.10
 203.32  183.91
 203.47  100.70
 203.54  133.28
 204.42  157.97
 204.62  216.25
 204.67   75.29
 204.82   21.37
 205.04  186.02
 205.39   67.11
 207.00   53.21
 207.42  102.36
 207.46   12.81
 208.03  181.43
 208.39  115.76
 208.54  105.64
 208.55  217.04
 208.95  215.00
 209.27  176.73
 209.49  222.18
 209.59  167.89
 210.07   78.11
 210.09   76.13
 210.56   36.82
 210.62   68.40
 210.69  157.07
 211.10  242.49
 211.58  163.46
 211.61   57.70
 211.69  126.80
 211.80   90.65
 212.65  201.85
 212.73  154.65
 212.80  245.35
 212.85   53.93
 212.93  175.77
 212.99  191.68
 213.20   83.04
 213.34   66.51
 213.41   20.50
 214.07  114.24
 214.09  195.00
 214.18  125.08
 214.71  238.10
 215.13  229.91
 215.29  109.02
 215.33  204.21
 215.43   35.69
 215.50   17.91
 215.53   39.76
 215.58  244.07
 215.77   57.46
 215.83   32.08
 215.83   68.14
 215.89  169.43
 216.02  222.08
 216.07   88.85
 216.25  150.29
 216.88   85.15
 216.88   86.20
 217.47  121.88
 217.83   98.75
 218.07  218.54
 218.61  134.63
 218.85   52.07
 218.86   28.21
 218.93   48.60
 219.01   28.36
 219.03  215.72
 219.46   20.76
 219.69  209.88
 219.90   89.32
 220.41  112.91
 220.44  246.10
 220.46   74.36
 220.74  158.61
 221.43  219.35
 221.58   29.32
 222.59   76.53
 223.11   81.53
 223.43  205.82
 223.52   31.88
 223.61    7.15
 223.73   72.66
 223.77  135.91
 224.05  112.48
 224.11   26.62
 224.12  217.78
 224.49  214.59
 224.70   62.00
 224.90   78.41
 225.06  115.94
 225.48    9.96
 225.61   97.15
 225.80  236.86
 226.27   74.86
 226.38  124.32
 226.88  140.85
 226.88  200.70
 226.89   19.15
 227.79   66.28
 227.82   58.14
 228.00   13.85
 228.17   89.71
 229.17   75.80
 229.26  104.97
 229.34   72.46
 229.63  185.78
 229.93   34.94
 230.10   39.09
 230.40  161.06
 231.50  190.84
 231.54   96.98
 231.55  223.26
 231.83  218.97
 231.90   74.56
 231.95  210.22
 232.10  111.15
 232.58   91.13
 232.86  134.44
 233.06  214.56
 233.08   58.36
 233.32  122.08
 233.34   33.72
 233.47   61.96
 233.70  162.75
 233.79  224.28
 233.84   66.35
 233.89  143.58
 233.97   13.83
 234.46  243.95
 234.52   27.69
 234.83  125.92
 235.05  166.35
 235.27  149.46
 236.04  182.66
 236.33    7.75
 236.75  101.53
 236.82   29.90
 237.40   47.92
 237.43   52.02
 237.53  169.81
 238.13   44.05
 238.18  247.47
 239.03   22.03
 239.08  184.99
 239.95  195.86
 241.06   33.90
 241.14  182.03
 241.18  188.18
 241.47  141.30
 241.60   20.39
 241.93  217.86
 242.07  181.80
 242.34  193.45
 242.37  113.73
 242.53  104.57
 242.66   37.18
 243.04   24.79
 243.08   84.23
 243.21  129.11
 243.68  100.32
 244.27   29.66
 244.27  162.93
 244.92   95.13
 245.15  118.95
 245.32  169.85
 245.56   59.63
 245.71  238.26
 245.99  103.32
 246.08   64.28
 246.36   98.55
 246.39   71.52
 246.91   32.43
 247.44  109.92
 247.54  218.41
 247.56   16.70
 249.03  188.62
 249.28  116.28
 249.29   99.19
 249.38  204.75
 249.41  223.90
 249.82   19.72
