  12.82   82.30
  13.01   33.37
  13.87  203.13
  14.21  114.87
  15.24  231.68
  15.95   48.32
  16.24  164.50
  16.60  140.86
  17.43  100.87
  18.17  227.09
  20.04  106.78
  20.20   13.78
  22.58  204.95
  22.84   67.20
  24.12  143.75
  24.23  108.34
  25.30  177.26
  25.63  217.08
  25.63   53.48
  27.33  124.48
  29.03  211.56
  30.10  176.66
  30.19  151.35
  30.28  201.48
  31.60  161.35
  32.50  193.54
  32.52  209.08
  32.54  111.45
  32.93   58.28
  34.00  237.18
  34.90   36.22
  36.41   38.96
  36.87   79.48
  37.03  242.60
  38.23  214.85
  38.60  148.54
  39.17  197.19
  39.78  175.04
  40.02   45.61
  40.97  191.67
  41.27  137.98
  41.63   53.60
  42.61  227.73
  43.42  203.93
  43.45   79.44
  43.58  192.95
  43.95  116.42
  44.02   95.10
  44.30  240.98
  44.33   98.68
  44.46  154.33
  45.79  124.36
  46.03  120.34
  46.65  229.41
  46.96  192.95
  47.05   24.81
  47.69   70.10
  48.29  178.92
  49.00   96.64
  49.03  108.24
  49.10   85.72
  50.52   40.25
  50.54  205.91
  50.81  199.69
  50.92   41.19
  51.33   22.29
  51.55   30.32
  53.30  181.38
  53.39  189.74
  54.29  182.39
  54.35  202.39
  54.63  113.26
  54.93  195.85
  55.51  218.15
  55.56   27.07
  55.74   90.62
  55.91  220.32
  56.89   77.50
  57.38  144.60
  57.72  164.33
  58.20   59.22
  58.57   10.98
  58.61  111.67
  58.81   82.67
  60.03  217.05
  60.16   37.88
  60.31   69.01
  60.33   36.01
  60.60  171.27
  60.91   59.11
  61.01   52.43
  61.03  104.21
  61.62  110.89
  61.71  231.45
  61.96   80.17
  62.10   97.51
  62.12   84.77
  62.56  166.03
  62.72   49.69
  62.82  144.20
  62.95   18.57
  63.37   55.04
  63.74   90.60
  64.63  157.09
  65.33  134.25
  65.33  109.58
  65.93   78.53
  66.26  223.36
  66.50   84.54
  66.84  201.64
  67.46   94.42
  68.95  108.08
  69.13   37.79
  69.53  131.80
  69.65  137.99
  69.84  202.45
  70.23  202.40
  70.26  112.67
  71.09   40.72
  71.62  102.98
  71.80  187.25
  71.84   74.11
  72.01  155.07
  72.81  206.65
  72.90  152.64
  73.22   81.06
  73.34   52.34
  73.62   37.54
  73.72  243.99
  73.76  118.93
  74.33  198.95
  75.71   69.44
  76.51  231.29
  76.81   45.76
  77.92  192.29
  78.05  136.07
  78.50  109.63
  78.54  198.34
  78.81  121.36
  78.98  115.86
  79.47  144.62
  79.51  184.18
  80.36  150.11
  80.51   84.66
  80.76  173.67
  81.32   46.05
  81.45  102.03
  81.65  224.58
  81.96  190.42
  82.93   89.08
  83.31   25.97
  83.37  192.33
  84.18   99.35
  84.74  161.79
  84.96  131.62
  85.63   28.76
  85.66  195.50
  85.79  149.24
  85.93  113.61
  86.27   67.91
  86.87  221.78
  87.38  140.29
  87.60  212.66
  87.61   46.70
  88.17   84.65
  88.53   12.66
  88.78   36.47
  89.02  117.08
  89.20  134.98
  89.28  165.42
  89.40  196.03
  89.61  180.43
  89.94  145.16
  90.05   59.78
  90.27   32.02
  91.48  222.89
  91.71   20.10
  92.25  159.11
  92.36  126.21
  92.53   45.46
  92.53   87.54
  92.60   69.34
  93.01   78.86
  93.18   50.82
  93.28   15.90
  93.37   77.47
  93.49  114.07
  93.79  101.49
  93.88   98.44
  93.92  116.79
  94.13  194.90
  94.61  135.51
  94.81   43.51
  95.26   63.67
  95.35  213.11
  95.76  206.94
  96.08   68.28
  96.25  178.54
  96.27  178.45
  96.33  149.57
  96.47   87.54
  96.58   39.08
  96.92  240.11
  97.10  234.93
  97.40  240.93
  98.60  227.42
  99.06  137.97
  99.07  206.23
  99.11  122.29
  99.72   73.87
  99.76  208.59
  99.78  232.97
  99.82   21.06
  99.92  215.24
 100.23  163.51
 100.44   37.31
 101.75  181.00
 101.89  216.24
 102.22   33.73
 102.29  101.08
 102.31  237.32
 102.54  144.02
 102.87   63.50
 103.30   21.35
 104.10   98.87
 104.37  155.60
 104.46  123.27
 104.59  195.71
 104.74  150.51
 105.15   90.96
 105.17   17.69
 105.87  129.59
 106.22  221.82
 106.64  203.87
 106.81  138.28
 107.34   60.27
 107.64  167.49
 108.20  125.18
 108.40  200.86
 108.77  159.57
 108.80  151.39
 109.20  110.50
 109.73   36.89
 109.92  119.97
 110.03  106.50
 110.43  163.03
 110.95   28.68
 111.15  199.72
 112.06  131.74
 112.18  189.98
 112.33  175.04
 112.35  212.69
 112.61  143.91
 112.93  125.77
 112.98   28.75
 114.34  247.32
 114.55   68.17
 114.85   23.32
 115.30   96.86
 115.52  134.74
 115.93   35.75
 116.16  204.09
 116.61   69.48
 116.82  176.57
 117.07  158.10
 117.51  171.52
 118.01  197.53
 118.08  203.75
 118.22  109.05
 118.48   58.92
 118.87  221.22
 119.07   71.84
 120.51  157.90
 120.76  222.72
 121.11  101.22
 122.91   69.44
 122.95  198.51
 123.19  198.80
 123.96   63.57
 125.44   71.48
 125.92   66.59
 125.99  188.09
 126.29   88.19
 126.57  135.11
 126.92  132.66
 127.08  230.84
 127.09   82.22
 127.14  245.58
 127.81  142.07
 127.93  129.74
 128.20  148.84
 128.69   46.70
 128.77   12.90
 129.25  105.06
 129.36  167.57
 129.84  163.25
 129.88  169.98
 130.31  111.09
 130.40   17.79
 131.45  194.12
 131.62   49.66
 132.49  223.60
 133.35  131.20
 133.76  237.08
 133.93  102.91
 134.11   65.59
 134.19  138.35
 135.11  205.25
 135.87  196.30
 137.64   53.08
 137.81   60.10
 138.11  144.44
 138.18  216.45
 138.26  209.54
 138.33   73.02
 139.37  201.73
 139.37  196.51
 139.86  228.96
 139.95  109.67
 140.07  101.80
 140.19  181.33
 140.62  213.98
 141.00  224.51
 141.37  219.70
 141.56  138.93
 141.68  129.41
 141.86  147.61
 142.46  144.88
 142.47  235.65
 142.56   35.42
 143.10  122.58
 143.61   55.96
 144.11   65.59
 145.26  224.65
 145.50   50.57
 145.78   18.69
 146.02  114.06
 146.06  235.33
 148.15  198.01
 148.74  108.43
 148.78  137.39
 149.23   33.53
 149.53   72.57
 150.47  138.23
 150.50  199.81
 152.43  227.37
 153.00   25.18
 153.36   48.83
 153.51   19.93
 153.66   29.62
 155.73  244.02
 156.00    8.82
 156.02  152.88
 156.63  174.70
 156.66   32.12
 157.32   96.66
 157.57  145.24
 158.28  194.63
 158.43  237.97
 158.72   67.71
 159.23   62.24
 159.31   91.93
 159.43  186.90
 159.52  208.42
 159.81   16.25
 160.24  143.10
 160.27  210.12
 160.29  124.05
 160.29  134.23
 160.71  196.04
 161.11  236.36
 161.28   84.37
 161.46  182.38
 162.76  226.43
 163.15   62.71
 163.56   83.04
 163.65   59.19
 163.71  175.85
 163.94  154.12
 164.00   88.07
 164.87  150.92
 164.88   37.78
 165.21  232.02
 165.68  166.41
 165.97  159.43
 166.50  129.01
 166.97  197.09
 167.01  132.22
 167.04  137.87
 167.45  113.99
 168.13  174.16
 168.16  227.64
 168.29   52.71
 168.45  161.09
 168.88   11.21
 169.03   56.67
 169.88  205.42
 169.98   83.27
 170.32   39.18
 170.52  108.43
 171.37  202.68
 171.57  149.90
 171.97   35.39
 172.54  134.98
 172.92  141.18
 173.68  177.38
 174.01  198.11
 174.19   65.42
 174.20  109.63
 174.55   19.90
 174.57   27.53
 174.83  184.51
 175.05   58.68
 176.02   40.67
 176.44  116.83
 176.47  137.68
 177.38   53.89
 177.78   89.92
 177.93   62.14
 178.26  210.51
 178.53  227.11
 180.65  121.59
 180.95  222.15
 181.29   90.69
 181.93  144.42
 181.97  113.69
 182.14  103.89
 182.14  216.83
 182.32   69.45
 182.35  103.92
 182.60  208.62
 182.81   64.96
 183.13  219.23
 183.40  180.98
 183.68  127.62
 184.05   17.45
 184.06   56.93
 184.47  221.43
 185.36  146.07
 185.58  124.95
 186.04  135.06
 186.12  116.47
 186.24   42.22
 186.34  207.07
 186.52  176.16
 186.67   22.06
 188.19  116.41
 188.49  218.89
 188.50   91.03
 189.03  148.26
 189.20  178.77
 189.56   20.92
 189.71  121.59
 189.79   71.29
 190.49  241.94
 191.08  204.94
 191.47  112.70
 191.51  194.70
 191.55  226.45
 191.64  162.63
 192.12  125.26
 192.23  185.41
 193.91  172.44
 195.10  131.11
 195.17   21.91
 195.50  213.79
 196.50   61.82
 196.70  225.02
 197.18  203.92
 197.51   77.17
 197.66  216.80
 197.70   43.13
 198.69   99.55
 198.95  185.33
 199.08  157.46
 199.94  206.98
 200.93  131.60
 201.71  197.20
 202.04   73.67
 202.28  226.61
 202.46  148.41
 202.86  240.46
 203.06  168.77
 203.08  223.22
 204.18   94.56
 204.52   12.57
 204.58  183.86
 204.80   52.07
 205.67  100.90
 206.00  223.43
 206.41  150.97
 206.70  157.98
 206.98  195.63
 207.26  147.86
 207.28  206.48
 207.68  116.39
 208.10  233.05
 208.44  192.27
 208.63  230.91
 208.95   60.26
 209.10  175.46
 209.71  117.87
 210.71   99.47
 210.77  183.86
 211.25   83.57
 212.03   35.93
 212.07  202.43
 213.01  111.34
 213.28  118.70
 213.46  170.28
 213.89  202.26
 214.26  189.67
 214.32   80.18
 214.71  247.76
 215.02   20.43
 215.04  187.09
 215.75  241.94
 215.91  232.68
 215.91   89.21
 215.97  175.93
 216.21   66.73
 217.04  126.94
 217.34  133.25
 217.41   69.02
 217.85  106.02
 217.96   39.71
 218.19  180.34
 218.88  227.45
 218.89  143.22
 219.03  200.39
 219.05  200.22
 219.40  151.63
 219.71  190.20
 220.20  210.19
 220.26  114.26
 220.67  238.94
 221.38   51.66
 221.59   92.03
 221.60  219.48
 221.61  236.68
 222.09  177.76
 222.85   56.84
 223.20  154.10
 223.43   38.86
 223.51  226.41
 223.72  119.41
 223.93  145.02
 224.51  213.42
 224.71  239.78
 224.97  242.85
 225.38   65.67
 225.38  192.10
 225.59   59.14
 226.07   79.54
 226.18  232.00
 226.32  247.72
 226.42  124.60
 227.38  156.25
 227.82   97.53
 227.94  141.14
 228.29    7.13
 228.50  118.80
 228.61   39.19
 229.45  188.90
 229.54   58.79
 229.61  114.36
 230.11  221.43
 231.06   70.70
 231.08   98.02
 232.05  118.61
 232.64   65.08
 233.19  202.69
 233.29   60.67
 233.43  147.95
 233.62  155.63
 234.65  243.65
 234.89  210.63
 238.37   65.74
 238.59   59.16
 238.65  226.55
 238.94  242.67
 239.97  160.81
 240.33  246.91
 240.59  101.36
 241.26   36.76
 241.76  206.94
 241.88  140.28
 242.11   76.78
 242.67   49.70
 242.97  114.49
 243.93   65.89
 244.57  159.86
 244.57  197.36
 244.58   97.28
 246.03  204.13
 246.86  224.52
 247.66   99.61
 247.84  242.70
 249.61  197.70
