   8.15   72.92
   9.20  229.86
   9.59  181.47
  10.12   61.28
  10.74   57.85
  10.91   65.47
  11.04  184.89
  11.21  223.99
  11.40   85.52
  12.56  164.65
  12.94  176.99
  13.12  193.13
  13.32   32.24
  14.00  205.84
  14.29   54.66
  14.88  230.74
  15.57  161.33
  15.73  164.95
  16.16   65.74
  16.44  192.47
  16.60  249.52
  17.28   57.39
  17.28  234.62
  17.36  209.67
  17.89  196.33
  17.93   30.05
  18.12  207.73
  19.13  220.67
  20.37  192.52
  20.45  186.86
  21.25   47.98
  21.34   55.02
  21.64   52.36
  22.17   85.15
  22.24  179.61
  22.29  222.55
  22.62   30.10
  22.68  161.45
  22.98   34.56
  23.51  156.74
  23.68  232.07
  23.73  149.47
  24.02  184.42
  24.49   50.61
  25.49  164.23
  25.70  134.41
  25.95  197.39
  25.97  215.45
  28.07  113.95
  28.20   10.53
  28.49  110.53
  28.53  147.49
  28.89  212.03
  29.20  162.82
  29.69  192.63
  29.96  231.84
  29.99  219.37
  30.16  102.34
  30.27  141.45
  30.42   97.85
  30.49  172.75
  31.12  167.92
  31.31  120.74
  31.42  113.09
  31.64  205.47
  31.72  147.12
  31.94   26.96
  32.23  227.47
  32.40  199.26
  32.51  139.63
  32.72  131.41
  32.99  178.84
  33.21  133.23
  33.94  153.33
  34.55  145.56
  34.68  169.72
  35.13   89.73
  36.00   49.82
  36.23  230.78
  36.75  194.64
  36.76  246.35
  36.80  179.08
  36.96  129.39
  37.18   70.45
  37.28  151.54
  38.46  249.68
  39.16  217.36
  39.19   81.26
  39.89  143.98
  40.70   53.96
  42.24  161.34
  42.46  205.27
  42.52  232.22
  42.77   47.03
  43.42  137.10
  43.67   25.78
  44.67  207.37
  45.47  171.00
  45.73   10.87
  45.99  236.66
  46.28   28.11
  46.34   90.97
  47.07   46.17
  48.79   56.63
  49.06  123.42
  49.26  144.27
  49.36  233.28
  50.40  136.52
  50.86  217.28
  51.15  124.46
  51.77   49.39
  52.11   30.62
  52.26  171.39
  52.42  108.34
  52.57   80.30
  52.62   56.81
  52.89  192.22
  53.57  170.56
  54.23  214.42
  54.36   25.35
  54.61   60.83
  55.06   29.80
  55.12  170.01
  56.39   32.90
  56.45  136.87
  56.77   31.88
  57.40  210.84
  57.56   49.05
  58.40   46.54
  59.34  126.18
  59.88   15.49
  59.96  101.03
  61.18   37.14
  61.61  107.47
  61.75   42.82
  62.12   96.01
  62.18  169.11
  62.62   52.10
  63.30  176.50
  63.33   29.31
  64.12  219.32
  65.27   30.37
  65.45  103.75
  67.67  240.82
  69.68   69.49
  69.88   38.46
  70.28   87.67
  70.46  230.00
  70.53  126.34
  71.27   45.49
  71.93  173.56
  72.81   21.44
  73.52   13.42
  76.39  178.04
  76.71  141.03
  78.45  229.16
  79.41  179.54
  79.60  101.85
  79.89  171.00
  80.01   27.86
  81.58   73.11
  81.65   11.35
  82.52  230.11
  83.20  181.16
  83.53  219.70
  83.62  180.59
  84.03  180.27
  84.07   34.16
  84.11   57.27
  84.32  177.24
  84.65   16.46
  84.77  124.99
  86.26   54.85
  86.32  121.70
  86.43   78.87
  86.62  118.64
  86.74   73.21
  86.85   72.95
  86.88   84.18
  87.29   54.96
  88.51   70.83
  89.47   19.66
  90.47   32.50
  90.53  176.65
  91.02  184.38
  92.04  110.75
  92.58  237.78
  92.96  187.57
  93.04  153.92
  93.15    8.73
  93.21   77.82
  93.55   79.50
  95.68  161.03
  95.99   71.49
  96.46  203.06
  96.54  225.43
  96.63  229.98
  97.13   13.61
  97.19  107.45
  97.38  173.26
  97.45   21.16
  97.79  216.14
  97.90  182.15
  97.99   40.87
  98.06  164.53
  98.17  174.87
  98.50  219.16
  98.52  213.23
 100.03  148.36
 100.30  189.53
 101.18   83.50
 101.61  154.17
 101.61   74.04
 103.34  127.26
 103.85   30.31
 104.06  189.34
 104.17   11.83
 104.75  177.13
 105.34   91.05
 105.85  164.32
 105.86  210.63
 107.73  205.97
 108.61  192.35
 109.55  205.65
 109.69  225.94
 109.92  185.28
 109.98  106.86
 110.05  228.31
 110.08   75.96
 110.08   74.25
 110.38   23.92
 110.92  161.03
 111.64  237.45
 112.25  180.21
 112.59   97.54
 112.83  243.81
 113.03  167.25
 113.42   86.79
 113.52   95.06
 115.18  163.99
 115.28  180.26
 115.42  209.84
 115.42  158.33
 115.72  184.06
 115.89   80.17
 115.94  190.31
 117.31  155.15
 117.32  177.32
 117.46  213.39
 117.49  105.42
 117.94  151.66
 118.09  198.81
 118.28   31.92
 119.07  177.35
 119.45  154.93
 119.76   63.33
 120.04  184.88
 120.11  204.65
 120.21  210.23
 120.44   49.22
 120.83   31.49
 121.03   86.85
 122.17  195.74
 122.82  126.16
 122.87   18.79
 123.15   75.79
 123.17   22.08
 123.35  238.40
 123.78  183.70
 123.98   54.06
 124.46   38.56
 125.08  128.42
 125.14   32.38
 125.22   16.24
 125.23   32.32
 125.37  146.03
 125.77   57.85
 125.78  156.17
 125.96  179.16
 126.20  185.87
 126.22  194.71
 126.62  104.72
 126.75  173.95
 127.09  171.10
 127.85  203.51
 128.21  138.09
 129.09  239.78
 129.29  150.36
 129.67   64.33
 130.86   48.09
 131.02  152.61
 131.05   12.36
 132.01   82.90
 132.35  160.46
 132.51  160.29
 134.05  174.34
 134.05  182.14
 134.07   68.84
 134.38  195.40
 135.36   33.34
 135.40   72.40
 135.61  169.85
 135.95  101.09
 136.40  149.11
 136.48  149.50
 136.50  106.62
 136.55  245.02
 136.56  212.25
 136.92   47.18
 136.97  158.32
 137.55   62.29
 138.60   30.21
 138.76  169.03
 138.97  242.55
 139.10   96.47
 139.16  182.85
 139.46   72.64
 140.12  146.56
 140.23  187.49
 140.27   84.43
 140.93  165.32
 143.38  178.72
 143.53  131.53
 143.57  185.67
 143.80  190.75
 143.83  166.14
 143.95   54.12
 144.26  116.46
 144.34   27.98
 145.24  134.20
 146.00  168.06
 146.07  154.49
 146.25  172.40
 146.61  163.71
 146.68  196.83
 146.80   13.79
 147.79  105.59
 147.85  219.07
 147.94  123.45
 148.51  160.42
 148.54  168.67
 148.68   84.77
 148.77  242.36
 148.88   72.46
 148.91  180.69
 149.07  205.76
 149.26  139.00
 150.50   26.68
 151.29   58.72
 151.42   40.31
 153.06  231.82
 153.16  180.73
 153.28  226.80
 153.98  171.33
 155.55   34.68
 155.97  193.81
 156.03  163.18
 156.53  179.53
 156.77  242.33
 156.94   74.07
 157.68  111.05
 158.30  130.35
 158.53   59.03
 159.14   75.99
 159.19   21.01
 159.51   99.45
 159.90  176.83
 159.92   72.44
 160.02  171.19
 160.06  151.41
 160.08   93.28
 160.14  109.97
 160.31  232.27
 160.36  142.95
 160.47  146.20
 160.49  166.92
 160.70  206.44
 160.79   80.51
 161.03  164.42
 161.77   59.91
 162.04   56.21
 162.79   99.70
 162.93  144.36
 163.29   52.00
 163.42   72.52
 163.56  150.31
 163.67   53.50
 163.83  213.05
 163.85  206.98
 164.01   32.15
 164.12   86.82
 164.39  142.68
 164.48  199.78
 164.58   34.78
 164.72   28.90
 164.82  133.74
 164.90  172.55
 165.05  178.06
 165.17  100.64
 165.24  167.87
 166.39  150.09
 166.52  223.14
 166.64   73.14
 166.80   91.47
 166.84  148.02
 167.06   55.88
 167.17   36.65
 167.31  141.07
 167.45   59.98
 167.64  226.36
 168.05  216.43
 168.56  163.50
 169.17  203.08
 169.37  144.06
 169.38   59.10
 169.45  196.68
 169.56   65.11
 170.90   14.91
 171.02   98.57
 171.04  142.68
 171.14   85.29
 171.36   88.29
 171.56  109.90
 171.94  133.42
 172.10   72.12
 172.90  172.91
 173.08  157.00
 174.17   43.99
 174.72  143.98
 174.78   53.13
 174.93   88.93
 175.08   64.94
 175.33  100.13
 175.41  244.93
 175.86  240.80
 175.88  217.93
 176.06   61.22
 176.58  182.89
 177.55  111.99
 177.77  170.96
 177.97  140.80
 178.01   91.33
 178.10  205.87
 179.12   47.68
 179.58  220.59
 179.65   20.85
 179.81   69.88
 180.05  165.77
 180.25  108.81
 180.30  240.75
 180.62  119.13
 181.40  132.13
 182.70  116.03
 183.05  110.44
 183.07   26.75
 183.27   37.58
 183.37  127.27
 183.65   27.26
 184.98   65.07
 185.08  162.46
 185.23  243.88
 185.26  122.66
 185.62  200.44
 186.00  143.41
 186.75  134.73
 187.65  130.47
 187.69  130.57
 188.04  167.56
 188.06   37.78
 188.35   37.35
 188.67  174.00
 188.74  153.65
 189.06  180.21
 190.01   98.50
 190.15   79.10
 190.28   58.42
 190.97   44.45
 191.41   58.02
 191.54  111.53
 191.60  231.05
 191.84  120.39
 191.95  131.12
 192.85  103.15
 194.05   94.60
 194.32  155.32
 194.99   38.71
 195.80  164.53
 195.86  110.24
 195.97   55.15
 196.45   70.23
 197.57  139.04
 197.92   43.91
 198.10  112.32
 198.16  122.39
 198.51  108.03
 198.81   60.70
 199.23  123.64
 199.56  101.96
 199.58  176.23
 200.05  220.16
 200.86    9.75
 201.01  115.13
 201.28   99.20
 201.67   61.78
 201.81  230.95
 201.94  195.21
 203.48   38.93
 203.60   12.70
 203.82   50.47
 204.14   42.41
 204.57  224.09
 204.67  102.04
 204.83  234.93
 205.18  128.13
 205.20   50.97
 205.81  131.55
 206.45  155.33
 206.70  107.45
 206.80  127.37
 206.81  107.55
 206.87   87.69
 207.10   43.27
 208.15  194.78
 208.23   83.49
 208.33   24.27
 209.65   34.55
 209.74   49.26
 209.94   48.68
 209.98   42.23
 210.04  226.49
 210.07  226.43
 211.19   17.98
 211.28   96.01
 211.48   80.72
 212.14  222.99
 212.17   28.12
 212.26  127.94
 212.59   93.96
 212.73  104.50
 212.89   44.18
 213.55   21.84
 213.74  132.05
 214.24  141.43
 214.39  119.16
 214.64   16.55
 214.91  235.74
 215.19  232.03
 216.25  109.95
 216.63   29.10
 216.84   93.84
 217.78   63.02
 217.81  174.96
 218.24   52.42
 218.99   79.65
 219.44   11.35
 219.51  128.26
 219.78  241.60
 219.95   92.96
 219.99  133.90
 220.16   22.26
 220.40  191.22
 220.65   32.46
 220.80  223.64
 221.51  118.21
 221.81   69.97
 221.91   97.76
 222.16   70.71
 222.45   49.81
 222.93   73.50
 223.00   52.12
 223.01   42.63
 223.03   37.48
 223.52   89.91
 223.80  158.12
 224.34   82.21
 224.80   21.76
 225.27  199.60
 225.30   64.99
 225.71   23.69
 225.72   93.88
 225.78  151.75
 225.93  138.98
 226.03  180.16
 226.17  143.74
 226.23  239.34
 226.39   86.05
 227.36  225.02
 227.52  111.64
 227.53  232.57
 227.62   41.65
 228.52   53.53
 228.61  188.96
 228.61   76.15
 228.88   15.83
 229.53  244.95
 230.55    8.25
 230.76   44.60
 231.01  155.21
 231.05  219.59
 232.02   71.71
 232.42   70.62
 232.51   92.36
 232.74   41.68
 232.85   99.88
 232.91   20.34
 233.69  240.51
 233.75  225.44
 234.04  142.49
 234.10  131.55
 234.52   31.97
 234.75   79.48
 234.75   46.86
 234.83  109.09
 235.83   15.52
 235.91  124.40
 236.62   25.00
 236.83  136.16
 236.87   72.10
 236.95  105.04
 237.56   34.30
 238.14   74.73
 238.50  215.76
 238.71   51.65
 238.98  178.97
 239.02   58.34
 239.37   42.98
 239.44   56.08
 239.76  107.04
 240.36  124.68
 240.54   31.17
 240.96   89.31
 240.98  170.91
 241.07   88.52
 241.13  120.03
 241.40  155.58
 241.64   40.70
 242.07   77.76
 244.98   30.42
 245.05  119.89
 245.09   59.47
 245.78   24.46
 246.53   78.16
 246.75  226.62
 246.90   66.27
 247.12   20.33
 247.18  163.05
 248.84  149.91
