   7.54   67.31
   7.71   30.11
   7.90   38.07
  12.06  244.84
  13.97  139.72
  14.35   96.15
  14.53  132.20
  15.89  241.60
  16.31   11.89
  17.19  245.27
  17.25   95.79
  17.59   69.72
  19.28  206.71
  19.92  149.47
  20.05   71.05
  20.08  237.93
  20.17   78.15
  20.91  131.20
  21.67   80.34
  22.58  235.61
  26.14  148.04
  26.27  140.62
  26.89   17.50
  29.31   14.56
  31.55   76.09
  32.37   23.58
  32.42   95.12
  32.48   88.81
  33.04   19.25
  33.24   83.11
  34.73  159.48
  35.26   29.69
  35.28   22.27
  35.47  146.29
  38.39   31.71
  38.79  129.17
  39.17    7.65
  39.22  225.80
  39.72  129.31
  39.95  104.55
  41.94   29.02
  42.40  103.37
  42.92  137.64
  43.54   94.26
  44.55  232.30
  44.88   30.28
  45.71   93.45
  47.66   90.00
  47.83   26.55
  49.01   88.58
  50.40  240.12
  50.76  107.15
  51.75  103.98
  52.01  113.37
  54.27  239.01
  54.28  138.00
  54.41   90.39
  55.44  146.40
  55.88  242.64
  56.30   99.53
  58.38  245.22
  59.31  127.76
  60.24  116.87
  60.25  145.11
  60.91  133.52
  62.72  125.12
  63.61  111.20
  63.84  130.54
  64.56  127.26
  65.24  159.10
  66.11  121.49
  67.09    7.75
  67.27  100.86
  67.68  139.32
  68.56  125.57
  68.59   91.22
  69.41  142.60
  70.53  242.69
  70.62  102.72
  71.10  114.57
  71.71  246.89
  71.87   12.66
  72.22  100.17
  72.48  124.12
  75.01  136.07
  75.67    8.17
  75.99  118.32
  76.22  108.65
  76.49   14.00
  76.85   11.03
  77.15  234.12
  80.29   11.98
  80.61  121.83
  81.01  133.89
  81.14  148.02
  81.61    8.31
  82.17  138.59
  83.26  114.96
  83.64   19.38
  83.80  123.28
  84.32  155.48
  85.53   98.47
  85.81   15.44
  86.39   11.12
  86.65  112.38
  89.07  156.34
  89.32  152.34
  90.42    8.34
  90.65  164.26
  90.95  132.82
  91.67  159.22
  91.69  118.52
  91.87  103.80
  94.05  126.55
  94.32   84.78
  94.47  140.12
  95.48  108.77
  95.85   83.40
  96.02   91.94
  96.05  100.00
  96.25   99.13
  96.29   14.52
  96.87  117.03
  97.01  120.28
  97.30   97.92
  98.02  147.49
  98.79  150.26
  99.37   87.65
  99.72  120.27
  99.72   84.09
 100.21   93.11
 102.99  136.39
 103.42    7.74
 103.47   10.31
 105.25   92.73
 105.93  137.84
 106.15  142.01
 106.38    9.21
 107.80  122.05
 108.62  180.75
 109.30    8.91
 110.40  145.18
 111.50  161.04
 111.73   14.83
 112.81   22.97
 112.98  117.05
 113.08   71.55
 113.13   11.19
 113.46   17.90
 113.58  174.63
 113.75  100.05
 114.53   69.18
 117.56   21.79
 117.98   95.37
 119.27  163.48
 119.65  178.42
 120.13  155.89
 120.28  106.93
 120.29   17.24
 120.58   12.55
 120.72  172.21
 121.86   17.16
 122.69   51.55
 124.48   42.82
 124.74   63.56
 125.21   13.74
 125.49   26.90
 125.90  136.99
 126.90   64.44
 127.07   24.66
 127.13   95.04
 127.62   57.09
 128.16   81.25
 128.56  108.43
 128.59  241.08
 128.66   28.44
 128.85   17.02
 128.85  166.68
 129.29   70.73
 129.66   53.68
 130.06  105.05
 130.21  232.93
 130.34   89.28
 130.58   53.63
 130.69   78.95
 131.16   33.09
 131.17  233.50
 131.39   24.66
 132.84   17.43
 133.17   74.13
 133.53  175.15
 133.87   29.76
 134.06   92.17
 134.37  232.04
 134.86   20.75
 135.02  183.64
 135.47   55.45
 135.99   34.76
 136.67   59.96
 136.79   15.20
 136.99   24.71
 137.14  156.52
 137.77   66.28
 138.11   37.56
 138.48   46.19
 138.85   18.83
 139.55  232.72
 139.70  142.41
 139.80   40.68
 140.58   51.71
 140.83  185.30
 141.11  100.02
 141.12  178.11
 142.94   57.02
 143.64  229.64
 145.36  184.05
 146.27   84.64
 146.37   20.50
 147.62   85.83
 149.53  116.74
 149.89  213.99
 150.01   53.97
 150.67  211.05
 150.81   15.97
 151.14   16.01
 152.11   25.46
 152.16   23.06
 152.33   25.22
 153.43   63.84
 153.84  216.37
 153.97   79.75
 155.64  213.34
 157.18   72.76
 157.83   13.45
 158.55  207.03
 159.54  116.78
 160.41   87.79
 160.60   64.10
 160.64   87.76
 161.31   18.67
 162.13   30.27
 164.41   98.67
 165.72  130.25
 165.93   47.86
 165.94  160.89
 167.31   83.61
 170.19   97.18
 170.54  210.80
 170.96  246.31
 171.24   12.07
 172.39  186.12
 172.80  161.49
 172.82  140.09
 173.60  144.83
 174.19  204.02
 174.93  208.75
 175.16   60.36
 175.30  244.39
 176.17   97.00
 176.38   68.00
 176.63   64.69
 178.89  162.93
 179.03  164.36
 179.10  124.41
 179.17   41.74
 179.33  243.44
 180.00  143.54
 180.20   91.34
 180.29   70.23
 181.51  213.27
 182.57   42.84
 182.58  139.38
 184.20   88.58
 184.43  148.07
 185.45   16.43
 187.55  127.11
 188.02  208.82
 188.97  141.26
 189.46   96.78
 189.62    7.05
 190.79   16.71
 191.26   40.52
 191.63   28.73
 194.04   16.60
 194.91   77.98
 194.97  104.59
 195.35  244.16
 195.36   56.89
 196.83   21.29
 197.22   51.87
 198.53   39.26
 198.77   67.95
 198.77   99.50
 199.00   25.27
 199.42   92.28
 199.82  107.93
 200.76   32.58
 201.65  100.61
 201.71   49.02
 201.73   49.11
 202.35   40.27
 203.33   62.42
 204.28  113.28
 204.49   58.15
 206.29    9.71
 206.40   62.79
 206.59   33.39
 206.79   45.43
 207.11   19.75
 209.17  109.91
 209.61   72.87
 209.66   45.27
 209.83   40.97
 209.84  108.48
 210.07   19.02
 210.17   51.91
 210.40  115.48
 210.99  103.40
 211.10   34.68
 211.56   68.53
 211.83  119.43
 212.72  141.00
 212.83   88.28
 213.54   39.63
 214.21  103.73
 214.23  146.95
 214.73   80.91
 214.79   27.28
 215.11  137.68
 215.90   19.61
 216.09   81.74
 216.37   95.01
 216.93   32.49
 217.84   14.73
 218.60   36.59
 219.62   10.48
 219.81   25.87
 220.11   44.00
 220.38   68.90
 220.49  123.96
 221.05   27.95
 221.48   46.75
 222.47   92.33
 222.50  116.34
 222.78   11.39
 222.79  100.58
 222.83  121.54
 222.90   95.31
 223.05  110.71
 223.41   75.53
 223.43  158.07
 223.45   91.97
 223.90   20.51
 224.19   39.19
 224.52   77.01
 225.75   12.72
 226.40   18.20
 227.14   39.66
 227.50   14.24
 227.65  100.23
 227.80   22.98
 228.64   17.41
 229.36  139.88
 229.42  158.69
 230.98   39.94
 231.90  112.74
 232.94  242.47
 233.54   17.28
 234.98   14.02
 235.02   82.56
 236.15   30.29
 237.64    7.82
 237.65  115.27
 238.30   20.07
 238.42  129.35
 238.66  145.61
 238.89  155.93
 239.49  114.10
 240.07  110.72
 240.77   56.51
 240.97   98.90
 242.12   27.80
 242.28   42.04
 242.66   77.96
 243.14   20.87
 243.92   35.70
 244.61  127.06
 245.04   55.14
 245.84  137.14
 246.13   45.05
 246.57   40.37
 246.66   96.94
 247.71  187.31
