   7.23   34.87
   7.26  205.35
   7.85   98.32
  10.31  200.20
  10.71   75.05
  10.89  112.81
  11.56   84.80
  11.81  202.62
  15.36   98.35
  16.71  205.39
  17.02  108.75
  17.03  209.57
  17.04  123.33
  17.40  200.72
  18.47   48.14
  18.72  180.62
  20.67   27.20
  20.68  113.90
  21.21   60.91
  21.46  175.42
  22.02  239.61
  22.41  244.92
  23.01   97.26
  23.12   71.59
  23.67  150.33
  23.76  206.35
  24.19   24.97
  24.39   14.06
  25.28  239.94
  25.71   92.92
  26.67   17.29
  26.92  195.95
  27.44  135.08
  27.49  231.99
  28.73  126.11
  29.16  243.32
  29.73  188.66
  30.05  219.33
  30.12  208.90
  30.31  238.07
  30.32  122.77
  30.36   45.06
  31.83  226.82
  31.83  170.54
  31.96   34.01
  32.93  165.81
  33.60  162.11
  33.61  166.60
  34.37  243.83
  35.39  106.46
  35.40   10.46
  35.71   40.73
  36.10   30.77
  36.88  197.80
  37.04   72.35
  37.47  182.33
  37.49   93.68
  37.63   57.45
  37.93   99.64
  38.38  218.80
  39.20  196.30
  39.28  225.65
  39.50   85.21
  39.62  133.51
  40.46   52.60
  41.03  245.58
  41.04  235.11
  42.14  101.32
  43.19   94.24
  43.33  136.09
  43.39   79.71
  43.40   32.31
  43.88   44.30
  44.09   27.13
  44.62   18.72
  44.66  160.17
  44.71  174.29
  44.95   38.86
  45.40   50.55
  45.52  122.10
  45.87  149.15
  46.82  147.93
  47.40  207.51
  48.20   31.81
  48.27   45.16
  48.30  157.93
  48.87   51.47
  48.92   75.91
  49.01  222.62
  49.20   83.90
  49.28  140.44
  49.92   44.29
  51.97   33.63
  53.04   95.26
  53.60  240.60
  54.01   59.05
  54.03  203.70
  55.14   68.49
  55.39  124.63
  55.70  221.06
  56.27  183.83
  57.59  118.75
  57.75   90.10
  58.28   91.21
  61.05  161.22
  62.92   41.16
  62.96  204.79
  63.36   60.34
  63.55   20.14
  63.71   71.65
  64.47   84.74
  64.54  122.62
  64.71  140.83
  64.76  183.64
  65.00  214.89
  65.19  137.88
  65.90    8.43
  65.96  111.55
  66.00  225.57
  66.00  230.23
  66.04  104.31
  66.62   41.73
  66.99  128.64
  67.05   95.96
  67.21  134.28
  67.70   82.82
  68.08  144.88
  68.22   32.97
  68.99  121.55
  69.24  117.01
  69.56   61.59
  70.61  106.04
  70.67  146.97
  71.40   69.04
  71.40   55.93
  71.52  215.28
  71.96   94.19
  72.10   25.75
  72.18  145.22
  72.62  199.06
  73.15   39.95
  73.79  131.35
  73.97   29.74
  74.03  163.87
  74.57  194.09
  74.68  138.24
  75.26  247.75
  76.09  114.49
  76.45  105.21
  76.55  193.44
  76.62  148.27
  77.04   89.91
  77.27   77.09
  77.91   32.07
  78.31   68.02
  79.45   74.58
  79.70  108.14
  79.80  113.51
  80.03  142.05
  80.52  119.93
  80.71  213.11
  81.30  175.52
  81.39   41.89
  82.46  189.52
  83.48  123.42
  84.38   98.61
  85.45  126.61
  87.15   40.10
  87.49  107.04
  87.69  149.49
  88.04   62.51
  88.09   29.76
  88.11  100.38
  88.43  225.32
  88.46  218.07
  88.59  202.74
  88.78  221.10
  88.90  112.43
  88.98   48.87
  88.99   63.97
  89.19   48.78
  89.60  231.11
  89.67  133.59
  90.87  162.90
  91.30  173.37
  91.52  173.49
  91.89   53.00
  92.98  125.74
  93.19  103.36
  93.24   84.23
  93.26  105.87
  94.55  141.81
  94.99  225.36
  95.08   64.45
  95.92  117.53
  96.04  136.15
  96.45   89.39
  96.80  173.94
  96.90   35.48
  97.37  144.76
  97.45   39.54
  97.51   93.86
  98.50  127.64
  98.53  169.80
  98.54   44.64
  98.84  179.12
  99.17   29.29
  99.25   82.13
 100.02  233.09
 101.25  111.50
 101.53  123.08
 101.65  239.51
 101.66   65.19
 102.48   44.00
 102.72  151.83
 103.39  185.61
 103.92  133.53
 104.15  138.04
 104.66   48.74
 105.20   48.78
 105.43  209.52
 105.74  115.98
 106.16  152.07
 106.46  204.41
 106.70  135.86
 107.59  177.39
 107.72  222.96
 107.83   47.79
 108.67   88.70
 109.04  166.45
 109.07  247.50
 109.28  171.70
 109.39  173.70
 111.11  169.51
 111.19  113.02
 111.22  222.96
 111.40   90.32
 112.39   76.28
 112.52  230.19
 112.62   27.87
 112.83  161.56
 113.32  163.07
 113.93  205.74
 114.07  151.33
 114.35   26.08
 115.01  205.42
 115.41  136.75
 115.97   86.77
 116.15  200.30
 116.72  101.65
 116.95  230.40
 118.03   66.19
 118.05  154.47
 119.08   55.05
 119.40  132.62
 119.43  217.15
 120.80  148.55
 120.97   58.99
 121.31  229.87
 121.34  105.71
 123.37  126.70
 123.80  119.39
 123.86  175.93
 124.02  146.14
 124.20  132.02
 124.28   89.14
 124.30   22.12
 124.51  158.74
 125.08   81.23
 125.33  239.31
 125.51  141.04
 125.52  133.32
 125.94   67.40
 126.20  141.31
 126.24   51.80
 126.70  180.48
 127.12  107.92
 127.28  217.42
 128.46  111.44
 128.99  163.56
 129.33  167.27
 129.47   22.54
 129.51   78.27
 129.64   47.48
 129.76  225.63
 129.81   18.60
 130.62  149.88
 131.14   35.12
 131.59  246.19
 131.74   27.02
 132.00  195.95
 132.10  226.35
 132.27  143.08
 133.19  103.59
 133.28  202.19
 133.32   10.01
 133.52  141.27
 133.55   54.36
 133.66  171.64
 134.20  232.38
 134.75  242.00
 134.99   77.72
 135.13   44.98
 135.13  232.65
 135.56  178.26
 135.98  160.61
 136.82  135.88
 137.37  131.00
 137.51   97.29
 137.54  117.54
 138.08  244.59
 138.10  186.43
 138.27   92.68
 139.54  162.81
 140.37  151.32
 140.41    8.12
 140.46  144.38
 140.78  186.08
 141.11   25.71
 141.79  143.76
 142.11   98.75
 142.16  123.89
 142.26   40.08
 142.30  197.24
 142.31   43.37
 142.71  133.23
 142.74  186.35
 142.79   12.64
 143.11   85.28
 144.23  230.23
 144.43  116.54
 144.57  247.43
 145.86  205.12
 145.91  179.43
 146.05  192.06
 146.12  122.08
 146.74  241.54
 147.32   99.54
 148.20  184.45
 148.23  147.31
 148.26  107.85
 148.31   94.13
 148.42   56.43
 148.43   46.89
 149.27  173.53
 149.77   50.62
 150.03   49.77
 150.39   29.53
 150.63  207.41
 151.99  247.50
 152.13   25.03
 152.25   79.20
 152.31  208.80
 152.80   26.50
 153.00   27.30
 153.79  184.96
 153.87   47.54
 154.78  126.73
 155.62  191.83
 156.57   35.95
 157.14  204.83
 157.33  144.29
 158.04   82.44
 158.69   97.72
 158.91  229.44
 159.55   28.75
 159.56  202.91
 160.39   83.22
 160.53   33.33
 161.01   89.51
 161.15  105.13
 161.72  196.21
 163.05   76.40
 163.29   24.93
 163.39   16.46
 163.85  129.42
 164.38  145.15
 165.50  235.20
 165.95   63.76
 166.12   82.27
 166.40   23.54
 166.51  196.96
 167.34  167.74
 167.40  109.89
 167.41  228.65
 167.46   72.31
 167.49   12.92
 167.49  220.86
 167.79  103.39
 168.19  152.78
 168.21  204.64
 170.15   18.74
 170.21  199.02
 170.39   11.36
 170.51   22.37
 171.20  222.93
 171.66  151.37
 172.21  208.25
 172.74  144.26
 172.76   20.94
 172.86  162.98
 172.94   29.93
 172.97  120.52
 173.34  139.55
 173.66  144.00
 174.31   90.83
 174.48  169.55
 174.48   10.38
 174.49  235.39
 174.53  108.32
 174.55   31.50
 175.16  195.18
 175.60   71.55
 176.33   78.20
 176.48  162.66
 176.56   91.14
 176.81  140.66
 177.02   17.87
 177.19  229.60
 177.24  224.92
 177.57  240.74
 177.77   67.51
 177.97  157.74
 178.31   70.39
 178.94  191.48
 179.01  161.52
 179.10   39.73
 179.89  221.29
 180.03  142.74
 180.06   77.37
 180.22  156.94
 180.39   29.93
 180.60   56.22
 180.70  218.49
 180.97   21.73
 181.45  122.48
 182.18  127.76
 182.68  192.22
 182.71  232.90
 182.77   64.26
 183.61  100.61
 183.68  100.28
 184.66  241.70
 184.76  109.45
 184.79   30.37
 184.79    9.66
 185.04   55.06
 185.09  236.82
 185.67  219.31
 186.24   90.44
 186.38   68.89
 186.42   60.06
 187.07  134.22
 187.13   97.50
 188.04   79.02
 188.42   64.02
 188.45   33.72
 188.50  240.71
 188.54  193.39
 189.12   44.72
 189.35   39.77
 190.01  176.41
 190.12  231.22
 190.32  114.82
 190.45  196.07
 190.50  219.67
 191.38  152.83
 191.67   82.78
 192.10   97.55
 192.36  224.52
 192.38  148.72
 193.02   78.22
 193.06   26.93
 193.86   48.01
 194.25  125.22
 194.77  206.19
 194.85  109.85
 194.85   17.04
 194.96  117.69
 195.06   77.87
 195.13   90.77
 195.27  237.56
 195.35   34.63
 195.94  163.16
 196.63   56.88
 196.93   14.88
 197.31  240.77
 197.63   88.47
 197.72  136.43
 197.76   69.94
 197.83  159.38
 198.18  218.33
 198.20  230.48
 198.32  159.11
 198.39  189.48
 198.40   83.70
 198.92  201.31
 198.92   20.98
 199.29   98.36
 199.64  151.24
 199.93  223.48
 200.56  175.30
 200.74  181.35
 200.92   36.27
 201.10   64.86
 201.25  205.28
 201.66   22.55
 201.74   45.79
 201.78  118.18
 202.45  192.03
 202.60   83.94
 202.86  186.61
 203.14  241.07
 204.80   52.94
 205.63  217.77
 206.28  157.18
 206.86  169.65
 206.94  146.38
 207.60  111.87
 208.36   48.99
 208.62  224.63
 208.85  185.31
 209.17   40.15
 209.36   40.40
 209.71  140.38
 210.43  192.82
 210.55  172.66
 211.21  149.87
 212.76  100.06
 212.89   30.10
 213.54  173.04
 214.03   97.85
 214.92   39.39
 216.10  169.18
 216.82   11.98
 217.02  183.37
 218.24   44.61
 218.31   74.55
 218.49  129.87
 218.82   43.54
 218.85  187.58
 218.94   62.50
 219.65   17.06
 220.32   50.43
 220.53   76.83
 220.81  139.64
 221.97   36.01
 221.98   28.46
 221.98   28.78
 221.99  186.90
 222.07  133.45
 223.48   67.66
 223.97   88.42
 223.97  223.25
 224.58  189.41
 224.95  125.36
 227.59  121.61
 228.43   86.65
 228.53   22.49
 229.17  162.89
 229.54   72.10
 229.55  132.21
 230.00   57.35
 230.02   87.20
 232.11   98.41
 232.62  149.97
 233.06   59.05
 234.90  223.81
 234.91   39.82
 234.91  230.04
 235.31  134.47
 235.67  102.37
 235.75   30.20
 236.18  211.56
 236.20   49.43
 236.59  205.51
 236.61  174.03
 237.84   85.55
 237.94   83.37
 238.30  158.32
 238.55   39.37
 238.59   95.69
 238.65  232.01
 238.68   66.95
 238.73  172.61
 239.15   34.07
 239.17   63.77
 240.19   25.37
 241.05  221.84
 241.47   41.70
 241.97  147.24
 241.97  172.83
 242.53   13.27
 243.22  151.75
 245.46   67.38
 246.76   56.17
