  28.54    8.49
  33.75   13.02
  38.03   20.36
  38.03   20.33
  38.57   27.91
  39.39   35.61
  41.70   13.28
  43.39   18.53
  44.27   71.37
  57.10    9.30
  59.35   56.46
  62.24   60.92
  62.81   35.79
  64.50    7.27
  65.29   36.39
  65.30   61.74
  67.77   19.31
  71.28   76.67
  72.97   30.80
  73.04   55.80
  73.07   64.03
  75.28   65.72
  75.56   70.27
  77.19   40.13
  78.57   52.43
  78.95   27.94
  79.01   51.39
  79.04   25.37
  79.25   32.04
  79.41   15.72
  80.74   62.33
  81.42   19.44
  82.45   47.98
  83.49   44.92
  85.79   88.82
  85.81   69.01
  87.02   20.61
  87.32   47.23
  89.46   23.98
  89.58   55.73
  90.44   23.28
  90.50   14.90
  91.12   30.64
  91.48   31.54
  94.72   16.83
  98.41   11.73
  98.70   69.98
 103.38   19.07
 103.93   96.43
 104.45   52.66
 104.73   15.89
 108.34  137.06
 110.25   30.78
 110.78   37.75
 112.03  137.71
 112.14   31.49
 112.68  144.95
 113.58   20.61
 114.46    9.60
 114.54  115.13
 114.59   29.40
 116.62   80.47
 116.90   52.91
 117.20   12.94
 118.76   90.10
 119.56   80.30
 125.24   17.77
 126.08   54.12
 126.25  110.02
 126.91  103.30
 126.92  135.90
 130.29   36.12
 130.34  211.43
 130.37  147.66
 130.84  125.52
 134.02  149.71
 134.09  143.37
 135.38  126.71
 135.44  129.90
 136.40   88.35
 139.19  155.28
 139.48  143.80
 140.37   81.82
 141.60   92.81
 142.40   68.02
 143.79  110.19
 143.87  174.98
 143.92  154.99
 144.13  140.51
 144.63  143.06
 144.86   83.16
 145.40   68.33
 145.77   65.76
 146.26  151.91
 146.83   28.81
 148.42  156.22
 148.60   98.55
 149.30   44.23
 149.49  139.34
 149.53  109.32
 149.60   11.71
 149.61  124.60
 149.85  132.13
 150.05  105.71
 150.83  164.51
 151.85  134.04
 152.22   13.84
 153.60   25.36
 153.73  160.36
 154.03   68.20
 155.12   28.11
 156.03  133.49
 156.33  139.78
 156.46   31.30
 157.72  153.10
 157.98   95.65
 158.56   35.91
 159.07   59.51
 159.77  136.77
 160.46   89.03
 160.66  171.51
 162.13   41.51
 162.28   71.46
 162.53   36.42
 162.85   77.93
 163.35  100.00
 163.55   95.63
 163.88  152.33
 164.26   46.09
 164.43   86.35
 164.73   21.94
 165.07   67.86
 165.64   49.37
 165.66  121.08
 165.77  109.05
 166.34   12.41
 166.42  148.68
 166.67   89.45
 167.01  173.03
 168.09   81.89
 168.78  171.38
 168.93  178.03
 169.60   57.76
 169.63   92.00
 169.75   38.75
 169.76   32.42
 170.29  123.54
 170.33  163.01
 170.52  181.45
 170.89  149.28
 171.32   60.69
 171.83   74.12
 173.20  113.31
 173.28   53.05
 173.39  147.01
 173.65   42.50
 173.67   53.66
 173.73  150.04
 174.55   66.66
 175.34   74.73
 175.38    9.89
 175.38   33.22
 175.60  173.95
 176.50   98.97
 176.64   91.99
 177.41   31.07
 177.90  153.49
 178.31   44.60
 178.93  118.78
 179.08  189.14
 179.53  127.55
 179.68  158.69
 180.05   76.23
 180.42  137.61
 180.45  114.78
 180.79  174.49
 180.85  149.46
 181.32   41.78
 181.46  140.73
 183.39   83.79
 183.61  172.99
 184.40  158.55
 184.64  134.44
 184.72   29.25
 185.36   41.43
 186.01   36.12
 186.23  155.04
 186.71  147.47
 187.68  104.34
 188.37   15.04
 188.74   83.72
 189.32   18.45
 189.89   63.26
 189.95   24.02
 190.10  133.98
 190.44  129.84
 190.67  176.51
 191.28  146.09
 191.56   30.60
 192.54   76.25
 192.61   35.16
 192.77  115.52
 192.95   16.92
 193.00   40.12
 193.01  105.06
 193.09  193.51
 193.27  164.98
 193.96   26.26
 194.07   51.34
 194.42  152.59
 195.03   32.50
 195.79   43.96
 196.13   47.30
 196.40  193.82
 196.49  192.81
 196.51   74.31
 196.80  135.51
 196.93   50.82
 197.17  149.58
 197.36   25.38
 197.70  177.70
 197.78   89.94
 198.05   95.84
 198.09   83.24
 198.80  183.01
 199.18  188.62
 199.74   60.98
 199.92   63.27
 199.95   29.53
 200.31  152.32
 200.45  154.46
 200.99  143.74
 201.41  166.19
 201.48  108.22
 201.85   68.30
 202.09  138.06
 202.16  170.79
 203.89  155.66
 204.09   75.14
 204.29  114.20
 204.46  201.97
 205.63  196.28
 206.18  104.71
 206.25   83.29
 206.56   88.11
 207.47  181.57
 207.85   92.56
 207.98   46.18
 209.01   52.55
 209.08  210.76
 209.23   29.39
 209.30   18.33
 209.90  171.98
 210.25   40.03
 211.90   41.38
 212.20  173.77
 212.28   21.81
 212.59   22.98
 213.49   13.67
 214.55  141.79
 214.63  176.89
 214.70  114.67
 214.79   48.79
 214.82  182.48
 214.85   68.11
 214.88  119.76
 215.44  152.79
 215.44   88.23
 217.28  237.92
 217.40  157.82
 217.47  137.64
 217.63  214.59
 217.80  113.74
 217.81   14.73
 218.05  180.01
 218.10  125.21
 218.32   30.58
 219.50   30.82
 220.89  161.05
 221.64  135.98
 222.06   61.22
 222.29   66.87
 222.67   75.87
 224.06   32.02
 224.34   83.71
 224.93  145.24
 224.96  125.23
 225.91   51.48
 226.87  184.56
 227.03  184.46
 227.87   47.52
 229.59  223.26
 229.93  114.29
 230.34  104.03
 230.59   71.41
 231.31  226.59
 231.34  150.37
 231.80  131.37
 231.83   52.37
 233.07   25.50
 234.47  232.71
 234.76   65.82
 236.85  226.20
 237.44  113.03
 237.57   73.40
 237.71  130.41
 238.10  118.42
 238.91   40.44
 239.96  109.17
 240.08   17.92
 240.59   74.11
 240.90   68.73
 241.48   51.43
 241.77  114.62
 242.01  125.79
 242.51   38.23
 242.64  106.92
 243.00   28.31
 243.33  224.82
 245.03  213.75
 245.06  225.37
 247.66  132.99
 248.75   45.73
 248.84   35.97
 249.39   54.23
