   7.46  173.12
   8.16   29.90
   8.67  150.60
   9.85   68.68
  11.40   82.09
  12.58   86.33
  12.85  241.61
  13.49  174.10
  13.57  142.30
  13.83  102.57
  14.32   35.61
  15.10  136.71
  15.36  154.77
  15.55   99.75
  17.38   69.77
  17.39  149.11
  18.11  190.44
  18.53  142.49
  20.55  165.94
  20.66  198.01
  21.07  153.99
  21.39  106.63
  22.12   83.03
  22.14  174.17
  22.33   38.51
  23.55   86.77
  23.77   42.28
  24.08   69.65
  24.16  137.45
  24.88  142.83
  25.28  112.02
  26.25  146.94
  26.81   50.16
  26.90  241.92
  27.69  103.63
  28.26  202.61
  28.66  166.71
  28.73  103.55
  28.88  121.22
  30.38  107.41
  30.64  245.96
  30.65   48.88
  31.43   73.53
  32.01  165.69
  32.54   52.95
  33.51  148.05
  33.80  192.99
  33.99  150.27
  34.36   68.25
  35.01  175.43
  35.95  189.80
  36.62  184.10
  37.09  137.37
  37.21  178.63
  39.82  168.53
  41.27  153.96
  42.79  194.48
  42.98  179.51
  43.19  161.33
  44.70  144.54
  47.68  160.64
  47.98  195.71
  48.07  172.79
  48.12  169.47
  48.25  114.69
  48.26  164.87
  48.35   49.28
  49.34  135.43
  49.49  114.06
  49.69  199.63
  50.17  139.97
  50.36  106.91
  50.93  184.76
  51.21  138.73
  51.40   52.02
  51.61  200.98
  51.68  128.11
  52.75  157.75
  53.78  120.68
  53.91  206.05
  54.14  181.22
  54.64   99.40
  55.42  143.01
  55.72  114.62
  56.19  195.46
  56.32   39.20
  56.40   80.02
  56.49  184.94
  56.74  132.89
  57.15  148.53
  57.37   65.79
  57.65   55.53
  58.61   74.52
  58.73   43.38
  59.09  146.23
  59.60   63.46
  59.98  151.06
  61.25   34.21
  61.33  192.76
  62.02   77.52
  62.10  201.19
  63.02  239.59
  64.44   73.80
  64.61  248.27
  65.54  112.29
  65.90  196.74
  67.25   62.55
  69.35  129.62
  69.49  129.68
  70.04  193.43
  70.19  133.92
  71.19  202.50
  71.37  156.01
  71.94  124.72
  72.44  233.76
  72.94  242.48
  74.84   56.92
  75.06  173.48
  75.25  142.54
  75.33  201.11
  75.49  105.84
  75.86  109.54
  76.38  105.94
  77.09  159.99
  77.20  159.66
  78.04  123.49
  78.38  120.98
  79.43  234.44
  79.91  107.69
  79.97  189.88
  80.99  179.99
  81.89  132.70
  82.50  120.54
  82.70  176.26
  82.78  116.36
  82.80  127.12
  82.87  116.44
  83.15  106.86
  83.39  138.65
  86.27  110.98
  86.62  108.43
  87.53  153.92
  88.29  105.92
  88.51   98.91
  89.12   81.95
  89.63  132.17
  89.87  139.18
  95.14   87.42
  99.13   94.41
 100.28   83.08
 104.16  114.31
 108.86  232.07
 108.86   97.17
 113.07  187.66
 114.46   93.96
 115.78   85.38
 116.91  150.00
 117.12  156.84
 121.75   85.91
 122.80   88.18
 129.59  232.80
 129.79  220.71
 131.22  225.91
 131.46  196.51
 132.54  193.34
 133.70   92.33
 134.19  100.25
 134.45  234.27
 135.99  116.19
 137.85  149.46
 138.08  134.91
 138.38  218.02
 139.27  176.00
 140.26  180.05
 140.69  205.60
 141.02  170.59
 141.32  227.88
 142.48  219.38
 142.98  167.59
 143.14  179.12
 144.06  172.63
 144.06  178.48
 144.10  241.03
 145.68  168.25
 146.07  183.23
 147.88  169.92
 148.75  145.81
 148.81  136.25
 149.72  185.98
 149.94  215.69
 150.23  234.15
 150.42  152.21
 150.48  189.68
 150.77  221.69
 151.58  170.64
 151.99  244.97
 152.05  156.79
 152.10  226.00
 154.61  125.67
 155.13  230.87
 155.86  167.41
 156.54  135.22
 157.76  149.85
 161.52  182.71
 161.73  123.43
 162.50  146.15
 162.65  134.09
 164.28  236.92
 165.58  147.59
 166.31  169.44
 167.30  211.20
 167.48  136.88
 168.26  201.27
 169.66  223.94
 171.98  205.57
 171.99  199.19
 173.39  237.07
 179.58  222.04
 180.74  140.28
 183.24  183.10
 184.52  193.35
 184.63  193.61
 187.83  194.80
 188.19  199.45
 188.44  167.66
 191.11  191.62
 191.33  232.19
 191.57  134.59
 192.77  113.13
 192.82  146.68
 193.62  203.96
 193.82  213.48
 194.40  109.99
 194.62  121.83
 194.99  239.21
 195.10  144.39
 196.10  236.32
 196.36  157.52
 197.55  207.43
 197.93  196.63
 198.27  216.13
 198.41  115.94
 199.06  231.75
 199.56   96.68
 200.56  235.95
 201.11  179.06
 201.62  198.40
 201.92  192.01
 202.09  208.48
 203.48  236.22
 203.75   81.40
 205.16  196.18
 205.38  195.95
 205.81  194.27
 206.17  228.54
 207.09   74.08
 207.68   79.70
 207.80  139.43
 208.50  106.96
 208.58  126.47
 208.68  115.22
 209.04  175.66
 210.04  199.45
 210.14  247.81
 211.02  109.80
 211.14   80.19
 212.01  147.31
 212.34  227.55
 213.07  187.13
 213.23  115.23
 213.32  164.03
 214.18  137.20
 217.66  115.60
 217.75  173.56
 218.36  132.08
 218.43  235.60
 219.92  143.88
 220.89  127.66
 223.31  185.45
 223.52  235.14
 223.68  137.70
 225.21  189.53
 226.72  165.21
 228.23  245.70
 228.98  134.56
 229.83  234.92
 230.42  139.21
 230.50  139.09
 231.10  197.10
 231.29  132.99
 233.00  214.25
 235.81  207.54
 235.98  189.24
 236.20  226.13
 236.93  174.17
 237.77  229.16
 238.00  223.73
 238.21  146.96
 238.25  221.48
 238.68  215.71
 241.86  190.91
 242.64  240.59
 247.11  194.83
 248.47  226.25
