   8.52  126.07
   9.15  108.76
   9.45  101.89
   9.77  140.22
  10.23  233.20
  10.84   10.74
  11.21   73.91
  11.34  227.74
  11.75  130.71
  12.88   73.52
  12.89  219.71
  13.61  135.80
  13.68  204.43
  13.83   65.42
  14.14  211.06
  14.18  128.07
  14.53  140.10
  14.56  187.82
  14.97  242.11
  15.69   20.53
  15.93   29.98
  16.14  154.47
  17.14   44.22
  17.15   61.70
  17.21  147.55
  17.33  224.85
  18.66  180.32
  18.84   57.64
  19.80  120.79
  19.85  153.76
  19.90  194.21
  20.40  232.59
  20.47  206.05
  20.58  234.35
  20.65  122.33
  22.24  185.88
  22.26   95.28
  22.45  200.76
  23.41   84.68
  23.88   47.19
  23.89  126.57
  24.35  237.90
  24.73  243.53
  24.94   59.76
  25.88   43.95
  26.21  146.21
  26.26   83.00
  26.42  214.97
  26.97  233.32
  26.99   91.14
  27.15   13.18
  27.69   71.01
  28.06  149.87
  28.85  145.04
  28.98   64.42
  29.02  221.90
  29.16  238.20
  29.35  187.14
  29.46   73.88
  29.65  116.51
  29.97  125.51
  31.47   59.55
  31.55   14.69
  32.31  197.01
  32.54  236.90
  32.70   99.83
  32.87  186.70
  33.55   73.88
  33.55   54.17
  33.82  233.11
  34.30  210.51
  34.39  114.07
  35.29   77.69
  35.36  249.70
  35.43   93.01
  35.74  105.97
  36.55   60.85
  36.82   17.13
  36.93  199.49
  36.97  203.75
  37.04  237.01
  37.60   37.01
  39.55  215.13
  40.43   98.06
  40.94  223.78
  41.01  144.01
  41.17  233.36
  41.96   68.63
  42.84   53.89
  43.28  197.67
  43.56  212.66
  43.75   87.25
  43.79  212.47
  43.81  236.35
  44.47  167.20
  44.91   82.76
  45.29  227.21
  45.52  183.31
  45.58  123.14
  45.70   89.92
  46.19  108.52
  46.32   68.30
  46.37  139.14
  46.48  245.87
  47.00   96.05
  48.06  128.82
  48.32  144.26
  48.79  157.25
  49.00  238.76
  49.87  123.32
  50.01   79.02
  50.04  242.23
  50.56  229.72
  50.93   97.54
  50.94  232.49
  51.13  107.19
  51.26   98.77
  51.73   57.94
  51.85  116.18
  52.79  239.49
  52.81  197.63
  53.28  242.89
  53.40   56.53
  53.47  144.21
  53.49  190.65
  53.80  134.28
  54.08  233.90
  54.25  228.28
  55.28  233.62
  55.41  128.86
  55.65  213.90
  55.70  201.29
  55.81  165.22
  55.85  201.19
  55.90  176.22
  55.97   78.40
  56.07  162.01
  56.35   77.80
  56.63   65.94
  56.85  153.29
  56.88   69.68
  57.08  142.55
  57.79  117.76
  58.65  137.46
  58.78  229.37
  59.00  133.60
  59.03  147.40
  59.18   81.10
  59.32  242.11
  59.55  194.97
  59.62  164.43
  60.01  245.75
  60.09  115.69
  60.30  239.37
  60.78   70.45
  61.27  106.18
  61.42  133.82
  61.65  110.68
  62.58  128.36
  62.74  140.23
  62.95  199.17
  63.10  188.13
  64.41  222.75
  64.76   77.14
  65.28  132.27
  65.52   39.69
  65.95   62.80
  66.09   62.95
  66.26  225.16
  66.43   97.47
  66.91   10.80
  67.18   67.16
  67.47   80.38
  67.86  187.92
  68.45  173.91
  68.48  243.63
  68.58   56.53
  68.86  183.70
  69.68  205.95
  70.15   61.13
  70.30   10.70
  70.83  179.66
  71.13  104.90
  71.25  114.90
  71.29  236.95
  72.01   42.27
  72.13   91.64
  72.29  238.89
  72.37    7.55
  72.62   65.11
  73.12  246.26
  73.58  190.34
  73.64   74.25
  73.67  205.27
  74.43  138.65
  75.29  239.58
  77.83  138.84
  77.88   72.35
  77.91  103.26
  77.92  240.60
  78.73  221.44
  78.77  132.23
  79.06    9.29
  79.40  114.97
  79.49  245.54
  80.38   45.97
  80.71  241.10
  80.81   68.63
  80.93  150.28
  80.94   12.72
  81.63  227.09
  82.05  152.69
  82.80  102.27
  82.83  201.83
  83.48  219.39
  84.18   52.75
  84.76   82.41
  84.91  219.22
  85.78  168.36
  85.79  205.29
  85.96   52.86
  85.96  141.14
  86.47   48.61
  86.49  194.74
  86.64  152.37
  87.23  163.85
  88.29  180.12
  88.48  136.17
  88.48  224.48
  88.71  233.96
  88.81  171.04
  89.54   75.18
  89.92   81.06
  90.39  151.66
  91.18   77.65
  91.55  207.22
  92.57  156.83
  92.71  232.49
  93.09  133.40
  93.36  216.29
  94.24  225.95
  94.63   82.80
  95.06  241.82
  95.22  203.93
  95.46  197.46
  96.17   91.87
  96.45  214.15
  97.05  100.78
  97.23  234.87
  97.41   92.38
  97.52  212.75
  97.82   76.91
  98.23  179.61
  99.15  168.66
  99.21  146.89
  99.32  165.29
  99.57   89.38
 100.80  156.11
 101.06  110.07
 101.11  104.18
 101.41   79.17
 102.13  235.90
 102.46   28.40
 102.57   48.16
 102.76   40.30
 102.86  225.59
 102.96   91.25
 103.18  206.30
 103.33  113.07
 103.74   19.61
 103.76  243.53
 103.83   84.32
 104.07  231.90
 104.19  152.76
 105.22   89.47
 105.54  198.45
 106.11  164.17
 107.00  213.18
 107.21  148.46
 107.95  146.47
 107.99   20.23
 108.06   20.38
 108.66  222.48
 108.76   40.19
 109.40  203.48
 109.88  243.87
 109.95  102.35
 110.13  134.44
 110.19   81.14
 110.56  154.58
 110.57  159.92
 112.23   36.70
 112.25  104.33
 113.00   31.82
 113.41  198.71
 113.41  187.32
 113.59   79.38
 113.66  190.85
 114.50  205.26
 114.85  159.88
 115.09  113.42
 115.87  219.50
 115.95   17.44
 116.09  233.14
 116.30   57.43
 116.54  246.01
 116.57  204.92
 116.71  210.94
 116.72  146.67
 116.85   79.74
 117.60  189.74
 117.70   42.48
 117.71   27.66
 118.08   34.43
 118.16  150.16
 119.39   33.79
 119.91  197.82
 120.60   84.92
 120.81   81.24
 120.91  234.38
 121.76  108.04
 122.05   60.70
 122.21  129.88
 122.30   76.38
 122.45  119.57
 122.58   56.84
 123.25   45.33
 123.33  108.13
 123.56   29.64
 124.20  213.27
 124.74   22.37
 124.75   33.72
 125.26   14.76
 125.91  195.60
 126.35  172.34
 126.78  236.38
 126.85  198.95
 127.27  164.59
 127.97  180.52
 128.14   81.51
 128.34   29.64
 128.34  203.41
 128.36  103.93
 128.41  222.12
 128.52  241.98
 128.78   87.62
 128.82   49.53
 129.43  186.85
 129.85   23.82
 130.35  240.54
 130.40  129.51
 130.64  173.34
 130.70  247.77
 130.93  170.92
 130.99   55.10
 131.17   44.41
 131.60   38.57
 131.94  233.16
 132.05  243.62
 132.46   60.45
 132.88  207.55
 133.80  187.13
 135.04  195.33
 135.23  192.66
 135.40  181.44
 135.92  213.62
 135.93  245.04
 136.03  205.24
 136.12   70.23
 136.25   74.43
 136.50   67.99
 136.50  231.08
 136.53   30.92
 136.70   30.49
 136.79   40.72
 136.79   14.52
 137.41  171.16
 137.46  207.13
 138.25  222.10
 138.55  179.33
 139.36  229.91
 139.43   21.68
 140.01   72.49
 140.23   94.99
 140.26   47.37
 140.36  247.99
 140.85   81.87
 141.71  202.89
 142.08  111.29
 142.80   88.72
 143.55   43.67
 144.09  207.27
 145.19  147.98
 145.47  191.09
 145.72  170.49
 145.81  237.26
 146.47   70.48
 146.59  233.06
 146.61   40.48
 146.83  187.25
 147.29  173.69
 147.50   19.38
 148.87   58.44
 149.00   30.77
 149.76   77.81
 149.85  180.10
 150.19   13.53
 150.52  166.59
 151.31  231.80
 151.72   13.93
 151.84  184.79
 151.92  232.03
 152.11  162.90
 152.39   97.72
 152.43   54.42
 152.43  239.65
 152.52  188.99
 153.06   34.10
 153.07  218.94
 153.14  169.89
 153.35   74.12
 153.45  204.64
 154.28  101.99
 154.54  164.87
 154.70   28.19
 155.42  193.13
 156.00  114.47
 156.01   31.31
 157.14  174.66
 157.39  245.49
 157.57   20.13
 157.79  168.36
 157.89   80.77
 157.94   85.59
 158.25  241.28
 158.28   15.38
 158.34    8.24
 158.36  211.38
 158.70   65.09
 159.45   24.92
 159.55  188.13
 159.85  122.40
 160.50   17.68
 160.98  237.06
 161.22  197.13
 161.34  193.61
 161.55  220.45
 162.00  158.84
 162.09  111.32
 162.21  172.78
 162.62  239.64
 162.66   78.04
 162.84   73.96
 163.17  192.56
 163.41  176.68
 164.85  163.23
 164.98  217.47
 164.99  241.46
 165.02  167.19
 165.77  216.26
 166.00   62.05
 166.34  234.21
 166.63   41.80
 167.19   16.91
 167.51  244.57
 168.46  237.54
 168.75   29.01
 168.87  205.07
 169.29   13.24
 170.39   32.90
 170.75   14.06
 171.09  201.42
 171.64  118.19
 172.09  194.68
 172.40  196.04
 172.55  236.34
 172.55   39.90
 172.58  189.00
 172.71  170.94
 172.76  241.83
 173.30  232.56
 173.47  223.28
 173.62  246.38
 173.92  180.21
 173.97   35.24
 174.08   45.34
 174.12   27.51
 174.47  227.38
 175.20  207.37
 175.28   19.38
 175.86  102.23
 176.28   38.78
 176.38   92.60
 177.20  165.92
 178.09  232.03
 178.85  188.04
 180.29  192.55
 180.51  112.76
 180.69  166.39
 180.71   17.46
 180.94  167.99
 181.18   52.43
 181.20   21.77
 181.94   27.28
 182.14  195.18
 182.20  188.00
 182.48  108.13
 182.50   55.50
 182.84   94.15
 183.02  102.56
 183.10  241.85
 183.32   98.52
 183.74  162.80
 184.21   37.65
 184.60  190.88
 184.63  223.51
 184.67  245.95
 185.06  223.05
 185.56  115.74
 185.93   48.01
 186.05  240.61
 186.43   44.12
 186.52   96.51
 186.67   58.85
 186.75  240.89
 186.81   70.23
 186.87  233.11
 188.71   28.03
 188.85  237.52
 189.40   51.71
 189.78  233.31
 189.82  127.45
 190.47   69.68
 191.07  106.96
 191.40  112.36
 193.78  111.02
 193.91  121.25
 194.09  107.11
 194.19   39.00
 195.33   45.08
 195.44  234.39
 195.65   58.55
 196.09  100.68
 196.71  114.26
 196.80   49.65
 196.94   54.54
 196.95   41.69
 198.06   39.05
 198.09   64.29
 199.89   57.72
 200.24   31.19
 200.66  131.90
 201.59   83.59
 201.84  118.97
 202.27  232.11
 203.52  130.30
 203.83  236.61
 204.04  124.12
 204.14  100.40
 204.32   21.68
 204.32   71.86
 205.28   58.48
 205.67  104.44
 207.80  101.81
 208.32   17.06
 208.79   58.56
 208.88   91.19
 209.56   90.80
 209.62   65.40
 210.65   73.15
 210.66   55.84
 211.22   46.09
 212.06  237.04
 212.29   62.93
 213.41  102.00
 214.06  103.62
 215.19   74.73
 215.22   92.17
 215.92   57.15
 216.48   80.86
 217.70   70.79
 217.91    7.39
 219.00   76.05
 219.19  237.61
 219.25   60.53
 221.58   94.08
 222.46   30.46
 223.01   75.83
 223.23  236.53
 223.48   65.76
 224.01    9.74
 224.38  238.99
 225.11  242.59
 225.13   51.16
 226.41  239.13
 226.90   59.60
 227.07   76.00
 227.91   52.62
 228.28  235.42
 228.29  240.63
 228.57   56.04
 232.17   54.83
 232.23  242.67
 232.44  245.44
 238.97  247.49
 239.79   35.84
 239.90  239.18
 239.98   73.62
 240.82   17.76
 242.36   42.02
 242.60   21.74
 245.31   47.52
