   8.55   10.42
  10.76   28.18
  11.48   31.82
  12.49  157.30
  12.97  214.15
  14.09   29.38
  18.68   31.52
  19.56   92.08
  19.88  182.12
  20.39  198.08
  20.50  193.16
  22.07  189.22
  22.37  156.00
  23.76  209.47
  27.00   25.43
  27.11  224.18
  27.13  182.16
  28.04   21.24
  32.93  195.69
  34.75  146.03
  34.79  129.76
  35.61   50.31
  36.17   23.35
  36.27  114.62
  36.63  143.85
  36.97  132.59
  37.63    9.41
  39.19  111.65
  39.78  135.34
  39.93  187.28
  40.56   54.04
  41.37  125.26
  43.01   16.68
  43.48   17.65
  43.64  104.33
  46.11  177.64
  46.38  112.18
  46.97  131.47
  47.04   14.81
  47.88   53.38
  48.05   50.93
  49.30  137.52
  49.32   70.41
  49.83  206.86
  49.91   47.46
  50.03   15.52
  50.18   26.52
  50.96  147.20
  51.93  140.54
  52.32  155.51
  53.82  117.52
  54.01  150.78
  54.33  199.84
  54.57   69.07
  55.13   80.77
  55.23   35.28
  56.51  161.43
  56.68   99.08
  56.98   18.97
  57.05   44.66
  57.44   39.60
  57.47   39.27
  58.35  113.25
  60.05  102.67
  60.22  138.54
  60.36  140.13
  60.62  126.00
  60.75   85.13
  61.10  157.55
  62.45  175.31
  62.66   62.09
  63.30   33.78
  63.39   42.83
  63.44   46.05
  63.77   32.41
  63.86  108.11
  64.66  139.25
  64.88  100.83
  65.17  148.17
  65.50   61.52
  65.96   72.40
  65.97   54.96
  66.19  174.38
  66.71   40.16
  67.17   17.59
  67.46  198.11
  67.52  107.01
  68.07  159.11
  68.50  115.23
  68.69  178.85
  68.94  183.86
  69.54   45.58
  69.58   52.10
  69.58   54.44
  69.66   38.45
  69.87  165.99
  70.01   93.57
  70.44  192.78
  71.11   51.08
  71.11   31.72
  71.73   80.56
  71.92    9.66
  73.40  179.50
  73.72  153.01
  74.08   35.92
  74.57  236.71
  74.72   40.45
  75.90  165.48
  77.03  139.90
  77.05  219.85
  77.09   13.84
  77.27   29.60
  77.83   84.42
  78.24   51.60
  78.91  151.21
  79.08  194.64
  79.58  130.57
  79.92   72.34
  80.11  142.74
  80.66  179.69
  82.05   16.17
  82.14  197.39
  82.85  148.98
  83.87  129.31
  84.47  180.05
  84.52  180.19
  85.11  156.76
  85.86  123.20
  86.37   91.23
  87.09  190.36
  88.40  106.22
  88.47  101.95
  90.35  199.04
  90.36   89.17
  90.76  144.38
  91.62   85.03
  93.43  114.21
  93.52   61.01
  94.31   50.94
  95.14   19.32
  95.47  188.92
  96.57   61.72
  96.65   85.17
  96.77  176.23
  97.41  148.33
  97.94  117.04
  98.40  172.05
  98.99  198.79
  99.58  179.53
  99.63   88.89
  99.90  164.47
 100.83  225.20
 101.76  208.52
 102.45  187.01
 102.82  140.88
 102.90   45.20
 102.95  104.59
 104.06  102.43
 104.30  132.12
 104.92  213.77
 105.28  143.03
 105.31   65.11
 105.39   65.19
 105.42   82.12
 105.69   55.53
 107.59  144.15
 108.20  164.76
 108.71  147.84
 108.85  118.43
 109.00  186.62
 109.94  102.21
 110.14   98.12
 110.38   53.55
 110.44  160.55
 110.86  165.32
 111.81  151.81
 111.97  169.98
 113.45   67.82
 114.11  161.66
 114.20  209.51
 114.93   33.58
 115.41  131.07
 116.08  243.04
 116.22   75.93
 117.00  120.25
 117.08  113.68
 117.23  165.49
 117.36  202.11
 117.77  105.41
 118.30  187.72
 118.63  153.93
 119.07   41.52
 119.21   72.63
 119.37  167.23
 119.38  243.47
 120.20  177.44
 120.25   93.24
 120.52  211.61
 120.81  195.15
 121.43  218.05
 121.87   97.78
 122.07   62.86
 122.19  101.38
 122.56  240.28
 122.60   31.25
 122.84  181.08
 122.91  163.44
 123.97  146.84
 125.12  176.53
 126.06  123.48
 126.36  234.04
 126.42  238.41
 127.26  165.46
 128.09  130.20
 128.28  154.54
 129.36   42.40
 129.83  142.06
 129.98   35.44
 130.17  109.49
 130.42   93.57
 130.66   47.70
 132.22   43.28
 133.46  224.29
 133.94  115.77
 134.85   74.35
 134.86  125.08
 134.94  154.02
 136.21  191.02
 136.30  129.98
 136.71  220.68
 137.44  140.63
 137.72   77.37
 137.89   75.78
 137.92  113.39
 139.20   93.57
 139.37  234.12
 140.53  158.64
 140.93   11.07
 141.09   31.76
 141.29  220.36
 141.48   85.41
 142.14  163.80
 142.21  144.77
 142.73  171.58
 143.03   32.31
 143.07   58.17
 144.05   46.14
 144.23  188.07
 144.26   66.58
 144.43   22.89
 144.91   48.38
 144.97   13.12
 145.55  132.63
 145.84  209.36
 145.96  230.18
 146.12  219.77
 147.62   22.17
 147.83  117.74
 147.88  176.34
 148.15  196.61
 148.21  111.91
 148.36  148.52
 148.45   39.63
 148.56  224.02
 148.64   39.55
 149.69   99.57
 149.73  165.79
 150.35  141.64
 151.06  228.77
 151.33   34.87
 151.39   65.33
 151.58  219.63
 151.94   88.75
 152.10   33.32
 152.66   68.73
 152.76  144.50
 152.81  194.50
 153.04   28.02
 153.60   55.18
 154.27  228.66
 155.10   48.97
 156.10  210.31
 156.30   84.52
 156.38   38.85
 156.89  224.83
 157.07   26.61
 157.13   76.40
 157.42   45.16
 157.84   78.01
 158.86   70.50
 159.34  219.39
 161.03   17.85
 161.11   47.83
 161.53   22.68
 161.86   62.85
 162.06   34.25
 162.22   63.14
 163.45  165.62
 164.41   41.85
 164.97  199.23
 165.76   26.42
 166.05  107.55
 166.08  160.78
 166.74   45.95
 167.30  234.24
 167.32  135.94
 167.80  169.96
 167.87   71.78
 167.91  123.73
 168.29  160.78
 168.39   37.08
 169.26  189.06
 169.66   51.60
 170.05   24.64
 170.73  197.82
 170.93  232.45
 171.51  129.23
 172.31   82.36
 173.47  124.50
 173.99   86.92
 174.46  167.10
 175.41  137.58
 175.56  207.37
 176.00   32.77
 176.08  171.55
 176.09   45.76
 176.38  186.29
 176.46  121.19
 177.58   85.66
 178.87  176.78
 179.08   88.87
 179.40   72.96
 180.63   44.64
 180.67   67.57
 180.69  124.51
 181.69   42.31
 181.94   39.00
 182.30  138.22
 183.53   82.96
 183.81  205.12
 184.87  169.15
 185.15  102.48
 185.94   39.40
 186.39   37.08
 186.50  215.97
 186.67   42.54
 187.80   82.30
 188.21   46.65
 188.42   23.80
 188.43   59.37
 188.68   44.22
 188.79   10.06
 189.05  179.09
 189.51   18.29
 190.64  211.53
 190.75    6.79
 191.01   55.90
 191.55  156.17
 191.95  155.20
 192.62   16.45
 192.84  202.46
 192.85   91.36
 193.18  188.24
 193.39  193.18
 193.58   55.52
 193.75  214.63
 193.81   81.71
 193.91   84.59
 194.16  206.92
 194.83  194.29
 195.06   12.40
 195.74   60.20
 196.35   87.53
 196.70  178.98
 196.73   78.75
 196.86  174.36
 197.05  120.35
 197.76   71.87
 197.86  196.35
 198.18   62.37
 198.33  152.82
 198.73   11.80
 198.74  145.24
 199.22   75.81
 199.82  205.02
 200.55  231.41
 200.73  107.94
 201.10  248.36
 202.38  215.03
 202.82   99.48
 203.25   15.67
 204.14   22.63
 204.39  100.42
 205.46  127.23
 205.56  197.40
 205.81  162.51
 206.21  177.96
 206.45  164.22
 207.38    9.01
 207.69   99.07
 207.89   72.21
 208.78   37.34
 208.79   37.42
 208.98  166.12
 209.44  196.24
 209.52  127.83
 209.57  200.97
 209.96  162.29
 210.38  221.07
 211.15   91.93
 211.96   20.90
 213.33  173.80
 213.49   44.19
 213.64  193.75
 213.73   94.33
 214.09   12.36
 214.73   36.54
 215.58    9.20
 215.72  104.58
 215.73  175.58
 215.93  155.08
 217.57   69.00
 218.24  168.59
 218.52   48.02
 219.05  185.10
 219.10  173.57
 219.41   56.22
 219.85   69.77
 219.86   40.31
 220.49   49.80
 220.87   25.67
 221.47   17.29
 222.20  159.00
 222.55   64.38
 222.57   33.76
 222.93  192.07
 223.01  180.74
 223.62   20.26
 223.66   83.00
 223.72   15.46
 224.04   58.89
 224.27  129.26
 224.42  187.60
 225.07   78.77
 225.87   75.64
 226.00   97.83
 226.49  201.22
 227.69   62.91
 229.08  205.28
 229.58  132.80
 231.69  196.53
 234.40  132.70
 234.77   83.00
 235.12  212.64
 236.22   63.97
 236.62  183.78
 236.82  223.02
 238.74  223.63
 239.69   61.40
 240.79   26.82
 242.40   44.73
 242.98   86.61
 245.73  130.65
 245.90   48.85
 246.24  163.13
 247.67   68.99
 247.81  181.57
