   7.90  225.85
   8.49  164.45
   8.76   96.04
   9.38  142.58
   9.62   91.21
   9.74  214.33
   9.78  218.86
  10.90  232.30
  11.19  210.75
  12.37   93.33
  13.97  206.34
  14.08  193.22
  14.23  210.70
  14.31  232.98
  14.32  135.03
  15.42  163.00
  16.45  156.41
  16.67  170.95
  18.38  109.68
  18.38  195.15
  18.96  212.24
  19.30  174.03
  19.39  219.11
  20.82   89.00
  22.95   94.65
  23.65  164.95
  24.74   48.20
  25.02  104.47
  25.15   56.00
  25.89  188.14
  27.02  161.52
  28.81  124.82
  30.95   93.49
  32.53  157.67
  32.78  117.87
  35.21  131.18
  35.50  138.42
  37.21  150.82
  38.46  109.88
  39.48  120.89
  41.08   64.10
  43.43   64.36
  46.01   87.69
  46.90   65.21
  47.75  197.20
  48.48  149.14
  48.51  124.66
  48.71  157.40
  49.09  160.72
  49.16  118.87
  49.97   69.23
  49.98  245.95
  50.76  213.85
  50.97   24.09
  51.24  213.72
  52.12   88.00
  52.65  132.00
  53.57  133.26
  53.94  115.64
  54.54  181.07
  54.64  108.58
  55.97  104.25
  56.28   86.16
  56.52   97.14
  56.56  216.61
  56.81   55.01
  57.33  231.45
  58.02  158.43
  58.38   61.15
  59.53  224.16
  59.90  236.07
  59.91   43.43
  59.92  113.91
  60.61  142.22
  61.28  214.76
  61.66  101.23
  62.57  158.55
  62.68  134.86
  62.75  227.87
  62.95   68.99
  64.74  208.68
  65.21  127.76
  66.37  150.47
  66.48   55.89
  66.54   63.79
  66.83  157.56
  67.32   46.67
  68.34   80.37
  72.52  230.53
  74.30  132.50
  74.33  230.91
  74.42   82.59
  75.48   45.01
  75.57  120.80
  75.85  207.34
  76.12   55.68
  76.39  106.42
  77.07   94.63
  77.34   88.83
  77.77  148.45
  77.97   77.88
  77.99  230.70
  78.50   14.93
  79.56   31.75
  80.29   66.32
  81.26  227.68
  81.29  110.46
  81.57  180.10
  81.82  199.55
  81.94   77.05
  82.68   55.51
  83.40   98.25
  83.63   50.19
  84.26  130.78
  84.29   93.54
  84.80   31.41
  87.02  134.43
  87.05  138.26
  87.38  194.87
  87.78  202.88
  88.49  246.93
  88.52   57.70
  90.50   94.61
  91.33   76.43
  92.14  207.62
  92.32  218.48
  92.64   19.18
  94.02  179.95
  95.14   61.64
  95.46  111.12
  96.43  155.21
  97.09  125.58
  97.30   92.94
  97.86  118.61
  97.98  136.04
  98.24  161.30
  98.68  105.94
  98.75  201.58
  99.93   44.61
 100.03   63.92
 102.17  221.74
 102.44  194.85
 102.47  184.97
 102.57  148.55
 102.89  112.23
 103.05  166.10
 103.43  141.43
 103.55  175.53
 104.87   94.98
 104.88  107.47
 105.03  115.01
 106.23  182.50
 106.25  150.57
 106.63  226.60
 106.86   42.74
 106.98  153.23
 107.25  190.43
 108.58   85.28
 109.18   18.36
 109.68  242.08
 109.87  142.04
 110.07   20.40
 110.64  118.70
 111.74  236.27
 111.76  247.30
 112.59   79.51
 112.99  160.13
 114.22  236.45
 114.25   73.05
 115.13  134.38
 115.17  170.13
 115.28  166.69
 116.01  169.25
 116.36  179.74
 117.00   96.23
 117.68  236.39
 118.85  184.87
 120.02   15.85
 120.81  116.63
 121.54  114.38
 121.88   84.43
 122.57  208.44
 123.27   24.31
 124.83  189.99
 125.90   50.93
 126.75  237.49
 127.43   23.21
 128.06  146.70
 129.15  127.29
 129.34  171.94
 129.54  179.14
 129.78   73.76
 129.87  147.29
 130.05   99.10
 130.80  212.19
 131.00   38.11
 131.38  115.02
 131.40  102.94
 131.86  185.96
 132.14  233.99
 132.71  132.65
 133.43  246.77
 134.07  120.91
 135.00  100.62
 135.80  240.77
 136.32   69.10
 136.45  137.43
 136.60  233.33
 136.60  133.63
 137.02  177.03
 139.11   69.33
 139.50  204.78
 139.60   48.85
 140.02  218.30
 140.18  182.50
 140.69  243.09
 140.91  233.43
 141.09   25.30
 141.42  227.11
 141.61   40.19
 141.97  135.69
 143.65  194.42
 143.85  228.11
 144.64   61.09
 144.93   90.87
 145.48  169.04
 145.65  141.79
 145.95  211.23
 146.27   94.11
 146.27  207.71
 146.38  105.85
 146.72  176.20
 146.74  230.25
 146.81  241.24
 147.78   70.09
 148.19  164.15
 148.79  223.31
 149.07  133.08
 149.14   84.81
 149.59  117.36
 149.74  139.38
 150.91   75.65
 150.96  230.81
 151.02  241.99
 151.18  173.39
 151.93  163.04
 152.86  161.26
 152.94  204.89
 152.97   33.90
 153.75  180.16
 155.86  137.43
 157.20   28.00
 157.61   65.03
 158.18  154.56
 158.38  197.26
 158.52  229.95
 158.55  241.07
 159.15  219.24
 159.33  166.17
 161.00  144.96
 161.13  107.81
 161.58  133.20
 161.62  208.06
 161.80   19.32
 162.11  217.92
 162.38   48.04
 162.59   66.37
 162.74  113.94
 163.08   97.82
 163.83  177.79
 164.10  109.46
 164.12   79.78
 164.37  181.81
 164.72  167.93
 165.06   60.78
 165.64  151.74
 166.19  190.21
 166.47  146.97
 167.09   76.54
 168.32  159.09
 168.56  224.61
 168.86   34.47
 169.38  103.58
 169.85  147.06
 169.86   51.00
 170.20  104.28
 170.83  168.10
 170.89  203.38
 170.94  135.98
 172.24   35.18
 173.06   59.31
 173.31  121.72
 173.70  188.10
 173.99  183.16
 174.22  218.52
 174.89  228.49
 175.21   38.66
 176.00  135.97
 177.32  146.51
 177.33  218.73
 177.61  230.64
 178.12  192.98
 178.48  149.68
 178.76   30.11
 178.98  189.78
 179.03  138.38
 179.19   83.83
 179.59  167.28
 179.75   75.49
 180.03   75.48
 180.17  171.41
 180.59  155.31
 180.83  128.35
 181.52  148.57
 183.67  158.77
 183.89  190.29
 184.38  130.50
 184.75   41.39
 185.12  215.54
 185.95  210.74
 187.16   92.50
 187.18  176.74
 188.48   45.36
 188.66  132.95
 189.58   52.77
 189.67  100.67
 189.96  207.89
 190.00  124.06
 191.00  177.02
 191.95   77.47
 193.29   92.08
 193.61  191.91
 193.75  230.85
 195.14  112.67
 196.13  105.45
 196.15   66.93
 196.29   10.88
 197.01  140.93
 197.01  199.17
 198.10   99.13
 199.37   47.76
 199.38  176.68
 200.35  153.47
 200.77   53.96
 201.91   94.53
 202.04  205.11
 204.97  116.70
 205.85   50.19
 206.87   84.02
 207.51  105.73
 208.68  121.68
 209.02  150.34
 209.70  200.87
 210.54  184.83
 211.80  139.38
 212.35   51.79
 213.04  100.64
 213.48   57.20
 214.48  184.64
 214.53   59.55
 214.70  225.58
 215.51  221.03
 216.12  148.64
 216.54  246.67
 216.55  138.15
 216.60  235.37
 217.27  231.96
 217.42   76.12
 218.47   27.76
 219.65   78.27
 219.77  142.24
 220.35  185.23
 222.57  161.59
 222.77  246.23
 222.91   15.42
 225.45  192.87
 226.36  175.98
 227.01   42.91
 227.01  193.46
 228.39  144.19
 228.51   15.79
 228.53   15.92
 228.72   88.82
 230.42  161.89
 232.06   61.84
 232.17  139.55
 232.58  237.87
 232.74   86.26
 233.55  133.08
 234.37  158.38
 234.78  163.25
 235.07  107.36
 235.68  195.31
 236.37  144.71
 236.43  111.09
 236.46  152.14
 237.96   85.55
 238.75  198.04
 239.00  183.11
 239.98   76.26
 239.98   36.16
 240.38   29.90
 240.67  108.97
 243.54   65.12
 244.07  192.19
 245.06  213.94
 245.29   80.40
 246.99  215.91
 247.36  191.57
 247.85  174.71
