   8.94  109.12
   9.28  180.62
   9.71  172.26
  10.72  223.75
  12.16  124.03
  12.55  210.96
  13.44  216.06
  13.50  180.31
  13.84  207.65
  14.23  140.85
  15.66  106.96
  19.23  101.99
  20.36  241.18
  23.96  132.66
  24.16  167.85
  30.98   97.71
  35.40  135.11
  36.19  214.60
  38.31  172.23
  42.24  158.36
  43.43  128.25
  44.94   99.62
  45.56  104.47
  46.04  146.08
  52.12  215.85
  52.25   96.20
  54.27  213.81
  59.95   90.80
  60.58  101.74
  67.55  103.59
  68.07  112.20
  68.69   99.58
  70.01  115.14
  70.41  138.91
  71.09  128.77
  75.14  165.35
  75.21  182.63
  75.24  165.53
  84.93   85.07
  86.16  230.67
  86.94  224.45
  87.27  183.21
  88.03  237.73
  88.22  138.21
  89.34  230.81
  90.61  149.21
  91.03  141.14
  93.41  153.18
  93.71  201.34
  95.41  149.65
  95.46   87.47
  99.56  216.54
 104.47  200.23
 104.57  224.17
 105.02  216.08
 105.50  220.26
 109.28  220.70
 113.69  108.45
 114.41  127.54
 114.74  141.15
 116.57  160.19
 116.72  118.56
 116.89  143.50
 117.42  223.64
 117.53   93.42
 117.81  122.43
 119.11  168.60
 119.17   14.92
 119.42   80.90
 119.65  125.73
 124.04  191.48
 125.75   18.42
 126.43  212.04
 128.61  218.92
 132.23   96.69
 132.45  230.32
 134.32  194.08
 135.08   73.54
 135.18   95.74
 135.69   25.05
 135.90   15.24
 136.35  220.99
 137.04  222.98
 137.88  152.60
 137.88  167.42
 138.05   19.34
 139.04   68.66
 139.08   11.60
 139.42  227.52
 140.44   29.96
 140.64   15.36
 141.12   25.01
 141.12   70.04
 141.56   67.02
 142.82  162.30
 143.02  214.05
 143.39  197.50
 144.01  112.45
 144.35  101.51
 144.54   68.40
 144.54  240.32
 145.02  194.22
 145.09  223.05
 145.10  202.48
 146.30   48.85
 146.50  161.55
 146.62   22.14
 146.94  167.12
 147.30   55.11
 148.08  175.02
 149.34    6.93
 149.53  182.51
 151.55   26.56
 152.09  112.24
 152.41   62.34
 152.90  163.16
 153.39   46.83
 153.41    9.30
 154.99  202.19
 155.40  211.59
 156.45   13.06
 156.70  228.44
 157.28   53.80
 157.76  224.59
 157.89   63.52
 157.94   31.05
 157.98  219.05
 159.37  203.29
 159.48  233.46
 159.51  113.38
 160.89  241.16
 160.93   14.14
 162.66  211.90
 162.67  229.73
 162.76   30.88
 162.99   24.34
 163.30  195.49
 163.30  101.66
 163.41  238.83
 163.50  209.95
 163.61  143.40
 163.69   16.72
 163.85   15.08
 164.37   63.49
 164.64  224.41
 165.67  202.97
 165.91  201.79
 166.87  169.57
 166.94   16.30
 168.03   52.33
 168.11  237.09
 168.70  239.79
 169.07  138.83
 169.41   22.80
 169.52  195.07
 169.95   16.12
 170.59   65.06
 170.64  224.14
 171.39   55.30
 172.41    6.99
 173.23  153.17
 174.12  214.16
 174.31   14.97
 174.41   54.24
 174.42  106.73
 174.68  136.53
 174.77  100.35
 175.11   90.53
 175.48  144.64
 175.54   67.61
 175.68   24.39
 175.70  186.35
 176.67  162.95
 176.68  223.68
 176.84  211.41
 177.26  236.89
 177.34   85.03
 177.37   53.21
 177.47   10.82
 177.63   95.35
 178.02  124.06
 178.11  216.13
 178.27  113.06
 178.41  135.26
 179.42   93.93
 179.61  167.16
 179.95   28.23
 180.08   44.62
 180.24  189.73
 180.47   84.96
 180.66  195.77
 181.04  232.94
 181.56   23.85
 181.65   77.11
 182.11   52.24
 182.75    7.78
 183.37   60.30
 183.85  141.64
 184.27  164.29
 184.41  196.90
 184.65  235.53
 184.95  135.50
 185.01  213.98
 185.15  185.32
 185.28  107.03
 185.33  209.13
 185.52  229.25
 185.91  174.19
 188.50   85.24
 188.67   80.41
 188.69  181.20
 189.62   96.59
 189.66   87.78
 189.85  227.40
 190.40  114.05
 190.94  137.17
 191.61  100.80
 191.93  203.54
 193.47  176.57
 193.63   66.73
 193.66  227.29
 193.99  196.83
 194.12  181.49
 194.50   21.97
 196.15  116.45
 196.23  234.20
 196.79  230.51
 196.89   76.56
 196.89   14.14
 197.12  223.48
 197.63  102.16
 197.74  208.07
 197.99   57.45
 199.29   87.05
 201.41  246.53
 201.42  180.63
 201.52  227.36
 201.72  233.84
 201.88   70.60
 202.00  108.78
 202.02   79.31
 202.47  130.59
 202.49   57.79
 202.73   40.66
 203.55   65.29
 204.18   92.51
 204.46   88.14
 205.65   25.69
 205.83   62.98
 205.89   81.94
 206.13   56.94
 206.32   69.48
 206.74  226.99
 207.02  150.35
 207.19  122.22
 207.76  158.01
 208.21   28.31
 208.28  114.44
 208.36  153.44
 208.63  227.54
 208.77   92.66
 209.16  145.60
 209.16  222.06
 209.16  167.22
 209.44  108.84
 210.17  115.84
 211.36   84.97
 211.52  155.77
 211.85  247.92
 212.48  104.01
 212.58  167.69
 213.26   83.41
 213.75  221.48
 214.07   38.09
 214.10  123.80
 216.96  175.33
 217.54   56.68
 217.75  145.95
 218.86   76.28
 219.41  137.70
 219.74  109.98
 220.69   83.75
 220.71   20.09
 220.73   70.51
 222.36  131.00
 223.34   41.91
 223.76  194.23
 223.89   31.71
 223.98  128.06
 223.99   52.20
 224.29   79.58
 225.63   53.78
 226.68  168.41
 226.71    7.35
 227.05  240.53
 227.43  104.28
 228.25  191.87
 228.85   70.00
 229.82  110.77
 230.10  174.46
 230.70  239.96
 231.58  150.32
 231.96   60.67
 232.37  144.04
 232.49  196.80
 232.87   19.94
 232.93   47.00
 234.21  104.11
 234.69  111.21
 234.84   41.14
 235.12  230.60
 235.16   88.52
 235.61   74.44
 235.83  156.06
 235.93  211.44
 236.15   46.82
 236.20   58.65
 236.50  126.04
 237.03  196.26
 237.73  116.90
 238.36  141.94
 239.11   92.06
 239.14   54.27
 240.67  179.22
 240.88   74.41
 240.96   66.64
 241.05   99.13
 241.37  159.49
 241.50  171.10
 242.73   45.77
 243.83  153.93
 244.76  208.46
 244.77  106.95
 245.31   61.23
 246.04  112.13
 246.88   75.26
 246.93  218.77
 247.06   85.40
 247.85  140.92
 248.23  101.47
 248.50   16.58
 249.24  218.67
 249.77   13.67
