   7.21  234.79
   8.75   13.72
  14.86   29.09
  16.08  178.90
  17.52    7.80
  19.27   15.47
  20.51   19.41
  20.74   27.30
  21.43   23.29
  21.47   64.14
  23.04   31.31
  24.38  190.99
  29.15   30.37
  29.59  103.67
  34.28  239.14
  35.02   96.60
  37.20   29.36
  37.80  187.68
  39.15   86.19
  40.06  105.66
  41.51  181.43
  42.81  193.61
  43.21  219.45
  45.50   26.03
  45.64  228.09
  47.35  113.15
  47.52  201.05
  52.98   32.99
  54.92  127.81
  56.95   24.74
  60.55   49.48
  63.82   81.66
  67.72  122.25
  68.31   49.65
  69.80   80.92
  70.40   43.24
  73.30  248.99
  73.97  242.72
  74.61   16.99
  75.69  227.95
  77.31   16.14
  79.03  229.95
  79.40   75.61
  80.64  221.87
  81.30  111.23
  82.15   18.00
  86.46  139.30
  88.87   19.03
  89.48  211.78
  89.77  192.84
  90.84   51.06
  92.90  184.48
  93.87   54.64
  96.58   22.29
  96.67  187.70
  97.03  102.98
  97.10  109.11
  97.59  211.23
  97.79  234.29
  99.30  182.42
 100.39  176.86
 101.03   89.66
 104.03   96.00
 106.85   55.06
 107.32   34.09
 108.49  173.50
 109.46   20.26
 110.14  226.90
 111.63   51.12
 111.99   74.79
 112.54   89.59
 114.72  133.76
 115.31   93.43
 116.65   56.81
 117.51  201.22
 117.69  214.05
 117.78  133.78
 118.77   78.21
 119.08  240.49
 120.00  180.21
 120.57   21.08
 124.79   54.20
 125.07   69.07
 126.61  146.34
 127.39   64.11
 127.62  153.25
 129.05   69.13
 130.50  162.92
 131.27  203.38
 131.51   14.42
 132.10   21.29
 132.15   63.93
 132.99  185.32
 135.00   52.24
 136.85  158.24
 137.29  234.27
 137.80  184.49
 138.52   19.48
 139.02   51.30
 141.60   57.60
 145.15  202.40
 145.16  223.10
 146.62  154.43
 147.20   18.59
 149.54   91.83
 151.66   96.59
 152.35  188.26
 154.40   95.21
 160.06  170.40
 162.03  229.57
 162.21  188.23
 163.52  238.86
 165.11  208.42
 180.67   63.92
 183.30   40.47
 188.93  182.87
 189.37  117.54
 194.40  169.54
 196.88  148.88
 197.94  107.22
 200.37  207.13
 201.54   78.42
 203.25   72.44
 203.91   82.74
 204.09  120.61
 205.88   63.46
 207.68  162.90
 209.01  243.81
 210.28   67.70
 213.90  129.43
 219.50  181.82
 220.82  173.19
 222.19  183.70
 222.86   66.97
 223.95  136.65
 224.24  120.94
 226.10  218.28
 227.06  211.47
 227.28  160.34
 227.53   60.05
 230.30   50.77
 231.99   15.13
 239.92  112.22
 241.57  160.34
 243.03  113.86
 243.56  161.41
 243.61   43.01
 246.69  161.20
 248.36  106.01
