   7.52  180.55
   8.52   88.05
  10.49   30.64
  10.56   15.97
  11.06   14.74
  12.40  194.04
  12.80   26.26
  13.02  130.21
  13.51   37.04
  13.75  173.91
  13.91  220.70
  13.96   83.10
  15.02  100.08
  15.93  202.86
  17.02    7.39
  17.14   40.31
  17.29  233.10
  18.17  127.50
  18.31   16.76
  18.79  121.72
  19.10  206.37
  19.50  150.50
  19.83  108.13
  19.88  128.69
  20.02   55.42
  20.09  247.55
  20.17  139.89
  20.35  164.06
  20.55   73.76
  20.65  167.69
  20.66  165.23
  21.28  196.33
  21.36   42.86
  21.50  119.12
  21.63  147.39
  21.97  106.53
  22.19  180.83
  23.04   12.72
  23.56   28.84
  24.44  142.40
  24.44    9.89
  25.09  173.85
  25.18  209.57
  25.30   25.93
  25.66  128.86
  25.68  166.20
  26.26  150.50
  26.42  136.75
  26.66  120.02
  27.08  102.31
  27.39   89.86
  27.43   65.61
  27.46  114.07
  27.75   41.89
  27.93   49.48
  28.34   95.10
  29.25   28.59
  30.35  103.12
  30.70    9.38
  30.96   97.95
  31.19   39.52
  31.53   53.34
  32.42   63.99
  34.13   88.53
  34.53   67.39
  34.60   29.79
  35.09   14.29
  35.23   42.22
  37.78   58.78
  38.48  121.04
  38.56  121.03
  38.99  126.42
  39.25   47.90
  39.78   77.66
  40.59   44.12
  41.56  116.02
  41.92  243.53
  41.96  150.90
  42.79  227.02
  43.52  117.13
  43.60  151.65
  43.84  164.36
  44.00   18.40
  44.63  125.69
  44.78   55.89
  45.01  127.45
  45.32  165.66
  45.88  139.88
  46.12  108.27
  46.76  192.55
  47.49   33.86
  47.83   33.90
  48.30  210.50
  48.33  133.11
  48.42  147.73
  48.64   58.88
  49.00  108.67
  49.43   97.96
  49.62   62.64
  49.86  235.49
  49.98  127.92
  50.05  240.52
  50.15  201.67
  50.23  196.97
  50.32  189.55
  50.43  188.07
  50.78  205.47
  50.81  157.77
  50.95  119.55
  51.66   49.95
  52.05  141.82
  52.24  227.21
  52.74  131.34
  53.12  239.05
  53.15  222.38
  53.92  232.80
  54.60  192.00
  55.13  188.53
  55.90  136.48
  56.05   61.15
  56.13  129.67
  56.21  139.40
  56.37   52.68
  56.86  188.42
  57.39  179.62
  57.61  160.82
  57.92  211.37
  58.27  196.35
  58.69  216.72
  59.03  117.09
  59.21  222.85
  59.52  129.21
  59.58  129.06
  59.71  191.79
  59.89  129.93
  60.01  134.07
  60.06  109.92
  60.35  140.22
  60.53   38.11
  60.64  147.09
  60.65  162.04
  60.67  232.63
  61.24  106.81
  61.25  180.71
  61.89  240.35
  62.56  131.00
  62.94  188.18
  63.02  181.72
  63.36  196.26
  63.68  215.77
  63.89  208.39
  64.15  204.40
  64.55  131.05
  64.85   42.82
  64.98   38.45
  65.39  217.52
  65.48  131.24
  65.83  127.18
  66.10   61.02
  66.10  142.37
  66.89  240.58
  67.31  111.48
  67.52    8.52
  67.95  185.03
  68.55  210.79
  68.64   84.25
  68.92  175.38
  69.32  236.05
  69.54   61.57
  70.26  207.13
  70.75  221.05
  71.53  140.67
  71.97  200.01
  72.33   23.30
  73.16  169.67
  74.36  232.37
  74.50  197.71
  74.67   27.02
  74.93   39.36
  74.94  240.96
  75.43  142.27
  75.47   33.73
  76.12  211.91
  76.13   30.08
  76.76  103.37
  76.85  208.26
  77.46   73.45
  77.62  137.50
  78.12  186.84
  78.19   80.35
  79.01  198.95
  79.21  191.06
  79.71   63.73
  79.85  165.48
  80.49    8.48
  80.73  236.66
  80.74   44.01
  81.39  222.43
  81.90  240.95
  82.05  243.70
  82.42  203.58
  83.17  214.48
  83.22  100.31
  83.40   50.90
  83.77   44.85
  83.84   79.76
  83.97  104.68
  84.01  162.51
  84.49  234.99
  84.78  166.74
  85.18  195.22
  85.26  118.89
  85.42   36.10
  85.59   80.87
  85.60   92.94
  85.72  244.27
  85.81   84.89
  86.01   90.71
  86.45   96.38
  86.77   20.54
  86.83   61.16
  87.92   64.69
  88.51   31.67
  88.92  102.30
  89.55   59.70
  89.67   69.61
  89.91  131.58
  90.43  194.37
  90.56   67.75
  90.85  177.72
  91.02  189.28
  91.38  201.94
  91.84   54.27
  91.85  239.21
  92.08   56.53
  92.27  212.18
  92.56   76.74
  94.11   80.99
  95.02  220.22
  95.42   73.67
  95.44   39.53
  95.54  239.21
  95.67   44.14
  95.78  176.53
  95.84  176.59
  96.03   21.43
  96.09  211.52
  97.20  207.36
  97.94   49.07
  99.18   65.26
  99.33   61.52
 100.83  198.31
 101.40   89.96
 101.89  130.26
 102.11  238.35
 102.14  133.71
 102.27   74.51
 102.29  119.67
 102.49   57.37
 102.55   57.18
 102.64  223.65
 103.10  181.41
 103.35   16.23
 104.26   65.18
 105.22   53.53
 105.40  102.75
 105.66  193.73
 105.71  145.71
 105.92    8.50
 106.02   59.31
 106.05   70.66
 106.21  183.16
 106.42   59.08
 106.60   90.13
 108.34  156.21
 108.42   81.07
 108.61   49.92
 108.79    9.43
 109.09  129.67
 109.37  134.13
 109.55   62.40
 109.93   40.27
 110.14  211.07
 110.30  102.40
 110.82  170.19
 111.19  159.78
 111.54  198.31
 111.74  112.33
 112.19  170.53
 112.26  180.61
 112.41   83.09
 112.50   52.26
 112.54   52.26
 113.24  107.33
 113.55  245.98
 114.21   57.26
 114.44  113.24
 115.02  120.50
 115.19   49.22
 115.32  129.43
 115.93  133.20
 115.95   78.21
 116.05   80.72
 116.32    7.85
 117.14  164.37
 117.18  184.94
 117.71  176.12
 120.02  129.13
 120.27  135.87
 120.63  203.74
 121.69   66.42
 122.55   80.18
 123.24  210.68
 123.25  139.26
 123.57  238.22
 124.18  217.51
 124.42  163.26
 125.09  222.92
 125.22  123.09
 125.49  225.44
 125.84  229.04
 126.51  238.16
 126.88  239.64
 128.84  212.38
 128.85  129.90
 128.99   98.60
 129.11  204.86
 129.17  229.90
 129.28  173.71
 129.56   62.97
 129.62  219.85
 129.72  126.15
 129.73   94.83
 130.89   43.27
 131.12   34.48
 131.65  240.76
 131.82  211.90
 132.84   56.13
 133.64  188.91
 133.64   72.38
 134.34  159.61
 134.36  126.93
 134.82  131.03
 135.17   31.87
 136.58  118.97
 137.23  197.11
 137.85   10.56
 139.62  219.57
 139.85  235.21
 139.95  226.95
 140.03  146.14
 141.23  208.01
 141.66  211.07
 142.05   62.22
 142.19  142.76
 142.33   57.13
 142.53  136.82
 143.30  157.20
 143.36   70.79
 143.74  184.78
 143.92  223.18
 144.81   34.89
 145.22  150.35
 145.57   98.17
 146.17  215.58
 147.11  238.30
 147.22   59.43
 147.76   32.47
 147.92  128.66
 149.89  215.91
 150.50   59.41
 150.73   38.47
 152.29  219.96
 152.62  133.52
 153.08   98.40
 153.37   76.20
 153.52   90.29
 153.79  207.13
 154.03  208.74
 154.81  197.98
 155.20   93.51
 156.17  223.59
 156.19  235.61
 156.86  110.36
 157.05  216.30
 157.74  137.75
 158.11   31.25
 159.85  200.66
 161.18  218.36
 161.85   28.58
 162.44  208.99
 162.99   65.87
 163.81  157.21
 165.19  112.49
 166.01   97.14
 166.32  185.27
 166.45  166.71
 166.66  166.70
 167.63  226.42
 167.96  182.85
 167.97  115.85
 168.20  159.44
 168.61  100.38
 169.06   27.98
 170.01  200.21
 170.55   33.15
 170.83  106.41
 171.81   83.79
 173.44   92.37
 173.81  100.97
 174.68   92.00
 175.54   44.92
 175.84  114.17
 176.78   26.91
 177.55   10.74
 177.87  242.58
 178.96   96.44
 179.80  132.40
 180.18   50.01
 180.83  248.94
 180.85  194.20
 181.10  194.14
 181.46   11.97
 182.60  167.34
 182.74  240.43
 183.38  228.70
 184.25   14.22
 184.83   92.56
 184.90  210.52
 184.99  122.77
 185.53   44.08
 185.74   26.28
 186.18  189.77
 186.35  168.97
 186.87   41.46
 187.29   98.89
 187.55   95.05
 188.09   13.40
 188.41   37.88
 188.69  100.22
 188.96   91.56
 189.07  235.48
 190.08   41.95
 190.78  130.54
 191.88  240.79
 193.87    9.54
 195.08  215.07
 195.25   42.16
 195.31   68.87
 195.36  200.95
 195.91  245.36
 195.98  184.89
 196.53  230.34
 197.76  218.87
 198.18   63.11
 198.49   43.62
 198.58   64.40
 198.67   64.51
 199.03  246.80
 200.74  186.88
 200.84   45.61
 201.08   36.55
 203.27   74.84
 203.32  238.06
 204.57   46.58
 205.03   72.39
 205.55   13.00
 205.69   68.11
 206.69  244.04
 206.84    9.40
 207.21  248.13
 208.15   71.92
 208.97  229.86
 209.44   33.12
 210.74  240.64
 212.24   57.05
 212.29  225.32
 213.03  247.42
 213.81  219.30
 214.18  209.50
 214.21   58.38
 214.84   80.04
 216.19   58.31
 216.29   91.56
 220.62   47.95
 221.18   90.36
 221.48  202.65
 222.88   51.76
 223.46  131.37
 224.46   63.63
 225.27  231.65
 225.32  203.18
 225.62  198.30
 225.95   74.96
 226.05  236.05
 226.59   15.09
 229.63  120.68
 233.38  248.57
 233.72   67.76
 233.93   73.99
 234.75   90.53
 237.93   90.18
 239.26   98.28
 240.76   93.33
 241.90   30.04
 242.15   16.79
 244.26   66.02
 245.88  159.12
