   6.98  173.58
   8.13   89.66
  10.48  115.76
  11.25  178.33
  12.18  148.39
  13.11   80.32
  13.62  112.40
  14.81  161.35
  15.23  214.66
  16.56  146.47
  16.74  226.69
  17.03  128.18
  17.06  134.36
  17.18   80.46
  17.22  114.16
  17.24  150.51
  17.68  105.24
  17.93  118.88
  18.85   96.28
  18.96  217.20
  19.38  154.50
  19.60  142.16
  19.64  103.39
  20.60  220.30
  21.29  126.62
  21.36  174.66
  21.70  133.35
  21.80  178.01
  21.88   71.48
  22.29   89.75
  23.03  101.81
  23.22  135.73
  23.44  114.63
  24.81  109.42
  24.86  188.42
  25.12  104.99
  25.77  147.23
  27.33  163.91
  27.85  101.27
  28.26  110.47
  28.27  184.70
  28.70  133.69
  28.73  176.73
  28.95   75.62
  30.11  160.44
  30.70   81.45
  30.75   87.06
  31.29   55.04
  31.69  106.76
  31.71  146.74
  32.19  169.60
  32.66  139.37
  32.71  164.44
  33.04  100.52
  34.23   84.47
  34.48   89.99
  35.97  168.24
  36.00  158.47
  36.08  180.44
  37.17  120.81
  37.41  110.57
  38.23  127.40
  39.33  131.24
  39.90  160.23
  40.44   96.71
  41.36  180.75
  41.62  224.95
  42.07  166.51
  42.50   99.06
  42.76  186.74
  42.78  111.94
  43.08  155.45
  44.86   81.17
  45.19  176.30
  45.24  158.68
  45.26  139.76
  45.36  102.37
  47.45  188.17
  47.75  160.28
  48.81   93.77
  49.99  170.89
  50.99  126.15
  52.08  142.03
  54.16  125.28
  54.30  106.20
  54.40  131.21
  54.51  157.68
  54.66  108.55
  55.07  187.84
  55.39  102.64
  55.93   74.96
  58.26  106.03
  59.62  160.64
  59.75  153.58
  61.27  127.74
  63.28   90.64
  63.48  155.38
  64.47  174.93
  65.11  224.16
  65.48   93.65
  66.73  122.49
  66.83  103.25
  67.59   84.87
  68.12   97.92
  68.34   94.57
  68.61  127.87
  69.92  117.85
  69.95   81.22
  70.29  100.17
  71.71  164.31
  71.83  144.74
  72.71  183.32
  73.06  153.81
  73.66  100.74
  73.73  178.82
  76.64  152.95
  76.77  234.56
  77.04  109.53
  77.48  165.02
  77.52  216.28
  77.81   97.82
  77.88  177.57
  79.41  127.45
  79.53  168.96
  79.55  134.27
  80.15  124.20
  80.70  164.89
  80.81  153.84
  81.23  113.93
  83.18  165.94
  83.23  128.29
  84.16  132.56
  84.18  142.55
  85.36  120.82
  85.92  124.14
  86.73  174.92
  88.36  143.12
  89.88  232.91
  90.08  183.04
  90.55  151.76
  91.10  139.80
  92.07  156.68
  92.31  181.76
  93.91   98.02
  95.69   86.33
  95.89  111.74
  95.93  102.27
  96.18  227.92
  97.62  145.83
  99.07  172.31
  99.62  217.60
 100.59  234.90
 100.79  220.32
 101.25   89.61
 101.83   95.36
 102.30  157.95
 102.62  177.69
 103.36  125.10
 103.60  229.17
 103.70  223.70
 104.79  136.35
 104.95  146.72
 105.01  121.26
 105.76  169.55
 106.38  121.77
 107.02  123.78
 107.05  151.96
 107.24  180.46
 107.63  142.99
 107.65  113.52
 107.87  186.21
 108.27  178.61
 109.22   79.73
 111.63  122.10
 111.63  164.20
 111.65  191.92
 111.85  230.14
 112.00   71.16
 112.01  147.21
 112.11   88.08
 113.18  145.66
 113.27  234.30
 113.89  171.10
 114.27  131.13
 115.41  142.81
 115.45   76.67
 115.53  215.53
 115.81  185.21
 115.83   95.28
 115.94  113.92
 118.37   94.02
 118.44  122.78
 118.86  173.97
 119.91   99.30
 121.37  128.21
 121.59  187.69
 121.80  164.40
 122.62  141.29
 122.83  114.03
 123.93  182.48
 124.22  161.08
 125.08  221.53
 125.29  155.78
 125.87  150.68
 126.13  189.23
 126.26  119.02
 126.37  175.84
 127.36  157.73
 127.43  124.54
 127.65  135.97
 129.09  177.01
 129.85  138.48
 129.93  228.04
 130.70  134.60
 131.22  180.68
 131.34  159.63
 131.43  106.27
 131.64  100.36
 132.39  192.54
 132.52  113.87
 132.70  139.30
 133.37  175.44
 133.82  181.55
 134.20  172.38
 134.46  236.93
 134.77  230.25
 135.94  104.22
 136.29  233.18
 136.34  113.75
 136.42  180.10
 138.15  188.66
 139.11  179.31
 139.48  116.37
 139.77  104.12
 140.01   77.22
 140.10  101.83
 140.48  237.62
 140.96  228.23
 141.05  171.07
 142.01  177.79
 142.24   86.18
 142.35  123.09
 142.38  136.91
 142.48  189.63
 143.54  107.92
 143.70  128.67
 144.59  140.89
 144.63  196.16
 145.01   91.14
 145.42  177.06
 145.49  102.08
 145.61   97.22
 145.94  172.98
 146.02  190.02
 147.78  188.40
 147.94  127.44
 148.96  155.39
 150.12  181.19
 150.14  121.22
 150.31  151.00
 151.53  154.76
 152.00  134.79
 153.62  193.66
 154.72  131.08
 154.75  188.92
 155.94  136.47
 158.46  199.95
 160.10  132.13
 164.65  140.24
 166.88  155.51
 167.19  171.88
 167.51  176.33
 167.75  185.71
 170.07  129.41
 170.43  149.72
 171.17  159.85
 172.56  175.24
 173.40  145.21
 176.20  165.20
 176.30  189.38
 177.04  165.43
 177.55  148.48
 177.90  148.15
 179.13  115.44
 182.08  121.06
 182.18  109.55
 183.83  108.09
 183.99  164.89
 185.89  243.53
 186.28  189.69
 186.78  179.73
 187.21  239.33
 188.42  100.47
 189.26  134.34
 189.27  158.38
 190.16  183.60
 191.22  112.19
 191.74  149.34
 192.41  115.12
 193.33  119.86
 193.37  110.49
 193.39  140.71
 193.88  125.74
 194.74  114.51
 194.87  189.18
 195.26  126.62
 196.33  175.63
 196.85  172.23
 197.25  152.06
 197.63  245.41
 198.10  162.32
 200.44  180.40
 200.72  190.18
 200.76  128.90
 201.06  109.54
 201.71  239.91
 202.28  151.80
 202.49  186.11
 203.43  181.51
 204.55  145.96
 204.69  108.82
 204.75  112.58
 204.76  191.72
 205.71  142.70
 206.85  233.14
 206.94  150.72
 207.59  109.10
 208.13  175.83
 210.02  121.65
 210.87  164.56
 213.49  189.03
 213.90  132.72
 214.67  164.52
 214.81  183.24
 216.72  168.87
 216.78  149.55
 216.81  160.42
 216.86  160.44
 218.55  164.33
 218.95  129.85
 218.96  175.41
 220.48  188.21
 221.54  187.41
 221.80  179.15
 222.37  131.65
 222.93  124.17
 223.21  150.16
 224.27  110.89
 224.56  100.96
 224.70  186.73
 224.92  116.44
 225.72   90.89
 226.59  189.74
 227.06  185.43
 227.29  153.07
 227.97   96.39
 227.98   99.48
 228.69  144.30
 229.09  106.42
 229.41  170.11
 229.42  157.34
 229.71  164.13
 231.19  148.53
 232.00  178.33
 232.98  105.45
 233.84  162.41
 234.76  187.92
 236.57  133.47
 237.28  178.41
 237.64  161.86
 237.82  166.18
 237.95  132.76
 238.87  124.11
 240.75  166.38
 240.82  179.59
 242.22  161.01
 242.62  186.88
 244.55  138.13
 246.19  135.48
 248.39  152.54
 248.54  181.64
