   6.89   16.13
   7.00  181.05
   7.33  200.01
   8.49   25.41
  11.67   33.81
  12.49  122.44
  12.56   57.05
  12.64  134.09
  12.68   40.41
  13.24   22.77
  13.55  156.69
  15.94  209.39
  16.28   51.86
  17.08  221.03
  18.09   13.67
  18.35  137.72
  18.68  130.78
  19.24  119.77
  19.37  223.78
  20.91   16.67
  20.98  119.22
  22.91   36.19
  23.43   21.84
  24.04   29.44
  24.49  211.61
  25.04  142.48
  25.76  140.55
  27.37  246.65
  28.52  121.86
  28.69   31.45
  28.87  121.60
  28.99   18.91
  29.67  103.55
  29.98  189.81
  30.51  116.83
  30.99   29.80
  31.76   14.23
  32.12  141.91
  32.26  113.29
  32.42   35.05
  32.57  177.99
  34.27   30.22
  34.85  230.20
  35.71  112.55
  36.12  189.09
  36.51   30.53
  36.57  225.24
  37.71   13.13
  37.72  130.17
  37.75  178.42
  37.93  101.76
  38.13  186.57
  38.60   21.44
  39.49  140.24
  40.12  132.18
  40.33   76.09
  40.53  225.83
  40.97  104.19
  41.72  143.62
  42.06  192.15
  42.18  188.16
  42.40  175.73
  43.55  117.71
  45.00  184.91
  45.62  172.73
  45.93  146.07
  46.27   72.47
  46.36  126.76
  46.72  193.91
  46.81  189.67
  46.91  148.44
  48.30  182.51
  49.18  168.08
  49.23  105.01
  49.49  180.08
  50.52  103.30
  51.11  133.24
  51.21  142.39
  53.83  176.09
  55.05  119.68
  55.89   72.97
  56.57   65.10
  56.60  160.23
  56.82   65.13
  57.61   70.74
  57.79  100.84
  58.85  130.70
  59.34  161.47
  59.48   91.38
  59.50  157.51
  59.58  111.52
  61.10  177.51
  62.01  155.28
  62.02   92.08
  62.87  138.40
  63.46  133.77
  63.62  123.06
  64.78  184.74
  64.88  111.21
  65.08   69.72
  66.40   65.59
  67.04  161.56
  69.69  112.14
  69.80  138.95
  70.88  241.56
  71.72   61.47
  72.97  110.42
  73.18  135.46
  74.35   64.92
  74.40  154.15
  74.68   53.72
  75.21  106.67
  75.24  141.74
  75.25  129.77
  75.60  155.57
  76.46   77.89
  76.86  170.18
  76.97   56.72
  77.04  134.26
  77.39  127.68
  77.99   87.26
  78.87  100.27
  80.21   83.79
  80.32  112.60
  80.59   16.51
  81.49  177.72
  82.13   14.30
  82.76  151.15
  82.79   63.22
  83.22  117.85
  83.76   93.62
  84.65  121.63
  85.55  100.15
  86.69  138.42
  90.73  151.07
  92.02   91.96
  92.71  119.83
  93.28  128.54
  93.37  141.76
  93.97  140.26
  96.78  121.92
  97.02  112.97
  97.06  117.59
 101.07   89.91
 102.79   98.86
 103.12  130.05
 103.32  122.21
 103.73   93.89
 104.25  107.73
 105.08   84.45
 105.31  143.26
 106.37   85.84
 107.13   70.17
 107.16   94.29
 107.43   16.91
 108.01   99.65
 108.90  159.95
 110.15   13.24
 110.23  129.62
 110.57   99.02
 111.53  121.58
 112.06   73.57
 115.27  106.15
 116.68  124.19
 121.19   79.74
 122.01  109.08
 122.24   87.75
 122.32   76.87
 122.50  124.85
 123.60  149.55
 123.67  133.28
 124.38  119.92
 125.12   78.21
 125.74   63.76
 127.56   43.01
 128.88   77.68
 129.65   70.52
 131.46  159.49
 131.47   84.62
 131.55   16.59
 133.52   40.11
 134.00   18.79
 134.27  155.68
 137.00  125.47
 137.11  183.86
 138.88   70.38
 139.37  132.59
 139.51    6.96
 139.65   65.61
 140.13   44.84
 140.83  137.62
 141.42   38.32
 141.80  127.31
 144.42   92.05
 144.57   92.31
 145.09  147.01
 145.78  100.94
 148.21   32.69
 148.36  105.06
 148.54  112.72
 148.62   80.11
 152.05  179.93
 153.15  149.54
 153.45   32.23
 153.55   31.94
 154.11   93.75
 155.25  179.47
 155.87  155.99
 156.14  111.57
 158.40  152.31
 161.47   11.54
 161.56   10.56
 163.05  114.40
 164.25  100.00
 164.65  126.98
 167.28   13.76
 168.76  134.67
 169.70  106.95
 169.98   92.77
 171.11  164.33
 171.16  127.31
 171.85  104.25
 172.73  119.70
 173.06  138.53
 175.03  161.82
 176.58  131.03
 184.13  184.82
 190.38   86.85
 190.92   94.15
 195.63   52.34
 211.85   57.02
 222.59   33.99
 222.81   31.92
 224.02   88.20
 226.47  127.72
 230.59  123.94
 239.26  159.95
 239.36  125.00
 240.58  161.78
 241.03   20.35
 246.50   85.21
 247.73  121.82
