   6.91   53.85
  11.17   92.26
  17.33   89.32
  17.81   85.83
  19.64   80.51
  23.13   87.70
  23.33   79.60
  23.45   51.46
  24.29  172.02
  25.10  176.30
  25.20  217.31
  25.55   95.56
  26.18  166.42
  27.33  229.23
  27.55  171.48
  28.91  165.71
  30.24  137.11
  32.01  226.68
  32.37   90.74
  33.12  109.22
  33.40  140.51
  33.57  211.37
  34.02   94.91
  37.20  198.67
  37.81  117.64
  40.00   39.95
  44.01   93.04
  44.58   37.88
  45.65   38.10
  45.90  115.65
  46.90  185.84
  46.92  185.78
  47.47   88.65
  47.63   88.64
  47.88  124.88
  48.10   93.27
  48.29   81.88
  48.65  191.61
  49.91  229.93
  50.20  200.25
  50.49  123.42
  50.72  215.57
  51.08   38.71
  51.32  118.34
  52.03  150.98
  53.02  112.98
  55.06  206.08
  55.13  107.76
  58.51   37.97
  59.09  105.34
  59.12   96.98
  59.59  106.64
  60.13   43.11
  61.83  148.13
  62.70  104.91
  62.73   81.20
  63.37   79.18
  63.51   99.51
  63.60  185.69
  63.70  111.78
  64.51  185.87
  64.80  208.35
  65.13  118.05
  65.80  228.57
  67.55   83.79
  67.68   59.07
  68.08   47.58
  68.79   95.66
  69.74   55.73
  72.54  168.44
  74.19   43.40
  74.27   38.33
  75.27  238.50
  75.67   59.25
  75.78   56.72
  77.14  138.11
  77.17  239.03
  77.51  220.16
  78.37  209.07
  78.67   99.12
  79.34  209.91
  80.01  190.00
  82.32   36.81
  82.56   41.58
  85.16  151.40
  85.29  123.63
  85.45  151.46
  88.13   40.82
  88.90   93.21
  89.03   46.72
  89.90  232.83
  89.91  217.76
  90.34  120.13
  91.10  206.74
  91.29  229.55
  91.32   40.20
  93.22  108.58
  93.84  112.46
  94.12   45.21
  96.15  225.76
  96.20  162.35
  97.46   81.64
  99.24   45.43
  99.91  186.00
 100.27  186.21
 101.57  148.56
 101.79  127.32
 103.90  198.52
 104.11  228.88
 104.41  188.25
 104.59  151.77
 105.77   41.81
 106.77  176.04
 107.97   51.14
 108.49  115.03
 108.70   37.29
 108.74  209.33
 108.85   33.33
 108.95   63.30
 109.96  199.22
 110.10   46.18
 110.50  104.68
 110.72  187.57
 111.76  177.02
 112.00   58.97
 112.40   43.36
 112.76   66.46
 114.24  183.48
 114.65  209.54
 115.00   59.56
 115.00   59.31
 116.60   48.19
 116.80  134.79
 116.85  215.84
 116.90  113.00
 117.21   67.24
 117.29  116.75
 118.51  179.95
 118.67  170.91
 119.00  218.74
 119.76  208.94
 121.68   50.84
 122.00  243.05
 123.24   58.81
 123.73  206.91
 124.53   25.99
 124.55  231.01
 125.74   50.18
 125.94   44.90
 126.23  217.66
 126.75   56.52
 127.81  119.43
 129.39   62.66
 129.71  201.34
 130.23  217.83
 131.61   47.05
 132.08  188.44
 132.72   29.37
 132.90   88.28
 133.15   14.23
 133.60   54.27
 133.71  231.09
 133.77   36.83
 134.74   48.06
 134.98   40.14
 135.49  176.62
 135.64  226.14
 136.47  208.88
 137.42  195.26
 137.46  172.13
 138.48   21.40
 140.10  189.09
 140.16  231.73
 140.19  120.79
 140.27  210.74
 141.13  194.85
 141.15  200.70
 141.35   68.87
 142.21   48.14
 142.35  159.62
 142.75  197.01
 143.18   60.55
 143.46   98.61
 144.78   50.65
 145.33  161.24
 145.55   19.38
 145.72   59.51
 146.70  130.70
 146.99  216.01
 148.82  199.88
 148.83  208.80
 149.31  192.23
 149.34  119.33
 150.96  186.44
 151.53  211.65
 152.03  202.11
 152.23  154.97
 152.93  226.87
 153.76   79.13
 154.20   79.18
 154.30  161.71
 155.63   18.50
 156.35  225.24
 156.42  225.24
 156.80   44.38
 157.18  185.74
 157.21  195.83
 157.25   45.65
 157.76  180.45
 159.17  177.61
 159.25  172.05
 159.58   40.96
 159.89   89.96
 160.13  223.89
 160.47   17.08
 160.65   63.34
 161.30  194.58
 161.43  192.09
 162.18  225.95
 162.21   52.06
 163.76   32.42
 165.00   86.88
 165.47  195.29
 165.85  133.44
 165.97   91.89
 166.07   63.59
 166.57  200.51
 166.99  187.18
 167.08   63.79
 167.80   41.74
 168.36  198.51
 168.50  210.83
 168.53   32.18
 169.21   43.19
 169.23  173.75
 169.34   60.88
 169.70   89.93
 170.02   46.54
 170.32   59.64
 170.80  196.19
 170.91  196.73
 170.94  204.37
 171.28  203.42
 171.48  185.52
 171.65  202.46
 172.59  173.97
 172.84  115.96
 173.74  221.30
 174.02  236.89
 174.13   89.09
 175.11   15.58
 175.14   33.58
 175.22  215.74
 175.42   15.52
 175.69  193.58
 175.88  174.06
 176.26  198.00
 176.50   29.23
 176.85  180.08
 177.23  245.47
 177.80  103.25
 178.55  202.08
 179.56  221.07
 180.05   62.56
 180.07  194.64
 181.86   48.31
 183.02  132.14
 183.11   27.34
 183.28  206.86
 183.70  130.26
 183.82  203.33
 186.05  194.11
 187.23  212.11
 187.26  212.09
 187.42  131.50
 187.52  229.81
 187.96  217.46
 188.19  207.77
 188.44  242.13
 189.66   30.62
 190.42   20.57
 190.56   20.32
 191.39   91.55
 191.47   37.45
 191.63    9.47
 191.86  205.06
 192.13  223.01
 193.59   99.10
 193.67  246.04
 194.00   89.13
 194.67  199.15
 194.77  126.25
 195.44  120.35
 196.24  246.21
 196.36  236.95
 196.44  191.46
 197.38  244.61
 197.49  217.34
 197.83  210.54
 198.96  232.63
 199.11  238.77
 199.28  228.57
 199.54  115.01
 199.90  221.58
 200.34  185.09
 200.83   37.67
 202.27  220.43
 202.62   85.66
 202.64  118.37
 202.95  205.17
 203.13  116.02
 205.07  231.80
 205.08   84.22
 205.63  174.21
 206.66   97.37
 206.68  219.64
 207.92  135.82
 208.20   39.95
 208.65   88.90
 209.46   60.62
 209.49   96.06
 210.65  149.53
 211.62   48.23
 211.74  132.40
 211.83  124.12
 211.99   88.73
 212.02   35.83
 212.89  238.19
 213.91  231.54
 214.12  218.23
 214.22  119.32
 214.85   29.67
 216.47  235.06
 217.06  240.41
 217.35   74.92
 219.15  194.58
 219.45   12.08
 219.79   55.11
 220.76   24.16
 221.07   84.83
 221.83  129.28
 222.12  234.88
 223.10  234.58
 223.26   80.28
 223.73  191.86
 223.81  198.41
 224.75   43.83
 225.51   10.43
 225.83   87.84
 226.65   32.15
 226.78   84.11
 227.21  118.64
 227.68  187.24
 227.71  187.79
 228.58   75.15
 228.71   38.56
 228.77   31.63
 228.84   35.17
 229.51   65.49
 229.85  203.00
 230.14  195.99
 230.34  151.54
 230.64  179.40
 231.24   19.46
 231.34   48.20
 232.73  122.84
 232.86  103.76
 233.71   51.13
 234.20   10.01
 234.71  160.34
 234.79  138.36
 234.93  130.00
 234.96  130.30
 236.06  242.02
 237.07  209.45
 237.50   44.12
 238.49   68.91
 238.70  195.68
 239.54   78.11
 240.02  216.42
 240.10  106.00
 240.65   85.04
 240.87   49.41
 242.06  124.97
 242.13  120.55
 242.15  201.36
 242.79  128.90
 243.00   99.48
 245.81  169.44
 246.36  104.54
 248.31  101.08
 249.64  155.44
