   8.47   49.53
  11.56   47.23
  11.72  176.08
  12.96   37.49
  14.94  180.65
  15.38  224.83
  16.15  248.01
  16.36   93.72
  16.59  180.67
  17.33   34.66
  17.69  225.40
  18.40  180.43
  18.58  214.26
  18.90  201.37
  19.11   49.29
  19.77  227.72
  19.97  124.67
  20.05   40.40
  20.38   79.11
  20.60  176.20
  21.02  220.73
  21.46   82.90
  21.75  142.97
  22.82  182.62
  23.43  128.48
  23.47   79.69
  24.58   36.19
  24.59  245.46
  24.91  235.32
  25.47  132.06
  26.05  139.03
  27.58  244.67
  29.01  214.92
  29.52   39.48
  29.64  126.60
  30.08   24.80
  30.38  237.80
  30.71  122.54
  31.13  101.18
  31.15  136.42
  31.44  225.50
  31.46  225.62
  33.82  139.15
  34.23   20.52
  34.36   30.58
  34.43  119.98
  35.81  206.63
  35.94  195.45
  36.20  132.29
  36.92  177.10
  37.02  103.03
  38.17  167.01
  38.25  228.63
  38.42   88.03
  38.59  140.01
  40.78  154.15
  40.84   75.31
  41.18  124.62
  41.76  146.75
  42.01  223.16
  42.07  176.21
  43.02   85.97
  43.59  111.51
  44.04  171.73
  45.64  207.81
  47.09   74.53
  47.32  162.14
  47.63   93.47
  47.86   40.12
  48.49  101.89
  49.03  226.08
  49.20  179.99
  49.97  213.64
  50.04   30.63
  50.49  160.30
  51.13  218.34
  51.16  239.56
  51.45   98.41
  52.03   90.03
  52.08   68.26
  52.42  240.64
  52.69   59.97
  54.63   64.81
  55.15  161.33
  55.61  168.90
  56.70  221.06
  58.03  107.60
  58.27  211.79
  58.30   66.25
  58.34   80.03
  58.55   83.82
  59.02  143.76
  59.42  184.46
  59.66  235.57
  60.44  125.73
  61.10  129.92
  61.25   99.33
  61.95  154.03
  62.67   83.67
  63.53  210.72
  63.74  193.78
  63.91  205.32
  64.09  198.08
  64.59  174.25
  64.66  237.33
  65.05  216.83
  65.18  119.26
  65.64  155.15
  65.70   36.97
  66.82  126.12
  67.14  244.65
  67.67  158.74
  68.36   47.80
  68.44  105.68
  68.64   66.78
  69.11   82.48
  69.65  207.59
  70.35  235.58
  70.81  189.14
  71.13  107.47
  71.38   55.13
  71.66   39.97
  71.68  229.36
  71.97  168.83
  72.04  146.16
  72.27  121.00
  72.94  173.91
  73.13  195.55
  73.70   86.92
  73.89  158.65
  74.04  160.01
  74.17  199.64
  74.38  237.19
  75.54  153.94
  75.83  231.09
  76.87  216.62
  77.01  200.91
  77.19  214.73
  77.43  207.05
  78.95  228.78
  79.02  165.29
  79.14  170.84
  79.71   46.05
  79.77  153.74
  80.16  125.92
  80.19  139.61
  80.89  153.60
  81.28  239.89
  82.91   43.70
  83.42  244.25
  83.82   65.26
  84.00  241.14
  84.14  219.93
  84.94  151.36
  85.25  203.56
  87.09  143.70
  87.92   71.06
  88.43  213.71
  88.52  115.61
  88.80  198.99
  89.75   99.80
  89.90  228.69
  90.30   40.44
  90.31   89.38
  91.47  108.29
  91.78  122.80
  92.71   52.75
  92.85  167.79
  93.83  118.32
  94.20  237.38
  95.19  211.86
  96.21  217.44
  96.27   80.99
  96.71  199.12
  98.81   68.87
  98.86   46.69
  99.03   25.97
  99.55  139.10
 101.27   53.49
 101.35  151.09
 101.46  173.71
 102.49  195.10
 103.50  221.41
 103.63  111.80
 103.70  130.63
 103.74   36.43
 105.14  203.95
 105.17  216.59
 105.41   32.91
 105.84   84.61
 105.94  235.15
 106.52  194.88
 107.29   85.65
 107.41  210.77
 107.45   31.77
 107.94  204.34
 108.07   54.57
 108.28  184.74
 108.30   69.47
 110.00  240.85
 110.07   81.09
 110.12  214.87
 110.62  140.79
 111.71   95.19
 112.68   34.62
 113.19   87.58
 114.23  132.76
 114.49  184.38
 115.41  226.78
 115.44   82.33
 115.50  161.17
 115.86  212.04
 116.71  174.02
 117.50  113.55
 117.78   91.87
 119.45  144.39
 121.13  163.75
 121.73  222.24
 122.81  116.98
 124.70  133.60
 124.84   73.01
 126.25   78.49
 127.35   90.90
 128.00   95.00
 128.86   73.01
 129.85  249.44
 130.74  125.51
 131.06  219.57
 131.33  188.80
 131.50  207.94
 131.76  143.20
 131.85  139.54
 132.79  204.52
 133.16  222.05
 133.49  167.40
 133.57  124.39
 133.58   57.41
 133.98  170.47
 134.00  196.76
 134.96  193.09
 135.89  133.37
 136.30  247.62
 137.53   78.78
 138.04   48.99
 138.21   90.23
 138.46   71.43
 139.46  210.11
 139.78   86.40
 140.00   95.37
 140.90  181.73
 141.00  218.23
 141.07   87.24
 141.21   50.18
 142.21  239.45
 143.04   97.73
 143.19  127.77
 143.34  174.97
 143.55  134.59
 143.85   47.47
 144.36   43.49
 145.37  224.34
 146.13  225.07
 146.31   93.09
 146.96  140.34
 147.24  217.63
 147.77  154.56
 148.44  167.31
 148.51   47.32
 149.41   84.37
 149.55  224.61
 151.09  124.01
 151.56  229.11
 152.30  220.96
 152.35   92.76
 152.67  141.83
 153.57  244.96
 155.29  218.01
 155.37  134.87
 156.14  104.67
 156.71  143.46
 157.06   89.35
 157.35   95.31
 157.40  232.46
 158.93  123.97
 159.19  124.12
 159.84  240.57
 160.31  121.25
 160.68  207.36
 160.83   81.48
 160.95   75.94
 161.04  126.52
 161.16  245.44
 161.25  100.96
 161.71  130.21
 161.92  104.03
 162.28  199.96
 162.50  119.11
 162.94  155.96
 162.96  195.30
 164.04   80.04
 164.07  161.21
 164.25  244.44
 164.35  130.75
 165.65   89.05
 165.76  151.08
 166.06  185.85
 166.17  139.03
 166.49  233.54
 166.81  214.99
 168.67  204.93
 168.68   71.89
 169.03  140.60
 169.52  140.38
 170.48  162.59
 170.60  157.68
 170.91  235.90
 171.19  198.04
 171.27  182.36
 171.59  172.67
 172.62  183.62
 173.82  245.80
 174.02  186.62
 174.65  108.44
 174.68   20.05
 175.43  212.86
 175.48  105.05
 175.65  218.56
 175.68  144.37
 175.76  110.56
 175.80   90.72
 175.98  169.02
 176.97  204.57
 177.04  178.31
 177.45  166.43
 177.63  238.97
 178.70   99.66
 179.41  229.07
 182.17  201.11
 183.94  224.81
 184.82  162.69
 186.08  148.69
 186.76  171.56
 187.24  243.44
 187.53  156.27
 187.64  215.29
 187.74  232.22
 187.95  167.22
 188.06  163.38
 188.36  207.09
 188.40  103.12
 188.65  198.88
 188.77  243.83
 189.73  222.19
 190.13  111.26
 191.42  164.33
 191.48  239.10
 191.60  164.35
 191.94  222.70
 192.92  208.06
 193.18   63.19
 193.39  180.95
 194.18  199.96
 194.64  194.51
 195.82  246.65
 195.96  219.60
 196.79  194.05
 197.72  170.42
 198.24  207.54
 198.35   73.62
 199.45  238.69
 199.65  204.62
 199.82  233.73
 200.35  163.08
 201.06   71.15
 202.20  166.65
 202.73  225.67
 203.04  228.34
 203.33  246.05
 203.53  153.81
 203.69  216.44
 205.67  165.30
 206.24  201.99
 206.87  202.38
 207.00   91.64
 207.23  221.82
 207.63  158.38
 207.69  195.88
 207.83  172.80
 207.83  208.07
 208.17  123.42
 208.19  184.64
 210.34  162.19
 211.75  229.24
 211.97  160.86
 212.23  199.98
 212.92  207.76
 213.52   56.05
 213.58  211.25
 214.35  192.31
 216.31  153.40
 216.33  242.28
 216.83   59.04
 216.99  208.04
 217.11  220.29
 217.16  135.06
 217.49  130.79
 217.75  230.14
 219.11  103.05
 219.38  125.72
 220.00  132.79
 220.39  147.13
 220.74  133.24
 221.47  142.95
 222.13  182.25
 222.13  167.82
 222.38  209.49
 223.27  208.04
 224.10  125.17
 224.35  238.73
 224.62  146.48
 225.74  111.19
 226.10  126.53
 228.04  156.93
 228.07  194.87
 229.00  140.78
 229.19  127.21
 229.29  219.52
 229.57  200.18
 229.99  148.48
 230.21  152.46
 230.67   35.14
 232.14  231.30
 233.15   93.30
 234.19  111.48
 234.68  207.86
 235.07   35.64
 235.21  187.74
 235.63  101.22
 235.74  140.86
 236.44  174.53
 236.60  220.66
 239.06  171.83
 239.25  226.65
 239.27   64.26
 239.39  149.30
 239.47  200.52
 239.48  227.18
 239.48  162.98
 239.93  109.03
 240.40  114.91
 241.91  179.03
 242.40  152.90
 243.04  196.50
 244.24   57.92
 244.73  121.32
 245.95  178.57
 246.33  193.74
 247.92  170.36
 249.26   53.34
