  11.39   20.05
  11.46  181.99
  11.76  116.00
  11.90   90.71
  11.93   61.16
  12.31   79.87
  12.43  203.31
  13.37   99.58
  13.41   63.97
  13.63   24.51
  14.10  104.45
  14.27  193.86
  14.32  124.37
  15.10   92.59
  15.11   74.59
  16.13   41.95
  16.15   28.98
  16.36   95.31
  16.50  101.70
  16.78  113.97
  17.10   61.06
  17.23  126.70
  19.03  109.23
  19.50   53.19
  20.01   90.56
  20.53   81.79
  21.37  103.42
  23.54   23.15
  23.58   69.04
  24.51  219.97
  24.66  112.41
  25.70   65.66
  25.73   96.99
  28.56  224.51
  28.87   60.53
  29.34   67.85
  30.31   86.66
  30.52  124.34
  31.62   71.71
  31.78  221.54
  32.11   18.87
  32.47  124.06
  32.80  207.20
  34.28  118.74
  34.33   74.57
  34.36  177.56
  34.53  218.95
  34.94  243.22
  36.00   41.96
  36.43  225.13
  36.57   86.27
  37.77  230.26
  37.78  222.62
  38.25   73.62
  38.33  215.00
  38.64  133.32
  39.38   52.50
  39.46   41.95
  39.49  202.12
  39.61  133.68
  39.80   29.01
  40.35   41.60
  41.82  249.61
  41.95  205.92
  42.40  141.35
  42.59  199.50
  43.19  222.95
  43.78   96.10
  43.99   86.52
  44.15   30.43
  44.78  129.53
  44.95   92.90
  45.51  220.92
  45.55  226.32
  45.90  238.76
  45.97  144.39
  46.46   79.89
  46.54  210.94
  47.26  230.82
  47.44  115.11
  47.94  126.54
  48.22  136.12
  48.48  104.47
  48.91  236.90
  49.04   39.42
  50.12  201.31
  50.27   80.33
  50.97    6.76
  52.36   58.74
  52.64  145.80
  53.37  124.76
  54.82  104.31
  54.88    8.28
  55.31   35.39
  55.63   92.42
  56.04  213.67
  56.55  134.33
  56.78   66.27
  57.25  121.41
  57.29   73.66
  57.55   58.21
  57.79   83.42
  57.93   31.82
  58.10  128.70
  58.11  132.39
  58.69  142.23
  59.45   13.79
  59.95  242.84
  59.97   92.26
  60.21   24.42
  61.14   71.12
  61.20  114.71
  62.90  120.04
  63.69  222.99
  64.20  189.86
  65.09  126.07
  65.40   29.47
  66.39  220.57
  66.46   49.48
  66.52  224.44
  66.80  112.76
  66.97  161.29
  67.25  133.71
  68.18  179.40
  68.90  137.21
  69.05  150.18
  69.52  118.57
  70.20  159.25
  71.17   18.09
  71.71  142.03
  71.88   68.47
  72.21  209.99
  72.79  113.34
  73.41   58.16
  73.95  170.66
  73.98  145.46
  74.86  100.76
  75.96  119.49
  75.99  132.54
  76.24  162.84
  76.65  189.96
  77.20  115.89
  77.62  143.77
  78.17  220.79
  78.27   36.19
  78.52  176.98
  78.68   40.09
  79.78  129.14
  79.90   81.82
  80.58   91.61
  80.78   23.83
  81.16  142.39
  81.76   86.73
  81.98    8.24
  81.98   37.10
  82.67  166.26
  83.68  136.21
  83.68  126.93
  83.72  136.35
  85.45   26.95
  85.58  214.09
  85.67  177.94
  86.05  165.29
  86.20   20.40
  86.72   11.47
  86.75  119.96
  86.82  207.05
  87.38  207.33
  87.94  111.42
  88.34   42.92
  89.02  107.06
  89.25   89.92
  89.69   39.46
  89.82   82.40
  90.08   51.94
  90.14   66.83
  91.46  100.46
  91.89  136.17
  92.00   72.64
  92.90  104.05
  93.39  205.73
  93.62  149.87
  93.70   48.10
  93.94   55.21
  94.71  119.89
  94.75  155.44
  94.90   42.98
  94.92  173.25
  97.10  107.00
  97.17  158.61
  98.98   81.25
  99.86   75.65
 101.43  229.57
 102.34  113.93
 102.60   95.63
 102.65  188.31
 104.29   60.55
 104.32   60.53
 104.41   65.92
 104.42   84.44
 104.43  162.02
 104.65  107.25
 104.74  170.63
 104.76  111.92
 104.86   18.10
 107.04  117.06
 107.70  126.94
 107.81  178.39
 107.90   97.53
 108.23   17.31
 108.55  140.69
 109.97   84.72
 110.05   40.83
 111.41   39.22
 112.21  201.55
 112.53  139.38
 113.58    6.90
 114.02  110.28
 114.06  183.82
 114.41   64.08
 114.56  175.76
 114.60  115.54
 114.62   36.87
 114.75   86.83
 114.99  240.27
 115.56   59.88
 115.78   30.49
 116.00   83.85
 117.06  104.29
 117.08  111.63
 117.66  198.86
 117.97   93.71
 118.81   80.71
 119.60   43.02
 119.91   33.87
 120.10  141.71
 120.77   61.24
 121.22  154.72
 121.68  130.42
 122.03  113.75
 122.58  191.68
 122.67   52.60
 122.86   16.91
 123.36  160.19
 123.58  126.41
 123.94  122.85
 124.23   35.39
 124.88   57.72
 127.40   38.69
 127.40   51.11
 127.61  155.12
 127.79   57.94
 128.05   54.15
 128.58  191.77
 128.75  161.95
 129.24  130.81
 129.55  109.79
 129.61   21.81
 129.67  188.67
 130.90  113.25
 131.29   51.30
 131.64   34.39
 132.37  152.50
 132.42   37.64
 133.10   26.02
 133.71   65.10
 133.74  190.09
 133.76  159.00
 134.60  185.04
 135.04   34.91
 135.91  144.38
 136.33  180.06
 136.35  180.14
 136.82  122.18
 138.72  159.53
 138.99  136.00
 139.09  121.66
 139.40   14.41
 140.11  142.41
 140.12  117.66
 141.00   60.63
 141.28  105.06
 141.43   47.99
 141.64   44.68
 142.16  174.18
 142.54  182.72
 142.56   90.76
 142.99  164.83
 144.12   51.28
 145.01  158.34
 145.67  111.10
 146.02  136.35
 146.34  216.92
 147.27   76.14
 147.73   92.54
 147.80  115.83
 149.05   31.10
 149.25  113.87
 149.73   14.81
 150.25  135.37
 150.63   57.93
 151.32  100.26
 151.33   68.87
 153.77   20.58
 153.89   52.88
 155.00   94.79
 155.08  126.64
 155.09   98.47
 155.54    7.32
 155.91  142.95
 155.98  120.29
 156.06   65.06
 156.23  153.99
 156.53  147.32
 157.30  187.96
 157.48   90.02
 157.87  179.06
 158.24  134.39
 158.25  144.47
 159.46   80.16
 159.54   60.06
 160.03   50.34
 160.45   95.15
 160.47  131.77
 160.49  181.44
 160.74   32.02
 160.94   88.01
 161.61  139.75
 161.90  217.42
 162.52   39.18
 162.78   65.36
 163.12   20.12
 163.78  103.64
 164.52   53.58
 164.53   54.23
 165.61   34.11
 166.00   50.63
 166.08  135.89
 166.54  176.97
 166.55  146.12
 166.73   42.56
 167.19   81.13
 167.57  141.97
 167.71   58.23
 167.91   75.74
 167.95   11.65
 167.99   48.24
 169.46  128.36
 169.50   61.63
 170.61  110.09
 170.86  235.65
 171.56  239.60
 172.02   14.88
 172.06  110.68
 172.28   33.44
 172.68   78.94
 172.95   48.55
 173.02   88.99
 173.07  183.53
 173.13  183.81
 173.77  166.86
 173.80   94.02
 174.03  236.35
 174.05  136.95
 174.08  127.17
 174.67  150.42
 175.27  127.57
 175.30   55.24
 175.86   38.53
 176.76   30.20
 177.00   17.40
 177.04   71.23
 178.44  128.31
 178.89  117.13
 179.01  130.77
 179.41  134.06
 179.63  156.75
 179.70  154.13
 179.79   91.84
 180.60   62.81
 180.71   19.66
 180.74   77.34
 181.00  100.52
 181.04   46.40
 181.14   71.71
 181.29  133.34
 181.41  142.95
 181.96   16.04
 181.99  248.44
 182.20   30.13
 182.35  182.97
 182.47  123.41
 183.34   83.25
 183.63  169.15
 183.81   65.63
 184.46  136.55
 184.89   54.14
 185.25  155.43
 185.58  166.84
 185.78   17.44
 185.79  206.24
 185.86  127.73
 186.79   24.98
 186.83   43.66
 187.10   43.54
 187.45   57.65
 187.86  134.24
 188.01  241.21
 188.02  178.35
 188.33   80.49
 188.44  178.68
 189.44   66.28
 190.04  185.14
 190.34   50.20
 190.38  165.00
 191.07  221.09
 191.64  135.64
 191.66  123.70
 192.05  247.92
 192.74  215.42
 193.91   24.51
 194.17   93.11
 194.21  110.76
 194.23  175.01
 194.89   32.60
 195.68  115.67
 195.77  171.79
 195.87  127.40
 196.05   37.06
 196.40  117.02
 197.14   18.00
 197.52  195.46
 197.70  231.21
 197.87  119.89
 197.99   52.16
 198.04  140.23
 198.11  157.94
 198.55  176.05
 199.72  152.76
 199.76  122.92
 200.08  204.00
 200.89  186.94
 201.21  230.58
 201.71   35.85
 202.19  156.14
 202.35  177.57
 202.74  160.63
 203.62  146.10
 203.62   41.24
 204.57  158.06
 205.32   83.79
 205.39   55.33
 205.68   67.87
 205.84  205.44
 206.12  123.06
 206.78  165.68
 206.85  127.15
 206.85   38.36
 206.90   38.26
 206.90   27.20
 206.96  213.98
 208.66  190.52
 208.76  113.60
 208.99  171.24
 209.21  175.30
 209.79  102.34
 210.21  118.99
 210.34  158.58
 212.08  215.67
 212.37   30.70
 212.37  168.08
 212.40  135.96
 212.72  130.65
 213.47  221.02
 213.50   69.84
 213.51   12.58
 213.85  148.76
 214.28  179.00
 214.48  151.37
 214.88   25.67
 215.07   51.26
 215.77  104.03
 216.24  209.23
 217.29   57.67
 217.44   21.96
 217.49  173.76
 217.75  166.91
 218.02  149.89
 218.22   18.11
 219.24   50.79
 219.45  156.74
 219.70  138.67
 219.76   77.92
 220.04  112.53
 220.34  174.39
 220.40  133.22
 220.42  101.79
 220.44   73.78
 220.69  129.93
 221.63  126.02
 221.95  209.40
 222.70  122.37
 223.24   12.10
 223.95   33.62
 224.01  121.77
 224.42   57.02
 224.43   68.80
 224.56  182.87
 224.73  114.06
 224.76   80.80
 224.79   69.00
 225.91  100.09
 226.58  179.05
 226.72  243.58
 227.46  117.97
 227.57   53.76
 227.68   25.58
 227.74  130.57
 228.15  123.51
 228.23  134.27
 228.30   80.79
 228.36  140.20
 228.41   10.33
 228.51  246.51
 228.53   85.85
 229.01  149.87
 229.45  131.14
 229.98  182.88
 230.02  182.63
 230.92  111.01
 231.40   35.52
 231.61  170.57
 231.77   48.59
 232.39   67.71
 232.79   64.28
 232.87   48.98
 233.43  104.70
 233.43  132.74
 233.58  178.08
 234.43   93.62
 234.57   57.05
 236.30   41.13
 237.11  244.82
 238.48  214.83
 238.96   88.08
 238.98  248.42
 239.43   25.34
 239.79  207.03
 240.50  138.24
 240.80  243.26
 240.93   63.62
 240.95  240.44
 240.97  116.19
 241.63   67.98
 242.97   73.38
 243.16  238.93
 243.39  173.55
 243.40   11.50
 243.51  132.86
 243.56  214.26
 243.62  223.42
 243.62   86.94
 243.95  135.79
 244.86   20.22
 245.06   97.11
 245.62  135.96
 246.43  110.86
 246.52   28.01
 246.57  116.27
 247.41   11.56
 247.80   83.82
