   6.90  146.98
   7.98  127.22
   8.07  132.87
   9.26   54.07
  10.37  213.59
  10.68  171.46
  11.20  241.76
  11.74  209.19
  11.75  180.08
  12.40   76.21
  12.78   51.72
  12.99  232.57
  13.33  221.16
  13.40  117.22
  13.44  245.37
  13.56  225.56
  13.68  212.13
  14.23   21.55
  14.34  204.17
  15.29  175.30
  15.33  112.94
  15.66   71.74
  15.83   79.03
  16.63  120.58
  16.86  200.96
  17.13   57.36
  17.77  235.98
  17.78   29.16
  18.53  116.98
  18.73  177.87
  19.69  123.32
  19.93   20.01
  20.44   13.45
  20.62  111.62
  20.66  155.06
  20.88  222.10
  21.07  151.40
  22.29  118.22
  22.74   25.08
  22.75  121.50
  22.78  229.93
  24.35  175.72
  24.73  179.48
  26.31   16.65
  26.66   23.12
  27.09  115.91
  27.96  151.22
  28.04   58.54
  28.12   66.46
  28.45  136.87
  28.52  242.79
  28.94  109.42
  29.01   34.45
  29.02  173.02
  29.63  168.69
  30.49  143.59
  31.04  134.47
  31.44  230.41
  31.58  161.62
  32.21  119.12
  32.51   68.32
  32.59  123.45
  32.73  166.08
  32.74   66.35
  33.78  113.47
  34.96  174.65
  35.12   42.59
  35.22  222.16
  35.52  160.16
  35.90   93.28
  35.97  170.66
  36.80  118.60
  36.92  118.62
  37.92   96.48
  38.01  164.94
  39.10  174.33
  39.92  116.23
  40.05   34.39
  41.44  170.22
  41.63  128.50
  41.91  156.12
  42.02  113.10
  42.17  166.93
  42.22  190.95
  42.28  194.13
  42.75   59.55
  42.81   39.92
  42.85   94.63
  42.85  231.38
  43.26  138.92
  43.29   32.90
  43.59   30.76
  43.94   43.71
  44.11  138.85
  44.22   89.85
  44.31  119.17
  44.77  123.15
  45.28  161.53
  45.38  223.32
  45.44  171.97
  45.67  155.60
  46.41  100.20
  46.55  134.64
  47.74   48.57
  47.79  129.76
  48.48  126.46
  48.95   26.84
  48.97  122.17
  49.51   39.38
  49.51  211.12
  50.07   23.44
  50.85  159.26
  51.08   94.10
  51.11   85.82
  51.34   34.26
  51.40  132.16
  52.21  117.76
  52.32  167.55
  52.52  164.08
  52.95  152.95
  53.19   27.46
  53.61  121.63
  53.96  207.26
  54.04   41.91
  54.31   22.78
  54.41  201.75
  54.96  133.01
  55.06  144.80
  55.24   36.38
  55.25  100.71
  55.41   22.03
  55.74  107.98
  55.96  234.59
  56.10  127.45
  56.35  162.10
  56.40  155.89
  56.41  138.80
  56.62  136.33
  56.87   41.46
  57.21  227.32
  57.69  130.29
  57.85  132.12
  58.35  180.87
  58.36  214.43
  58.60   85.56
  58.68  112.65
  59.05   89.99
  59.12  184.44
  59.29  173.48
  59.30   33.10
  59.67  242.71
  59.87  105.60
  60.03  151.15
  60.19  147.03
  60.30   43.92
  60.45   54.15
  60.80  212.90
  62.54   96.91
  63.47  114.18
  63.83   97.41
  63.84  166.25
  63.93  157.47
  64.03  153.04
  64.42  207.98
  64.65  110.01
  65.06   13.78
  65.54  125.08
  66.02  203.12
  66.05  127.22
  66.64  199.10
  66.74   43.51
  67.98   85.65
  68.64  150.44
  69.22   89.82
  69.36  128.49
  69.37  110.51
  69.58  156.90
  70.03   90.30
  70.09  160.71
  70.22  160.67
  70.28  142.56
  70.54   58.74
  70.57  147.89
  70.81   43.14
  70.85  137.64
  70.95   38.04
  71.19  118.82
  72.41  212.85
  72.68  235.97
  72.83  113.43
  73.66  142.91
  73.87   91.49
  74.85   55.17
  75.13  101.82
  76.53   34.07
  76.73   52.18
  77.30   37.41
  77.36   37.49
  77.97  121.67
  78.08  216.39
  78.35  104.12
  78.65   58.40
  79.28  139.09
  79.43   21.23
  79.79   93.48
  80.46  156.12
  80.52   89.51
  81.83   58.71
  81.86  112.32
  82.06   39.28
  82.27   56.35
  82.56   53.93
  82.70   73.26
  83.26  110.34
  83.49  107.18
  83.64  155.54
  83.97  118.83
  84.24   84.89
  84.24  155.59
  85.11   13.63
  85.15   47.36
  85.15   93.06
  85.28   98.54
  86.04  125.25
  86.46   43.50
  86.69   75.37
  87.16   33.04
  87.97  149.60
  88.04  119.05
  90.04  114.26
  90.55   70.78
  90.64   66.07
  90.87  193.83
  91.24   79.11
  91.31   47.13
  91.39   58.09
  91.45  106.55
  91.76   43.11
  92.79  127.41
  92.82  109.02
  93.09  188.84
  93.45  145.13
  93.90   74.85
  94.73   28.48
  95.07   69.92
  95.17  114.82
  95.63   34.31
  95.64  114.58
  96.98  194.89
  97.07   81.11
  97.75  125.14
  97.81  125.14
  98.57   47.48
  98.95   88.85
  99.07   28.93
  99.27   56.40
  99.32  233.25
  99.41   51.54
  99.57  224.61
  99.57   99.87
  99.71  116.72
  99.83   63.88
 100.05   81.56
 100.12   94.58
 100.25   42.28
 101.77  222.48
 102.18  113.48
 102.29   81.19
 102.41  117.23
 102.48  188.91
 102.51  199.45
 102.92  130.61
 103.17   59.86
 103.20   37.32
 103.22  185.14
 103.42   75.99
 103.63   89.53
 103.76  196.51
 104.10  123.41
 104.16   83.41
 104.29  113.42
 105.78  128.52
 106.97   91.68
 107.22  180.40
 107.43   64.66
 107.67  132.46
 107.85   99.80
 108.29  124.35
 108.41   28.65
 108.66   96.90
 108.81   35.94
 109.16   71.11
 111.37   39.06
 111.53  124.63
 112.47   64.65
 112.73  202.27
 112.80  212.40
 114.05  241.36
 114.17  150.27
 114.25   95.26
 114.26   43.90
 114.48   80.49
 114.49  109.17
 114.79  185.78
 115.13   39.49
 115.28  192.29
 115.59  125.65
 115.66   85.85
 116.05  133.07
 117.06   56.09
 117.11   79.97
 117.44  139.14
 117.97   89.40
 118.07  180.19
 118.39   78.43
 118.73  129.30
 118.99   20.29
 119.28   99.80
 119.56   42.34
 119.68  188.84
 119.70  184.05
 119.98  201.28
 120.08   94.73
 120.36   80.94
 120.68  214.68
 120.85   48.42
 121.50   29.53
 121.55  133.95
 121.65   25.84
 122.10   85.34
 122.12  169.55
 122.22   36.33
 122.43   44.86
 122.51   53.31
 123.74   89.56
 123.81  138.06
 123.96  190.17
 124.12   21.92
 124.19  199.08
 124.28  194.76
 124.32   99.00
 124.50   17.89
 124.51   38.88
 124.92  103.23
 125.09  131.41
 125.14   77.28
 126.91   31.96
 127.20   74.00
 127.36  144.23
 127.58   91.68
 128.05  182.91
 128.18  189.04
 128.87   21.06
 128.89  151.97
 129.04   77.41
 129.06  155.53
 130.52   72.80
 130.70   70.11
 131.40  184.98
 131.62  200.58
 132.06   87.55
 132.28  190.62
 132.38  148.26
 132.51   99.73
 133.31  242.79
 133.98  137.64
 134.02   59.49
 134.04   67.45
 135.03  179.01
 135.08  152.26
 135.39   80.21
 135.79  127.62
 135.96  108.06
 136.92   29.43
 137.77   69.00
 138.07  242.14
 138.26  123.19
 138.46  184.65
 138.82  198.74
 139.00  112.14
 139.58   50.06
 139.63   94.88
 139.96  132.30
 140.13  191.89
 140.54  169.75
 141.43  153.52
 141.52  221.76
 141.62   47.34
 141.70  143.31
 141.97  208.38
 142.07   75.22
 142.36  218.46
 142.55   34.67
 143.09  246.16
 143.19   91.69
 143.48  187.57
 143.59   29.34
 144.16  193.20
 144.24  116.33
 144.31  177.70
 144.49  159.81
 144.71   42.58
 145.12  152.87
 145.32  173.24
 145.63  122.48
 145.87   71.22
 145.98  146.31
 146.14   32.94
 146.20   50.16
 146.45   10.11
 147.03  155.57
 147.28  102.55
 148.33   88.79
 148.42  190.16
 148.81  127.10
 149.01  143.21
 149.29  139.14
 149.54  179.29
 150.15  142.87
 150.68   21.40
 151.05  147.09
 151.12  113.46
 151.13   62.34
 151.63  188.26
 152.20  212.98
 152.33  232.16
 152.50  244.12
 152.80  129.98
 152.96   25.71
 153.35  173.93
 153.71  157.98
 153.73  177.91
 154.78  118.71
 154.82  132.45
 154.92  209.48
 154.98   90.84
 155.00   95.19
 155.04  186.95
 155.41   82.48
 155.69  162.72
 155.78  227.52
 155.93  106.24
 155.95  150.09
 156.09  105.18
 156.24  167.27
 156.44  169.64
 156.44    8.48
 156.58  147.52
 156.92   57.08
 158.07  135.84
 158.15   62.28
 158.97  148.94
 159.32    8.46
 159.86   31.84
 160.16   30.25
 160.23   99.44
 160.31   30.37
 160.39  196.67
 160.40   17.97
 160.58   77.78
 160.65   20.26
 161.17   59.52
 161.47   82.27
 161.82  168.76
 162.43   14.91
 162.66  124.10
 163.16  183.74
 163.19  106.12
 163.49  151.85
 165.61   29.57
 166.15  158.07
 166.45  217.12
 166.67  150.50
 166.99  193.86
 167.09  127.64
 167.19  206.06
 167.25   61.84
 167.25   34.41
 167.34  167.58
 167.50  171.45
 167.56  208.94
 168.52   29.40
 168.68  176.21
 169.08   31.21
 169.30  109.53
 169.38   11.84
 169.76   82.39
 170.06   91.64
 170.53   78.50
 170.73  235.33
 171.03   95.54
 172.06   22.36
 172.52   86.73
 172.67  215.46
 173.34  165.34
 173.48   10.61
 173.52  154.07
 173.59  100.70
 173.62   98.60
 173.69  181.42
 174.30    7.84
 175.29   57.00
 175.86   67.84
 177.01  137.81
 177.12   20.10
 177.14   53.56
 177.17   73.92
 177.17  104.88
 177.20   79.17
 177.43   81.49
 177.47  112.98
 178.24  105.82
 178.25  142.83
 178.31  105.67
 178.82  173.01
 179.07   20.72
 179.85  197.14
 180.39  190.28
 181.42   70.11
 181.57  146.68
 182.12  109.10
 182.13  161.47
 182.71  193.16
 182.88  159.54
 183.89   80.05
 183.97  214.72
 184.06   60.62
 184.27   59.42
 184.43  137.25
 184.53   26.32
 184.61  114.87
 184.79   85.91
 185.70  104.41
 186.12  202.42
 186.23   37.71
 186.34  163.78
 186.41  163.84
 187.34  174.24
 187.72   41.82
 187.87  184.34
 188.08   19.77
 188.23   43.47
 189.65  146.80
 189.98   51.27
 189.98  197.31
 190.42   39.73
 190.54  218.94
 190.83   99.75
 191.10  108.00
 191.40   72.97
 191.58  181.45
 191.73  132.61
 191.75   26.35
 192.44   62.20
 192.46   63.64
 192.63  159.36
 192.81   78.44
 193.11   70.88
 193.60   45.07
 193.74   68.00
 193.87  111.45
 194.29  111.32
 194.79  141.97
 195.09   96.00
 195.65  150.01
 195.82   74.62
 196.18  211.85
 196.32  132.00
 196.84  146.06
 197.76   45.73
 197.85  155.04
 198.10    8.70
 198.15  197.56
 198.28  225.50
 198.30  172.97
 198.57  106.25
 198.65   67.79
 199.41  218.03
 199.51   76.94
 200.12   25.62
 200.20   63.19
 200.22  138.46
 200.41  145.55
 200.65   39.81
 200.81   81.66
 200.99  193.74
 201.13  188.77
 201.13  161.90
 201.22  176.65
 201.22  184.37
 201.89   21.72
 202.12   72.06
 202.40   96.08
 202.44  166.50
 202.46  163.37
 202.48   60.40
 202.49  169.92
 202.59   17.44
 203.37   55.67
 203.42  173.32
 203.58   21.11
 203.61  219.21
 204.17  232.22
 204.69   24.65
 205.03  186.30
 205.12  145.83
 205.56   34.60
 205.71   73.73
 205.79   87.39
 206.95  162.59
 206.96  177.16
 207.22   31.19
 207.94   70.88
 208.99  171.25
 209.35  182.15
 210.53  168.05
 210.79   25.92
 211.35  233.32
 211.56  213.25
 211.57   56.11
 212.12  221.71
 212.42   13.62
 212.91  165.36
 213.29  240.76
 214.09   75.44
 214.70   79.15
 215.03  226.99
 215.16   20.28
 215.44  226.00
 215.52   38.99
 217.12  185.86
 217.57  230.73
 217.63  213.09
 217.89    8.78
 218.27  166.66
 218.34  174.42
 218.61   32.60
 218.64  181.05
 219.44   70.39
 220.55  101.39
 220.72  156.49
 220.94  176.65
 220.97   41.05
 221.11  174.65
 221.47  217.20
 223.24  199.37
 223.44  198.61
 223.75   59.81
 224.24  234.80
 224.45   10.39
 224.60   38.40
 228.91   41.48
 229.01  224.81
 229.24  230.65
 229.69  188.11
 229.72   27.57
 229.95  200.00
 230.24  155.80
 230.91    6.94
 230.92   96.74
 230.98   96.79
 231.14  170.77
 232.02  227.89
 232.26   66.57
 232.29  192.97
 232.98  207.06
 233.76   40.17
 235.19  181.21
 235.33   23.64
 235.34  148.04
 236.64  203.99
 236.83    8.10
 237.32  176.21
 237.46   13.96
 237.59  231.05
 238.08  126.96
 238.78  192.83
 239.18   13.42
 239.62  213.03
 240.52  227.54
 240.90   40.10
 241.11  168.44
 241.15   35.49
 241.73  140.22
 241.92  247.29
 242.09  244.51
 242.37  222.42
 242.41  241.80
 242.57  193.56
 242.81  233.28
 244.85  244.93
 245.75   28.61
 246.14  184.63
 247.46  218.88
 248.24  215.89
