   7.01  120.59
  10.15  180.41
  10.22   94.14
  10.49  102.56
  10.62  112.07
  11.07  124.50
  11.10  144.01
  11.38  104.86
  11.89   33.36
  11.93  235.82
  12.28  128.92
  12.91  239.46
  14.13  143.14
  14.95  231.04
  15.23   78.76
  15.31  154.22
  16.15  242.73
  17.39   11.05
  17.87  104.63
  18.49  161.23
  20.09  134.16
  20.14   54.08
  20.97  119.52
  20.98   54.79
  21.00  177.71
  21.92  234.01
  22.36   47.43
  24.30  139.21
  24.76   21.05
  25.97  102.06
  27.66  235.35
  27.66   16.07
  28.02   30.47
  28.43   20.23
  29.21   74.81
  29.33   33.23
  29.77  180.81
  30.13  158.40
  31.52  112.64
  32.94  192.76
  33.55  123.56
  33.75  165.66
  34.28  241.76
  34.78   46.18
  35.58   25.43
  36.07   73.68
  37.63  153.92
  38.77  126.35
  39.09   58.52
  39.86  184.76
  40.43   79.53
  40.89  189.10
  41.82   57.63
  43.20   66.02
  43.39  127.75
  43.80  203.30
  44.48   38.10
  45.09  123.83
  45.12   98.52
  45.74   50.35
  45.88  235.42
  46.49   78.94
  46.69   62.76
  46.98  175.13
  47.15  113.15
  47.74   73.10
  47.88  173.65
  48.10  223.51
  48.25  235.72
  48.40  152.35
  49.11  158.76
  52.26  137.62
  52.77  196.94
  52.97  140.24
  54.98  249.35
  55.33  246.62
  55.63  134.59
  55.92   81.05
  56.55  233.96
  56.73  153.18
  56.99   15.71
  57.07  173.10
  57.25  134.82
  57.75   87.45
  58.02  111.67
  58.38   10.63
  59.19   98.48
  59.23   91.74
  59.42  166.56
  59.69  122.62
  60.88  109.95
  60.97  104.04
  61.26  200.30
  61.87   76.64
  63.26   29.57
  63.52   23.40
  65.96   60.43
  66.37  117.88
  66.91  126.61
  67.14  131.50
  68.68  105.65
  68.99  178.00
  69.29  129.01
  69.62   83.66
  69.73  146.96
  69.94   79.28
  70.05   71.07
  70.38  171.43
  71.99  240.76
  73.21  146.40
  74.05   79.87
  74.31  126.11
  74.77  154.95
  75.56  129.53
  76.81   25.67
  77.08   32.33
  77.17   78.98
  79.02  163.10
  79.08  196.66
  79.10  113.36
  79.69  140.99
  79.84  184.23
  80.11   59.23
  80.12  215.08
  80.41  152.35
  80.58   57.59
  81.69   48.32
  81.89   65.77
  84.16  143.88
  84.17  218.51
  84.53  118.94
  84.55   74.72
  84.76  160.95
  84.84  165.83
  85.14   48.81
  85.45  166.99
  86.46   63.85
  86.67  153.28
  86.79  172.48
  86.80   71.54
  86.94  134.50
  87.56  217.67
  88.15   26.15
  88.58  175.98
  88.87  112.73
  88.89   84.36
  89.19  196.91
  89.22  184.55
  90.50  143.06
  90.59  147.33
  90.60  116.98
  90.67  105.51
  90.72   57.89
  90.80   79.60
  91.13  201.39
  91.68  190.90
  91.78  169.52
  92.70   21.86
  93.09   76.91
  93.54   93.38
  93.63  216.49
  94.12  120.65
  94.84   24.18
  95.07   96.22
  95.14  206.74
  95.74  199.60
  95.76   27.06
  95.78  111.74
  96.25   58.17
  96.73  122.33
  98.02  205.20
  98.24  100.41
  99.33  145.84
  99.55   82.98
  99.57  245.53
 100.09   91.58
 100.91  141.53
 101.21  158.59
 101.38   61.24
 101.83   87.66
 102.00  241.26
 102.20  186.82
 102.95  170.28
 102.99   44.86
 103.05   93.52
 103.22   29.36
 103.24   29.33
 103.69  246.25
 103.85  206.83
 103.85   34.81
 103.87  228.78
 104.20  216.87
 104.63   79.94
 104.92  130.48
 105.36   60.85
 105.48   32.17
 106.98   90.01
 107.01  147.89
 107.43   16.57
 107.46   77.13
 107.76   69.42
 107.88  205.52
 107.95  138.06
 108.29   20.26
 108.46  100.22
 110.68  112.03
 110.73  168.32
 110.81   52.58
 110.83   84.52
 111.24  143.25
 111.25  176.18
 111.26   11.81
 111.36   25.18
 111.40  244.13
 111.66  229.07
 112.33   88.80
 112.37   99.65
 112.46   47.32
 112.64  197.74
 113.27  162.82
 113.32  239.73
 113.99  102.87
 116.45  198.19
 116.49   22.49
 117.50  242.82
 117.76   33.15
 118.19  167.91
 118.30  128.77
 118.91  108.42
 119.96  143.77
 120.40   73.44
 120.72   18.69
 120.83  137.29
 120.84  100.41
 121.47    9.96
 121.61  132.22
 121.92  147.68
 122.34  244.66
 122.40   41.57
 122.89   16.44
 123.42  187.17
 123.51   49.59
 124.57  159.57
 124.78   17.27
 125.31  239.80
 127.15  140.93
 127.39  158.15
 128.99   88.56
 129.49  175.13
 129.52  235.49
 130.14   58.13
 131.28   45.26
 131.49   53.54
 132.28   63.07
 132.38   73.63
 132.71  157.79
 133.59  180.27
 133.61   13.01
 133.69   67.55
 133.78  233.93
 134.05  201.62
 134.08  237.84
 134.48  191.22
 134.51  191.40
 135.05  166.70
 135.32  175.72
 136.27  178.74
 137.30   47.17
 137.34  154.15
 137.36  207.90
 138.08  202.06
 138.12  171.40
 138.76   78.64
 138.78  109.75
 138.87  185.39
 139.20   10.19
 139.50  145.62
 139.52  194.21
 139.90   26.46
 140.96  204.37
 141.10  156.15
 141.65  211.32
 141.89  230.24
 142.88   76.67
 143.19   29.53
 143.21  152.23
 144.95   68.57
 146.20  190.67
 146.20  211.29
 146.87  171.41
 147.63  156.38
 148.18  212.58
 148.30  150.20
 148.31  150.19
 149.09   52.70
 150.37  141.68
 151.24  194.13
 151.26   36.38
 152.89   49.69
 153.06   20.36
 154.39   62.85
 156.95  171.65
 157.01  149.81
 157.37   12.32
 158.22   35.22
 158.44   26.83
 158.58  129.54
 158.62   49.98
 159.19   22.67
 159.36  171.90
 160.40  159.20
 160.90  185.95
 161.45  101.45
 162.00  137.14
 163.16  150.62
 163.37  175.36
 163.42   15.45
 164.49  163.19
 164.83  166.84
 165.07  192.92
 165.50  149.06
 165.73   18.61
 166.07  197.58
 166.60   26.23
 167.16  103.23
 167.29   52.84
 168.09  185.99
 168.72  189.60
 169.60  182.14
 170.18  177.00
 170.70  194.32
 170.71  192.76
 170.71   15.96
 170.83  199.10
 170.95   62.55
 171.65   36.52
 171.69   29.62
 171.96  202.53
 172.29  184.44
 173.27  143.12
 173.37   46.73
 173.74   73.72
 173.75   47.27
 173.78  129.68
 174.55   24.26
 174.80   53.75
 174.98  182.18
 174.99  138.43
 175.17  160.25
 175.27   60.20
 175.33  207.45
 175.36  170.14
 175.74   64.92
 176.07   50.76
 176.63  204.12
 176.96  194.21
 177.53  104.99
 178.87  207.70
 179.86  228.59
 180.99   40.59
 181.15  149.88
 181.64  225.85
 181.71  101.17
 181.74  134.54
 182.03   65.59
 182.37   48.29
 182.49  120.79
 182.72  189.45
 183.25  152.19
 183.39  113.91
 184.21  180.82
 184.27  122.16
 185.37  158.22
 185.79  210.10
 185.84  116.43
 186.07   77.48
 186.44   68.56
 186.65  175.58
 186.74  238.77
 186.97  206.93
 187.99  120.11
 188.12  232.18
 188.63  189.28
 188.82   87.45
 189.35  235.33
 189.38  113.78
 189.40  197.98
 189.69  175.51
 189.78  216.58
 189.98   79.07
 190.25  104.61
 190.79   46.99
 190.90   35.20
 191.02   41.01
 191.14  104.14
 192.13   71.58
 192.19  136.34
 193.40  210.70
 193.82  116.87
 193.86   54.49
 194.78  193.66
 195.28  205.66
 196.70   70.66
 197.26   74.82
 197.47   83.04
 197.57   21.69
 198.09  218.70
 198.86  147.06
 198.88   88.53
 199.05   79.25
 199.17  137.32
 199.88  191.23
 200.19  178.56
 200.41  187.25
 200.50  217.03
 200.50   38.67
 201.12  134.60
 201.24  154.55
 201.56  104.07
 201.89   98.78
 202.26  107.59
 202.65  144.04
 203.31  228.16
 203.58  183.25
 203.72  188.33
 203.98  226.78
 205.68   51.75
 206.71   79.06
 206.76  231.61
 206.97  110.02
 207.09   27.37
 207.19  104.06
 207.21   95.46
 207.39  166.77
 207.42   60.70
 207.46   88.23
 207.55  156.14
 207.85  193.40
 208.41  114.77
 208.83   70.69
 208.95   91.69
 209.35  240.65
 209.89  232.11
 209.93   64.42
 209.94   83.79
 210.38  149.00
 210.66  174.85
 210.67  224.01
 212.16  199.95
 212.39  131.68
 212.61  181.92
 212.63   96.07
 213.45  115.29
 213.70  176.59
 213.89  102.48
 213.94   71.62
 214.29  185.64
 214.45  191.67
 215.37  227.76
 215.47  139.81
 215.65   46.85
 215.90   69.75
 216.10  240.29
 216.47  162.37
 217.67   97.03
 217.74  189.00
 217.76  126.06
 217.78   86.55
 218.17  105.93
 219.60  110.39
 219.88  101.23
 220.96  138.98
 221.28   93.53
 222.19   80.85
 222.27  213.12
 222.45  115.76
 222.51  247.17
 223.38  209.65
 223.77  244.64
 223.97  237.63
 224.73  139.62
 224.75  178.77
 225.64   11.48
 226.05  118.52
 227.24   82.72
 227.58  103.62
 227.75  189.10
 227.95   21.58
 227.97  140.37
 228.21  129.10
 228.66   76.91
 228.73  135.12
 229.15  112.00
 229.20   56.67
 229.86  178.61
 229.92   80.07
 230.77  194.54
 231.11   11.53
 231.54  210.44
 232.01  228.64
 232.10  205.20
 232.94  198.49
 233.10  111.64
 233.93  156.68
 234.52   86.82
 234.81   34.15
 235.67  228.63
 236.42  122.08
 236.63  154.12
 237.09  201.34
 237.52   62.99
 237.71  164.35
 238.01  182.69
 238.10  109.98
 238.92  150.28
 239.44  244.44
 239.50   78.44
 239.54  159.41
 239.77   35.15
 239.82  136.29
 241.46  198.98
 242.28  221.31
 242.66  201.72
 243.78   52.38
 244.90  154.30
 245.02   27.82
 245.30   97.65
 245.51  199.76
 245.59  207.58
 246.41  190.52
 246.85   60.47
 247.39  239.06
 247.51  159.73
 248.43  144.85
