   7.11  227.66
   9.39   55.07
   9.54  206.76
  10.31   27.49
  12.18  108.15
  12.41  219.95
  13.72   15.18
  13.87  144.36
  14.70  207.59
  15.05  218.73
  15.33   39.13
  15.35  213.83
  15.51  156.41
  15.57  147.87
  16.00   23.36
  16.12  127.64
  16.54  152.72
  16.59  134.09
  16.81  138.68
  16.84  235.09
  18.19   60.87
  18.25   40.13
  18.64  201.03
  18.72  172.11
  19.82   49.92
  19.87  195.61
  20.38   58.65
  20.39   32.72
  20.46  239.15
  20.77  220.06
  20.81  204.81
  20.95  226.10
  21.25   13.43
  21.55  156.41
  22.08  207.53
  22.35  235.79
  22.93  127.57
  23.22   17.96
  23.72  196.99
  24.15  199.12
  24.45  244.67
  25.35   43.18
  25.52  128.26
  25.69  204.10
  25.97  170.19
  26.25  201.42
  26.43    7.40
  26.58  185.80
  26.71  148.25
  26.86   47.17
  27.14   20.27
  27.22  143.85
  27.73  217.70
  27.99   51.60
  28.16  175.29
  28.71  147.50
  28.76  208.03
  29.06   58.73
  29.33   27.23
  30.67   35.97
  30.94   48.92
  31.23  156.95
  31.35   88.24
  31.48  235.50
  31.51   55.54
  32.22  164.64
  32.29  187.16
  32.64  192.87
  33.17  170.00
  33.55   74.29
  34.80   18.61
  35.28  195.10
  35.66  113.28
  35.72   30.16
  35.79  109.38
  35.79   24.09
  35.96   39.57
  36.17   35.07
  36.60  166.18
  37.30  110.69
  37.78   84.28
  38.70  145.20
  38.77  175.22
  38.93  200.06
  39.19  169.42
  39.74   41.72
  39.91  224.78
  41.12  111.67
  41.12  183.08
  41.48  161.21
  41.53   73.16
  41.92  107.38
  42.05  102.43
  42.11   57.83
  42.23  187.52
  42.25  230.37
  42.31   55.53
  42.88   24.83
  43.12   94.90
  43.63  151.73
  44.19  146.31
  44.36  240.80
  44.46  181.22
  45.03  122.35
  45.41   66.54
  45.90  114.48
  46.95  201.29
  46.96  119.24
  47.02   25.39
  47.18  201.26
  47.40  143.49
  48.02  183.73
  48.04  228.79
  48.81   48.88
  48.86   60.63
  48.89  249.43
  49.39   25.15
  49.50  134.58
  49.89  112.15
  49.89   58.98
  50.02  137.00
  50.13  124.60
  50.43  130.73
  50.62   68.95
  50.72   94.93
  50.86   91.81
  51.36  148.77
  51.49  201.56
  51.73  120.37
  52.34  191.41
  52.45  181.55
  52.62  173.98
  53.27  186.88
  53.33  111.08
  53.51  226.63
  53.78  191.90
  54.02   29.13
  54.60   24.34
  54.69  235.30
  55.36  135.69
  55.38  164.11
  55.40  118.16
  55.44  106.71
  55.73  172.90
  56.34  144.66
  57.09   70.26
  57.36  225.21
  58.01  215.72
  58.05   22.35
  58.52   32.56
  59.09  125.00
  59.61   59.99
  59.84  229.54
  60.35  191.53
  60.55   18.79
  60.92  218.41
  61.37  224.57
  61.48  236.79
  61.63   21.66
  62.77  120.59
  63.15  165.78
  64.40  217.27
  64.47  224.38
  64.57  104.51
  64.94   20.24
  65.12  183.52
  66.04   85.54
  66.17  205.03
  66.28  197.66
  67.18  213.45
  67.25  233.81
  67.79   18.06
  67.94  217.77
  68.07  190.17
  68.16  189.82
  68.37  202.08
  68.57  229.90
  69.08   45.15
  69.25  163.05
  69.32   80.89
  69.78  158.28
  70.06  198.98
  70.32  126.61
  70.35  194.73
  70.50   90.97
  71.31    8.09
  71.71  203.98
  71.97  177.51
  72.18   68.12
  72.20   83.65
  72.28  174.85
  72.28   62.12
  72.56  117.91
  73.17  128.35
  74.17  237.13
  74.38  116.96
  74.44   54.20
  74.61  180.82
  75.10   85.74
  75.75  199.39
  75.79  249.52
  75.89   50.01
  76.34   67.25
  76.52  201.97
  76.56   58.51
  76.89  153.60
  77.88   39.98
  77.97  207.04
  78.53   55.02
  78.69  233.67
  78.71  108.11
  78.78  169.54
  79.10  154.00
  79.13  166.38
  79.34   20.06
  79.62  242.14
  79.64  150.86
  80.22  107.43
  80.31   53.79
  81.26  112.46
  82.24  116.56
  82.40   90.43
  82.68  114.69
  83.09   51.04
  83.80   72.97
  84.65   35.38
  85.09   67.95
  85.98   66.76
  86.09   56.90
  86.72   95.00
  87.62   64.19
  88.06  111.26
  88.48   91.30
  88.48  102.92
  89.31  178.51
  89.63  120.12
  91.17  111.94
  91.26  152.41
  92.26   48.57
  92.45   66.47
  93.09  148.94
  93.36  177.73
  93.78   75.10
  94.17  156.80
  94.34   69.95
  94.46   84.61
  94.72   71.12
  94.91   79.32
  94.94   79.08
  94.97   91.50
  95.14  162.51
  96.09   26.19
  96.59  150.57
  96.63   30.21
  97.04  137.76
  97.31   83.18
  97.49   99.72
  99.06  111.28
  99.18  165.52
  99.73  156.11
  99.96   88.42
 100.02  187.16
 101.95   78.81
 102.01  169.43
 102.50  104.44
 102.80   55.77
 102.95   92.77
 103.33   83.17
 103.67   65.50
 104.01  111.83
 105.60   95.03
 105.65  131.24
 105.87   80.00
 106.30   76.31
 106.92   72.42
 107.10  128.91
 107.36   15.32
 111.90   48.44
 111.95   99.28
 112.10   56.33
 112.81  143.36
 112.98  107.17
 113.29   89.31
 113.61   12.18
 114.88   52.54
 114.89   69.91
 115.50  111.56
 116.92  143.73
 118.08  122.75
 118.88  113.49
 120.81  111.40
 122.37  167.14
 123.51  126.17
 123.91  111.05
 124.26  158.11
 124.29   68.95
 125.36  140.00
 125.61  115.71
 126.34   16.24
 127.47   11.58
 128.08  175.54
 129.14  134.55
 129.69  183.34
 130.25   82.99
 130.28   71.65
 130.89   39.73
 131.96  171.01
 133.80  110.57
 134.08   10.86
 134.49  217.63
 136.09  117.50
 136.76  103.33
 139.71   54.00
 139.94  130.05
 141.27  235.53
 141.62  211.56
 142.90   85.03
 143.28  106.49
 143.72   40.74
 144.64   58.20
 145.07  232.02
 145.41   69.50
 146.41  220.21
 146.50  200.84
 147.60  189.69
 147.63   47.25
 147.79  223.12
 147.87  207.17
 147.92  133.55
 148.45   58.21
 149.17  116.41
 149.77   51.93
 150.24   55.90
 150.40  185.56
 151.56  217.43
 152.19   11.01
 152.32  212.43
 152.61  163.57
 152.91  119.24
 152.94  199.95
 154.09  172.52
 154.13   59.04
 154.19  189.79
 154.52  160.72
 155.61  203.83
 156.07  201.71
 156.10  155.03
 156.17  118.62
 158.05  151.35
 158.54   90.06
 158.59  163.56
 158.91  142.74
 159.15  153.64
 159.15  195.99
 159.85   73.71
 160.46  154.08
 160.59  133.50
 160.95  185.43
 163.69  110.58
 164.03  114.56
 164.71  116.56
 165.12  182.04
 165.98  200.53
 166.43  166.00
 166.91  147.10
 167.07  200.43
 167.20  237.10
 167.44  103.99
 167.88  219.93
 168.54   79.11
 168.74   48.17
 169.80  246.71
 169.98  190.19
 170.04  198.56
 170.27  224.87
 170.29  216.94
 171.03  186.18
 171.24  139.83
 171.68  175.92
 172.02  163.48
 173.23  183.91
 173.81  142.27
 174.94  240.47
 175.28  128.62
 175.29  159.34
 175.35  119.19
 175.52  167.63
 175.52  244.01
 175.53  214.28
 175.99  209.01
 176.62  200.43
 178.33  190.90
 178.40  173.13
 178.55  141.29
 179.23  174.74
 179.47  131.05
 179.70  155.78
 180.96   96.56
 182.63  134.90
 182.93  157.52
 183.09  174.64
 183.43  124.52
 183.79  108.94
 184.01   88.28
 185.33  167.71
 185.41  184.63
 185.49  124.16
 187.08  123.13
 187.77  140.97
 188.09   79.18
 188.20  211.58
 188.47  105.31
 188.70  216.51
 189.45   83.78
 190.19   44.98
 190.31  184.03
 190.51   70.87
 190.66  129.01
 190.89  110.98
 190.92  158.83
 190.92  231.05
 191.29  119.26
 192.07  225.55
 192.72  137.01
 194.34   74.69
 194.93  101.64
 195.01  139.43
 195.44   41.15
 195.51   85.61
 195.98  129.73
 196.66   76.89
 197.00  199.41
 197.14   69.86
 197.43   98.25
 198.67   85.42
 198.84  187.23
 199.65  208.45
 199.94  237.85
 200.08  142.98
 200.30  162.36
 200.47  173.34
 200.77  146.45
 200.82   89.60
 202.63  105.64
 202.90  196.11
 203.48  179.08
 204.00   82.94
 204.40  219.42
 205.10  110.81
 205.29  190.43
 205.45  218.95
 205.72  126.58
 206.73  187.33
 207.06  108.15
 207.13  142.72
 207.16  179.41
 207.24  201.24
 207.24  117.60
 207.26  181.34
 207.29   95.07
 207.33  239.72
 207.34  228.32
 207.44  208.25
 207.46  165.82
 207.53  127.48
 209.44  125.42
 210.51  190.90
 211.50  215.03
 211.95  196.44
 212.00  241.50
 213.03  193.61
 215.22  178.60
 215.59  245.99
 216.57   11.69
 219.15  211.67
 219.98  149.77
 220.01  172.06
 220.03  101.60
 220.26  239.60
 220.47  245.39
 220.90  144.22
 220.90  167.15
 221.38  139.73
 221.38  196.40
 221.55  133.17
 222.23  147.15
 223.27  235.52
 223.95   70.54
 225.49  239.73
 225.75  231.30
 226.31  221.77
 226.32   98.80
 226.66  215.23
 226.82  177.28
 227.07   34.41
 227.11  193.40
 227.25  229.99
 227.31  193.56
 227.47   71.13
 228.11  240.30
 228.63   91.62
 229.34  159.46
 229.34  227.04
 229.47  173.24
 230.79  167.99
 231.49  222.69
 231.56  196.86
 231.81  200.23
 232.15  135.68
 232.32  157.14
 232.51  233.43
 232.63  205.42
 232.70  200.80
 233.21   10.62
 233.35   17.60
 233.57  215.67
 234.36  220.28
 234.50  150.86
 234.84  201.69
 235.04  120.50
 235.81  191.77
 236.31  165.86
 236.49  145.98
 237.52  208.31
 238.71   16.46
 238.89  245.75
 239.02  144.25
 240.04  196.32
 240.85  213.81
 241.22  241.89
 241.29  157.84
 242.38  192.55
 242.58   20.96
 243.75  130.02
 243.98   18.08
 244.09   15.06
 244.41  193.92
 247.14  180.62
