   6.82   23.71
   8.00   96.82
   8.20  229.88
   9.84   33.07
   9.93  242.95
   9.95   93.62
  10.32  247.89
  11.90   83.24
  12.02  213.16
  12.08   90.51
  12.87  143.79
  12.92  134.34
  13.09   36.87
  13.53  160.98
  13.65  105.71
  14.41   49.79
  14.64   43.61
  14.92  130.56
  15.28   76.54
  15.49  242.60
  16.21  217.84
  16.49  236.31
  18.12   54.44
  18.32   37.23
  18.46   33.55
  18.82   46.70
  19.32   43.86
  20.17  167.96
  20.44  141.09
  20.73  156.50
  20.86  159.15
  20.90   66.30
  20.95  120.35
  21.27  149.23
  21.69  146.72
  21.97  145.76
  22.16  215.61
  22.48  137.73
  23.05  159.27
  24.40   48.60
  24.51  107.27
  26.16  118.18
  26.53  169.90
  26.67  151.44
  27.61   28.21
  27.68   96.16
  28.82  143.27
  28.90  132.80
  29.42  109.79
  29.66   12.18
  30.26  102.17
  31.28   30.97
  31.91  166.38
  31.99  234.25
  32.67  232.54
  32.70  205.56
  32.91  216.72
  33.17  134.52
  33.19  227.11
  33.78  198.91
  34.09  189.06
  34.94  145.51
  35.32   63.72
  35.46  154.03
  35.92   23.12
  35.98  113.71
  36.32  144.24
  37.14  165.54
  37.55   26.81
  37.56  210.53
  37.71  153.95
  37.86  106.12
  38.26  226.32
  38.33  177.19
  38.99  169.12
  39.01  203.11
  39.08  118.69
  39.37  202.74
  39.42  119.11
  39.46  130.10
  39.66  185.88
  39.95  224.56
  40.32  245.38
  43.28  226.03
  43.70  100.52
  43.93  112.21
  43.98  165.23
  44.32   14.98
  44.68  192.05
  45.55  130.20
  45.99    9.65
  46.78   17.04
  47.30  134.96
  47.80  143.49
  48.28  175.92
  49.18  144.58
  49.57   26.65
  51.96  139.88
  52.51  103.27
  52.91   32.29
  52.92  151.47
  53.06  242.65
  53.49  107.22
  53.68  164.37
  53.83  172.99
  53.89  128.86
  55.21   31.69
  55.48  142.48
  55.94  130.47
  56.09  168.41
  56.19  163.38
  56.91  114.73
  57.22   24.83
  58.16  180.29
  58.85  161.99
  59.04  197.79
  59.26  105.25
  59.36  155.64
  59.65  141.68
  59.99  131.16
  60.19  135.41
  60.23  119.88
  60.43  114.61
  60.53  205.77
  61.01  182.33
  62.53  162.56
  62.89  156.97
  63.24  148.04
  63.37  185.22
  63.50  238.41
  63.89  132.83
  63.91  105.06
  64.16  192.39
  67.21  160.14
  67.90  174.75
  67.96  169.88
  68.03   12.88
  68.55    9.63
  69.84  158.20
  70.10  249.69
  70.77  182.12
  71.03  243.05
  71.23  238.00
  71.27   29.47
  71.75   94.92
  72.01   26.95
  72.14   37.35
  73.48  119.95
  73.53  198.27
  75.03  133.02
  76.17  139.63
  77.77  241.71
  78.81  107.16
  79.79  134.54
  79.87  121.26
  80.69  238.75
  80.70  101.09
  80.75   98.24
  80.78  165.72
  81.38  184.14
  82.14   40.47
  85.81  117.74
  86.29   41.78
  86.32  102.65
  86.59  145.77
  87.41  180.05
  87.71  150.94
  88.69   42.98
  88.76  184.21
  88.99   95.27
  89.65  198.06
  89.74  201.40
  89.78   38.11
  90.52   90.45
  91.08   98.15
  92.37  169.77
  93.19  163.70
  93.45   84.63
  93.79  109.10
  94.38  178.83
  94.90   37.94
  96.04  199.99
  96.43  155.83
  96.63  113.61
  97.10  199.24
  98.64   94.11
  99.09   25.82
  99.14   44.42
  99.32  101.98
 100.00  113.64
 100.11  166.17
 100.24  156.16
 100.90  162.73
 101.32  167.97
 101.55  184.64
 101.80   17.75
 102.05  106.41
 103.03   31.32
 103.09   12.16
 104.06  139.67
 104.57  145.41
 104.74   47.67
 105.43   38.72
 105.61   16.42
 105.65  189.54
 105.87  179.09
 106.38   39.90
 106.70  232.52
 106.89   66.15
 107.30   42.50
 107.85  182.55
 108.32  171.31
 109.02  222.37
 109.26  176.70
 109.71   76.77
 110.12  231.94
 110.20  218.50
 110.47   88.01
 110.83   16.62
 112.31  165.61
 112.31  165.89
 112.41  170.85
 112.66  219.97
 112.69  110.39
 112.80   13.34
 113.01  175.44
 113.21   89.20
 113.70  192.28
 113.92   54.75
 113.97   25.74
 115.28  178.76
 115.55   29.98
 115.77  161.72
 116.51  167.86
 116.92  174.90
 116.95   43.27
 116.96   37.70
 117.35   30.42
 117.41   84.52
 118.24   12.45
 118.46  177.67
 118.62   77.09
 119.08  184.03
 119.80   67.35
 120.98  210.34
 121.01   52.73
 121.98   50.84
 124.58   64.66
 124.88   59.22
 124.93  186.38
 125.21   59.34
 125.98   95.98
 126.38   75.30
 126.52   98.76
 126.70   41.04
 127.05   46.62
 127.07  108.23
 127.33  122.73
 127.37   82.44
 127.54  246.06
 127.78  100.43
 128.27  127.62
 128.42  115.42
 128.88  186.48
 128.91  153.44
 130.19   65.62
 131.05   55.03
 131.14  108.86
 131.39   17.46
 131.43  103.54
 131.43  114.15
 132.62   45.07
 132.78  242.41
 133.03  104.92
 133.14   49.85
 133.47  124.31
 133.91   25.71
 134.03   58.44
 134.20  188.15
 134.24   32.00
 135.01   29.80
 135.47   12.78
 135.58  113.72
 135.79  110.40
 136.07  123.88
 136.16  123.90
 136.56  117.01
 136.90   63.73
 136.96  133.74
 136.98  170.22
 137.50   15.81
 137.59  129.41
 139.66  179.14
 140.31   62.82
 140.73   55.24
 141.17   85.06
 142.18  158.41
 142.24   69.96
 142.86   11.05
 143.85  133.09
 145.02   28.64
 145.09  101.95
 145.48   99.31
 145.65   91.49
 146.74   11.66
 148.36  238.44
 148.39   92.56
 149.37  102.68
 149.59  118.65
 150.25  138.38
 150.51  132.50
 150.77  114.41
 151.41   67.90
 151.49  154.03
 152.00   89.57
 152.14   21.35
 152.91  140.74
 153.58   73.58
 153.64   31.88
 153.74  106.09
 154.32   96.41
 155.26   63.20
 156.19  147.85
 156.54   16.52
 156.85  109.67
 158.06  147.37
 158.41   20.59
 158.94   25.84
 160.00   72.17
 161.07  218.19
 161.26  125.14
 161.27  140.22
 161.39   23.02
 162.09   29.12
 163.22   90.56
 165.17   52.97
 165.21   13.08
 166.89  216.44
 166.96   98.36
 167.92   61.03
 168.92   77.91
 169.02   85.14
 169.80  104.39
 170.17  112.78
 170.71   77.39
 171.62  129.83
 172.52  245.99
 173.05   12.70
 174.08   88.82
 174.13  109.24
 174.72  123.09
 175.72   62.15
 176.01   33.87
 176.39  114.93
 176.51  102.10
 176.66   59.05
 176.67   92.29
 176.80   58.75
 176.89   79.30
 177.03  215.70
 177.09   70.35
 178.53  109.91
 180.01   25.54
 180.14  212.04
 180.67   69.25
 180.95  100.34
 181.03   13.05
 181.60   21.53
 182.11  110.14
 182.43   90.66
 183.25  108.53
 184.75   42.13
 185.32  117.42
 185.39   68.60
 186.94  225.02
 187.69   72.93
 187.95  111.91
 188.73   42.16
 189.51    8.30
 190.47   18.34
 191.63   32.94
 191.95   66.55
 192.08   57.44
 194.24   19.56
 195.78   42.81
 196.58   12.40
 197.68   15.75
 199.00    9.19
 199.64  108.02
 201.06   40.22
 201.71   75.57
 202.02   22.93
 202.97  125.96
 203.93   12.89
 206.79   18.92
 209.56   40.16
 211.26  107.83
 211.36   15.84
 212.38    6.98
 213.48  104.60
 220.72  223.40
 225.86   90.61
 226.06   36.72
 226.18   17.53
 226.86  140.62
 227.78   38.25
 228.85  231.74
 229.65    9.45
 230.18   32.26
 230.96   82.26
 231.79  231.07
 233.09   39.97
 233.36   24.62
 234.13   44.66
 234.37   34.66
 235.79  243.79
 236.18   48.49
 236.40  225.86
 236.71  222.78
 236.75  145.02
 237.87   47.08
 238.07   24.15
 238.46   31.57
 238.92   50.85
 238.93  230.37
 241.79  213.78
 242.42  199.56
 242.50  123.29
 242.54  219.85
 243.28  115.82
 243.44   33.55
 243.70   80.16
 244.71  231.45
 245.31  132.21
 245.53  210.40
 247.32   55.35
 247.95  191.29
