   8.62  226.51
  10.70  163.82
  11.20   32.34
  11.67   46.16
  13.32   21.48
  15.42   77.07
  16.25   74.06
  17.18  167.25
  17.29  130.88
  17.50   27.43
  18.91   62.07
  19.13  148.44
  20.69   77.44
  22.38   24.64
  22.62   40.44
  23.20   87.72
  24.78    7.88
  24.94   12.42
  25.21  132.36
  25.49   72.57
  25.66   27.30
  28.23  149.03
  28.28   14.79
  29.21  173.82
  31.38  150.51
  31.44   44.92
  32.97  103.98
  35.77  160.24
  38.59  140.72
  40.45   73.55
  40.66  121.13
  42.10  172.87
  43.72   47.94
  45.02  171.56
  45.08   30.39
  45.11  161.53
  45.21  154.12
  46.73   81.92
  46.83  128.22
  47.75  170.90
  47.86   54.34
  49.06  132.59
  50.67   66.19
  52.04  125.50
  52.72   77.56
  52.85  155.47
  53.47  117.36
  55.18  142.11
  55.67  105.80
  56.70  169.54
  56.77   83.38
  57.02  126.86
  58.26  104.60
  58.99  143.95
  60.14  149.30
  61.15  109.60
  61.43  132.52
  61.89  111.80
  62.09   78.36
  62.66  101.05
  63.80   50.12
  64.88  150.40
  64.91   12.44
  65.03   58.46
  65.44   64.65
  65.63   64.56
  65.77   75.75
  68.68  150.08
  68.92   98.23
  68.94  116.16
  69.24  130.68
  70.48  101.72
  71.07  106.10
  71.80  165.83
  73.10  108.48
  78.19  114.56
  79.36  124.31
  80.16  167.47
  85.39  130.69
  88.35  107.84
  89.74   15.01
  93.73  120.18
 110.01  110.63
 112.01  122.59
 112.20  131.66
 118.09   89.49
 122.10   47.29
 122.66   77.24
 123.17   50.61
 123.53   92.12
 125.20  149.26
 126.17  118.61
 128.55   60.02
 128.97  104.16
 129.21  104.16
 133.81   81.24
 135.26   77.49
 136.18  147.64
 137.53  122.13
 141.04  142.02
 142.14   88.37
 142.32  136.14
 142.42   95.00
 148.51   93.78
 150.40   89.66
 152.88  134.68
 156.74  206.09
 156.89   77.05
 157.37  121.53
 157.51  108.65
 157.77   93.95
 157.90  212.98
 158.05  200.17
 158.36  117.09
 158.67  145.04
 160.11  103.75
 161.82  136.29
 161.93  113.93
 163.86   94.20
 165.46  210.22
 166.15  103.58
 166.22   68.18
 167.90  100.62
 168.74   66.00
 168.81   53.75
 168.83   84.84
 169.54   93.42
 170.69   79.65
 170.93   58.00
 171.44  202.23
 171.50   32.38
 171.54   74.85
 172.63   41.61
 172.93   49.33
 173.47  205.89
 174.13   96.59
 174.78   65.34
 175.18    7.74
 176.26   81.65
 176.32  215.87
 176.36   57.50
 176.41  213.55
 176.42  134.65
 177.19  128.53
 177.32   26.35
 177.58  101.16
 177.84   85.89
 178.97  113.10
 179.13   53.55
 180.11  222.26
 180.62   97.70
 181.40   30.57
 181.72  210.54
 181.80   76.38
 181.98   24.91
 182.32  133.39
 182.36  112.24
 182.67   73.08
 182.83   61.59
 184.40  204.77
 185.01   94.22
 185.57  226.44
 185.73   64.82
 186.06   24.38
 186.13   18.33
 186.49   81.77
 186.59  215.57
 187.31  212.49
 187.54   58.70
 187.75  132.33
 188.21   49.34
 188.53   78.66
 189.60  221.78
 189.86   98.91
 191.41  210.16
 191.59  226.19
 191.76   90.21
 191.98  218.84
 192.18  226.20
 192.26   23.67
 193.83  219.01
 195.53   77.84
 196.51   57.14
 196.72   71.83
 197.45   25.54
 204.15  196.21
 204.78  200.60
 206.23  171.34
 208.22   37.01
 208.52   41.47
 215.14   27.63
 220.30   11.50
 221.75   20.26
 222.15   25.14
 225.09   25.80
 227.92  170.68
 235.54   93.32
 239.70   11.76
 240.65   89.79
 241.10   21.99
 241.43   94.45
 242.88  136.05
 243.51  147.19
 243.67  132.27
 243.93  142.14
 244.53  185.03
 247.00  143.94
 247.58  136.96
