   7.14  211.00
   7.42   76.26
   8.11  182.00
  10.55  141.34
  10.79  179.54
  15.04  158.96
  15.16  189.75
  15.20  139.14
  16.13  183.32
  18.40  118.12
  22.70  158.89
  22.82  118.61
  24.47  206.62
  24.64   82.73
  24.96  198.79
  25.61  190.33
  25.74  207.95
  25.91  216.78
  26.74  200.34
  27.33  195.50
  28.34  192.02
  28.39   82.62
  29.93  134.96
  30.77  118.11
  32.05  184.19
  32.14  193.59
  32.58  209.03
  33.60  138.87
  33.96  133.10
  34.30  211.17
  34.35  160.92
  35.08   42.11
  36.94  102.82
  37.33  168.29
  37.52  173.30
  37.94  182.21
  38.31   99.01
  39.46   32.10
  40.51  202.00
  40.62  126.59
  41.39  143.11
  41.40  150.83
  43.16   60.99
  43.85  218.24
  44.31  206.54
  46.09  144.62
  46.14  152.28
  46.48  148.06
  46.83   56.61
  47.63  138.97
  48.19  210.35
  48.48  217.73
  49.24  170.72
  50.28  202.47
  50.28  136.98
  50.88  121.57
  51.32  150.99
  52.33  115.43
  52.40  219.24
  54.60   97.76
  54.66   83.53
  56.27  186.18
  56.38  217.17
  56.65   43.60
  56.69  122.35
  59.45  220.13
  61.70   58.45
  62.24  131.45
  62.81   41.41
  62.87  104.01
  63.49   88.59
  64.04   75.46
  64.31  132.20
  64.68   82.83
  65.35   72.53
  66.11   40.38
  67.58  222.96
  67.93   51.83
  68.28   95.30
  68.59  137.52
  69.15  128.39
  70.41  134.43
  70.64   71.97
  71.81  219.58
  71.85   70.50
  72.03  125.50
  72.46   48.18
  72.60   57.27
  75.10   85.88
  75.28   75.88
  77.39  217.84
  77.89   71.70
  78.92  202.03
  79.79   55.51
  80.11  126.93
  80.20  220.59
  83.43   82.86
  86.30   58.07
  90.33   50.28
  91.22  214.12
  91.66   60.79
  91.92   11.57
  92.52   41.35
  92.96   98.75
  94.20  218.16
  94.81   37.35
  98.19   39.32
  99.05   49.57
 100.44   46.30
 102.24   61.29
 102.91   60.30
 103.76   69.44
 103.98  217.19
 105.59   73.78
 106.24   60.61
 106.58   53.94
 106.75  132.48
 108.21  127.97
 112.99   94.21
 114.29   86.38
 117.94   40.74
 120.34   69.28
 120.68  217.16
 122.46   42.74
 125.02   55.12
 126.03  213.51
 129.40   67.87
 130.58  212.95
 132.15   77.70
 136.76   11.23
 140.46   64.96
 140.86   53.89
 144.80  147.09
 145.47   52.66
 145.69  134.21
 146.39   15.82
 148.16   89.92
 148.95   12.16
 148.96   95.38
 152.18   27.35
 152.28   27.25
 157.51   21.91
 159.39   34.16
 163.42   57.06
 166.74   77.16
 170.75  121.80
 170.94  208.78
 171.21  220.79
 172.20   26.34
 172.26   66.34
 172.39   71.85
 173.78  139.09
 175.77  166.90
 177.88  220.64
 178.13   79.80
 178.41   72.17
 178.89   12.49
 179.04  213.90
 182.28  165.31
 182.36  139.17
 183.47   87.94
 185.42  123.79
 188.44   19.43
 189.05   37.42
 189.88   33.11
 192.53  217.08
 195.39   29.57
 198.99  213.63
 199.12  210.39
 202.30  221.12
 202.35   20.88
 203.40   81.04
 204.47   48.54
 205.18   34.15
 207.30  218.84
 209.84  187.16
 210.12  208.91
 211.03  220.70
 212.74   95.56
 214.83   18.78
 215.06   24.44
 215.99   45.75
 216.23   93.17
 216.41  121.08
 216.76   21.70
 217.82   43.06
 217.95   88.20
 218.10   85.03
 218.50   90.93
 218.83   48.95
 219.12   37.97
 219.31   14.28
 221.03   80.05
 221.09   33.41
 221.27  162.11
 221.30   41.77
 221.76   11.50
 221.93   15.00
 222.94   31.96
 222.95  195.42
 224.98   48.21
 226.01   41.82
 226.92   45.13
 226.92  144.40
 227.08  221.94
 227.25  153.41
 227.28  176.89
 227.45   66.43
 228.75   38.71
 230.55   48.75
 232.06  138.95
 232.62  130.22
 232.65   59.53
 233.28   42.67
 234.66  189.58
 236.11   24.91
 237.09  212.93
 237.17   17.65
 237.29  204.34
 237.67   17.81
 239.85   82.88
 242.79  205.40
 243.40  198.30
 249.07   83.34
 249.10  150.60
