   8.06  192.42
   8.90  163.39
   9.76  169.96
   9.91  106.85
  10.08  174.03
  10.24  115.96
  10.67  154.29
  12.96  126.80
  13.84  117.89
  14.23   63.69
  14.96  114.69
  15.01  134.38
  15.85  135.82
  17.68   70.50
  18.00   77.27
  18.74   84.62
  19.08  214.11
  19.30  202.25
  19.49  182.49
  20.43  164.06
  20.85  169.68
  20.89   74.20
  21.82   59.25
  21.92  126.58
  22.03   90.92
  24.13   82.19
  24.29  151.82
  24.93  221.25
  25.11  199.62
  25.54  163.09
  25.78  185.62
  26.42   75.28
  26.49  171.22
  26.67  106.75
  26.87   55.95
  26.88  235.08
  26.90  118.09
  27.17   90.05
  27.48  247.88
  27.98  193.03
  28.20  216.57
  29.01  203.03
  29.14  104.09
  29.63  208.85
  29.68  218.43
  29.94   57.20
  31.61   52.69
  32.75  186.93
  32.85   62.01
  32.93   78.81
  33.50  174.28
  34.09   72.44
  34.73   89.08
  34.92   55.98
  35.59   84.49
  36.10   52.03
  36.26   63.31
  36.79  239.87
  36.94  206.63
  36.98  186.00
  37.88  128.62
  38.00  142.04
  38.10  134.81
  38.28   83.77
  38.77  212.75
  40.10   54.14
  40.67  179.20
  40.82  249.20
  40.91  157.37
  41.17  218.52
  41.43   74.57
  41.51  188.94
  41.58  221.97
  41.83  236.14
  42.62   56.56
  42.78  140.23
  42.80   79.68
  43.02  126.11
  44.92  222.47
  45.09   58.03
  45.55  180.70
  45.63  164.31
  45.72  170.88
  45.96  230.27
  46.03  205.90
  46.12  131.96
  47.61   82.47
  47.99  157.92
  48.17  220.82
  48.38  245.31
  49.20  173.40
  50.64  232.65
  50.71  136.95
  51.13  127.18
  51.15  116.97
  51.46   87.64
  52.41  150.60
  52.54  131.97
  52.72  172.37
  52.81   72.27
  52.88  222.80
  53.76   94.23
  53.98  217.95
  54.06  227.75
  55.17  237.93
  55.19  182.75
  55.75  169.00
  56.05  215.02
  56.89   54.71
  56.93  152.40
  56.99  144.49
  57.64  166.74
  57.82  157.90
  57.94  174.67
  60.45  194.99
  60.66  103.81
  60.96   77.99
  61.06  237.51
  61.07  190.21
  61.27  119.93
  61.36   64.33
  62.26  162.47
  62.60  127.66
  62.64  146.44
  62.78   89.55
  63.41  136.52
  64.48  223.57
  64.51  104.05
  64.61  151.51
  64.69   62.96
  65.40   78.48
  65.53  125.56
  66.94   83.58
  68.29  226.94
  69.60  127.84
  70.37  215.23
  70.68   79.81
  70.68  209.69
  71.02  202.95
  71.44  207.48
  71.77  196.60
  72.83   84.14
  73.53   79.95
  73.83  115.50
  74.34  174.12
  74.56  202.03
  74.57  104.01
  75.07   68.64
  77.23  122.51
  78.08   83.09
  78.96  118.35
  79.08  190.09
  79.88  173.70
  79.95  136.46
  79.99  119.82
  80.44  109.94
  80.85  204.98
  82.34  131.05
  82.61   88.73
  83.61  135.76
  84.53   71.97
  84.54  185.11
  85.03   80.05
  85.21   64.69
  85.24  184.21
  85.45   60.36
  86.10  238.43
  86.96  126.03
  88.54  247.26
  89.05  137.31
  89.15  228.93
  89.58  158.16
  89.70  234.46
  90.17  186.80
  90.22  182.33
  90.41   95.16
  90.60   62.79
  91.25  134.27
  91.60  240.91
  91.79  129.56
  92.76  124.27
  92.90   65.03
  95.37  219.15
  95.53  128.33
  97.06  143.82
  97.67  179.71
  98.06  234.35
  98.85  173.13
  99.02  211.55
  99.34  237.98
  99.86  217.94
 100.09  139.81
 100.37  144.37
 100.46  166.81
 100.68  225.70
 100.81  172.69
 101.05  227.57
 101.23  186.83
 101.43  138.76
 102.94   88.76
 102.99  209.03
 103.11  241.14
 104.93  139.98
 104.99  161.53
 105.46  216.08
 105.58  221.88
 106.74  171.12
 106.97  155.36
 107.02   67.08
 107.11  180.12
 107.19  185.84
 107.73  246.39
 107.79  232.75
 108.61  142.86
 109.47  208.19
 109.71  144.72
 110.70  132.36
 110.85  213.36
 110.89  124.50
 111.50  233.13
 112.08  181.75
 112.83   70.28
 113.62  200.21
 115.00  222.09
 116.10  180.69
 116.64  194.68
 116.69  171.56
 116.73  113.56
 116.76  229.03
 116.85  202.85
 116.86  184.75
 117.75  116.57
 119.19  176.53
 119.21  169.79
 119.44  147.65
 119.81  148.85
 120.13  234.02
 120.86  153.13
 120.87  169.65
 120.87   63.69
 121.16  159.70
 122.08  202.27
 122.41  220.16
 122.79  179.61
 123.02  171.43
 123.07  134.80
 124.25  149.64
 124.39  149.53
 124.59   67.03
 125.37  200.35
 126.11  179.83
 126.64  212.24
 128.67  216.78
 129.23  105.75
 129.38  125.20
 130.19  196.90
 130.42  112.89
 131.03   67.63
 131.99   62.92
 132.88  228.34
 133.21  170.45
 135.35   81.57
 137.29  227.45
 137.64  245.15
 139.11  202.21
 140.14  170.57
 141.08  123.63
 141.21  123.49
 141.78  133.34
 141.93  229.42
 141.96  229.41
 142.40  150.71
 142.70  223.11
 142.89  147.67
 142.99  153.32
 143.17   45.25
 143.27   49.03
 143.29  105.80
 143.64  241.22
 143.72  131.26
 143.93  177.02
 144.95  212.07
 144.98  112.13
 145.03  171.69
 145.12  212.24
 145.33  103.28
 145.46  165.44
 145.52  159.97
 145.59  203.71
 147.36  235.20
 147.69  102.38
 147.76   96.58
 148.02  149.69
 148.73   85.33
 149.15   46.60
 150.00  124.05
 150.11  138.96
 150.76  237.06
 152.71  218.18
 152.86  111.29
 153.54  133.91
 153.81  223.82
 153.97  155.01
 154.13   76.14
 154.72  226.63
 155.06   67.81
 155.55  146.01
 155.72  191.29
 155.75  191.64
 156.48  145.62
 157.42  218.30
 158.12  237.93
 159.17  136.78
 159.48   85.90
 160.78  195.43
 161.44  215.37
 161.59  113.06
 162.19   60.00
 162.54  249.25
 162.61  224.75
 163.23  206.89
 164.74  109.73
 165.14  106.71
 166.20  201.77
 166.36   13.90
 166.89  209.81
 167.39  134.70
 168.53  186.93
 169.24   78.88
 169.35   88.16
 169.48   10.22
 170.19   45.65
 170.51  112.37
 170.91   46.87
 171.89  202.50
 172.42  233.39
 174.15  104.53
 174.33  164.00
 174.82   67.97
 175.06   17.50
 175.90  100.59
 175.92   14.26
 175.99   97.53
 176.61  110.19
 176.76  210.53
 176.77  140.39
 177.25  174.94
 177.50  220.09
 177.89  149.90
 179.63  200.26
 179.70   48.78
 179.88   56.63
 180.19  221.00
 181.16  114.98
 182.55   28.11
 182.82  193.67
 183.25   78.31
 183.27  245.61
 184.25    9.36
 184.38   12.80
 184.96  157.31
 185.85  176.37
 188.45  128.93
 188.93   58.40
 189.94   62.26
 190.18   89.06
 190.21   21.25
 190.40  106.06
 190.72   17.93
 190.83  221.19
 191.59  139.65
 191.68  192.27
 192.05  139.49
 192.19   29.34
 192.63  102.51
 192.78   16.93
 193.13   93.67
 193.33  204.65
 193.69  231.27
 193.96  161.50
 194.37  239.15
 195.21  208.40
 195.22  217.16
 195.43  244.53
 195.60  176.04
 195.71  109.74
 196.15   82.51
 196.32  187.29
 196.78   85.85
 196.81  100.09
 196.82   76.79
 196.84   71.27
 196.93  129.48
 197.10   18.07
 197.34   65.03
 197.61  196.20
 197.74  144.92
 197.89  117.81
 198.17  162.72
 198.49   39.22
 199.88  157.75
 200.44  181.97
 200.61  230.56
 201.11  117.33
 201.32   47.21
 202.13  192.96
 202.60  139.38
 202.76  220.91
 202.90  148.93
 203.04  100.26
 203.22  138.38
 204.71  233.69
 204.79  225.66
 205.47   25.07
 206.60   68.41
 207.12  119.83
 207.21  204.68
 207.50   54.26
 207.50  238.21
 207.99  125.01
 209.03   26.03
 209.04  195.68
 209.60   82.25
 210.23  158.41
 211.55  234.45
 211.94  101.20
 211.96   90.31
 211.99  209.65
 212.19  240.63
 212.21   94.90
 212.24   38.06
 212.56  180.29
 212.72  144.04
 213.49  213.21
 214.12  220.28
 214.30   73.38
 214.33  137.81
 214.35  133.34
 214.68  104.48
 214.82   30.23
 214.89  198.82
 215.15   31.86
 215.16  175.52
 215.67  178.73
 216.09  173.03
 216.19   53.85
 216.65  208.95
 216.92  117.95
 219.22  123.27
 219.41  182.94
 220.07   36.94
 221.16  231.20
 221.33  176.43
 221.80   42.27
 221.86  195.24
 221.93  106.28
 222.17  144.90
 222.48  223.53
 222.64  240.09
 222.66   89.67
 222.96  174.38
 223.10   74.74
 223.25  156.45
 223.26  186.73
 223.70   73.28
 224.04  137.85
 224.10  214.73
 224.12  141.13
 224.59  101.88
 224.96  175.95
 225.83  190.01
 226.05  191.87
 226.13  193.43
 226.22  134.73
 226.41   73.13
 227.84  203.10
 228.11  104.66
 228.32  152.94
 228.32   73.32
 228.42  104.47
 228.49   66.08
 229.05   62.13
 229.18   99.74
 229.89   42.99
 229.95  223.01
 231.31  225.26
 231.79   47.16
 231.82   32.78
 232.08   68.81
 232.44  238.93
 233.00  142.60
 233.07  176.03
 233.35  225.49
 233.54   80.87
 233.93  128.14
 234.24  180.43
 234.39  166.40
 235.42  146.08
 237.77  160.64
 237.77   78.40
 237.94   37.63
 238.00  240.48
 238.56  139.88
 238.74   83.35
 238.76  203.70
 239.13  132.38
 240.29  148.39
 240.40  192.19
 241.91   10.69
 241.96  211.59
 243.97  125.29
 244.11   40.02
 244.36  224.47
 244.46  216.70
 244.74   97.95
 245.26  241.02
 245.32  150.69
 245.50   81.82
 245.60  187.35
 245.92   20.34
 246.75  128.04
 246.84  172.27
 247.04  158.93
 247.56  237.90
 247.56  234.93
 247.81   94.56
 248.80   88.55
 249.11   25.80
