   7.88  150.08
   9.56   82.49
   9.58   63.94
  10.69  119.53
  11.99  161.24
  12.52  163.86
  12.55   22.63
  13.10  174.05
  13.49   52.71
  13.64  159.28
  13.92  123.31
  14.07  149.38
  14.34  152.03
  14.51   97.74
  14.58  177.79
  14.95   32.58
  16.68  103.05
  17.13   52.74
  17.30   41.55
  17.42  161.75
  18.01   22.34
  19.01   98.66
  20.02   65.78
  20.60  124.65
  20.74   70.62
  20.83   33.22
  21.12   33.18
  21.40  111.99
  21.55  156.69
  21.66  120.63
  22.45  102.31
  22.82  177.81
  22.94   76.01
  22.94  166.14
  23.72   42.15
  25.83  101.13
  26.09   76.19
  26.20  175.11
  26.85   36.00
  27.38   86.22
  27.96  122.18
  28.39   70.99
  28.53  104.22
  28.56  167.20
  28.71  115.20
  29.16  121.23
  30.41   80.67
  30.42   64.65
  31.36   94.43
  31.90  174.01
  32.21   41.61
  32.65  128.41
  32.86   20.05
  33.78   47.42
  34.38   72.71
  34.72   86.27
  34.81  167.00
  35.19   42.16
  35.70  118.71
  35.92  161.68
  36.30  114.46
  36.93  125.17
  37.30  134.30
  37.79   35.15
  37.97   54.42
  38.57  120.94
  38.69   79.62
  39.17  167.13
  39.35  148.35
  39.52  154.14
  39.57  138.39
  39.86  107.16
  40.51  162.72
  41.40  154.29
  41.61  144.38
  41.92  173.11
  43.86  150.84
  44.42  155.00
  44.55   27.54
  45.81   95.88
  46.14  146.72
  46.28   74.62
  46.34   36.56
  46.35   99.67
  46.46   90.95
  46.50   55.78
  47.10  104.69
  47.19  131.69
  48.40   76.48
  50.03  234.88
  50.24  151.78
  50.25   85.19
  51.16  175.15
  51.40   42.62
  52.15   47.62
  52.18   57.18
  52.62  160.20
  52.71  169.08
  52.91  107.91
  52.94  125.82
  53.16   86.45
  53.18  146.67
  53.28   58.65
  53.56   92.41
  54.03   20.54
  54.59  136.62
  55.25   97.05
  55.29   79.01
  55.29  175.24
  55.56  106.00
  56.63  150.00
  57.29   56.08
  57.98  141.38
  58.50  164.65
  58.51   46.68
  59.02  154.78
  59.13   69.93
  59.87  151.40
  60.42  107.96
  60.71   69.35
  61.45  124.03
  61.54   28.04
  61.57  227.52
  61.88   33.64
  62.07  231.68
  62.11   49.24
  62.81   52.84
  62.82  173.07
  64.09  228.54
  64.43  143.31
  64.74   19.65
  65.32  164.31
  65.43   13.57
  66.69  129.62
  67.05  134.53
  67.09   29.19
  67.88   54.83
  69.10   97.28
  69.16   70.86
  69.17   99.29
  69.83   77.18
  70.14  118.46
  70.46  172.75
  70.95  118.04
  71.02  162.23
  71.15   91.99
  71.23   15.90
  71.27  141.44
  71.84  104.42
  72.90   82.29
  73.37   49.30
  73.67   65.22
  74.48  130.24
  74.63   71.67
  74.64   42.71
  75.57  146.69
  75.69   59.32
  75.78   72.20
  76.79  119.51
  76.87   20.26
  77.03   32.21
  77.14  141.00
  77.29  102.08
  77.42   54.26
  78.94  150.98
  79.01  171.70
  80.02  128.74
  80.86  124.03
  80.86   69.62
  80.94  108.35
  81.60  104.16
  81.72   50.35
  81.79   35.74
  81.96  106.16
  84.40   38.61
  85.07  151.79
  85.07   98.56
  85.76  199.82
  86.33  166.71
  86.71  121.13
  86.80   93.94
  87.81   82.58
  88.44   35.54
  88.52   61.01
  88.70  138.26
  89.24   74.14
  89.55  105.09
  89.94  173.73
  89.99  221.77
  90.14   47.64
  90.59  221.99
  91.26   53.21
  91.40  149.89
  92.06   41.73
  92.30   83.13
  92.52  109.96
  92.79  197.28
  92.88  126.90
  92.90  165.11
  94.09  221.26
  95.28  171.25
  95.41   99.93
  95.46   62.97
  95.52   95.72
  95.92  117.93
  97.06  211.64
  97.23   43.71
  97.95   80.03
  98.09   52.28
  98.66   91.61
 100.55   52.17
 100.55   36.79
 100.89   46.27
 101.38  133.95
 101.46   44.27
 101.48   32.58
 101.49  143.49
 101.62   32.74
 102.50   56.86
 102.99  124.60
 103.06  128.35
 103.17  214.90
 103.37   80.37
 103.98  130.78
 104.31  167.53
 104.36   61.07
 104.40   66.81
 104.66  136.24
 104.78   28.56
 104.81   28.40
 105.09  110.83
 105.10   45.50
 105.27  134.18
 105.36  162.48
 105.68   85.48
 107.04  223.80
 107.40   35.85
 107.82   25.44
 108.03  127.92
 108.79   83.79
 109.01  150.37
 109.41   99.47
 109.88  223.85
 110.26   55.60
 110.30  145.64
 110.71  164.40
 110.83  217.03
 111.03  139.50
 111.91  148.00
 112.68   44.92
 113.11  167.76
 113.40  155.58
 113.52   16.61
 113.62   77.16
 114.11   23.62
 114.49   83.96
 114.72   79.95
 115.31  136.03
 115.55  157.69
 115.84  131.69
 115.98   49.87
 116.46   92.75
 116.69   72.43
 117.29  208.45
 117.38   59.91
 117.80   98.20
 117.85  195.04
 117.96   39.11
 118.02  173.84
 118.45   75.99
 118.50   16.57
 119.12   86.92
 119.22  118.85
 119.82  191.08
 119.94   69.39
 120.09   32.41
 120.56  181.49
 120.68   80.69
 120.90  148.00
 121.42  105.86
 121.45   80.25
 121.57  126.59
 121.58  169.33
 121.63   56.59
 122.21  198.43
 122.38  229.00
 122.59  198.72
 122.96  100.83
 124.04   11.33
 124.81  112.94
 125.05   21.72
 125.34   42.98
 125.57  143.30
 125.89   54.91
 125.94   58.69
 126.12  156.23
 126.16  184.58
 126.42  152.06
 126.53  228.50
 126.97  161.95
 126.99  152.16
 127.17   95.17
 128.18  119.92
 128.51  177.15
 129.00  166.44
 129.16  151.88
 129.26  125.73
 129.43  184.69
 130.08  143.67
 130.28  193.96
 130.49  119.89
 130.67  175.08
 130.68   21.38
 131.68   50.09
 131.89   77.44
 132.12  166.44
 132.25   23.40
 132.29  176.81
 132.55   91.09
 132.84  212.39
 133.07  203.22
 133.16   84.10
 133.56   39.63
 134.25  109.63
 134.42  187.11
 134.67  177.62
 134.74  103.63
 134.79   57.96
 135.25   86.73
 135.46  140.87
 135.48  194.64
 136.07  135.35
 136.20  114.99
 136.35  203.58
 137.33  178.08
 137.62  106.97
 138.28  221.08
 138.47  130.74
 138.74   95.98
 138.84  167.81
 139.39  204.00
 139.43   78.22
 139.57  213.32
 140.33  194.40
 140.51  112.81
 140.69   74.51
 140.95  181.47
 141.76  142.29
 141.87   55.85
 141.98   47.93
 142.09   69.69
 142.52   15.60
 142.58   58.19
 143.57   48.04
 143.74  149.45
 143.94  182.85
 144.57   65.50
 144.65   49.93
 144.88  200.07
 144.93  158.03
 145.05  172.56
 145.29  134.54
 145.38  102.01
 146.14   95.91
 146.46  205.76
 146.51  129.76
 146.81  185.38
 147.11   58.73
 147.12   10.32
 147.41   87.61
 147.78  215.93
 149.16  196.02
 149.22   64.28
 149.23   74.83
 149.53  114.20
 149.65  245.62
 149.72   49.14
 150.00  131.13
 150.11  179.10
 150.84   80.85
 151.00  126.82
 152.00   12.39
 152.01   35.80
 152.50  192.32
 152.66  197.01
 152.72  118.95
 153.17  147.78
 153.67  177.94
 153.78  200.37
 153.87  186.53
 153.94  126.91
 154.22   58.92
 155.13  108.55
 156.23   39.13
 156.56   32.41
 157.51   35.97
 157.94   75.69
 158.14   48.78
 158.47  167.00
 159.32   87.54
 159.37  159.80
 159.59   98.46
 159.69  114.24
 159.76   21.47
 159.97  118.65
 160.19  181.85
 160.31   52.98
 160.33   45.52
 161.33  104.17
 161.75  169.82
 162.11  165.82
 162.40    9.14
 162.77   75.33
 162.80   84.36
 162.88   30.92
 163.05  158.56
 163.59  205.44
 163.96   19.78
 164.32  146.37
 164.36  110.41
 164.38  175.62
 164.43   37.77
 164.44   47.02
 164.48   14.53
 164.64  120.62
 164.90  185.94
 165.12  222.26
 165.55   26.29
 166.15   70.78
 166.27   52.58
 166.27  140.78
 166.31  105.58
 166.35  137.38
 166.79  213.50
 167.44   43.30
 167.61   60.27
 167.83  140.78
 168.12   22.53
 168.25  180.22
 168.30   15.95
 168.77  113.69
 169.03  216.34
 169.16   19.50
 169.38   26.29
 169.45  102.11
 169.68  128.21
 169.86  221.68
 171.23  108.32
 171.32  105.19
 171.44   87.80
 171.76   99.21
 171.80   14.57
 171.94   23.04
 172.02  207.54
 172.39  154.98
 173.17   69.54
 173.48   27.82
 173.90   55.51
 174.10  173.45
 175.00  106.70
 175.02  140.59
 175.06  121.78
 175.10  130.59
 175.20  199.22
 175.36   91.21
 175.48   38.50
 176.11   39.15
 176.30  101.78
 176.51   78.13
 177.17  134.08
 177.30  112.36
 177.38  140.19
 177.40   88.28
 177.41  109.45
 177.69   83.83
 177.84  191.17
 177.92   14.85
 177.93   30.21
 178.19   60.34
 178.25  208.98
 178.50   91.67
 178.62  189.42
 178.96   90.45
 179.05  199.64
 179.30   99.10
 179.38  136.94
 179.68  247.44
 180.02  160.29
 180.23  182.64
 180.44  140.01
 181.17   49.56
 181.63   43.37
 182.26   11.74
 183.06   72.20
 183.26  213.98
 183.50   46.21
 183.99   65.53
 184.10   51.96
 184.17  138.30
 184.26  123.20
 184.34  106.96
 184.77  144.62
 185.44  149.30
 185.67  176.79
 185.83  132.03
 185.97  104.00
 186.91  119.83
 187.39   42.53
 187.48  195.64
 187.57  172.18
 188.39   55.80
 188.42  238.18
 189.21  106.30
 189.29  109.45
 189.46   84.94
 189.91   12.41
 190.09  190.21
 190.13  139.70
 190.38  171.88
 190.50  177.71
 190.56   57.82
 190.58   69.76
 191.06   30.00
 191.08   43.51
 191.28  231.21
 191.36  167.07
 191.49  169.09
 191.49  121.98
 191.69  231.21
 191.81  204.75
 192.58   90.43
 193.03  149.58
 193.33  174.93
 193.79   60.34
 194.00   73.33
 194.05  141.43
 194.53   19.93
 194.54   83.45
 195.73  147.15
 195.81   10.03
 196.90   32.07
 197.07   73.23
 197.18  117.62
 197.44  239.38
 197.48  222.24
 197.53   80.30
 197.78   96.94
 198.08   36.20
 198.10  183.49
 198.12   46.36
 198.14   17.07
 198.38   64.29
 198.39  121.42
 198.65   53.38
 198.66  211.43
 199.27   75.64
 199.97  178.45
 200.03  144.65
 200.09   27.61
 200.49   85.90
 200.86   16.37
 200.98  154.81
 201.37   10.49
 201.54   42.33
 201.56  111.97
 201.71   58.22
 202.05   36.42
 202.27  158.38
 202.83  124.54
 202.91   53.98
 203.40   19.96
 203.46  213.21
 203.52  181.61
 204.12  198.31
 204.21  114.49
 204.21  240.01
 204.60   71.67
 204.73  148.16
 205.05   78.33
 205.25  150.22
 205.63  136.59
 205.63   48.33
 206.04  189.23
 206.46  119.63
 207.60   31.69
 207.62   85.67
 207.80   94.00
 207.94  105.12
 208.22  171.51
 208.37  124.26
 208.49  192.41
 208.78  148.57
 208.93  188.01
 209.29   64.34
 210.40   87.72
 210.60   84.15
 210.61  154.94
 211.38  119.54
 211.58  145.99
 212.35   96.01
 212.66  168.17
 212.71  130.36
 212.80   76.86
 212.97   48.83
 213.04  241.13
 213.27  245.53
 213.34  217.26
 214.05  248.91
 214.45  199.06
 215.23  117.17
 215.31   39.17
 215.39  121.00
 215.57  237.02
 215.95   31.36
 216.10  223.95
 216.46   48.73
 216.49   92.43
 216.54  147.94
 216.96   70.62
 217.13  201.75
 217.14   54.57
 217.45  126.54
 217.60  221.21
 217.83  101.50
 218.08  191.37
 218.40  158.69
 218.53  228.60
 218.59  242.69
 218.88  195.17
 219.76   22.10
 220.19  186.47
 220.30   68.38
 220.32   55.04
 220.39  237.23
 220.59   48.61
 220.67  188.29
 221.15  212.78
 222.07   26.88
 222.42  168.39
 222.61  193.04
 222.64   89.71
 222.72   67.25
 222.98  210.41
 223.09   48.88
 223.60  122.06
 224.03  238.69
 224.30  196.15
 224.53  223.15
 224.54  158.88
 224.94   22.87
 225.09   98.49
 225.35   95.95
 225.42  147.37
 225.49  232.02
 225.55  140.74
 225.72  153.78
 225.94  110.44
 225.97  191.13
 226.18   84.33
 226.71  227.22
 227.29   60.60
 227.48  117.77
 227.74  159.74
 228.05   99.68
 229.91  233.17
 229.98  120.58
 230.28  212.97
 230.29   50.04
 230.30   36.88
 231.36  191.09
 231.73  129.86
 233.43  187.11
 233.52  149.50
 233.61  159.56
 234.54  178.62
 234.92    9.57
 235.10   42.09
 235.87   55.48
 238.00  140.64
 238.21  202.45
 238.42  227.23
 238.91  169.00
 239.10  176.04
 239.12  123.95
 239.21  151.51
 239.23  157.85
 239.24  101.48
 239.40  117.86
 239.55   66.49
 239.64  135.79
 239.76   54.86
 239.89   96.55
 240.55   92.47
 241.76   17.43
 242.38  194.41
 243.02   98.14
 243.36  178.75
 243.37   97.26
 244.66  235.35
 245.44  169.46
 245.50  244.64
 246.07  173.25
 246.27  126.38
 246.41  228.12
 246.91  122.18
 247.45  137.29
 248.66  231.28
 249.35   18.56
