   9.97  161.90
  10.91  133.69
  10.91  170.68
  11.20  176.76
  11.68   37.85
  12.06  193.41
  12.83  156.99
  12.94  206.79
  13.51  240.22
  13.56  125.41
  14.27   32.36
  15.36   23.41
  17.11  233.03
  17.45   26.25
  18.36   40.73
  18.43  200.85
  19.12  104.63
  19.25  176.17
  19.51  144.96
  20.65  198.26
  20.66  184.59
  20.71  171.84
  20.78  239.96
  20.93  166.79
  21.38  216.07
  21.45   18.92
  21.64  151.96
  21.92  156.48
  22.47  121.82
  22.61  204.48
  22.77  195.10
  22.92  133.27
  22.96  114.98
  23.23   96.37
  23.36  136.60
  23.38   35.16
  24.65  142.63
  24.77  187.07
  25.80  236.42
  26.12  109.00
  26.55  135.27
  26.56   55.20
  26.61  197.71
  26.91  122.72
  27.71  173.06
  28.24   45.56
  28.35  161.32
  28.43  144.47
  28.48  181.38
  28.70  144.68
  28.78  151.06
  28.80   34.16
  28.91  224.60
  28.97  116.37
  29.14  218.31
  29.15  208.65
  29.78  246.04
  29.78  140.64
  29.81  218.53
  30.40  175.23
  31.47   85.13
  31.69   17.78
  31.78   42.85
  31.83  179.72
  31.93  226.49
  34.27  214.14
  34.43  159.35
  34.66   90.50
  34.96   86.89
  35.03  156.13
  35.78   97.68
  35.96   22.84
  36.00  107.27
  36.90  212.20
  37.24   17.90
  38.01   62.16
  38.43  157.23
  38.65  134.84
  38.89  167.15
  39.85  176.18
  40.64   16.85
  40.70  201.84
  41.00   39.86
  41.36  193.11
  41.72  149.46
  41.79  183.49
  42.39  104.38
  42.49  143.55
  42.53   60.23
  42.81  112.04
  43.00  112.24
  44.06  152.49
  44.30  205.17
  44.53  117.38
  47.45  201.44
  47.62   44.39
  47.72  133.41
  48.04   25.02
  48.47  207.60
  48.79   13.40
  49.53  181.48
  50.19  191.21
  50.50   28.80
  50.87  170.73
  52.43  159.48
  54.02   67.20
  54.53   14.13
  54.63  122.40
  54.94  149.85
  56.20  160.09
  56.22  140.14
  56.68   40.69
  56.90    7.10
  57.25   69.73
  57.26   31.28
  57.36  161.86
  57.95   15.77
  58.02  106.08
  58.96  157.15
  60.04  202.89
  60.20   59.29
  60.43  243.25
  61.42  169.13
  61.57  213.44
  62.42  184.11
  62.61  117.90
  62.87   67.97
  63.21  134.40
  63.21   26.23
  64.23  158.76
  64.37   72.95
  64.85  158.22
  64.86   85.46
  65.04   97.22
  65.52  237.58
  67.30   57.54
  67.73   18.69
  67.76  121.25
  68.50  191.53
  69.28   75.86
  69.60   14.00
  70.22   94.92
  70.49  181.05
  70.64   48.57
  73.21  182.95
  73.45   50.59
  73.66   64.78
  73.93   71.92
  74.07  115.94
  74.31   54.28
  74.83   70.17
  75.38   49.89
  75.86   49.75
  76.10   99.50
  76.92  242.18
  77.40  161.02
  77.61   78.40
  78.49   97.39
  78.91  131.18
  79.15  238.36
  79.26   26.31
  79.88  157.42
  80.47   54.24
  81.11   61.13
  81.72  245.35
  81.93   37.69
  82.20  206.99
  82.50  119.94
  83.15  141.52
  84.30  209.05
  85.65   76.70
  85.99   41.15
  86.33  135.56
  86.55  129.64
  86.63   46.09
  86.93  181.72
  87.11   54.58
  87.18   21.30
  87.77   71.22
  88.03   96.72
  88.15  120.34
  88.30  206.01
  89.07  147.53
  89.56   46.22
  89.71   85.43
  89.89  244.58
  90.03   23.27
  90.13   85.39
  90.71  110.00
  91.35  230.63
  92.02  129.11
  92.56  245.82
  92.64   68.86
  93.76  175.93
  93.95   52.17
  94.02  142.74
  94.68  237.64
  94.96   31.30
  94.98  139.26
  95.06  127.75
  95.70  149.10
  96.53   92.66
  96.55   16.04
  96.64   78.93
  96.68   31.79
  96.69   32.06
  97.01  173.01
  97.48  106.78
  98.35   86.58
  98.61  218.02
  99.02  113.51
  99.16  247.87
  99.33  129.97
  99.41  242.03
  99.64  228.16
 100.31  161.86
 100.34   66.84
 100.83  232.08
 101.22  235.61
 102.30    9.64
 102.58  135.36
 103.05  182.98
 104.17  176.77
 104.22  230.69
 104.72  169.05
 105.60  238.89
 105.69  124.32
 105.89  150.19
 106.12  124.70
 106.34  247.28
 106.38  120.49
 106.78   36.78
 106.95  115.39
 107.42  160.83
 107.81   95.29
 108.16   55.99
 108.26  143.67
 108.52  220.09
 109.45   27.89
 110.00  237.07
 110.32   80.64
 110.41   63.40
 110.82   88.77
 111.00  125.72
 111.09  114.38
 111.58  220.68
 111.66   52.25
 111.76   81.54
 112.28   60.22
 112.74   47.01
 112.95   32.54
 114.14  150.27
 115.41   20.44
 115.73   45.79
 117.29  211.65
 117.35  107.57
 117.66  114.22
 117.72  218.04
 117.75   42.75
 118.21   63.06
 118.96   29.26
 119.01  124.97
 119.36   88.86
 120.12  237.46
 120.13   81.35
 120.99   98.83
 122.08  243.64
 122.13  236.87
 122.40   25.40
 122.42  103.77
 122.57  130.15
 122.98  108.14
 123.29   71.81
 123.39   18.79
 124.84  235.20
 124.90   36.76
 126.10   62.62
 127.86   47.71
 127.88  124.11
 128.66   90.46
 128.73  238.92
 129.05  147.48
 129.48   22.26
 129.65   36.31
 130.69  217.59
 130.80   18.71
 131.13  102.30
 131.32  207.18
 131.36  111.96
 131.47  139.74
 132.23  225.82
 133.07   79.29
 135.00   91.40
 135.04  156.16
 135.06   58.05
 135.23   93.97
 135.23   70.37
 135.36   70.06
 135.61  208.30
 137.75   44.17
 137.94   25.37
 138.08  110.91
 138.30  119.64
 138.38  224.75
 139.45   80.08
 139.83   48.25
 140.28   39.38
 140.31  150.70
 141.10  104.80
 141.20    7.65
 141.32   99.32
 141.41  220.50
 141.87  145.18
 142.31   24.16
 142.31   20.96
 142.57  163.93
 143.22   84.61
 143.80  113.76
 143.93  208.61
 144.02   96.19
 144.15   13.02
 144.32   50.89
 145.13   79.70
 145.22  149.12
 146.34   22.33
 146.36   32.06
 146.45  131.10
 146.46  232.74
 147.52   97.00
 148.11  109.63
 148.31  113.59
 148.33   37.97
 149.23   44.02
 149.28   47.94
 149.37   34.61
 150.05  166.63
 150.73  165.99
 151.01  171.07
 151.10  155.54
 151.18   93.29
 151.44   23.75
 151.77  125.93
 151.78   92.02
 151.94   87.71
 152.05  158.57
 153.29   98.95
 153.62   83.26
 153.72   41.34
 153.89   38.60
 154.36  108.41
 154.42   30.94
 156.08  135.09
 156.21   95.33
 156.22  113.67
 156.47   44.91
 156.87  155.20
 157.06  131.00
 158.34  113.85
 158.60   34.02
 158.79   63.39
 159.67    8.88
 159.69  107.95
 159.84  143.05
 159.87  121.98
 160.16  131.02
 160.30   38.42
 160.42  165.08
 161.04  160.91
 161.12   40.98
 161.25   84.90
 162.00  125.86
 162.03   12.05
 162.88   56.01
 162.89  136.58
 163.80   37.90
 164.78  118.28
 164.89  160.26
 165.21   26.01
 165.25   48.25
 165.63  125.76
 166.13   55.56
 166.68   52.81
 167.25  112.19
 168.27   31.63
 168.44  236.70
 168.89   53.35
 169.34   51.36
 169.67  148.01
 169.74   40.00
 170.03   46.19
 170.85  197.99
 171.85  200.48
 171.96   20.38
 172.11   50.45
 172.59  214.64
 172.64  168.09
 172.78   78.71
 172.94  106.36
 173.13   63.15
 173.49  148.27
 173.66    9.43
 173.68  107.83
 173.88  128.04
 174.28  141.66
 174.42  111.87
 174.74  134.75
 174.78  247.67
 175.13   54.92
 175.46  206.50
 175.69  105.50
 175.82   38.37
 176.01  118.46
 176.09   26.10
 176.54  175.66
 176.68   32.71
 176.71  229.82
 176.81   47.99
 177.31   10.62
 177.73   57.36
 177.75   63.50
 178.54  238.48
 178.68   17.62
 178.75  233.88
 178.82  197.61
 179.06  124.38
 179.71  229.64
 180.40  149.84
 181.19   48.78
 182.12   12.36
 182.25  122.61
 182.46  132.11
 184.43  140.86
 184.72  194.22
 185.56   50.51
 185.79   99.35
 185.94  231.33
 186.04  109.87
 186.07  236.25
 186.10  121.05
 186.19  103.04
 186.46   15.39
 187.18   27.58
 187.37   58.02
 187.49   86.93
 188.77   71.86
 188.86   25.33
 188.91   67.96
 189.20   41.95
 189.40  135.46
 189.44    9.94
 189.79  129.21
 190.16  199.18
 190.61  186.04
 190.79  137.84
 191.44  149.44
 191.74   24.97
 192.23   73.57
 192.27   19.14
 192.38  155.21
 192.43   50.58
 192.57   12.76
 192.59   76.51
 192.62   39.92
 193.73  161.28
 194.12  104.87
 194.31  189.96
 194.44  181.21
 194.74  175.87
 194.86  200.70
 194.94   43.74
 195.48   98.25
 195.90   67.09
 196.15  151.62
 196.21   69.85
 196.67  186.07
 197.07   37.54
 197.85  196.81
 198.29  189.02
 198.59   92.24
 198.79  132.28
 199.29   22.05
 199.32   19.04
 199.56  152.99
 199.62  131.72
 199.71   88.43
 200.09   24.83
 200.15  100.56
 200.29  176.06
 200.52   74.28
 201.22   65.10
 201.75  143.73
 202.29  197.69
 203.06   34.04
 203.15   54.02
 203.53  107.41
 203.64  127.43
 204.10   26.00
 204.65   45.04
 204.81  203.22
 206.43  137.99
 206.61  144.05
 206.67   89.07
 208.04  125.48
 208.11  132.33
 208.14   78.48
 208.53  166.15
 208.53  151.57
 209.10  248.01
 209.67  161.26
 209.81  186.73
 209.98  205.69
 210.01  183.59
 210.36   63.26
 210.39  169.27
 210.49   23.58
 210.84   36.49
 211.14   31.75
 211.15  129.17
 211.16   49.03
 211.43   96.88
 211.45   91.78
 211.46  173.70
 211.53  173.64
 212.01   46.97
 213.08   71.11
 214.01  144.03
 214.04  157.95
 214.30   82.59
 214.46  185.89
 215.74   95.87
 215.96   51.45
 215.96   44.26
 216.24  160.05
 216.45  208.82
 216.65   87.59
 216.71  219.15
 216.75   36.37
 216.96  117.82
 217.04  177.54
 217.20  124.62
 217.44   85.65
 217.49  202.33
 217.51   16.54
 218.09   31.52
 218.10  182.75
 218.76   35.71
 218.96   47.07
 219.29   24.86
 219.83  168.71
 220.18  240.21
 220.63   37.85
 220.64   42.69
 221.22  191.14
 221.28  151.48
 222.47  139.28
 222.80  187.51
 223.04   46.17
 223.41   51.59
 223.89  121.97
 224.10  154.90
 224.37  179.60
 224.52   10.24
 224.53  132.45
 225.26  221.04
 225.44  215.84
 225.49  184.34
 225.89   75.71
 227.65  142.46
 227.67  100.47
 227.76  113.97
 227.80  168.67
 228.02  187.91
 228.51    8.88
 228.80  102.52
 229.12  158.87
 229.66  220.07
 229.72   25.93
 229.94  139.15
 230.07  225.18
 230.15   59.23
 230.30   83.99
 230.46  143.87
 230.82  176.02
 231.03  181.58
 231.04  216.14
 231.15  155.38
 231.31  191.59
 231.82   50.83
 232.06  110.32
 232.53  131.40
 232.69   62.56
 233.55   29.50
 233.92  142.58
 234.21   44.28
 234.42  158.16
 234.77   29.99
 234.83   87.15
 235.14  139.73
 235.14  243.18
 235.22  188.29
 235.31  113.93
 235.40  168.57
 237.10  225.88
 237.22  175.21
 237.57   65.50
 238.26  188.46
 238.32   84.88
 238.40  128.58
 240.80   29.51
 241.00   92.39
 241.46  173.00
 241.79  150.36
 241.93   24.10
 241.96  177.74
 242.16  117.19
 243.21  182.08
 244.27   74.45
 244.29   38.03
 244.63   75.61
 245.05   28.35
 245.18  245.88
 245.60   32.56
 245.75   45.14
 246.28   42.45
 246.49  100.45
 247.75   66.72
 248.04  154.33
 248.40  179.64
 249.74  189.93
