  10.16  155.43
  10.77   82.91
  10.83   37.38
  11.00   51.97
  11.06  238.35
  11.07   92.94
  11.19   74.61
  23.24  243.41
  23.99  116.01
  25.70  201.98
  26.83  236.33
  27.02  107.90
  27.18  107.65
  30.49  117.56
  31.15   86.51
  31.72   67.05
  31.74  111.60
  32.62  236.98
  33.61  215.64
  35.92  180.89
  36.34   78.40
  36.56  153.84
  37.63  156.86
  38.30  103.99
  38.41  238.86
  39.30  191.07
  39.83  205.81
  40.44  177.05
  40.83  211.84
  42.22  100.38
  42.99  186.89
  43.19  153.15
  43.36  186.97
  43.87  138.96
  43.92  138.50
  43.95  202.27
  44.16  178.25
  45.75   91.86
  46.23  161.36
  46.59  206.93
  46.91  222.78
  47.21  192.72
  47.36  142.54
  47.50  210.11
  48.14   73.76
  48.36  179.36
  48.72  148.33
  49.69   97.07
  49.89   78.18
  50.47   69.40
  50.95  192.14
  51.49   35.57
  51.67  187.16
  51.95  143.94
  52.26   88.61
  52.26  130.94
  52.61  244.24
  53.00   62.55
  53.88   87.96
  54.90  144.44
  54.96  169.84
  55.24   49.20
  55.90  176.65
  56.02  239.98
  56.83  109.07
  57.00  223.52
  57.21  121.29
  58.15   54.10
  58.70  188.57
  58.81   35.08
  58.92   27.91
  59.49   39.30
  59.84  118.51
  60.17  122.59
  60.23  164.39
  60.41   72.81
  60.53   47.45
  60.53   72.86
  62.10  173.03
  62.23  225.80
  63.01  240.67
  63.02  135.49
  63.11  117.18
  63.33  207.69
  63.43   81.12
  65.52  233.07
  66.31   74.33
  67.46   83.19
  67.92  199.98
  69.35  209.82
  69.84  220.46
  70.19  204.41
  74.56  203.58
  74.61  162.86
  74.65  155.31
  74.70  242.50
  74.75  230.74
  75.09  197.60
  76.10  192.78
  76.26  222.12
  76.34  207.51
  76.52  174.93
  76.58  180.77
  76.73   85.73
  76.79   38.71
  77.94  136.57
  78.02  142.94
  78.68  169.15
  78.85  212.27
  79.07  139.65
  79.32  230.92
  79.34   38.71
  79.36  230.67
  79.45  185.77
  80.10  114.03
  80.12  148.86
  80.16   99.21
  80.37   75.43
  80.40  249.73
  80.58  147.40
  80.72  223.83
  81.08  163.84
  81.14  126.55
  81.23   69.44
  81.32   41.58
  81.32  214.28
  82.15   16.32
  82.36   16.25
  82.64   29.10
  82.93   36.45
  83.06  131.63
  83.55  139.26
  83.67   11.28
  83.87  135.84
  84.16  223.52
  84.24  177.63
  84.55  207.07
  84.71  202.77
  85.07  119.93
  85.23  147.05
  85.23  126.79
  85.34  215.04
  85.39  142.22
  86.37  217.48
  87.04  144.40
  87.82  108.42
  88.40  126.45
  88.60  126.62
  89.03  171.41
  89.59  169.29
  90.41  222.67
  90.57   10.02
  90.95  119.44
  91.14  235.07
  91.67  158.12
  92.05   36.11
  92.34  217.70
  92.82  199.69
  95.63   30.28
  95.64  115.15
  96.37  108.60
  97.01   10.09
  97.69  149.71
  98.13  238.40
  98.58  233.24
  98.76   78.60
  99.48   35.89
  99.87  210.69
 100.22  190.14
 100.36  202.58
 100.54  124.44
 100.67  136.95
 100.77  142.35
 101.01  167.21
 101.03  153.27
 101.47   36.48
 101.50  105.43
 101.53  185.72
 101.59  145.46
 101.70   82.27
 101.87   69.57
 101.92  158.65
 102.13   88.18
 102.24  130.66
 103.03  220.80
 103.62  238.30
 103.83   40.73
 105.16   27.66
 105.90   10.26
 106.31  228.65
 106.41  195.50
 106.50  245.06
 106.54  237.85
 107.39  155.88
 107.63  249.49
 108.19  156.09
 108.57   80.14
 109.00  132.29
 109.34  240.51
 109.66  143.79
 110.24  161.11
 110.81  201.82
 110.93  194.42
 111.62  126.88
 111.98  115.19
 112.31  187.55
 113.05  188.69
 113.21  181.58
 113.29  142.11
 114.73  135.39
 116.20  199.23
 116.21  134.89
 116.54   77.02
 116.93  221.21
 117.91  175.92
 118.49  160.01
 120.07  187.30
 120.07  176.90
 120.08  124.53
 120.13  140.32
 120.38  109.14
 121.31  114.18
 121.65  171.37
 121.66  128.99
 121.83  108.96
 122.04  153.58
 122.50   32.00
 122.56  160.14
 122.95  236.50
 123.29  222.92
 123.72  121.36
 123.92  204.78
 124.26   64.84
 124.28   69.21
 125.80   89.47
 126.12  213.47
 126.61  240.62
 126.99  244.40
 127.03  142.06
 127.51   60.11
 129.17   21.49
 129.82   83.53
 130.35  182.77
 131.10   61.13
 131.23  150.93
 131.50  105.95
 131.90  118.68
 132.55   77.07
 132.89  214.06
 132.98   32.99
 133.10   52.82
 133.21   52.60
 133.57  196.15
 133.78  230.02
 135.28  225.51
 136.22   44.90
 136.25  180.70
 137.54   60.34
 137.74  129.94
 137.97  145.52
 138.22  161.67
 138.30  148.91
 138.84   21.67
 138.86  165.27
 139.56  134.00
 139.79  181.57
 139.82  138.48
 140.92  210.35
 141.03   54.37
 141.33  103.03
 141.90   13.35
 142.02  176.00
 143.08  162.18
 143.65  123.58
 143.77  223.63
 143.83   91.53
 144.24  152.05
 145.02  126.74
 146.42  137.80
 146.53  147.73
 146.69  239.23
 146.75  123.35
 146.96  168.97
 147.03  168.69
 148.20  225.91
 148.23   46.51
 149.40  171.90
 150.49   49.46
 150.83  128.08
 150.96  212.25
 152.32   45.49
 152.80  219.78
 153.62  165.73
 154.23  144.89
 154.27  185.90
 154.34  174.40
 154.38  133.60
 154.47  161.67
 154.85  178.22
 154.91  195.67
 155.18  198.48
 155.41   94.55
 155.71  215.60
 157.49  196.04
 158.85  220.68
 159.41  243.51
 159.51   32.36
 159.56  100.52
 159.58  129.22
 159.67   96.57
 159.95  104.47
 160.11   56.50
 160.28  188.54
 160.36   86.36
 161.04   29.72
 161.14  152.52
 161.22   29.25
 162.40  241.94
 165.94   20.99
 165.97  112.43
 166.82   62.22
 166.99   10.37
 166.99  108.90
 167.26  154.14
 167.81   42.20
 168.57  225.24
 168.62  225.46
 168.70   70.39
 168.73  211.32
 169.08  144.38
 169.17   50.52
 169.87   10.71
 170.20  206.72
 171.13  236.95
 171.90  153.35
 172.48  149.81
 172.79   35.95
 173.53   59.07
 174.08   62.12
 174.10   35.69
 174.13  148.63
 174.62   88.83
 175.36   26.21
 175.58   47.45
 176.33  142.34
 177.03  106.26
 177.62  200.89
 177.91   55.91
 178.20  136.74
 178.69  111.09
 179.97  148.86
 180.31   71.46
 180.38   68.69
 180.40  200.62
 180.43   25.85
 180.47   45.57
 180.71  218.75
 181.17  245.76
 181.24  157.28
 181.35  137.52
 181.40  231.75
 181.57   42.55
 182.42  143.85
 182.90   26.85
 183.20  146.94
 183.29  160.32
 183.68   87.81
 184.05  112.89
 184.32   74.46
 184.93   98.98
 185.72  229.46
 186.67  219.56
 186.93  244.66
 187.25   63.00
 187.56  109.71
 187.77  127.23
 187.92   71.61
 188.47  216.32
 188.66   22.70
 189.04   67.97
 189.86  135.94
 190.21  156.42
 190.56  219.12
 190.93  171.97
 192.16  207.35
 192.49  110.70
 192.75  110.83
 193.20  122.94
 193.80   28.84
 194.13  131.35
 194.46  173.70
 194.70  110.33
 194.88   40.76
 194.95   40.76
 195.32  102.29
 195.52   99.04
 195.59   58.03
 196.37  137.00
 196.66  127.51
 196.84   68.90
 196.96  171.03
 196.98   63.28
 197.24  216.70
 197.32  155.19
 197.78   65.69
 198.74  185.49
 198.80  125.97
 199.40   86.42
 200.49  177.69
 200.67   75.02
 201.55  137.91
 201.63   65.26
 201.73   60.56
 202.04  131.33
 202.07  231.49
 202.14  110.58
 202.16  239.49
 202.26  221.60
 202.44  128.05
 202.60  122.89
 203.04  147.97
 203.04   78.86
 203.75   18.37
 204.26  180.23
 204.44   22.64
 204.71   42.75
 204.95  127.46
 204.99  157.61
 205.26   32.74
 205.39  218.84
 205.58  162.61
 205.67   38.86
 206.09  225.37
 206.47  168.77
 206.88  198.95
 207.79   18.07
 207.99   98.14
 208.19   80.19
 208.27  174.58
 208.74  193.94
 209.02  173.71
 209.14  204.89
 209.24   80.63
 209.32  217.16
 209.33   22.82
 209.36  199.65
 209.79  240.21
 209.88   57.62
 210.13   69.35
 210.14  209.64
 210.43  152.14
 210.61   51.84
 211.01   30.54
 211.53   46.06
 211.80  161.98
 212.66  129.82
 213.02   94.95
 213.39   60.23
 214.16  144.73
 214.84  208.99
 215.01   53.82
 215.05  110.43
 215.14   67.25
 215.57  191.18
 217.12   74.37
 217.71  181.68
 217.79  116.21
 219.03  134.84
 219.07  104.04
 219.29   26.95
 219.31   76.94
 219.36  150.38
 220.85  138.59
 220.97   56.09
 221.05  180.46
 221.07   68.00
 221.12  128.52
 221.30   36.38
 221.37   42.72
 221.48   11.43
 223.02  104.22
 223.21  205.75
 223.42   91.81
 223.50  209.12
 223.82   21.03
 225.94  108.25
 227.52  118.39
 228.09  194.28
 228.70  108.69
 228.91  217.89
 229.11   71.08
 230.29   63.80
 230.46   59.91
 230.66  202.92
 231.09  164.41
 232.02   47.03
 232.38  149.20
 232.49   52.98
 233.25  116.56
 233.47  121.59
 233.95   71.30
 234.11   26.87
 234.13  144.33
 234.14   80.19
 234.15  130.88
 234.45   57.96
 234.70  138.34
 235.02   68.01
 235.61   87.04
 236.23  209.71
 237.51   18.10
 238.40  139.31
 238.51  138.87
 239.81  192.80
 239.87   19.91
 240.53  165.37
 241.94   77.95
 241.99   95.67
 242.01  111.04
 242.52   61.84
 242.56  169.52
 242.70   61.94
 244.09  141.78
 244.15   70.03
 244.18  209.31
 244.49  161.64
 245.14   31.90
 245.61  106.85
 246.97   47.14
 247.01   70.00
 247.18  173.41
 248.00  116.83
