   8.94  211.41
   9.40  247.20
   9.86   23.81
  10.34  145.49
  12.62  112.93
  12.90   31.67
  13.65  207.70
  14.90  199.00
  15.08  223.24
  15.35  155.42
  15.50   62.40
  15.50  178.92
  15.66  114.59
  15.73  125.87
  15.76   85.66
  15.77  154.02
  16.07   58.56
  16.44  160.07
  17.00   46.93
  17.12  195.34
  17.42  106.23
  18.04  132.15
  18.60  118.88
  18.70  219.55
  18.81  181.00
  18.99  216.69
  19.45  202.89
  20.31   36.38
  21.27  117.85
  21.32  141.71
  21.53  220.65
  23.59   93.13
  24.32  154.49
  25.51  224.40
  25.67  115.55
  25.73  115.63
  25.93   91.10
  25.93  146.49
  26.01  176.20
  26.17   95.39
  26.42   71.03
  26.83  152.08
  27.12  100.72
  27.21  109.13
  27.57   24.05
  28.01  215.23
  28.24   84.45
  28.34  155.66
  28.64  103.06
  29.44   95.91
  29.89  223.11
  30.84   79.07
  30.96   39.36
  31.62   51.64
  32.48  215.73
  32.53   17.69
  33.41  134.49
  33.50  112.23
  33.88   63.34
  34.54  190.62
  35.05   22.10
  36.02  132.20
  36.06  218.81
  36.15   43.41
  36.31  174.56
  36.48  206.84
  36.53  202.02
  36.69   62.46
  37.40  213.56
  37.93  182.85
  38.01  163.55
  39.23   84.48
  39.34  123.09
  39.75   68.55
  39.95  227.71
  40.20  232.67
  40.74   90.04
  42.18  218.45
  42.38  230.73
  42.62   62.29
  43.88  185.99
  44.12  108.76
  44.97   15.66
  46.89  161.92
  46.94   28.67
  47.14  181.08
  47.26  101.04
  47.48   33.74
  47.58  243.24
  47.82  142.80
  48.09  105.86
  50.33  223.06
  51.29  196.31
  52.06  244.91
  52.30   36.54
  53.31  245.22
  53.46  207.41
  56.09   10.58
  57.67  155.72
  57.89  239.80
  58.26  215.56
  58.46  235.52
  58.70  227.74
  58.97   41.01
  59.04   46.18
  59.24  184.69
  59.25  173.39
  59.42  224.27
  61.39   75.32
  62.11   72.10
  62.37  193.68
  62.41   15.55
  65.89  203.21
  66.20   79.33
  67.50  194.49
  67.87  238.34
  68.04  223.75
  68.31  177.84
  68.41  201.10
  68.63  164.80
  68.83   64.56
  69.41   38.18
  70.39  228.49
  71.40  121.92
  72.19  216.49
  72.58  186.33
  72.77  184.06
  72.83  192.67
  72.97  200.13
  73.08   68.97
  73.19   74.29
  73.38  212.71
  74.63   64.39
  74.75   64.11
  74.89  230.77
  75.04  178.55
  75.16  219.26
  75.27  239.48
  75.73  177.63
  76.03   22.47
  76.22   68.29
  76.93   73.37
  77.22   97.95
  78.84  242.80
  78.95  129.15
  79.02  202.81
  79.22  106.36
  79.30   79.28
  79.34  160.66
  79.46  235.04
  80.04  183.57
  81.06  229.19
  81.26  177.47
  82.14  249.54
  82.28  207.43
  82.33   64.19
  82.37  193.47
  82.62  242.49
  83.27  171.07
  83.61  192.49
  84.11  178.04
  84.45  201.18
  84.53   80.09
  85.20  227.56
  85.39  218.37
  86.20  208.22
  86.27  159.98
  86.84  172.39
  87.33  232.70
  87.37  232.53
  87.51  132.20
  87.62  220.68
  89.56  166.39
  90.38   79.12
  90.46  247.45
  90.73   57.35
  90.87   97.28
  91.05   88.51
  91.12  228.70
  91.48  211.62
  92.99  222.29
  93.37   27.56
  94.09  202.17
  94.20   54.31
  97.30  216.41
  97.48  115.23
  98.72   47.17
  98.83  186.16
 100.11  103.15
 100.25  228.64
 100.32   47.01
 100.36   64.72
 100.46   67.99
 100.64  180.70
 100.75  224.01
 100.78  174.72
 100.92  236.34
 101.66   40.73
 102.84   76.75
 103.27   47.79
 104.16  244.45
 104.27   64.73
 105.72  247.92
 105.85  159.81
 106.12   67.56
 106.32   69.11
 106.37   36.19
 106.90   47.83
 107.57   56.67
 109.40  242.63
 110.45  245.55
 111.25  244.61
 111.28  143.73
 111.30  222.70
 112.06  202.57
 112.23  214.77
 112.29  214.48
 112.63   56.40
 113.50   40.19
 114.71  226.29
 114.79  135.21
 114.83  223.23
 115.04  138.98
 115.09   27.03
 115.75   37.42
 117.38    9.89
 117.52  198.48
 118.16   47.30
 118.81   86.73
 119.11   42.15
 119.92  240.11
 120.19   95.03
 121.62   58.83
 121.86  230.64
 121.89  129.03
 122.53   40.58
 123.15  122.60
 123.30  119.31
 124.76   54.37
 124.90   15.26
 126.26   47.39
 127.68   79.43
 127.79   58.29
 128.10   83.31
 129.54   45.06
 129.54  125.79
 130.06   48.35
 130.20   29.33
 130.24   78.43
 131.23   77.90
 131.76  202.07
 131.92  102.17
 132.09  131.84
 132.26  127.53
 132.35   98.14
 133.12   52.26
 134.28  239.80
 134.38   14.62
 135.25  236.19
 135.95  201.79
 136.68   17.99
 136.78  244.14
 136.79  136.59
 137.22  239.48
 137.22  132.55
 139.29  176.26
 139.30  242.77
 139.48  100.45
 139.54  108.34
 140.03  187.08
 140.23  107.37
 140.33  224.28
 141.10  245.76
 142.28   10.38
 143.13  192.97
 143.22   16.52
 143.58   90.01
 143.66  175.48
 144.24  126.62
 144.36  136.46
 144.73  220.25
 144.99  232.16
 145.39  202.33
 145.78  235.67
 149.20  231.95
 150.44  129.14
 150.72  134.76
 151.32  235.59
 152.70  164.15
 153.85  247.50
 154.30   79.89
 154.65   91.90
 154.70  131.86
 155.15   76.64
 155.27  152.29
 157.25  126.06
 157.98  238.88
 158.06  111.39
 158.89  144.09
 159.04  207.35
 159.27  134.36
 159.32   68.42
 160.17  100.96
 160.90   74.25
 161.67  122.65
 161.72  103.33
 162.76  150.74
 163.85  217.33
 164.09  244.29
 164.18  191.42
 164.28   26.92
 164.30  106.56
 165.55   25.12
 165.89   53.83
 166.81   74.98
 166.82  248.09
 167.96  228.58
 168.12  158.32
 168.18  150.18
 168.61  157.11
 170.70   80.07
 171.28   67.95
 173.62  239.16
 174.56   47.72
 175.21  147.92
 175.25  183.92
 176.27   79.23
 176.36  115.24
 176.40  165.21
 176.62  162.08
 177.03  217.39
 178.18   66.09
 178.88  194.11
 180.70  148.33
 182.13  197.09
 183.84   56.06
 184.42  208.98
 184.88  149.53
 185.54  217.55
 186.07  178.47
 186.45  191.17
 186.65  201.00
 186.71   48.11
 186.78  236.43
 187.11   58.61
 189.39   55.34
 192.08  163.92
 192.44  102.75
 192.57  113.44
 192.76  176.02
 193.55  137.61
 193.81  242.01
 193.84  125.66
 195.13   91.96
 195.16  222.60
 196.08  117.10
 196.74  228.95
 196.89  186.20
 196.96   95.64
 196.97  151.90
 196.97  129.86
 197.05  163.94
 197.77  110.97
 199.08  154.45
 199.21  122.51
 199.43  118.78
 201.09  187.39
 202.01   26.76
 202.21  240.64
 202.58  154.66
 203.04  118.54
 203.05  151.48
 203.40   90.24
 204.25   47.51
 206.06   44.20
 206.47  141.50
 206.64  240.06
 206.81  148.08
 206.92   75.14
 207.15   61.68
 207.35  186.67
 207.49  136.04
 208.06   30.02
 208.39  108.03
 211.15  175.64
 212.37  195.76
 213.06  201.61
 214.92  102.22
 215.29  175.40
 215.93  202.43
 216.40  223.89
 216.80   55.57
 217.26   55.57
 217.74  132.06
 217.91  171.50
 217.97  219.78
 218.14  124.06
 218.22  195.94
 218.44  177.94
 218.44  189.85
 218.44  199.03
 218.51  135.03
 218.61  116.31
 221.05  152.97
 221.30   59.30
 221.49  132.74
 222.32   81.60
 223.27   87.70
 223.86  201.11
 224.39  178.86
 224.89  211.06
 225.12  165.01
 225.92  190.81
 226.22  183.84
 226.44  120.69
 227.14  152.32
 227.29   33.83
 227.81  144.02
 227.91  168.55
 228.09  158.22
 228.22   39.26
 229.01   33.93
 229.17  216.85
 229.45  175.90
 229.47  234.16
 230.11  195.47
 230.37  211.67
 230.59   15.68
 231.07  228.90
 231.45  199.58
 231.45  136.85
 231.94  134.91
 232.25  138.56
 233.03  234.60
 233.64  123.03
 234.45  229.08
 235.90  101.43
 236.48  231.46
 236.99  135.37
 237.17   80.06
 238.01  138.93
 238.29  226.48
 238.31  226.20
 238.57  112.64
 239.01   42.89
 239.42  190.26
 239.73  106.54
 239.80   69.41
 239.81  100.47
 240.17  220.80
 240.22   90.55
 240.32   78.17
 242.34  175.28
 243.39  246.17
 243.96   13.78
 245.60  124.94
 245.64  105.25
 246.03  239.51
