   7.72  114.57
   9.54   65.57
   9.62  225.42
  10.11  107.20
  11.69   14.68
  12.65   29.06
  12.87  102.86
  12.98   99.66
  13.16   25.44
  13.91   32.38
  14.54   23.18
  15.49  101.58
  15.51   88.79
  16.27   43.52
  16.98   99.55
  17.09   76.86
  17.35   29.91
  17.41  161.84
  18.19   35.52
  18.30   26.26
  18.69   95.82
  18.77  103.20
  18.93  111.58
  20.24   75.71
  22.01  113.70
  25.49   76.35
  26.66    9.55
  29.33   96.70
  29.34   60.29
  29.41  243.81
  29.46   17.68
  29.66   42.90
  30.11   29.28
  31.28  222.60
  31.52   92.54
  31.78   99.23
  31.98   34.13
  32.26   51.30
  32.50   39.79
  33.23   45.71
  35.17   95.09
  35.50   43.88
  35.90   10.17
  36.31   77.78
  36.38   47.95
  37.01   88.41
  37.63  245.69
  38.49   94.72
  38.81   53.35
  40.67   45.06
  41.05   74.18
  41.39   57.98
  41.91   68.35
  41.97   91.36
  42.97   63.20
  43.88   96.62
  44.40  240.41
  44.44   38.74
  45.64   73.83
  45.78   93.45
  45.87   42.60
  46.38   99.08
  47.02   67.14
  47.87   62.73
  47.93   35.94
  48.16   81.51
  48.62   91.64
  48.63   47.65
  48.90   87.51
  49.03   51.53
  49.04   28.65
  49.81   84.61
  49.88   46.28
  49.90   19.53
  50.74   74.31
  52.10   34.72
  52.49   71.14
  53.14    8.98
  53.65   87.94
  53.84   82.92
  56.12   98.58
  56.29   61.65
  57.13   26.75
  57.32   82.69
  57.96   85.40
  58.95   41.37
  60.38  222.14
  60.50  152.13
  61.36   32.23
  62.15   27.11
  62.19   88.53
  62.91  121.05
  63.06   55.18
  63.58   90.87
  63.89  109.25
  65.88   70.68
  66.08   56.64
  67.93  122.52
  68.09   29.02
  68.78  225.82
  68.90  119.27
  69.41   57.64
  71.08   48.17
  71.34  115.89
  71.72   65.80
  72.06  218.73
  72.43   34.14
  72.59   98.21
  73.52  119.54
  73.89   42.66
  74.10   51.01
  75.83  100.70
  77.02   40.09
  77.25   47.72
  77.81  115.46
  78.88  108.48
  79.22  102.15
  79.53   42.77
  79.71   52.49
  80.10   30.50
  80.63   17.05
  81.10  111.19
  82.34   55.56
  82.92  233.82
  83.22   40.68
  83.52   35.78
  83.95  107.19
  83.95  240.24
  84.25   76.55
  84.28  213.54
  84.29  101.20
  84.39   28.92
  84.45  218.11
  85.45  229.91
  86.55   64.04
  86.62  243.88
  86.88  219.01
  87.23   23.28
  87.25   34.13
  88.02  118.01
  88.20   41.25
  88.70  211.29
  88.93  217.57
  90.25   23.67
  90.51  225.48
  90.54  225.63
  90.98   38.20
  91.07  245.98
  91.39  120.74
  92.15  112.77
  92.43   99.79
  92.53   50.34
  93.26   46.39
  93.97   83.96
  94.62   20.20
  95.32   39.19
  95.71   27.86
  95.76   35.78
  95.80  107.10
  96.17   80.43
  96.65  225.48
  96.66  111.63
  97.05   33.33
  97.30   53.06
  97.31  102.51
  97.47   83.52
  97.93  189.70
  98.69  216.04
  99.21   41.81
 100.19  115.23
 100.34   32.26
 100.43   18.05
 100.49  103.04
 100.62   38.62
 101.10  211.95
 101.14   50.86
 101.59  221.38
 101.73  111.63
 102.60   14.71
 103.05   23.89
 104.73   37.35
 105.28  104.03
 105.62   79.34
 105.93   48.36
 106.47   48.72
 107.24    6.83
 107.60   18.37
 107.74   34.49
 107.88   23.04
 109.01  106.97
 110.66  171.49
 110.76  215.37
 111.55  102.21
 112.57  104.86
 112.72  116.41
 113.40   33.72
 113.40   35.40
 113.52   16.23
 113.61  245.14
 113.91  210.72
 115.09   88.09
 116.00  206.15
 116.18  223.62
 116.21  208.82
 116.54   35.95
 118.79  159.55
 118.86   34.29
 118.94    9.44
 121.28  242.80
 121.76   61.42
 122.75   56.64
 123.15   62.13
 123.68   28.57
 125.71  113.11
 126.07  237.42
 126.09   17.26
 126.27   32.13
 126.77  136.73
 126.84   40.43
 127.10   73.79
 127.17   74.25
 127.61   61.30
 127.64   68.08
 127.72  197.45
 127.97   52.79
 128.08  101.57
 128.83  118.55
 128.94  108.41
 129.78  178.52
 130.00  166.84
 130.37   70.05
 130.70   44.45
 130.81   59.64
 131.80  209.71
 131.99   98.27
 132.19  217.34
 132.62   35.65
 132.97  228.91
 133.07  222.66
 133.56   65.88
 133.94  234.41
 133.99  115.75
 134.28  240.28
 134.99  168.30
 135.47  187.52
 136.11  225.61
 138.00   77.50
 139.68  127.66
 139.73  219.47
 139.75  193.73
 140.02   83.43
 140.32  101.81
 141.14   29.85
 141.45  211.10
 141.86  173.89
 142.35  110.50
 142.71   20.39
 143.31  210.51
 144.76   17.23
 145.02   58.45
 145.30   76.85
 145.97  190.33
 147.24   26.66
 147.26   58.71
 147.33  170.41
 147.58   90.72
 147.60  247.47
 147.94   33.40
 147.96   79.59
 148.24   53.93
 148.37   70.89
 148.39   57.22
 149.09  175.25
 149.27   85.36
 150.35   61.91
 150.55   78.16
 150.79  113.34
 151.05   73.93
 151.18   81.01
 151.48  116.61
 151.71  168.16
 152.25  133.27
 152.73  135.77
 153.05  112.04
 153.07  191.02
 153.46  109.54
 153.51  165.48
 153.72  175.50
 153.74   21.30
 153.83  162.87
 154.40  184.08
 154.70    9.53
 155.57   54.06
 156.62   36.96
 156.94  107.74
 157.11  171.47
 157.19  203.64
 157.52   15.80
 158.06  180.28
 158.07  229.69
 158.46  147.73
 158.51   30.11
 159.01   80.80
 159.05  232.53
 159.10  175.94
 159.35  150.41
 159.35   83.34
 160.24  228.05
 160.83   44.19
 160.83  106.57
 161.08  200.40
 161.31  100.25
 161.52   52.14
 161.74   67.80
 161.82   16.10
 162.65  168.94
 162.85  144.96
 162.92  155.66
 163.64  160.06
 163.96   24.36
 164.12   97.05
 164.37   79.20
 164.49  180.18
 164.71   18.33
 164.72  150.80
 164.84  230.02
 165.11   76.13
 165.46  237.74
 166.55  139.97
 166.68  172.25
 166.82   57.64
 166.86  118.44
 167.28   30.62
 167.29  115.39
 168.12  183.64
 168.70   17.84
 169.45   20.54
 169.82  220.54
 169.87  241.04
 170.09   71.45
 170.28   35.87
 170.37  101.64
 171.14   16.05
 171.15   43.64
 171.41  142.13
 171.50  115.51
 171.77   75.61
 171.79  176.72
 172.14  118.31
 172.15   29.14
 172.50   69.76
 172.58  215.94
 172.82  153.58
 173.07   91.48
 173.35  182.13
 173.61  157.37
 173.68  128.25
 173.86   78.52
 173.86   22.05
 173.92  136.70
 173.92   66.86
 173.93  107.79
 174.31  211.48
 174.53   35.12
 174.58  227.13
 174.79  115.66
 174.90  169.94
 175.06  236.93
 175.20  172.67
 175.96    9.37
 176.64   47.55
 176.88   31.05
 176.93   86.24
 177.12   41.96
 177.25  106.38
 177.49   93.63
 177.64   59.33
 178.15  103.82
 178.66  194.36
 178.93  183.00
 179.05  207.46
 179.11  115.71
 179.29   35.36
 179.41  202.51
 179.71  178.61
 180.04  189.24
 180.22  147.64
 180.66   39.65
 181.34   96.44
 181.41   50.33
 181.88   44.31
 182.84   53.68
 183.10  189.38
 183.50   41.45
 183.61   29.74
 183.63   47.79
 183.65   48.54
 184.16  186.34
 185.58  197.50
 185.94  112.46
 186.26  216.41
 186.48   41.26
 186.58   59.23
 186.70   82.99
 186.82   47.54
 186.91  126.80
 186.91   48.31
 187.03   35.05
 187.05  189.19
 187.12   55.44
 187.38  202.39
 187.66  196.89
 188.90   52.74
 188.99   10.37
 189.77  232.59
 189.83   71.23
 190.24   49.39
 190.28  146.74
 190.42   26.17
 190.45   84.95
 190.49   31.75
 190.83   61.11
 191.19  103.86
 191.50   51.74
 191.90   28.96
 192.02  194.58
 192.41  176.35
 192.54   92.50
 192.60  157.46
 192.60   77.62
 192.79   96.87
 193.14   82.72
 193.47   86.96
 193.72  181.08
 193.85  166.12
 194.76   91.65
 196.06  189.50
 196.53  108.12
 197.10  177.28
 197.53   45.30
 198.27  180.79
 198.37   52.91
 199.00  191.17
 199.04   69.22
 199.07  201.27
 199.32   95.17
 199.32   39.33
 199.81  142.08
 199.91   80.54
 200.55   23.66
 201.87   32.65
 202.13  104.49
 202.62  147.73
 202.82  192.26
 203.93   30.64
 204.70   24.63
 205.66  127.80
 206.19  200.87
 206.99  191.54
 207.44   43.56
 208.41   34.32
 208.71   38.56
 209.14   80.94
 209.65   51.28
 209.87  148.96
 209.98   64.79
 210.17   77.04
 211.08  180.31
 211.15   46.55
 211.80   88.29
 212.47  145.14
 212.67   74.98
 213.02  113.08
 213.06   52.41
 213.15   32.47
 213.48  201.80
 214.34   29.33
 214.90  169.45
 215.08   20.71
 216.09   89.64
 216.72   64.26
 216.82  149.41
 216.90  175.63
 217.47   39.83
 217.52  156.11
 217.64  243.00
 218.30   76.72
 218.62   16.94
 220.28   65.27
 220.91  131.65
 222.13   68.09
 222.81  172.04
 223.38   11.59
 223.54  118.20
 224.62  158.60
 225.09  107.72
 225.10   29.10
 225.25   18.05
 225.59   79.47
 225.70   85.12
 225.74   14.09
 225.76   98.87
 226.73  121.55
 227.02  220.21
 227.30   79.05
 227.53  178.67
 227.78  160.32
 227.80   74.91
 228.36  128.68
 231.07  117.58
 231.24  217.35
 231.60   73.53
 232.36   87.88
 233.65   99.15
 233.87  121.44
 233.89  113.62
 234.28   70.83
 234.35   63.16
 234.52   85.98
 235.05   16.07
 235.34   16.84
 236.08   36.59
 236.29  207.86
 236.47  181.70
 236.98   59.13
 237.57   83.77
 239.37  130.29
 239.46  140.29
 239.47  140.09
 240.01   86.57
 240.24   49.53
 240.56  121.71
 240.85  127.65
 240.97  102.79
 241.39  107.83
 241.58  157.69
 242.55  185.60
 243.26   88.66
 243.51  209.77
 244.69   65.61
 245.19   54.15
 245.38  118.15
 245.48  151.90
 245.53  201.58
 245.83   94.35
 245.94   33.61
 247.13  192.04
 247.17  223.44
 249.27  194.88
