   8.23  221.97
   8.40   54.20
  10.11   66.10
  10.54  228.44
  12.33   59.46
  13.08   67.70
  13.85  178.34
  14.38   51.03
  14.46   10.34
  14.58   21.48
  17.64  152.07
  17.81  248.57
  18.61   61.87
  19.54  203.60
  21.25   11.03
  22.38   63.62
  24.25   19.76
  25.02  175.47
  25.13   67.48
  25.31  211.97
  25.87   53.81
  25.88   32.72
  26.58  149.45
  26.80   20.97
  27.04  215.00
  28.47   43.17
  28.60   98.26
  28.68  209.49
  29.30   27.45
  29.79   47.43
  29.84  204.38
  30.41  167.20
  30.44  112.49
  31.15  214.43
  32.29   30.18
  32.35   11.01
  32.64   98.80
  34.83   45.80
  35.13  245.38
  36.61  237.19
  37.24  163.24
  37.48   25.17
  38.19  226.76
  38.97   32.11
  39.12   61.56
  39.37  244.81
  39.57  143.38
  40.15   65.57
  42.23  205.26
  42.28   50.90
  42.52   39.78
  42.60  114.42
  43.22  210.58
  44.81  237.90
  45.04  229.15
  46.05   12.92
  46.15  242.98
  46.90   59.38
  47.01   47.14
  47.35   23.62
  47.36  198.58
  47.57  228.03
  48.43  215.37
  48.68   67.86
  48.73  229.42
  48.91   25.08
  49.01  229.74
  49.46  184.32
  53.38  214.27
  53.46  201.89
  54.17   55.27
  54.38  192.92
  54.39  202.59
  54.46   51.86
  54.56  207.87
  54.76   34.29
  55.79   68.92
  56.85  213.96
  57.64   37.25
  58.44  205.74
  58.78  229.36
  58.95  171.28
  59.04   71.95
  59.27  189.66
  59.78   39.68
  60.58   61.02
  61.33   34.30
  61.56   68.58
  61.60  204.20
  64.21  226.52
  64.95   22.43
  65.12  240.47
  65.74   75.53
  66.23  170.70
  66.31  186.10
  66.94  204.96
  66.96   53.34
  67.01  214.51
  68.01   90.63
  68.28  236.07
  68.65   62.13
  69.04  156.71
  69.13   42.62
  69.30   14.17
  69.84  165.80
  70.71   90.58
  71.15   65.32
  71.29  149.43
  71.75  217.21
  72.02  168.92
  74.45   28.47
  75.04  161.92
  75.39  173.38
  76.45   17.28
  76.47   62.21
  77.11   72.89
  77.16   24.49
  77.42  209.20
  78.57  222.18
  78.70   78.87
  78.85  182.51
  79.06  166.37
  80.13   89.31
  80.91  149.97
  81.47  165.38
  81.51   26.39
  81.64  216.92
  81.67   39.38
  81.67  245.25
  81.93  156.82
  82.29   91.59
  82.48   62.43
  82.69   47.24
  85.09   68.79
  86.21  187.62
  87.35  160.88
  87.44   78.65
  87.67   57.03
  87.90  215.61
  87.98   23.42
  88.42   60.34
  88.89   71.33
  89.91   26.64
  91.38   13.56
  91.89  233.18
  92.08   51.48
  92.92  209.70
  93.37  162.07
  93.43   35.42
  94.03   42.33
  94.58   41.17
  95.68  152.15
  95.77   93.77
  95.91  207.44
  95.96   47.87
  97.57   29.06
  99.08   65.98
  99.42  210.39
 101.30  244.48
 101.65  166.49
 101.99   54.55
 102.87  237.21
 102.90  207.58
 103.82   47.32
 104.24   36.96
 104.94   39.90
 105.09  239.53
 105.57  154.06
 106.44   25.40
 106.88   28.13
 109.06  166.74
 109.60  245.80
 109.93   97.80
 111.22  156.03
 111.23  200.08
 111.86  179.65
 112.05  204.11
 112.29  178.70
 112.34   17.41
 112.79   47.51
 112.95  153.81
 114.23  170.95
 114.37  190.94
 115.79  164.63
 119.38   72.76
 119.74   47.34
 120.07   34.84
 120.64  185.97
 120.79  207.28
 120.80   38.41
 120.82   16.61
 120.83  198.71
 121.23  179.70
 121.76  197.86
 121.97   25.16
 122.75  186.96
 123.52   41.52
 123.79  219.65
 123.82   45.63
 124.16   22.97
 124.43   49.38
 124.99   42.84
 125.17   50.13
 125.98  178.93
 126.45  184.43
 127.05   15.75
 127.46  160.94
 129.87  186.94
 130.42   37.15
 130.64  204.99
 131.34    9.50
 131.64  223.81
 133.05   17.44
 133.28  165.85
 133.63   82.44
 134.94  179.97
 135.03  193.72
 136.38   42.82
 137.12   90.06
 137.80  228.31
 138.50  244.61
 138.94  174.56
 141.15  225.12
 141.20  170.29
 141.60   47.86
 141.84   24.68
 142.04  165.67
 142.04  185.69
 142.20   79.48
 142.35  228.17
 142.39  174.09
 143.04  244.65
 143.05  248.15
 144.05  160.81
 144.24   87.46
 144.45  193.94
 144.60  226.90
 144.75   25.89
 145.61   76.51
 145.79   16.34
 145.83  230.32
 145.84   90.21
 146.04   90.18
 147.05  149.64
 147.59  187.35
 149.04  200.71
 149.07  146.08
 149.21   82.93
 149.24  156.22
 149.91  142.54
 150.39   77.52
 150.44  177.95
 150.96   25.95
 152.38   72.70
 152.69  175.64
 153.24  145.37
 153.47  191.46
 153.95   90.92
 154.17  187.89
 154.21   37.73
 154.91   94.02
 154.92   93.45
 155.14   24.50
 155.33   18.38
 156.43  113.20
 156.56   41.69
 156.67  171.14
 156.67  236.69
 156.74   82.78
 156.87  199.62
 156.93   76.51
 157.04   33.97
 157.25  176.93
 157.41   44.99
 158.11  183.54
 158.63  157.00
 159.99  179.12
 160.22  188.30
 160.32   89.57
 160.75   10.03
 161.05   38.25
 162.04   21.80
 162.67  127.00
 162.95  193.78
 163.86  190.44
 164.08   10.57
 164.22  149.40
 164.47    7.39
 164.80  164.65
 164.88   83.21
 165.21  228.28
 166.01   37.04
 166.05   91.74
 166.57   96.33
 167.43  105.91
 168.16   15.08
 169.23  142.87
 169.30  133.56
 169.86  117.08
 170.35  125.36
 170.42   68.56
 171.09  146.91
 171.61   89.99
 171.97  140.41
 172.05   38.93
 172.37   13.81
 172.48   40.05
 172.52   93.58
 174.06  173.39
 174.29   52.39
 174.48   79.21
 175.74  101.88
 175.83  229.38
 177.26  134.46
 177.28   46.40
 177.92   67.48
 177.92   19.55
 178.40   25.41
 178.42  247.66
 178.71   88.44
 178.80  110.24
 179.01   41.84
 179.49  118.08
 179.71  147.45
 179.75   64.24
 180.75   17.52
 180.75   79.79
 181.10  101.50
 181.26   10.64
 181.96   87.04
 182.88  244.81
 182.97   96.03
 183.08   83.30
 183.29   25.22
 183.80  112.78
 184.01  180.43
 184.02  115.20
 185.16   73.25
 185.33   67.93
 185.56   45.82
 185.88  165.38
 186.17  170.87
 186.43  240.80
 186.56  246.23
 186.56   25.38
 186.78   75.99
 187.18  185.65
 187.35  164.03
 187.70  103.08
 188.14  191.66
 188.44   87.46
 188.90   32.10
 189.08   10.05
 189.23   44.98
 190.02  142.95
 190.02  113.20
 190.34  121.64
 190.56  165.20
 190.78   47.27
 191.14  116.49
 192.08  171.70
 192.25   24.57
 192.55  191.35
 193.13  119.79
 193.15  219.12
 193.21  148.01
 193.42   59.01
 193.76  213.43
 196.01   13.52
 196.15   60.01
 196.28   64.51
 196.98   70.82
 197.11   67.72
 197.98   61.47
 199.34  183.89
 199.40  151.86
 199.59  142.82
 200.04  159.17
 200.49  168.45
 200.64   95.76
 201.01  220.18
 201.09  171.83
 201.24  192.78
 201.37  196.13
 202.81   59.75
 203.12   61.69
 203.40  215.58
 203.95  133.33
 204.06   47.85
 204.85  197.00
 205.06  203.97
 205.43   50.62
 205.49  121.26
 205.50  114.66
 205.55   67.60
 205.68  155.90
 205.96  188.93
 206.30  149.74
 206.72  238.15
 206.79  113.17
 207.16  124.12
 207.65   31.76
 207.68  207.23
 207.93   49.67
 208.17   56.91
 210.65  202.99
 210.67  134.61
 211.29   64.36
 212.38  233.88
 213.02   18.04
 213.59  125.38
 214.23  241.45
 214.78   94.79
 215.19   27.88
 215.29  200.80
 215.40  213.20
 215.53  243.89
 216.70   39.29
 217.26  109.06
 217.49   23.26
 217.88  241.74
 218.89  139.91
 220.31   32.20
 221.12   68.81
 221.62  128.81
 221.76   47.67
 221.85   16.98
 221.91  181.46
 221.97   77.55
 222.38  115.91
 222.52  124.57
 222.99  156.80
 224.23  230.09
 224.55   32.38
 225.30   77.64
 225.47   43.77
 225.95   98.13
 226.02   39.43
 227.16  185.18
 228.59  119.64
 229.08  127.50
 229.14  232.89
 229.17  194.48
 229.28  142.62
 229.31  171.45
 229.93  223.28
 230.02  203.02
 230.02  207.58
 230.20   60.73
 230.30   58.69
 230.67   51.68
 230.74   22.71
 230.78   22.64
 232.00   90.98
 232.11  219.77
 232.35  143.10
 232.88  174.30
 233.02   17.86
 233.81  215.80
 233.85  207.41
 234.74   20.89
 235.19   46.36
 236.13   77.71
 236.88  239.85
 237.01  190.29
 237.75  170.74
 238.15  155.09
 238.23   90.02
 238.29  190.59
 238.85   51.27
 240.19  173.36
 240.66  161.39
 241.75  145.94
 242.22   82.07
 242.26  209.83
 243.69   10.48
 244.29  205.65
 244.34  148.92
 244.42  156.49
 244.44  200.32
 244.55  186.80
 244.74  134.00
 247.02  174.48
 247.98   57.06
