   9.82  179.28
   9.89   99.59
  10.04   86.80
  10.19   90.25
  11.07   26.08
  11.12  245.55
  12.06  155.28
  12.07  132.33
  12.23  181.06
  13.43  221.91
  13.55  127.63
  13.59  121.64
  13.95   83.11
  14.29   77.79
  15.07  116.16
  16.14  149.25
  16.48  178.29
  16.93  160.31
  18.68   46.74
  18.76  109.32
  19.13  106.08
  19.84  125.06
  19.86  230.32
  20.12  185.17
  20.69   93.48
  21.98  228.76
  22.99   45.98
  23.02  175.89
  23.63   79.64
  23.68  171.48
  23.75   84.27
  24.48  169.06
  24.75  230.96
  24.79  108.28
  24.86  245.18
  25.36  150.05
  26.88  102.63
  27.30  160.77
  28.09  221.36
  29.33  227.83
  30.00   94.68
  31.77  141.06
  32.20  104.25
  32.53   52.43
  33.02  109.96
  33.50   15.41
  33.54  156.16
  33.58   92.68
  33.75  184.13
  34.00  190.94
  34.25  212.58
  35.41  182.49
  35.66  100.48
  36.33   40.99
  36.47  210.12
  36.93  206.72
  37.22   19.98
  37.80  201.72
  38.76   47.87
  38.94  102.44
  39.00  152.23
  41.96  242.93
  42.65  137.14
  43.01  116.06
  43.11  185.39
  43.35  191.46
  43.37  105.70
  43.38  160.98
  43.60   54.29
  43.62  209.62
  43.72   82.21
  43.73   89.96
  44.08  201.32
  44.13  217.59
  44.38  188.19
  45.93  181.42
  46.56   33.88
  46.77   17.60
  47.20  201.72
  48.09  190.87
  48.23  104.29
  49.49  215.98
  50.76  205.94
  51.59  181.62
  51.79  162.24
  52.33  155.14
  52.92  221.00
  53.16   49.05
  53.18  121.66
  53.39  214.79
  53.55  145.30
  54.08   59.79
  54.43  198.47
  54.44  144.61
  55.62   95.26
  55.64  166.86
  56.06   78.51
  56.39  113.69
  56.80  192.74
  57.65  178.28
  57.93   29.94
  58.50  135.21
  58.72  164.46
  59.48  185.28
  61.31  220.13
  62.07  208.45
  62.97   42.02
  63.05   45.18
  63.07   73.68
  63.14  201.41
  63.20  215.25
  63.25  109.62
  64.11   49.87
  64.44  190.31
  65.33  152.04
  65.97  191.23
  66.13  234.34
  66.18  197.47
  66.38  107.83
  66.51   83.82
  67.33  167.32
  67.41   37.49
  68.56  200.94
  69.98   98.41
  70.26   21.45
  70.44  146.37
  72.71   73.95
  72.75  149.25
  73.19   36.43
  73.22   35.07
  73.43  156.11
  73.59  102.38
  73.61   24.73
  73.77  159.12
  73.78  239.63
  74.23   87.62
  74.44  144.42
  75.98  112.16
  76.13  112.86
  76.55  178.06
  77.35  192.74
  78.13   34.36
  78.36   76.15
  78.54   25.86
  78.93   89.73
  79.22  203.33
  79.53  165.28
  80.05  148.84
  80.42  133.75
  80.49   21.98
  80.83  239.67
  81.52  172.29
  81.91   35.96
  82.28  210.01
  82.30  212.18
  82.86  196.53
  83.03  232.93
  83.33  229.85
  83.38   49.43
  83.50   93.98
  83.80  214.26
  83.87  142.50
  83.98  161.63
  83.99   66.38
  84.10  189.91
  85.01  185.57
  85.20  181.68
  85.51  205.38
  86.46  132.58
  86.57   78.08
  86.62   24.03
  87.25  155.81
  88.01   18.12
  88.46  102.84
  88.57   74.83
  89.73  176.54
  90.35  181.79
  92.96  108.46
  93.07  139.18
  93.48  214.10
  93.57  195.04
  93.69  102.47
  94.29   32.88
  95.72   14.41
  96.24  133.87
  97.61  160.15
  98.07  138.40
  98.84   11.97
 100.08  195.81
 102.06  214.44
 102.10   19.31
 102.74  135.87
 102.91  210.64
 103.71  198.66
 104.07   25.97
 104.11   61.55
 104.30  206.83
 104.41   13.94
 104.58  181.71
 104.90  158.44
 106.38  141.59
 106.67  184.29
 106.89   25.58
 107.42   70.85
 107.72  187.97
 109.72  200.41
 109.97   25.72
 110.57  199.29
 111.28  156.16
 112.28  203.59
 112.57  150.85
 112.58  167.35
 112.75  239.06
 113.74  132.48
 113.93  143.53
 115.08   30.93
 115.63   50.74
 115.67  179.64
 116.48   42.90
 116.70  184.90
 117.44  205.51
 117.62  170.74
 119.55  138.21
 120.57   30.70
 121.09  141.99
 121.87  170.66
 122.07   71.75
 122.45  190.85
 122.47  162.29
 122.78   97.92
 123.01   82.15
 123.05  193.87
 123.08  232.35
 124.93  140.98
 125.50  237.13
 126.11  174.75
 126.46  102.08
 126.93  115.00
 127.63   22.98
 127.88  191.55
 128.49  207.68
 128.53  216.56
 128.71  122.88
 129.22  211.12
 129.96  218.95
 130.19  212.87
 130.81  139.35
 131.38  127.54
 131.41   21.61
 131.52   75.27
 131.99   68.48
 132.09   95.11
 132.42  152.48
 132.75   86.82
 132.79  226.54
 132.97  237.41
 132.99  159.88
 133.01  215.57
 133.28  184.51
 133.40  173.69
 135.29  193.78
 135.63  136.97
 136.26  235.07
 136.32  126.04
 136.41   64.14
 136.91   22.57
 137.07   28.00
 137.22   25.07
 137.38  183.95
 137.76   37.89
 137.87  246.85
 138.27   15.63
 138.48   52.93
 139.01   60.17
 139.71   43.60
 139.77  230.36
 140.08  221.66
 140.12  189.13
 140.28   24.30
 141.59   87.33
 141.88   33.48
 142.46   53.72
 142.62  139.00
 142.71  244.56
 142.75   94.69
 143.00  226.09
 144.07  190.75
 144.81   76.09
 145.16  102.29
 145.17  127.12
 145.61  163.90
 145.71   50.67
 145.77  191.19
 146.01   66.80
 146.04   35.74
 146.38  243.98
 146.54  136.93
 147.19  117.21
 147.67   74.99
 147.98  241.72
 148.61   60.54
 148.66  102.00
 148.72  226.87
 148.88  140.33
 149.60  124.50
 149.99  243.99
 151.30  233.13
 151.35  145.72
 151.83  142.13
 152.08  124.10
 152.22   53.34
 152.53  104.70
 152.58  174.62
 152.69  211.24
 152.83  248.41
 152.85   64.28
 152.96   99.94
 153.03  120.32
 153.10  221.70
 153.23   44.02
 153.52  132.40
 153.53   27.40
 153.54  245.02
 153.84   85.12
 154.34  171.99
 154.44   95.82
 154.51   71.64
 154.60  228.23
 154.75  147.80
 154.89  190.88
 154.90  201.39
 156.02   50.27
 156.02  223.64
 157.17   34.20
 157.85   58.61
 158.13   29.74
 158.20   87.67
 158.52  189.98
 158.63  246.04
 158.94   22.43
 159.27   39.14
 160.10   96.93
 160.14  224.41
 160.41  122.41
 160.61   59.46
 160.70  231.02
 160.80  199.06
 160.87   87.86
 160.96  174.38
 161.21  138.30
 161.24  215.49
 161.43  192.92
 161.55  218.57
 161.66   68.86
 161.69   26.71
 161.75  240.54
 161.83  135.13
 161.96   39.58
 162.29  187.75
 164.61   33.41
 165.00  215.76
 165.04  209.70
 166.09  235.47
 167.40  211.50
 167.60   27.38
 168.16  243.38
 168.48  175.56
 170.30   31.84
 170.73  240.36
 170.82  147.98
 171.23  107.64
 171.23  100.18
 171.32  206.69
 171.64  167.80
 171.71   43.80
 172.98   57.20
 173.30  142.33
 174.02  153.07
 174.77  100.57
 174.79   24.45
 174.91   36.67
 175.42  220.08
 175.59  148.88
 175.63  197.79
 176.27   16.02
 176.55  132.58
 176.94  138.83
 177.50  223.42
 177.56   92.53
 179.04  218.87
 179.06  138.53
 179.26   33.41
 179.27  133.77
 179.71  230.52
 180.21  147.28
 180.56  242.34
 181.15   27.19
 181.32  112.56
 181.43   47.21
 181.61  203.78
 182.12  221.32
 182.29  103.53
 183.29   56.45
 183.95  218.54
 184.06  152.35
 184.36   53.54
 184.42  223.40
 184.49   88.32
 184.57   23.27
 185.47  164.22
 186.19  139.21
 186.99   97.37
 187.57   91.99
 187.73  173.43
 187.82  173.76
 187.84  168.42
 187.94   89.08
 188.13  144.71
 188.49  244.48
 190.03  185.31
 190.85  229.70
 190.97  134.55
 191.45  127.42
 191.46  173.18
 191.63  102.09
 192.38  214.66
 192.63   23.16
 192.67  229.87
 192.84   77.56
 193.78  222.73
 194.13  244.71
 194.24   17.74
 194.48  161.54
 195.27  165.08
 195.53  168.16
 195.91   98.98
 196.59   94.10
 196.86  204.78
 197.18  181.85
 197.74   60.65
 197.79  186.96
 198.07  154.96
 198.27  177.35
 199.95  170.87
 200.17  173.58
 200.29  134.00
 200.72   18.28
 200.80   95.69
 201.74  191.55
 201.81  230.02
 201.83   58.70
 201.84   83.44
 201.95   33.25
 202.03   83.55
 202.07  200.80
 202.46  147.29
 202.76  174.66
 202.83    8.80
 203.33  208.60
 203.82   73.44
 204.08  225.67
 204.10  142.72
 204.36   92.92
 204.89   63.10
 205.24   80.36
 205.40  134.11
 205.94  138.96
 206.07   53.35
 206.37  163.87
 206.68   38.48
 206.69  101.39
 207.87  202.39
 208.39  217.81
 209.96   57.24
 210.39   34.31
 210.64   43.35
 211.05  117.37
 211.16   88.17
 211.33  211.76
 211.36  156.73
 211.47   94.01
 211.50  120.04
 211.82   12.94
 211.91  240.62
 213.46   37.36
 214.61  136.74
 215.37   85.23
 216.73  201.84
 216.91  142.11
 217.36   35.67
 217.97   29.17
 218.62    7.50
 218.73  228.64
 218.85  178.14
 218.95  179.54
 219.11  205.66
 219.23  155.97
 219.36  187.48
 219.86  214.93
 220.86  139.14
 221.19  102.02
 221.59  191.90
 221.95   72.45
 222.36  129.51
 222.57   97.91
 223.21  201.60
 223.73  236.00
 223.79   35.10
 224.35  211.82
 224.42  204.98
 224.57   43.02
 225.21  143.07
 225.22  133.56
 225.51  221.79
 225.99   83.24
 226.43  228.46
 226.47  201.47
 226.53  191.79
 226.90   83.56
 227.13  157.88
 228.21   63.07
 229.46  175.04
 229.56  178.12
 229.64  184.82
 230.15   99.83
 230.19    9.53
 230.29   77.71
 230.51  210.12
 230.58  180.44
 230.61   47.97
 230.63   15.00
 230.89  191.72
 232.02  123.69
 232.36  231.75
 232.94   17.61
 233.06   19.68
 233.51  153.44
 233.62   23.42
 234.16   48.99
 235.43  105.96
 235.83   48.70
 236.03  100.72
 236.10  133.63
 237.09   69.58
 237.30  125.03
 237.42   76.14
 237.47  185.69
 237.52   76.40
 237.99   40.63
 238.44   82.31
 238.51  128.04
 238.69  230.01
 239.85  247.62
 239.91  101.99
 240.34  240.95
 240.50   94.19
 240.78  183.20
 240.83  130.09
 241.39   11.93
 241.52  219.19
 242.45  211.10
 243.61  245.90
 244.22  242.48
 244.64  211.46
 244.96  204.81
 245.35  188.44
 245.62  196.46
 245.84  181.13
 247.47   66.77
 247.61  161.65
 247.94  227.36
 249.55  119.67
