   8.79   27.15
   9.31   38.56
   9.49  178.02
  10.77   30.67
  13.40   40.01
  14.14  176.28
  14.68   80.73
  16.18   33.89
  17.28    9.92
  17.35   17.90
  17.67   35.95
  18.21   60.71
  18.54  230.44
  18.82   80.15
  20.24   51.05
  20.46  234.65
  20.55   84.94
  21.04  140.11
  22.27   46.00
  22.59   16.44
  22.64   48.62
  22.72   35.36
  23.52   81.60
  23.63   59.43
  23.86   23.75
  24.14   42.55
  24.57  180.56
  25.98   58.92
  26.34   92.55
  26.49  168.66
  26.55   14.90
  26.81  219.83
  27.47   78.36
  28.54  207.72
  29.29   59.00
  29.65   84.50
  29.99   68.94
  30.58   31.75
  31.97   44.85
  32.15  239.37
  32.51   80.24
  33.18   90.11
  33.24   90.21
  33.71   53.95
  33.99   60.70
  34.03   25.86
  34.39   70.79
  34.70  231.03
  34.80  216.66
  36.29   65.44
  36.72   40.24
  37.16   92.74
  37.67  240.67
  38.72   68.29
  38.73   17.61
  38.90   71.47
  39.65   61.51
  40.91    9.78
  44.93   41.58
  45.14   12.49
  45.89   54.85
  46.34  101.39
  46.41   68.84
  48.94   97.46
  49.34   26.40
  50.13   94.83
  50.44   37.24
  51.91    9.06
  52.12  239.42
  53.35   34.93
  54.27  235.88
  54.78   18.07
  54.94   24.92
  55.54  211.74
  56.41   20.95
  56.42   80.80
  56.61   36.11
  56.65   59.61
  58.40   26.84
  58.67   70.10
  60.48   37.57
  60.74  225.98
  60.96  104.99
  61.35   98.75
  61.87   19.38
  62.00   88.50
  62.02   70.81
  62.21   82.12
  62.41  236.20
  62.54   17.15
  63.81   72.45
  63.94    7.85
  63.95  107.25
  65.14   86.99
  65.97   89.48
  66.05   61.22
  66.36   17.96
  66.70   92.78
  67.07   27.57
  67.55  107.37
  67.63   65.16
  67.73   77.08
  68.60   88.66
  68.73   32.71
  68.88  105.49
  69.81   59.05
  71.37   28.00
  71.86   72.91
  72.12   24.22
  73.36   98.55
  73.51   94.91
  74.40   36.97
  74.41   44.10
  74.46   58.11
  75.14   85.09
  75.73   78.08
  75.94   81.31
  76.03   70.63
  77.22  238.54
  77.27   35.06
  77.71   38.74
  78.39   24.20
  78.89   94.67
  79.11   53.78
  79.29  107.36
  81.25   84.49
  81.51   44.36
  81.76   94.50
  81.88   89.66
  81.88   12.62
  83.68  110.17
  83.95  100.96
  84.81   78.31
  85.64   32.63
  87.02  119.42
  88.76   62.49
  88.90   62.38
  88.96  121.98
  89.00   19.40
  89.21   17.95
  89.59   14.44
  90.32   51.47
  90.33   33.85
  90.44   91.14
  91.44   85.06
  91.81  109.72
  92.29  103.89
  92.94   98.36
  93.09  105.95
  94.27   19.44
  95.86   94.55
  95.87  207.69
  95.87  230.43
  96.08   25.23
  96.17   83.91
  96.47  100.19
  97.30   81.82
  97.55  110.70
  99.49   54.41
 100.42   21.81
 101.44   92.00
 103.86   74.12
 103.92  235.04
 105.16  227.95
 105.38   79.77
 105.97   33.78
 106.19   12.74
 107.36  109.97
 108.28   20.06
 108.46  229.79
 108.56  105.58
 110.30  101.31
 111.90  116.20
 113.17  105.93
 113.94  112.21
 115.60   96.68
 115.87   49.02
 116.42  115.96
 118.18  105.18
 119.68  233.75
 120.10  247.10
 121.58  109.23
 121.60  226.40
 121.89   30.49
 121.92  105.33
 123.22  219.86
 124.53  231.18
 125.48   69.08
 126.44  117.40
 127.10   96.78
 128.95  214.32
 129.03   29.23
 129.06  106.29
 129.20  109.09
 129.31  237.16
 129.46   55.40
 130.29   34.92
 130.46  134.92
 130.90   87.58
 130.90  227.21
 131.38  221.53
 131.64   95.14
 132.35  114.48
 132.48  212.69
 132.76   67.61
 133.08   61.18
 133.24   50.00
 133.66  170.00
 133.77  115.62
 136.25  173.24
 136.31   62.19
 136.34  112.83
 136.69  223.88
 137.25  105.97
 138.67  101.14
 138.75   54.41
 139.12   27.43
 139.15  194.25
 139.63   90.87
 140.00   66.50
 140.41  111.61
 140.44  235.42
 140.92   50.11
 141.01  196.52
 141.53   74.29
 141.74   54.27
 141.75  115.55
 143.68  102.40
 143.92   66.77
 144.35   17.43
 144.46   24.33
 145.37   97.66
 145.95   18.82
 145.97  173.09
 147.23   37.10
 147.64  120.51
 147.67   68.92
 148.12  136.34
 148.74   71.29
 148.91  136.38
 149.21   47.53
 149.24   26.79
 150.12  119.71
 150.38   21.25
 150.86   80.64
 150.97  124.55
 152.05   30.18
 152.23   31.30
 152.92   55.82
 153.16  137.73
 153.31  225.05
 153.48   86.56
 153.62  159.76
 155.15   92.74
 155.23   47.31
 155.32  163.04
 155.87  120.22
 155.87   29.79
 156.59  173.38
 156.60  133.94
 156.65  168.70
 156.71  168.82
 156.79  210.56
 156.98  116.84
 157.58  175.71
 157.72  107.45
 157.86  199.99
 158.39  152.62
 158.46  232.34
 158.48  157.36
 158.71   47.48
 158.81  104.50
 158.82   32.23
 158.86   48.23
 159.10  236.04
 159.13   82.85
 159.17   66.52
 159.27  195.33
 159.60  142.01
 160.10  239.84
 160.16  117.81
 160.38   95.74
 160.40  165.24
 160.94   36.39
 161.41   91.01
 161.44  202.21
 161.77  113.08
 162.21  125.12
 163.49   82.79
 163.84   95.98
 163.84  210.61
 164.08   21.02
 164.09   37.10
 164.83   37.00
 164.98  173.26
 164.99  170.36
 166.00   13.37
 166.28   60.05
 167.34  208.53
 167.65   46.37
 167.87  142.11
 168.05   89.93
 168.39   74.51
 169.84   65.93
 170.66  150.17
 170.78   30.17
 171.00  192.46
 171.70   11.09
 171.92   46.77
 171.99  120.05
 172.22   73.81
 172.28  153.05
 172.51   94.27
 172.92   83.99
 172.99  113.32
 173.26  172.32
 173.92   74.93
 174.36  170.76
 174.67  134.02
 175.06  110.77
 175.54  116.57
 176.72   40.74
 176.73  121.56
 176.85  101.97
 177.81   89.74
 178.27   17.12
 181.45   54.36
 181.67   77.42
 181.71  105.86
 181.72  224.41
 182.29  161.44
 182.43   85.30
 182.99  127.93
 184.25   36.73
 184.32  124.39
 184.47   48.27
 184.84  117.65
 184.90   96.94
 187.41   54.44
 187.57  231.73
 189.00  165.20
 189.60   68.98
 190.56   20.34
 190.63   41.95
 191.62  110.04
 191.69   49.48
 192.02   80.78
 192.63   65.29
 192.71   74.24
 192.99  124.17
 193.20  219.61
 193.34  231.14
 193.69   20.97
 193.99   32.34
 195.76  245.92
 195.99   78.50
 196.01   55.27
 196.04   44.95
 197.17   66.59
 197.22  101.29
 197.96   50.81
 198.76   20.22
 199.20   54.67
 199.60  129.31
 200.79  216.10
 201.40   55.11
 201.55   30.63
 201.89  244.30
 201.91  206.31
 202.09   97.27
 202.88  232.33
 202.91  218.03
 202.98  168.86
 203.48   15.00
 204.86   78.02
 205.54   60.66
 207.38   93.50
 207.49  179.52
 207.93   21.94
 208.12  122.87
 208.29   86.79
 209.09   65.36
 209.12   81.88
 209.39   27.05
 210.01    8.93
 210.07  181.66
 211.09  203.39
 211.74  220.95
 211.91   41.82
 212.60   17.49
 212.97   72.44
 213.46   46.99
 216.97   91.64
 217.53   47.12
 218.16  223.13
 219.13   63.21
 219.30   42.80
 219.89   93.74
 220.73   79.70
 221.16  238.02
 221.28  106.83
 222.57   46.54
 222.91   89.86
 223.85   32.80
 224.52  194.41
 225.08   79.09
 226.07   54.03
 226.86   56.11
 227.40   47.60
 228.28   25.60
 229.69   72.15
 229.73   36.50
 230.78   18.86
 231.03   82.14
 231.11   96.03
 231.21   54.55
 232.07   61.22
 232.95   92.11
 233.64   21.31
 233.98   97.37
 234.83   12.30
 235.49   58.49
 235.95  237.92
 236.98   51.08
 237.75   61.49
 237.89  206.82
 242.19   18.63
 243.16  205.29
 243.54   91.75
 244.08   22.40
 244.17   65.72
 244.39   44.55
 244.51   97.33
 245.27  201.65
