  12.13  132.27
  13.57  112.63
  18.43  117.43
  21.61  131.65
  22.03   86.24
  22.44  106.56
  23.22  232.82
  24.64   72.13
  24.79  141.60
  25.62  118.96
  26.77  238.11
  27.20  228.35
  30.01  129.13
  30.93   92.70
  31.38   55.54
  34.39  201.18
  34.42  114.94
  34.80   90.55
  34.81   45.50
  35.43   81.01
  35.45   88.21
  35.55  133.96
  35.70  190.80
  39.37  193.99
  39.83  115.14
  40.92  186.79
  41.85   90.76
  43.73   96.92
  44.23  246.84
  44.93   88.74
  45.17   36.90
  46.09  194.71
  46.14  194.98
  47.33  240.87
  47.95   95.11
  50.04  105.14
  50.34  180.24
  51.13  239.04
  51.44  207.39
  52.61  222.30
  53.31    8.23
  56.25  188.59
  56.86  220.25
  57.06  228.68
  57.51  237.62
  59.05  207.77
  62.86  198.85
  64.10  242.60
  65.10  181.80
  65.69  153.40
  66.12  241.85
  67.63  164.12
  69.08   25.60
  69.55   41.82
  69.70  233.22
  69.82   89.09
  70.37  242.47
  70.48  202.76
  71.70  149.50
  73.17   73.07
  74.35   77.92
  75.37   29.58
  75.50   40.85
  75.74  103.11
  75.85   35.66
  76.11   76.14
  76.67  179.55
  76.95   71.31
  77.95   62.67
  79.02   81.37
  79.57  175.78
  80.16  201.96
  81.12  172.34
  81.14  148.67
  81.21   72.87
  81.25   75.20
  81.31  193.42
  81.75   47.36
  82.03  179.89
  82.13   28.24
  82.64  180.37
  82.98   79.69
  83.25   86.77
  83.39  157.25
  83.55  231.11
  85.96  151.17
  86.25  153.48
  87.30  174.28
  87.42  182.51
  87.78  109.36
  88.54  243.36
  90.25  202.20
  90.31  202.15
  90.83  174.26
  91.14  143.48
  92.21  160.68
  94.44   42.73
  94.94  103.82
  94.96  161.98
  95.71  230.97
  95.92  171.77
  97.00  157.94
  97.68   30.84
  97.90  201.09
  98.19  201.30
  98.48  229.65
  98.99  115.62
 100.16  135.06
 100.53   32.13
 100.55  183.59
 102.76  212.92
 102.83   62.85
 102.89  162.73
 103.19  182.62
 104.83   82.52
 104.85  172.28
 105.24   91.18
 105.92  195.23
 106.06  213.46
 106.11  235.88
 106.21   40.22
 108.69  168.02
 108.97  162.05
 109.29  227.99
 109.99   79.88
 110.36  146.15
 111.21   52.21
 113.54  190.32
 114.03  163.61
 114.29   76.23
 115.19  207.44
 115.37   89.29
 115.39  141.34
 115.48  179.01
 116.98  158.94
 117.62  238.83
 118.10  227.54
 118.24  176.25
 118.52  164.11
 119.94   10.76
 120.50   17.77
 120.90  199.13
 121.02  141.29
 121.22   74.76
 121.32   70.18
 121.69   47.30
 121.93   94.67
 123.02  240.00
 123.45   25.90
 123.50  120.52
 123.81  183.36
 123.97  141.35
 124.05   82.71
 124.36   95.50
 124.58  111.02
 125.58  235.11
 126.78   62.73
 126.81   94.47
 127.29  133.30
 127.49  244.80
 127.59  114.87
 127.98   22.26
 128.15   75.11
 128.54   99.97
 128.67   91.66
 130.71  225.54
 130.76  227.77
 131.06   86.64
 131.87  221.86
 132.11  241.88
 133.33  113.36
 134.05  154.85
 135.56   90.21
 135.63   97.64
 136.82   41.53
 137.13  140.42
 137.32  218.93
 137.87  155.12
 140.16   37.38
 140.37   98.96
 141.48  180.92
 141.51  100.56
 142.51  110.97
 142.68   34.42
 142.78  231.87
 143.04  127.01
 143.42   69.62
 143.73  161.72
 146.03   86.63
 147.46  172.03
 147.93   71.79
 148.10   64.84
 148.74   67.73
 148.99  193.69
 151.94   32.86
 152.33  172.53
 153.90  120.64
 153.93  125.54
 155.17   33.49
 155.57  165.78
 158.16   58.97
 159.43   55.75
 159.97  128.47
 160.06  227.51
 160.08  138.34
 160.31  142.75
 161.26  222.65
 162.38   73.33
 162.94  145.12
 163.55  126.98
 165.04  120.52
 166.36  130.13
 166.90  148.61
 167.09  206.59
 167.66   10.17
 167.95  155.52
 168.04  100.17
 171.42  212.07
 171.77  157.25
 171.89   67.91
 171.96  151.72
 172.79  180.23
 173.49  165.48
 173.66   73.36
 175.00   53.80
 176.93   57.97
 177.12  219.00
 178.84   84.08
 179.35  238.45
 179.70   71.90
 179.91   73.10
 180.97   67.00
 180.98  232.36
 182.66   82.34
 182.68  116.44
 182.88  105.45
 183.03   73.31
 183.28  212.96
 183.50   77.96
 183.52   65.44
 184.55  236.06
 185.20  239.25
 185.58  170.20
 185.75   44.25
 186.07  232.03
 186.23   96.41
 186.85   68.20
 187.86   56.78
 188.01   51.63
 188.18  200.42
 188.31  164.54
 188.52  210.76
 188.53  114.78
 188.58   41.26
 188.59   73.97
 189.82   83.77
 190.19   81.59
 190.25  201.51
 191.25   89.12
 191.27  145.96
 192.09   47.30
 192.95  209.75
 193.41   75.75
 193.87  152.71
 195.86  169.20
 195.99   77.26
 196.37   45.40
 196.99  108.76
 197.03  199.84
 198.28   97.12
 198.78   85.93
 199.23  102.75
 199.26  102.88
 199.45   58.07
 199.97   75.42
 201.45  210.13
 201.82  206.17
 201.93   83.67
 201.96  185.99
 202.13  120.37
 202.18   42.08
 202.32  231.88
 203.24  114.91
 204.75  145.24
 204.82  103.79
 205.46   57.68
 205.83  153.49
 208.06   41.43
 208.22   30.30
 208.33  112.78
 208.83  196.20
 208.99   93.02
 209.19  202.48
 209.66   39.12
 209.82   75.35
 209.88   45.03
 210.42  142.78
 210.63  217.16
 210.79  114.46
 211.19  108.65
 211.83   84.78
 212.38   70.01
 212.86   47.39
 212.99   74.79
 213.05  132.70
 213.07  144.05
 213.45  173.90
 214.39  241.54
 214.59  236.85
 214.67   51.46
 214.81   92.24
 214.84   51.60
 216.79  144.55
 217.06  101.11
 217.48  166.58
 217.58   89.93
 218.76   36.06
 219.50   79.63
 220.28  121.05
 220.75  120.21
 221.06   93.59
 221.73  141.97
 222.93   69.42
 223.98   95.18
 224.06   84.75
 225.51  100.39
 227.01  124.11
 227.07   76.50
 227.93   43.09
 228.27  162.53
 228.45  216.97
 228.78  227.36
 229.56  199.51
 230.60   86.59
 231.65  114.39
 232.49   49.50
 232.71   79.62
 232.92   75.34
 233.01  174.38
 234.65  187.73
 234.92  134.41
 235.19  224.55
 235.73  217.17
 236.56  192.32
 236.71  181.44
 237.85  211.08
 237.93   96.77
 238.45  162.38
 238.91  218.86
 239.42  126.16
 240.28  129.68
 240.33   78.03
 241.34  122.86
 241.36  166.19
 241.75  108.62
 241.79   75.73
 241.80  213.64
 242.11  217.14
 242.65   53.45
 243.10   86.22
 243.23  163.23
 244.45  220.97
 244.51   19.08
 244.76  140.31
 244.88  159.65
 245.49  231.69
 246.63   62.09
 246.68   69.14
