   7.41  197.92
  16.47  178.40
  21.04  127.85
  22.03   36.76
  23.23  204.71
  24.15   69.75
  24.72   60.39
  24.79   40.96
  24.94   78.02
  25.92   69.74
  26.43   39.00
  26.46   65.54
  26.48  204.25
  28.13   41.05
  29.63   72.38
  29.89  159.37
  33.59   78.00
  40.08  202.91
  43.22  207.43
  45.14  227.50
  45.92  235.52
  46.61  141.88
  50.27  144.28
  50.69  245.40
  51.19   27.04
  51.92  213.08
  53.36  208.15
  53.65   35.86
  54.71  219.30
  57.55   31.92
  59.12   56.47
  60.06   52.06
  60.13  163.14
  60.15  191.00
  60.78  201.16
  61.42   12.98
  61.57  218.72
  61.77   60.64
  61.92  193.88
  62.43   45.44
  63.86  204.25
  64.00   39.77
  64.25  155.85
  64.94  169.61
  65.90  199.22
  66.15  219.46
  66.91   36.97
  67.81  226.18
  68.34    8.08
  68.71   46.11
  69.18  152.47
  70.08  136.86
  70.30  207.99
  70.79  145.75
  73.06  151.33
  73.70   35.32
  75.48  200.76
  75.66  148.30
  75.93  188.26
  76.11  213.39
  76.70  194.19
  77.31  142.59
  77.36  169.79
  80.20  141.18
  80.30  226.90
  80.48   53.80
  81.39   36.06
  81.45  185.81
  81.73   42.78
  82.37   48.03
  82.67   27.56
  82.99  209.75
  83.01   40.26
  83.21  214.15
  84.12  197.14
  84.60   52.43
  86.46  206.76
  86.52  206.86
  88.55   22.92
  89.16  143.95
  89.63   53.33
  89.64   66.35
  90.26   25.24
  90.39  153.75
  90.70  178.21
  90.76  207.78
  94.25   58.75
  97.42   61.45
  97.79  191.84
  98.08   58.54
  98.49  145.41
  99.64  182.99
 101.96  182.28
 102.23  159.48
 102.77   46.51
 103.98   19.15
 104.15  151.51
 104.92  156.38
 105.00   54.45
 106.00  188.40
 106.24  216.54
 106.55  194.56
 107.16  207.47
 107.64  202.77
 109.71   60.26
 110.07   11.00
 110.31   15.31
 110.61  160.05
 111.05  206.13
 111.47  199.60
 112.69  232.64
 112.76   51.65
 113.13   35.00
 113.49   84.09
 113.63  149.50
 114.09  144.80
 114.79   11.60
 114.83   28.70
 115.28  164.21
 115.37  173.87
 115.66   24.08
 115.73   16.41
 115.94   54.44
 116.07  179.55
 116.88  168.01
 118.48   13.32
 120.50  243.88
 122.62   64.64
 123.58   43.39
 124.03  127.95
 124.07   37.56
 124.18  149.18
 125.27  197.63
 126.25   28.00
 127.43   22.68
 128.37  152.19
 129.75  152.50
 130.27   25.15
 130.82   32.64
 132.56   55.24
 132.67   62.49
 133.08   64.39
 133.10   21.35
 133.38   52.62
 134.01  155.40
 135.15  179.06
 135.28   29.12
 135.32   17.32
 135.59   34.91
 135.65  134.97
 136.34   13.13
 136.75   24.33
 136.87  196.99
 137.79  167.65
 137.82    9.49
 138.58   40.49
 138.87  238.65
 138.97   19.26
 139.45  186.62
 139.51  176.84
 139.71   28.11
 140.07   12.71
 140.41  141.55
 141.01   63.48
 141.70  182.56
 142.01   41.08
 142.37   57.12
 142.38   44.01
 142.70  192.42
 142.98   64.43
 144.00  204.38
 144.66   28.93
 145.33   40.41
 145.35  219.21
 146.03   57.73
 146.19   53.82
 147.02   26.76
 147.42  216.50
 147.87  182.89
 148.01  156.11
 148.14  186.45
 148.37   20.03
 150.03   55.62
 150.95  212.87
 151.59  152.03
 151.60   52.06
 151.89  161.84
 151.89   34.24
 153.01  112.97
 153.02  108.01
 153.36  180.24
 153.42  148.49
 153.89   62.88
 154.36  144.76
 155.54   51.33
 156.24   14.48
 156.44   44.92
 156.96  215.75
 157.19  171.59
 160.14  172.45
 160.19  144.47
 161.01  204.16
 161.16   32.34
 161.27  156.88
 161.29   36.06
 162.83   41.53
 163.14  166.49
 163.36   48.60
 166.11  147.55
 166.29  160.39
 167.78  155.86
 168.45  144.32
 168.86  210.02
 169.71  150.18
 169.96   25.08
 171.45   33.91
 171.65  155.40
 172.56   49.32
 172.79  151.69
 173.06   12.07
 173.16  209.35
 173.17   51.45
 173.47   61.10
 173.80  181.48
 173.94  165.77
 174.66  157.02
 174.92   47.18
 175.08  143.21
 175.22  168.65
 175.24   68.07
 175.50  206.49
 175.69  162.77
 175.81  175.92
 175.97  147.16
 175.99   55.97
 176.84  162.59
 177.80   21.74
 178.13  198.89
 178.63   57.67
 178.69  206.05
 179.58  207.69
 179.68    8.38
 180.96  203.57
 182.22  167.21
 182.24   42.20
 182.40   20.96
 182.40  173.63
 182.92  135.63
 183.17   69.80
 183.55   24.22
 184.06  180.15
 184.39  139.92
 184.73   28.88
 185.63  168.75
 185.79  209.34
 186.96   32.49
 187.34   63.89
 187.76  144.61
 188.59  191.54
 189.76  184.68
 190.75   60.88
 191.36  215.59
 191.45  147.94
 191.69   54.86
 191.73  141.26
 191.77  137.67
 193.47  154.59
 194.20   46.46
 194.72   59.30
 195.20  178.67
 196.97  213.78
 197.48  169.05
 197.59   63.51
 197.68  148.74
 197.90  173.01
 201.62  175.15
 202.86  139.79
 202.94  213.03
 203.30  144.04
 203.87   56.92
 204.43   99.56
 204.76  150.08
 205.05   53.37
 205.10  158.63
 205.11  226.40
 205.18   67.29
 205.51  121.92
 207.55  141.66
 207.99  216.14
 208.62  201.69
 208.90  179.11
 210.52  173.95
 210.54  207.37
 211.65   22.17
 211.76  217.09
 212.03   43.48
 212.27   49.00
 212.87   53.80
 212.94  206.78
 213.77  214.70
 213.87  140.26
 214.63   25.92
 214.97   45.50
 215.23  218.82
 216.55  109.59
 216.86   51.04
 217.09   36.28
 218.44  112.42
 219.00  143.25
 219.65   40.93
 219.94  227.28
 220.02  201.06
 220.32  166.49
 221.59  215.94
 222.35  100.30
 222.55   10.59
 222.94  205.29
 223.05  226.93
 223.41   40.19
 224.02  172.13
 224.03   31.86
 224.22  146.75
 224.47   26.80
 224.81    8.56
 224.91  220.87
 225.23   14.21
 226.72   49.24
 226.83  168.63
 228.45   45.23
 228.46   55.59
 228.94  174.52
 228.95  214.80
 229.00  217.77
 229.46   39.55
 230.24  192.30
 232.10   33.25
 232.15   29.05
 232.23  220.08
 232.48   90.23
 232.91   40.83
 233.15   13.46
 233.22  229.59
 233.56   52.29
 234.34  194.72
 234.56  194.75
 235.84  129.85
 235.89   38.19
 236.26  237.86
 238.14  143.05
 238.60  142.30
 238.99  196.67
 239.67   86.76
 239.79  131.25
 240.09  180.92
 240.44   33.90
 242.00   40.52
 242.35   19.04
 242.99  192.40
 243.30   27.92
 243.98  239.61
 244.95   23.11
 245.35  198.14
 246.71  208.44
 248.14  110.64
 248.79  137.59
