  11.22  107.35
  17.51   83.61
  18.15   34.15
  20.70  107.43
  20.75  150.61
  21.65  190.52
  22.85  119.94
  23.21   29.56
  24.27   33.11
  27.93   77.31
  28.58   26.01
  31.09  214.69
  32.87  218.51
  33.91   97.35
  34.17  201.96
  36.06  240.52
  36.18  240.45
  36.85   83.23
  37.98  167.72
  40.94   80.97
  40.94  220.00
  46.09  195.55
  46.18   44.76
  46.54  138.91
  47.55  181.95
  47.57  181.88
  48.64   19.06
  50.47  139.11
  51.22   86.60
  53.70   76.45
  54.14  185.45
  54.25   80.17
  54.65   89.98
  56.50   81.45
  60.51   31.43
  60.53  137.84
  61.13  183.43
  61.17  133.91
  61.50  128.96
  62.98  139.89
  63.59  192.17
  64.74  214.85
  65.12  135.30
  66.14   53.62
  66.19   79.99
  66.57   86.76
  66.64  101.24
  69.10   28.36
  69.64  138.04
  69.97  173.59
  70.99   75.54
  71.11  125.15
  72.24  144.14
  73.39  131.33
  73.45  202.99
  73.51  154.39
  73.84  203.47
  74.26   53.02
  74.49  126.48
  75.08   25.11
  75.13   46.70
  75.56  227.04
  75.78  208.20
  76.36  136.56
  76.65  105.24
  77.05  100.63
  77.55  200.08
  78.22  120.05
  78.90  237.01
  79.38   46.96
  79.71  227.40
  79.84  218.60
  80.42  213.28
  80.61   67.08
  80.62  249.42
  81.16  103.86
  81.18  131.91
  81.89   34.95
  81.95  140.08
  82.53  229.95
  82.83  244.81
  83.28  185.04
  83.75  227.00
  84.05  195.58
  84.90  179.84
  85.83   28.79
  86.14  245.76
  86.23  199.32
  86.40   68.32
  86.44  228.22
  87.20  122.21
  87.54  179.42
  87.59   56.04
  89.46   71.99
  89.65  100.25
  89.92   69.05
  91.41  105.79
  92.31   99.45
  92.43  173.35
  92.75   69.83
  92.78   60.08
  93.05  159.34
  94.47   74.37
  94.69  117.02
  95.22  199.88
  95.79   98.02
  96.99  121.30
  97.04   89.51
  97.31  135.89
  97.91   75.52
  97.97  125.13
  98.30   98.60
 101.07   86.73
 101.08  195.48
 102.10  101.96
 102.43   56.87
 103.41   69.85
 105.17  116.58
 106.88  203.16
 107.28  196.16
 109.24   88.57
 109.42  102.41
 111.08  142.41
 112.89  133.38
 113.19   61.42
 114.94  174.66
 115.32  137.20
 115.34  137.34
 115.52  207.53
 115.57  141.94
 116.49   87.53
 116.66   89.20
 116.69  103.43
 117.48  218.92
 117.49  125.12
 117.99  232.86
 118.60   81.86
 120.21  110.15
 120.59  145.64
 121.29  205.95
 122.20  179.25
 123.12  217.58
 124.58  117.30
 124.70  192.25
 127.51  217.73
 127.52   76.99
 127.54   71.02
 127.57  139.15
 133.39  120.53
 133.42  190.43
 133.44   88.57
 133.56   88.37
 136.04  179.76
 137.61   91.47
 137.88  186.61
 139.86  182.91
 139.89  156.64
 140.61   77.42
 141.05  100.86
 141.54  191.74
 141.79  203.18
 141.92  117.57
 143.89  191.55
 143.95  187.28
 146.06   67.09
 146.64  141.89
 147.63  190.12
 148.45  225.53
 151.09  207.36
 151.80  122.94
 153.51   95.22
 154.27  236.38
 154.87   90.20
 156.28  116.07
 157.17  116.84
 157.54   40.36
 157.55  240.87
 157.62   93.12
 158.31  210.35
 158.71   57.66
 158.88  123.87
 160.61   86.09
 160.83  177.12
 160.84  177.00
 161.75  114.78
 163.49  229.71
 164.07  111.78
 165.02   72.78
 166.07  119.08
 166.34   76.27
 166.59  238.61
 166.95  149.48
 167.93   86.84
 168.08  184.66
 168.38  168.46
 168.99  102.27
 169.02  161.37
 169.36   94.52
 169.56   33.08
 169.60  114.71
 169.82  243.32
 170.50   65.51
 171.94  200.13
 171.99  134.73
 172.65  102.71
 173.06  153.67
 174.17  213.82
 174.65   88.20
 175.26  104.76
 175.43  197.68
 175.62  173.37
 175.95  188.01
 178.24  210.09
 186.58  237.61
 186.81  167.94
 188.59   69.61
 191.34  174.19
 191.38  135.05
 191.60   87.42
 192.04  237.18
 193.39  109.29
 193.97  216.95
 194.36  144.86
 197.90  127.65
 207.90  240.93
 214.21  241.55
 214.41  238.00
 214.63  102.71
 215.94   55.29
 215.99  124.89
 219.00  101.65
 220.68   46.24
 225.05  235.71
 226.26  230.31
 227.38  126.22
 230.11  243.24
 232.21  214.72
 233.26  124.29
 234.12   39.42
 234.67  243.81
 235.70   60.42
 236.07  130.47
 237.15  188.16
 237.30   41.76
 237.63  194.94
 237.70  226.90
 239.27  198.60
 239.99  173.77
 240.98   50.80
 241.02   69.83
 244.20   17.67
 244.67   73.03
 244.93  111.60
 249.16  165.89
