  11.08  162.12
  13.47  153.56
  13.74   74.79
  14.49   47.61
  14.51  197.76
  15.24  185.86
  15.27   26.16
  16.44   32.92
  16.86   14.28
  17.52  130.93
  18.10  151.45
  18.26  183.87
  18.43  108.90
  19.26  159.10
  20.73  203.22
  21.24  196.40
  21.83   63.79
  22.15  157.44
  22.56   92.33
  22.70  133.19
  22.82  103.71
  23.27   24.18
  23.74  237.06
  24.09  116.11
  24.33   12.87
  25.28   83.90
  25.30   38.44
  25.96   19.44
  26.91   35.19
  27.14  152.93
  27.17   95.38
  27.78   11.75
  28.13   14.86
  28.23  187.91
  28.26  146.83
  29.15  229.34
  29.26   67.18
  29.93   48.95
  31.18   20.86
  31.22   41.25
  31.50  102.47
  32.06  158.07
  32.39  114.00
  32.60   87.66
  32.71  141.82
  33.32  238.51
  33.32  137.74
  33.35  238.52
  33.82   41.85
  34.01   31.76
  34.15  212.70
  34.79  172.10
  34.90   17.26
  35.44  152.91
  35.63   13.57
  35.69  142.78
  35.70   80.69
  35.93  249.61
  36.74  127.68
  37.15   85.59
  38.61  230.25
  38.96  230.68
  39.33   45.34
  39.34  225.52
  39.39  168.29
  39.68  101.72
  39.85  104.57
  40.38   88.46
  40.43  186.16
  40.85   79.08
  41.39   10.67
  41.73  119.74
  42.52   49.26
  42.73  158.55
  42.73  129.04
  42.96  129.05
  43.69  241.51
  43.89   30.74
  44.00   88.03
  44.66   29.12
  44.72   36.92
  45.43   90.52
  45.45  147.47
  46.16   39.45
  46.91  104.22
  47.32   59.93
  47.39   64.00
  47.42  124.54
  47.61   14.10
  47.77  224.66
  47.83   83.87
  48.09   35.11
  48.12  217.61
  48.37   52.65
  48.37  245.44
  48.73  120.75
  48.83   11.26
  48.95   67.55
  49.14  200.42
  49.33  131.44
  49.58  227.48
  49.81  162.90
  50.49   75.68
  50.57  195.25
  50.93  114.14
  51.21   64.14
  51.45   62.70
  52.28   25.14
  53.01   35.08
  53.44  143.58
  53.59   49.64
  53.76  134.22
  54.54   16.32
  54.59   20.41
  54.68   20.39
  55.61  241.93
  55.71  104.69
  56.30  223.93
  56.50  122.95
  56.77  111.09
  57.27  223.42
  57.73  204.27
  58.11  138.93
  58.85  135.78
  58.93  102.95
  59.11   17.65
  59.14   44.01
  59.33   84.09
  59.81  228.98
  60.52   47.01
  60.59   33.47
  60.75   17.47
  61.33  129.73
  61.42   13.64
  61.92   40.32
  62.32  174.43
  62.79  221.19
  62.85   63.88
  63.33  208.30
  63.74  200.20
  64.00  175.59
  64.12   27.71
  64.43  248.56
  64.60  187.51
  64.64   99.40
  64.64  113.25
  65.91  245.59
  66.54  134.87
  66.82  166.90
  67.61  177.29
  67.74   25.95
  67.77   93.65
  68.32   17.36
  68.58   38.32
  68.75  231.99
  69.90  239.48
  70.01  160.50
  70.07   13.11
  70.57   30.44
  70.71   21.15
  70.85  195.99
  70.89  132.00
  72.42  100.52
  72.62  123.37
  72.64   30.55
  72.74  173.69
  73.46  209.05
  74.40  128.93
  74.62  168.50
  74.89  163.72
  75.74  226.24
  77.42  186.11
  77.71   63.49
  78.10  154.58
  78.27   11.55
  78.44  174.62
  78.66  203.50
  79.33  198.18
  79.83   33.89
  80.09    9.34
  80.94  192.83
  81.03  138.95
  81.18  154.04
  81.31   95.48
  81.53  126.89
  81.64  114.59
  81.87  209.46
  82.01  232.67
  82.23  224.91
  82.56   13.77
  82.58   13.76
  84.50  202.65
  85.04   24.06
  85.24  137.39
  85.33   27.32
  85.37  190.77
  85.73  141.65
  85.85   20.56
  86.29   92.48
  86.30   96.03
  87.06  104.14
  87.96   36.86
  90.30  121.66
  90.35   26.28
  90.43  202.94
  90.71   39.07
  90.79  145.34
  90.84  224.45
  91.62  108.68
  91.81  198.64
  91.86  159.26
  91.88  207.65
  92.13  233.58
  92.40  216.52
  92.79  164.73
  93.02  211.57
  94.81  188.07
  95.17  152.68
  95.27   31.71
  95.60  130.95
  95.82    9.44
  98.33  163.88
  98.37  211.91
  98.50   33.39
  98.64  150.16
  98.66  108.48
  98.76  182.56
  98.78  167.81
  99.31  152.27
  99.31  141.58
  99.56  230.90
 100.09   30.51
 100.35  143.07
 100.60  208.46
 101.60  193.84
 102.43  131.08
 102.96  117.27
 103.14  189.03
 103.50  142.33
 103.63  169.41
 105.12  220.74
 105.40   30.67
 105.68  147.76
 106.34   14.45
 106.46  191.12
 106.83  153.63
 107.32  171.20
 108.24   10.48
 108.38  163.75
 109.51   28.97
 109.93  160.27
 110.12  140.20
 110.22  125.88
 110.84   25.55
 112.07  204.55
 112.29  121.28
 112.41   28.50
 113.07   16.82
 114.33  135.01
 115.92   37.31
 116.22  142.29
 116.30  197.69
 116.31  153.88
 116.80  211.23
 118.18  188.85
 118.45  156.53
 120.68  116.94
 120.75   36.95
 121.14  148.53
 121.22   71.18
 121.60   21.34
 121.70  166.76
 122.02  196.86
 122.46   28.06
 122.91  177.13
 123.45  153.06
 123.65   14.68
 123.79  161.64
 124.06   21.46
 125.17   41.64
 125.21  107.86
 125.42   37.74
 126.09  172.66
 126.69  193.52
 127.22   32.74
 127.75   33.58
 128.23  157.97
 129.56   10.98
 130.77  165.19
 133.39  159.40
 134.66   82.15
 135.45   44.03
 136.31   16.51
 139.52  151.32
 141.80   63.08
 142.01  127.40
 142.44   21.77
 144.13  141.49
 146.68  132.79
 147.72   20.76
 149.88   70.26
 151.17  248.76
 151.23   23.98
 151.53  158.56
 151.64  133.36
 152.18   16.89
 155.47   17.09
 156.98   35.44
 157.49   26.42
 159.96  248.22
 161.22   45.27
 163.16   41.87
 163.44  223.62
 163.79  155.40
 163.81  217.71
 164.64  156.04
 165.92   15.96
 168.77   12.50
 170.73  247.39
 172.31  205.49
 172.57   11.82
 172.58  225.02
 173.03  228.27
 174.30  203.51
 176.13  160.42
 176.79  150.61
 176.86  197.91
 177.29  189.25
 177.44  218.44
 177.58   73.14
 179.01  148.62
 179.78  196.53
 182.69  221.90
 183.47   34.41
 183.65  231.99
 184.43  238.85
 184.66  247.02
 185.65   49.78
 188.80  141.61
 189.08  232.83
 189.91  241.80
 189.91  228.31
 190.35  238.64
 192.28  240.91
 192.56  182.55
 193.60  126.78
 193.74   44.31
 194.53   33.05
 194.84   29.98
 197.10   57.36
 197.40  120.81
 197.78  147.81
 197.84   65.49
 198.51   42.12
 198.95  220.71
 198.98  136.67
 201.35   51.64
 201.63   41.68
 201.76   35.85
 203.63  207.19
 204.56  239.14
 205.22  172.83
 205.29  141.99
 205.91  212.05
 206.51   55.99
 207.37   38.35
 210.28  155.87
 210.42  112.80
 211.40  171.40
 212.02  162.54
 212.04  192.45
 212.95  153.14
 213.53  158.17
 214.61  216.05
 215.09  150.27
 215.62  168.66
 216.00  163.11
 216.32  128.25
 217.39  143.57
 218.74  148.55
 219.22  164.30
 219.44   28.92
 219.94  154.90
 220.86  212.63
 221.26  138.27
 221.37  224.92
 222.97  235.49
 223.41   19.32
 223.63  153.07
 224.19   29.33
 224.93   96.23
 224.99   29.23
 225.95  243.32
 226.10   94.08
 226.15   96.36
 226.48  109.38
 227.03  228.44
 227.06  191.60
 227.16   24.82
 227.47   16.64
 227.84  157.96
 229.45   93.70
 229.84   91.29
 232.41   22.46
 233.47  182.12
 233.54  120.66
 233.79    7.98
 234.03  130.41
 234.03   48.72
 234.06   58.07
 234.53  109.24
 234.98  235.15
 235.16  138.08
 236.71  231.25
 237.42  228.05
 237.45  113.26
 238.61   73.32
 238.98   14.19
 239.77   35.24
 240.32   65.09
 241.28   39.74
 241.30  213.12
 241.66  113.50
 242.18  103.10
 243.15  191.28
 244.07  182.46
 244.26   13.90
 244.77    9.21
 245.34  104.59
 246.07   44.97
 248.08  108.66
 249.16  100.26
