   9.31  218.85
   9.73  234.40
  12.31  215.20
  12.64   78.91
  13.48  185.53
  13.88  236.08
  15.41  121.38
  15.53  233.24
  15.64   29.08
  16.55  165.57
  16.64   25.90
  17.02  232.16
  19.32  183.25
  19.35  192.60
  19.54  136.96
  22.12  197.64
  22.16   25.26
  23.04   88.93
  23.13   32.68
  24.75  192.25
  25.19  181.28
  25.58  186.83
  25.66  226.31
  26.10  163.63
  26.90  171.52
  27.42  231.67
  27.73  198.41
  28.16   67.93
  28.58   75.96
  29.53  235.06
  29.63  215.53
  29.74  114.85
  30.26  219.86
  30.81  152.07
  30.99  185.44
  31.01  195.97
  32.42   20.94
  32.46  192.51
  32.56   89.21
  32.61  243.98
  33.64  234.87
  34.75  179.12
  34.90  163.12
  35.86   25.64
  36.02  197.30
  36.33  185.26
  36.42  215.15
  37.98  219.12
  38.85  237.61
  39.19  121.77
  39.38   69.28
  39.74  202.23
  39.97   74.76
  40.23   90.36
  40.37  195.90
  40.51  147.18
  40.97  173.02
  41.77  147.07
  41.85  169.00
  42.52   81.82
  42.64   85.98
  42.72  207.39
  43.33  218.80
  44.55  116.62
  44.64  113.23
  44.82  169.18
  45.02  200.98
  45.71   92.42
  46.00   87.03
  46.03  242.01
  46.36   82.24
  47.58  215.12
  47.61  173.63
  47.73  133.18
  47.97  222.30
  48.00  222.34
  48.14  197.90
  48.91  142.54
  49.07  202.90
  49.55  218.35
  50.90  162.39
  51.05   82.46
  51.28  201.59
  51.35  228.96
  52.26  246.87
  53.22   62.76
  53.41  113.28
  53.84   74.81
  54.12  163.41
  54.39  225.05
  54.44  233.25
  54.53  192.45
  54.59  151.79
  55.76   88.33
  55.84  123.40
  56.57  188.58
  56.63  112.02
  56.69  230.65
  56.97  180.84
  56.99  245.21
  58.14  184.32
  59.23  173.17
  59.72  145.59
  60.00  149.36
  60.14  240.83
  60.93  192.58
  61.31  125.94
  61.60  187.15
  61.99   66.39
  62.71  191.52
  62.80  179.59
  63.97  230.46
  63.97  204.38
  64.14  111.30
  66.45   87.37
  66.99  242.19
  68.92  147.78
  69.03  207.12
  69.04  247.59
  70.14  229.63
  70.43  198.46
  71.49   86.99
  71.76   93.38
  72.22  248.17
  72.22  223.72
  72.34  173.83
  73.57  142.44
  73.71  177.72
  74.29  176.54
  74.76  227.43
  74.77  216.85
  75.29   87.02
  75.61  244.95
  75.68  138.62
  78.13  138.80
  78.19   81.97
  78.97  205.39
  79.20  169.09
  79.45  223.22
  79.61  195.56
  79.72   92.80
  80.03  233.73
  80.45  162.54
  81.58   85.93
  81.97  146.79
  82.22   70.92
  82.58  189.03
  83.16  185.82
  83.24  176.50
  84.44  203.34
  86.01  198.61
  86.33  184.72
  88.82   79.45
  88.87  159.42
  88.93  159.49
  89.02   79.29
  89.10  225.34
  89.23  169.28
  90.54  205.19
  90.72  176.77
  91.16  241.87
  91.22  154.21
  91.63  134.69
  92.63  143.12
  93.07  219.77
  94.08  206.89
  94.13  203.20
  94.31  186.48
  94.70   15.18
  94.80  244.83
  95.05  170.53
  95.64   72.03
  95.64  138.61
  96.26  202.30
  96.53  216.23
  96.65  151.21
  96.73  242.73
  98.37  156.60
  99.03  245.97
  99.17   78.93
  99.70   14.27
  99.98  181.31
 102.02  199.48
 103.18  247.14
 103.34  172.96
 103.95  120.04
 105.36  221.91
 105.46  129.66
 105.50  195.66
 105.56  201.42
 106.27   15.05
 106.54  243.96
 106.71  180.19
 108.67  233.61
 109.34  195.61
 109.58  207.12
 110.43  169.80
 111.12  192.71
 112.75  225.53
 112.96   76.04
 113.03   14.15
 113.04  134.13
 113.69  138.99
 113.85  241.82
 113.98  152.05
 114.05  145.75
 115.57  238.22
 116.10  128.17
 116.33  203.00
 116.39  184.92
 116.78  103.49
 117.44  211.25
 118.22  218.59
 118.99  229.75
 119.32   78.77
 120.05  209.02
 120.51   82.88
 121.24  248.63
 121.98  114.93
 122.53  129.64
 123.24  188.01
 124.21   92.46
 124.37  168.63
 124.38  111.08
 124.70  245.85
 125.55  186.28
 125.75  205.72
 126.75  173.04
 127.13  179.63
 127.57   12.98
 128.19  224.33
 128.28  175.48
 129.69  226.72
 130.83   82.34
 131.59  173.38
 131.84  128.58
 131.95  238.75
 132.52  188.64
 132.63  178.17
 132.85  149.03
 135.13  219.34
 135.74   75.47
 135.75   79.13
 136.39  128.87
 136.63  142.75
 137.42  132.64
 137.51  212.27
 137.74   86.85
 137.79   65.43
 138.66  227.12
 138.79  175.53
 138.83  189.93
 138.86   71.33
 138.99  236.76
 140.51  125.49
 140.85  219.56
 141.62   13.82
 142.00   98.22
 142.21  163.32
 142.54  105.27
 143.07  208.29
 143.08   34.47
 143.52   96.73
 143.63   85.07
 144.21  105.08
 144.45  235.72
 145.00  240.82
 145.37   73.66
 145.89  145.47
 146.51  194.37
 146.58  222.35
 147.81  209.60
 148.13  223.51
 148.19  247.98
 148.60  218.87
 149.14   44.13
 149.32  205.80
 149.80  236.75
 151.12   99.21
 151.24  149.37
 151.59  191.99
 151.71  152.90
 151.99  201.47
 152.77  188.90
 154.07  176.04
 156.13  227.59
 157.20   96.15
 157.56  233.59
 158.26  204.44
 158.52  104.57
 158.60   98.64
 158.94  177.09
 160.42  224.38
 161.49  193.47
 161.76  178.51
 161.98  169.37
 162.13  105.89
 162.15  202.45
 162.16  235.70
 162.83  130.13
 163.65  139.30
 164.89  179.11
 165.49  107.96
 166.45  245.17
 166.98  105.89
 167.10  226.63
 167.20  195.88
 167.93  196.24
 168.12   99.43
 170.23    8.23
 170.32   27.97
 170.69  133.21
 170.83  163.03
 171.12  168.18
 172.27  147.47
 172.64  152.18
 173.56  205.77
 173.80  143.82
 174.00   17.66
 174.31  101.29
 175.04  105.42
 175.18  198.28
 175.69  187.44
 176.26   36.47
 176.65  176.37
 177.27  230.93
 177.74  244.99
 178.30   78.90
 178.97   63.07
 179.29  163.36
 179.50  152.05
 181.99  107.65
 182.25  225.24
 182.73   19.57
 182.97  200.90
 183.28   82.01
 183.30   81.89
 183.59  189.03
 183.66  193.50
 184.31  193.18
 184.39  174.42
 185.97   52.34
 187.59  176.66
 187.60  128.36
 188.32  212.28
 188.68  153.10
 188.93  193.78
 189.16  202.32
 189.46  245.03
 189.53  148.57
 189.54   72.86
 189.60  158.48
 189.67  174.50
 189.87  201.38
 189.95  106.13
 190.32  238.71
 191.16   80.92
 191.55  224.96
 191.62  209.55
 192.11   82.79
 192.16  216.09
 192.19   10.94
 192.47  156.01
 192.64  230.51
 192.97  186.06
 193.11   98.82
 193.99  150.47
 195.18  235.37
 195.63  172.75
 195.80  212.67
 196.66  191.48
 197.35  165.67
 198.55  237.87
 199.03  174.48
 199.07  106.39
 199.29   74.36
 199.35  216.26
 199.57  184.32
 199.71   79.06
 200.44  160.13
 200.63  203.49
 202.35  174.78
 203.37   81.45
 204.30  135.22
 204.32  232.10
 205.30  217.98
 205.78   24.60
 205.81  110.52
 205.82   37.90
 205.85   96.46
 205.94  198.02
 206.50  173.83
 206.89   94.24
 207.53  152.84
 207.54   76.00
 207.72  169.43
 208.00  209.80
 208.72  224.15
 209.33  163.79
 209.35  194.80
 209.39  235.49
 210.22  123.56
 210.87  179.60
 212.35  150.93
 212.74  105.45
 213.29   79.23
 214.05  217.01
 214.09  197.39
 214.46  164.33
 215.22  195.57
 215.75   76.54
 216.25  168.88
 216.38    7.85
 216.40   94.81
 216.42   94.76
 216.54  180.84
 216.85  230.63
 217.37  244.91
 217.65  207.98
 217.85  189.72
 218.39  223.55
 219.65  170.65
 221.00  134.12
 221.59  237.16
 221.73   92.72
 221.75  175.06
 221.99  234.08
 222.69  169.62
 223.72  167.05
 224.02  180.17
 224.22  133.37
 224.71   83.18
 225.20  194.75
 225.81  242.41
 226.83  230.32
 226.92   90.93
 227.27  200.68
 227.48  245.30
 227.59  175.10
 229.03  193.52
 229.17  206.11
 230.77  216.22
 231.31   95.07
 231.42  183.13
 231.57  225.62
 231.76  245.12
 231.99  153.61
 232.54   70.54
 233.19  149.21
 234.01   71.60
 234.03  170.75
 234.59  206.39
 234.90  236.28
 234.96   22.27
 235.32  222.40
 235.45  210.21
 235.45  158.75
 235.66  145.97
 236.13  192.09
 236.66   15.25
 238.63  181.60
 239.06  175.80
 239.43  187.22
 241.88   99.13
 242.71  178.50
 242.96   93.48
 243.69  157.10
 244.60  121.69
 245.11  135.21
 245.71  190.20
 246.09  227.51
 246.18  172.40
 247.00  207.59
 248.91   17.93
 249.13  167.16
 249.32  204.22
