   8.90  145.67
   9.62  133.33
  11.12  187.91
  11.18   83.36
  11.42  128.23
  14.88  170.76
  15.22   32.44
  15.45  118.67
  15.53  158.84
  16.04  212.38
  16.31  113.01
  17.30  164.11
  18.03  110.37
  18.23  232.01
  20.32  157.43
  20.48  226.94
  20.74  215.66
  20.80  165.60
  21.41  181.56
  23.17  219.74
  24.27  160.03
  26.05  155.80
  28.23  180.82
  28.24  226.26
  28.42  164.25
  28.59  192.46
  28.72  172.24
  28.93  166.91
  29.57  216.87
  30.15  150.10
  30.17  186.11
  30.36  128.37
  30.46  152.46
  31.77  176.19
  32.81  224.25
  32.95  224.19
  33.12  142.84
  33.78  243.43
  33.79  215.81
  34.74  134.46
  34.87  148.85
  35.06  240.04
  35.09  119.11
  36.54  141.08
  36.97  243.26
  37.18  186.31
  37.23  125.92
  37.61  117.19
  37.74  144.48
  37.77  234.40
  38.13  192.36
  39.09  162.18
  39.40  155.67
  39.57  223.69
  39.66  246.36
  40.61  148.38
  42.11  163.67
  42.43  227.64
  42.70  180.34
  43.12  194.36
  43.50  248.24
  43.98  160.96
  44.18  156.91
  44.56  105.17
  44.61  223.41
  45.08  182.92
  45.13  200.72
  45.25  213.47
  45.59  237.15
  45.63  106.46
  46.11  228.97
  46.93  232.07
  48.28  154.00
  48.90  202.36
  49.29  148.21
  49.54  167.64
  49.72  232.99
  49.98  175.57
  50.64  196.04
  51.07  239.42
  51.15  218.01
  51.28  151.40
  51.62  190.10
  52.01   35.42
  52.09  180.21
  52.12   94.20
  52.19  175.89
  52.56  113.37
  52.69  184.34
  52.71  162.53
  53.36   84.36
  53.82   72.12
  54.36  134.60
  56.34  227.25
  56.58  227.30
  56.92   36.02
  57.04  244.83
  57.05  162.74
  57.16  109.53
  57.25   46.52
  57.35   90.93
  57.43  177.20
  57.83  172.43
  58.05  194.11
  58.21  157.29
  58.47  102.80
  58.92   86.25
  59.75   80.54
  60.66   74.81
  61.12  232.54
  61.57   93.68
  61.93  184.42
  62.42   38.34
  62.50  139.97
  62.58  105.63
  62.84  160.28
  62.87  235.59
  63.10  109.40
  63.25   76.97
  63.99   90.99
  64.12   35.24
  65.21   58.54
  65.33  195.90
  65.98  169.68
  66.30  121.54
  66.33   70.69
  66.69  239.91
  66.73   88.10
  67.54  109.14
  68.00   80.91
  68.28   87.19
  69.15  190.17
  69.72  199.85
  69.79  145.68
  69.80  152.37
  69.89  183.30
  69.91  199.73
  70.03   91.70
  70.16  242.88
  70.18  117.68
  70.32  243.93
  70.47  123.97
  71.26   76.52
  71.92  102.37
  72.17  148.07
  72.47  171.19
  72.68   69.17
  72.74  136.49
  72.74   96.23
  73.38  205.68
  74.36  150.13
  75.55  110.51
  75.84  110.57
  76.24  150.78
  76.58  121.34
  76.79  136.60
  76.93  161.07
  77.01  208.28
  77.21  154.56
  77.97   64.52
  78.15  199.72
  78.47  216.84
  78.48  244.40
  78.61  221.46
  78.71  142.54
  78.76   90.96
  78.81  105.40
  79.50  100.22
  80.01   67.97
  81.33  188.25
  81.36  145.89
  81.75  140.82
  82.06   85.10
  82.09  176.91
  82.40   51.60
  83.79  152.19
  84.05  181.17
  84.24  171.14
  84.75  104.14
  84.82  236.22
  85.06  232.28
  85.30  227.67
  85.66  164.42
  85.77  143.53
  85.81  135.55
  86.25   72.92
  86.28   69.23
  87.43   79.06
  87.43  204.02
  88.05  243.37
  88.31  176.44
  89.04   50.95
  89.08  110.09
  89.14  238.29
  90.28  131.95
  91.21  206.79
  91.22  125.96
  91.28  160.62
  91.29  117.94
  91.43  241.73
  91.57  139.75
  91.74  188.92
  91.93  104.91
  91.98  173.38
  92.17  165.24
  92.48  102.48
  92.70   38.84
  92.79  133.38
  92.80  220.78
  93.41  170.79
  93.84   62.15
  93.89  216.43
  94.15  181.69
  94.47  181.55
  94.53  116.53
  94.54  215.49
  94.66  148.68
  94.98  240.66
  95.09  118.19
  95.38  108.94
  95.43  164.35
  95.71   71.30
  96.02   93.43
  96.23  176.42
  96.68  135.19
  96.90   57.49
  97.55   55.07
  99.20  198.22
  99.57  113.02
 100.38  144.50
 100.46  154.87
 100.66  154.63
 100.83  225.44
 102.41  228.93
 102.67  190.56
 103.07  138.22
 103.47   86.39
 103.69  126.37
 103.86  218.37
 103.89   63.63
 104.89  176.47
 105.25  227.84
 105.48   40.40
 106.08  162.80
 106.26  233.68
 106.66  127.23
 107.14  223.64
 107.15  153.77
 107.43  171.12
 107.49  182.50
 108.38  119.82
 110.77  143.39
 110.86   53.82
 111.13   53.16
 111.76  188.24
 112.05  217.77
 113.10   79.06
 114.14  207.67
 114.29  185.28
 114.91  183.64
 115.15  170.96
 115.27  150.61
 115.44   14.05
 115.57   55.40
 115.85  162.44
 116.02  176.05
 116.09  102.46
 116.11   42.89
 117.46   39.92
 117.97   85.86
 118.07  212.39
 118.25  187.19
 118.47   30.03
 118.71   58.12
 119.20  224.64
 119.31  132.81
 119.48   95.47
 119.53  134.90
 119.53   37.06
 119.56  123.05
 120.05  176.17
 120.11  221.90
 120.23   36.91
 120.55  195.71
 120.84   54.73
 121.53  205.76
 122.21  181.02
 122.38   19.94
 122.47  185.10
 122.54   20.38
 123.38  135.31
 123.51   41.22
 123.72   35.00
 123.98  180.45
 124.37   78.62
 124.42   67.49
 124.53   43.78
 125.40   21.21
 125.59  118.12
 125.62   49.01
 125.63  177.88
 125.79  140.72
 125.93  184.95
 126.37    8.54
 126.39  170.35
 126.64   57.18
 127.19   19.07
 127.58  215.29
 128.06  149.95
 128.58  201.93
 129.30   99.39
 129.82  170.19
 129.99   44.07
 130.02  138.49
 130.54   83.96
 131.59  194.06
 131.72  186.25
 131.84  197.56
 132.51   21.38
 132.73  141.86
 132.87  168.07
 133.07   90.66
 133.10  234.40
 133.83  137.19
 134.08   16.88
 134.34  125.02
 134.68   31.81
 135.18  238.77
 135.38  217.71
 135.50  127.74
 135.52  122.34
 135.59   50.94
 135.72  190.77
 136.23   60.23
 136.42  115.57
 136.51  165.92
 136.53   45.89
 137.65  165.00
 138.45   58.02
 138.58  110.07
 138.79  186.01
 139.75   39.39
 140.16  196.62
 140.26   50.25
 140.30  170.42
 140.51  221.28
 140.62  117.00
 140.70  107.82
 140.76  126.44
 140.96  103.48
 141.38   29.24
 141.49  168.24
 141.64  234.39
 141.79  148.59
 141.86  243.14
 142.54  196.82
 143.04   17.26
 143.28   34.53
 143.96   47.51
 144.12  119.41
 144.26   45.43
 144.37  179.16
 144.57   56.92
 144.82  148.01
 144.93  185.13
 145.49  162.22
 145.51  232.79
 145.53  204.41
 146.19  239.42
 146.29  113.94
 146.48  212.07
 146.78  224.14
 146.94  145.13
 147.04  232.79
 147.17   37.38
 147.39  244.35
 147.93  188.25
 148.10  227.25
 148.11   42.20
 148.25  222.47
 148.50   51.07
 148.59   61.18
 148.70  157.52
 149.86  138.93
 150.75  131.03
 151.01   45.57
 151.59  166.41
 151.64  196.90
 151.71  203.03
 151.98  185.50
 152.12  206.46
 152.54  161.82
 152.63   37.73
 152.75   56.83
 153.48   61.62
 154.01  182.10
 155.57  154.90
 155.58   41.13
 155.82  188.43
 156.11  170.14
 157.55   51.38
 157.95  160.70
 159.21  173.88
 160.64  127.48
 161.11  200.29
 161.57   11.02
 163.14  170.05
 163.92  236.30
 164.56   38.08
 164.62  206.74
 164.88  241.42
 164.94  129.77
 165.35   27.88
 166.19  188.20
 166.91  151.83
 167.18   17.84
 168.52  135.94
 168.55   45.02
 168.92   21.94
 169.68  234.30
 170.74   49.17
 170.92  132.41
 171.20  194.88
 171.67  239.09
 171.83   36.44
 171.97  198.89
 172.16  161.45
 173.72  212.76
 174.41  236.20
 174.42   10.79
 174.74  179.43
 174.79   16.07
 174.93   39.80
 175.07   29.23
 175.23  206.27
 175.24  232.09
 175.30  172.30
 175.40  175.72
 175.46  191.91
 175.88  140.01
 177.02  132.34
 177.07  131.80
 178.24  162.92
 179.05  202.05
 179.31  227.06
 179.59   50.12
 180.35  170.62
 180.95  182.91
 181.54  134.42
 181.87  215.61
 182.36  200.69
 182.72  165.94
 183.92  177.72
 184.03  139.39
 184.15  162.65
 184.55  236.98
 185.04  213.10
 185.59  131.92
 186.08   22.64
 186.10   14.69
 186.16  192.88
 186.34  224.46
 186.48  203.16
 188.24  142.37
 189.42  148.92
 190.24  169.20
 190.32  169.13
 190.77  153.51
 191.37  165.04
 191.43  180.28
 191.57  156.99
 191.92  176.41
 191.94   21.64
 192.42  137.11
 192.95   10.06
 193.07  144.60
 193.20  227.78
 194.01  149.87
 194.09  220.96
 195.61   18.36
 196.45  133.78
 196.56  173.25
 196.61  229.69
 196.74  183.75
 196.82  161.25
 197.08  207.61
 197.35  169.32
 197.73  186.09
 198.55   27.04
 198.71  165.77
 201.37  169.75
 201.55  193.22
 204.83  167.67
 204.87   36.88
 205.15  176.22
 205.25  154.03
 205.36  187.83
 205.65  204.43
 205.99  141.30
 206.82   27.99
 207.11  158.02
 207.20  196.65
 207.68  148.76
 207.79  237.29
 210.04   25.81
 210.51  164.83
 211.23  172.54
 212.67  188.83
 213.08  226.39
 213.84  154.80
 214.29  177.12
 214.74   33.87
 215.06  146.75
 215.74  194.21
 216.29  207.75
 216.70   50.62
 217.68  175.20
 217.76  175.17
 218.28  197.37
 218.77  213.82
 219.90   44.46
 220.66   21.79
 221.32  168.58
 221.74   52.18
 221.95  190.11
 222.30  186.85
 223.17  149.25
 223.25  168.77
 223.80  195.64
 223.83  195.61
 224.35   30.58
 224.69  155.30
 224.74   34.32
 224.83  181.85
 225.06  189.62
 226.07   23.02
 226.31  163.12
 227.60  192.44
 228.91   18.29
 229.23  237.28
 229.65   12.36
 230.27  196.13
 230.63  213.79
 231.06  189.00
 231.08  169.71
 231.41  199.50
 232.16  226.67
 232.98  177.30
 233.15   23.22
 233.62  217.05
 233.95  169.47
 234.28   14.91
 234.52  244.84
 234.99  200.96
 235.14  133.22
 235.21  165.42
 235.48  198.01
 235.89  170.96
 236.28  165.22
 236.39  228.75
 236.79  194.24
 237.36   20.60
 237.64  135.09
 237.69  239.08
 237.98  174.04
 238.06  191.52
 238.81  178.81
 238.93  223.48
 240.36   17.72
 240.96  243.60
 241.01  203.50
 241.12  199.89
 241.85   95.36
 244.29  174.69
 244.60  180.19
 245.22  135.62
 246.91  181.39
 247.28  212.14
 248.59  135.50
 249.35  201.81
