   7.20  230.89
   8.44  153.48
  10.15   13.14
  10.59  138.22
  10.85  225.56
  11.14   20.51
  11.21   16.46
  11.30  125.25
  12.00   88.97
  14.23  169.34
  14.80  141.21
  14.93  127.53
  15.52  165.17
  15.57  136.47
  15.74  168.91
  16.25  240.97
  16.57  234.40
  18.07   20.13
  18.68  239.77
  19.73  244.71
  19.89   42.50
  20.20   17.68
  20.31  224.56
  20.46   47.29
  21.58  139.18
  21.85  236.34
  21.99   24.28
  22.21   56.85
  22.25   64.13
  23.13   96.60
  23.23  219.04
  24.55  229.61
  25.09  128.60
  25.95   25.96
  26.27  103.90
  26.84  186.99
  27.18  134.94
  27.51   58.93
  28.52  190.77
  28.91   83.88
  29.04   29.61
  29.08   73.40
  29.43  227.95
  29.45   20.74
  29.60   91.28
  29.90  173.06
  30.54   46.61
  30.66   71.65
  30.85   81.16
  31.85   34.71
  32.57  229.04
  32.68  238.43
  32.86   55.51
  32.98  144.76
  33.11   61.30
  34.75   52.04
  34.79   90.46
  35.52   23.94
  35.97  248.03
  36.74  129.73
  37.12  124.16
  37.14   27.62
  37.23   18.83
  37.94  114.05
  38.15  101.86
  38.43   87.51
  38.56   39.35
  38.93  195.27
  39.10   78.16
  39.44   61.34
  40.06   17.76
  40.07  122.36
  40.35  109.19
  40.43  116.24
  40.95   34.76
  41.37   35.33
  41.50   86.65
  41.68  147.30
  42.23   72.03
  42.31   28.57
  42.36   83.38
  42.63   24.32
  42.94  154.81
  44.26   17.17
  44.39  110.35
  44.49   93.10
  44.50  204.86
  44.94   66.38
  44.95  131.48
  44.99  137.25
  45.39  100.55
  45.58   49.26
  45.79  211.67
  45.79   44.63
  45.80  208.43
  46.10  107.93
  46.66   26.85
  46.83   67.09
  46.91  121.89
  47.20   39.82
  47.48   16.40
  47.50   33.49
  47.58   23.15
  47.89   30.44
  48.07  112.25
  48.18   87.15
  48.21  103.51
  48.46   88.19
  48.73  151.72
  49.10  115.42
  49.49   12.76
  50.12   49.10
  50.31   98.05
  50.32  137.04
  50.96  156.81
  50.97  192.48
  51.01   92.47
  51.12    8.01
  51.44   17.58
  51.58   25.49
  51.76   21.67
  51.93   32.96
  52.00  197.65
  52.13  109.08
  52.14  123.84
  52.32   70.64
  52.96  161.65
  53.30   64.02
  53.89  151.47
  54.24   12.11
  54.92  203.16
  55.15   55.99
  55.17  148.00
  55.24   36.46
  55.47  165.64
  55.60   44.89
  55.66  198.91
  55.98  107.31
  56.15  195.37
  56.19  138.89
  56.25  126.26
  56.42   87.23
  56.60   62.61
  57.10   69.45
  57.47   74.92
  57.65  114.23
  57.81   32.62
  58.06  207.12
  58.08  147.16
  58.45   94.59
  58.83  227.12
  58.87   98.64
  59.55  155.61
  60.13   40.97
  60.37  212.82
  60.43  153.72
  60.49   72.03
  60.60   49.02
  60.93  130.35
  60.93   83.34
  61.08  149.81
  61.43   67.96
  62.14  133.93
  62.57  143.96
  62.57  113.00
  64.07  125.81
  64.56  158.16
  64.57  139.09
  64.93   63.70
  65.68   59.06
  66.72   35.28
  67.10   21.60
  68.48   51.77
  68.60  226.21
  68.69  212.18
  69.52  102.72
  70.68   29.61
  70.68   99.44
  70.85  140.00
  71.10  112.15
  72.42   96.38
  73.66  102.60
  73.85   98.95
  74.63  191.02
  76.62  120.89
  77.40   58.49
  78.07  198.64
  78.08  220.52
  78.24   80.14
  81.83  145.01
  84.34  176.15
  84.85  203.96
  86.13   59.77
  87.01  144.51
  87.22  183.00
  87.40  134.21
  88.58   41.70
  88.89   56.27
  89.78  146.16
  89.85   69.04
  91.72  179.15
  91.97  188.11
  92.59   22.63
  94.75   63.09
  94.96  129.03
  95.11  189.65
  95.51   88.74
  96.34  134.84
  96.36   75.21
  96.40   70.55
  96.73   67.88
  97.16   64.04
  97.17   24.75
  97.69   30.15
  97.89  249.03
  98.04   58.21
  98.09   28.31
  98.22   81.53
  98.37  152.86
  98.58  138.12
  99.05  150.26
  99.26  124.60
  99.44  188.14
 100.29  133.17
 100.32  147.44
 100.74  136.11
 101.01  112.80
 101.77  139.12
 102.21   86.82
 102.46  110.04
 102.48   97.67
 102.59   82.35
 102.61   78.33
 102.75  171.48
 103.00   63.25
 103.15  135.77
 103.74   92.24
 103.80   71.31
 104.04  129.34
 105.56   89.95
 105.59   31.12
 105.98   87.23
 106.21   65.88
 106.68  144.04
 106.69  239.02
 107.15  234.69
 107.33  195.99
 108.00  167.33
 108.09  155.48
 108.74  132.27
 108.90  240.77
 109.30   64.19
 110.16  148.81
 110.46   15.57
 111.64  103.04
 111.77  121.72
 113.17  179.65
 113.33   69.02
 114.27  233.45
 114.29   31.22
 114.32  100.60
 114.66  150.57
 114.92   71.75
 115.61  107.75
 115.81  187.36
 115.88  112.49
 116.12  124.15
 117.23   26.70
 117.31  231.02
 117.40  234.02
 117.76  205.62
 118.50  104.19
 119.39   50.31
 119.58  155.96
 119.74   69.12
 119.79    9.38
 120.11  110.91
 120.55   35.35
 120.71   56.12
 120.75   98.95
 121.12   34.16
 121.68   30.91
 122.20   62.54
 122.51  102.71
 123.41  176.54
 123.42  164.41
 123.77  184.00
 123.92  150.25
 124.65  132.18
 124.68  122.74
 125.36  153.13
 126.09   38.92
 126.36  211.62
 126.37  174.20
 126.46  116.96
 127.55  203.23
 127.82   78.60
 127.88   99.21
 128.20  179.91
 128.37  131.66
 128.55   56.30
 128.74  246.80
 129.65  102.73
 130.11  183.19
 130.84   52.13
 131.19  236.25
 131.57  166.51
 131.68   12.89
 131.70   70.86
 132.20  205.30
 133.08   43.91
 133.27  223.87
 133.50  226.48
 133.97  219.95
 134.49  184.26
 134.64   73.33
 134.91  122.37
 135.33  123.06
 135.34  105.43
 135.67  173.54
 136.17   29.66
 136.31  205.40
 136.83   45.93
 137.14  228.04
 137.75   49.19
 137.87  246.05
 137.93  142.86
 138.05   34.42
 138.12  215.44
 138.98  114.32
 140.72  202.75
 141.00   90.45
 141.72  205.79
 142.01  100.57
 142.18   47.47
 143.17  117.78
 143.58  188.42
 143.88  132.30
 143.91  137.71
 145.10  158.11
 145.18  107.81
 145.25   46.04
 145.70   93.91
 146.13  192.32
 146.23  197.15
 146.27  119.59
 146.72  163.85
 146.82  129.95
 147.93   83.82
 147.97  109.94
 149.24   18.23
 149.49  173.27
 149.54  227.66
 149.64   33.39
 152.34  172.09
 152.49  148.02
 153.52  176.83
 153.87  159.19
 154.27   30.17
 154.29  224.65
 154.37  221.63
 155.06   77.49
 155.14  218.97
 156.21   73.97
 156.29   41.63
 156.72   87.06
 156.91   15.15
 157.45  110.62
 157.66  228.51
 157.79  148.70
 158.31  219.77
 158.32   79.70
 158.56  181.27
 158.77  114.51
 159.14  138.85
 159.24  154.51
 159.99   17.04
 160.10  210.12
 160.11   68.68
 160.59  183.85
 160.66  132.11
 160.92  102.53
 160.93  149.08
 161.00  201.92
 161.22  228.74
 161.36  166.00
 161.65  199.69
 162.45  205.23
 163.53  143.63
 164.21  232.71
 164.82  225.83
 165.10  138.82
 165.71  210.09
 166.51   31.79
 166.94   48.19
 167.20   33.43
 167.96  183.01
 168.12   88.00
 168.18  156.11
 168.92   14.71
 169.44  207.65
 169.57   39.46
 169.73  188.10
 170.11  218.30
 170.34   26.49
 171.90  105.06
 172.07  156.43
 172.18  215.19
 172.21  119.28
 172.29  167.85
 172.40  179.16
 172.59  189.00
 172.60  182.78
 172.75    7.58
 173.40  194.21
 173.44   90.73
 173.71   10.93
 174.49   39.40
 174.91  156.81
 175.03   59.81
 175.47  116.22
 175.80  116.26
 175.84   20.42
 176.98  203.00
 176.99  226.22
 177.04   36.15
 177.74  160.60
 177.93   33.18
 178.40  149.31
 178.51   73.76
 178.71   12.94
 178.71  187.99
 179.20   87.09
 179.35  114.99
 179.81  158.34
 180.69  165.63
 181.58   64.46
 181.84   34.71
 181.90  203.10
 182.12  161.91
 182.14   74.09
 182.43  128.88
 182.53   96.42
 182.75  169.29
 182.83   36.25
 183.45  229.42
 183.60   48.56
 183.76  229.39
 184.17  147.99
 184.25  207.50
 184.29   93.00
 184.43  158.27
 185.02   27.71
 185.26   11.46
 185.61  219.86
 185.87   42.16
 186.27  224.42
 186.38  219.00
 186.46   92.93
 186.68  188.04
 186.70   88.75
 187.11  120.81
 187.40  197.96
 188.08  195.09
 188.37  227.07
 188.40   99.32
 188.56   36.98
 189.16   33.34
 189.17  171.46
 189.55   16.03
 189.63   67.57
 190.16   64.03
 190.91  150.55
 191.20   54.93
 191.24   58.21
 191.28  190.53
 191.49  225.35
 192.76  227.75
 193.46  224.19
 193.52  224.11
 193.77   49.93
 193.79  184.94
 194.01  195.30
 194.81  171.83
 194.87  172.05
 195.06  195.10
 195.25  158.81
 195.53  243.48
 196.14   65.77
 196.14  136.34
 196.73   83.90
 196.78  145.55
 197.37  120.42
 197.53  156.90
 197.91  206.18
 198.18   36.89
 198.56   18.26
 198.74   60.79
 199.53  117.40
 199.57   75.47
 199.90   15.57
 200.15   43.13
 200.41   87.34
 200.50  201.62
 201.46  170.76
 201.57  138.41
 201.66   39.56
 201.75   72.09
 202.04  207.88
 202.08   54.22
 203.21   45.31
 203.56  147.98
 204.04   42.67
 204.35  186.10
 204.68  172.41
 205.26   98.72
 205.61  227.84
 205.88  176.71
 206.30   56.32
 206.46  159.30
 207.55  155.27
 207.69   89.72
 207.99  196.58
 208.03  103.72
 208.49  189.86
 208.55  121.16
 208.61  152.36
 208.88   60.64
 209.65   99.30
 209.97  132.12
 209.97   59.17
 210.30   24.90
 210.36  184.30
 210.76  207.33
 211.90  124.05
 212.78  161.34
 213.71   19.27
 214.02  171.09
 214.17   91.19
 214.19   67.24
 215.09   58.18
 215.95  202.14
 216.09  123.22
 216.83   62.15
 216.98  108.07
 217.11   43.89
 217.12  177.03
 217.41  191.66
 217.45  226.14
 217.52  151.09
 218.21   65.47
 218.44  111.12
 218.70  147.16
 218.83  138.64
 218.98   41.14
 219.05  143.54
 219.05   94.82
 219.83  196.67
 220.06   31.23
 220.66   63.50
 220.72    9.16
 220.79  174.78
 220.82  170.15
 221.19   44.52
 221.52  104.70
 221.57  202.95
 221.90  161.22
 222.22   69.27
 222.51   40.34
 224.21  210.73
 224.38  116.52
 224.39  149.95
 224.51  175.69
 225.24  198.13
 226.63  163.29
 227.55  237.25
 227.99  140.65
 228.94  164.90
 229.62  190.41
 229.95  154.85
 230.87   16.37
 230.91  220.09
 230.96  150.06
 231.50  186.37
 231.88  220.50
 233.19  190.95
 233.57  158.91
 233.72  197.38
 234.45  128.25
 234.51   85.97
 234.60  140.58
 235.25  136.67
 235.35  167.41
 235.88   54.81
 237.46  158.84
 237.63  201.05
 238.47   49.57
 238.74   55.01
 239.38   80.23
 239.81   45.72
 240.88  222.85
 241.26  210.18
 241.51  241.75
 242.25  195.64
 242.43  184.74
 242.48  181.12
 242.50  164.87
 242.61   81.16
 242.67  163.80
 243.27  110.97
 243.97  157.46
 244.20   22.21
 245.16  234.52
 245.59   16.98
 245.68  207.60
 245.72  137.81
 246.04  242.91
 246.26  124.81
 246.32  186.12
 246.58   11.10
 246.85   56.34
 248.23  210.61
 248.28   76.19
 248.37  207.02
