   8.20  187.40
   8.34  193.44
   8.78  174.18
   8.97  118.88
   9.26   42.35
   9.38  109.12
   9.62   73.49
   9.65   76.68
   9.67  132.37
   9.73  171.20
   9.78  149.64
   9.79  140.84
   9.85   45.58
   9.92   69.87
  10.25   65.70
  10.49   93.59
  11.36  184.63
  11.99  190.04
  12.19  157.04
  12.39  127.00
  12.41   99.13
  13.15   79.05
  13.35  162.79
  13.53  149.76
  13.56  139.91
  13.65  179.16
  13.73  119.16
  13.76  160.02
  14.18   89.23
  14.33   11.61
  14.55   84.87
  14.62  173.98
  14.71   23.95
  15.33   21.71
  15.60  135.60
  15.69  100.27
  15.93   18.11
  16.43  150.57
  16.64  132.58
  18.10  103.35
  18.14   24.34
  18.20  123.33
  18.39   16.93
  18.47  179.19
  18.56  168.30
  18.62  156.75
  18.76   97.63
  18.79  149.13
  18.80  132.16
  18.82  127.02
  19.00  132.11
  19.05   39.65
  19.68   21.20
  20.79  154.76
  20.88  140.10
  22.16   65.25
  22.17  174.54
  22.31  136.68
  22.53  143.98
  22.78   18.78
  22.91   95.06
  22.95  103.96
  23.24  111.51
  23.40   13.61
  23.51    9.48
  23.81  170.26
  24.45   60.57
  25.51  165.34
  25.89  177.19
  26.04  137.49
  26.12   88.81
  26.76   24.35
  27.19   95.49
  27.55  101.91
  28.08   50.68
  28.35   47.00
  28.74   22.06
  28.87  141.28
  29.05  102.67
  29.36   57.47
  29.70   38.91
  30.10  109.90
  30.89   91.04
  31.15  151.77
  31.42  124.25
  31.69  147.52
  31.70   87.09
  32.14   93.57
  32.22  102.30
  32.23   79.23
  32.24   98.93
  32.39  119.58
  32.59   17.47
  32.70  160.64
  33.10  157.17
  33.27   39.12
  33.45   27.60
  33.50   42.67
  33.77   70.02
  34.57  135.87
  34.82  103.44
  35.08   24.08
  35.11   19.89
  35.99  119.39
  36.35   40.17
  36.48  160.39
  37.19  127.10
  37.77  100.71
  37.93   64.23
  37.93  136.11
  38.41  158.22
  38.83   27.97
  39.48   83.60
  39.53   18.35
  39.57   31.71
  39.90  107.91
  39.98   58.88
  40.02   37.99
  40.28   62.35
  40.91   22.50
  40.95   98.50
  41.09  113.17
  41.42  124.18
  41.82  104.04
  42.52   13.95
  42.83  127.69
  42.95  160.99
  43.00  121.77
  43.19   24.44
  43.70   79.06
  43.89  136.23
  44.29   18.67
  45.18  108.19
  45.60  130.79
  46.04  111.46
  46.24  138.69
  46.37   42.25
  46.70  126.71
  46.99   10.78
  47.20   65.62
  47.37  106.11
  47.45   34.64
  47.80   80.12
  47.81   25.38
  47.94  124.25
  48.05  194.66
  48.54   76.23
  49.25  189.80
  50.22   46.70
  50.45  122.17
  50.62   77.99
  51.17   81.66
  51.41  130.45
  51.49  102.77
  51.50   88.72
  51.63  115.51
  51.66   41.94
  51.73    9.32
  51.83   65.72
  51.89   22.21
  52.29  108.03
  52.32   73.75
  52.57   31.76
  52.72   62.58
  52.89   42.62
  53.12   92.49
  53.16   13.40
  53.41  127.12
  53.44    9.85
  53.53  186.51
  54.41   84.72
  54.83   18.89
  55.73  138.01
  55.73   21.24
  55.77   27.04
  56.00  132.66
  56.03   15.35
  56.18   51.99
  57.40  156.86
  57.51  136.00
  57.99   85.06
  59.31   28.55
  61.06   81.78
  61.21   22.24
  61.50   39.37
  61.62  108.08
  62.99   74.47
  63.21   60.09
  63.79   46.30
  64.19   29.21
  65.15  161.37
  65.41   42.55
  65.75   33.69
  66.11   16.49
  66.58  130.35
  67.04   59.25
  68.10   36.89
  68.60   18.60
  69.44  101.52
  69.67  111.30
  69.73   65.54
  71.41   20.76
  72.38  109.73
  72.64   35.50
  73.06   65.53
  73.78   32.37
  73.79   96.01
  74.03   25.52
  74.15  119.02
  74.87  107.67
  75.53   21.80
  76.07  121.89
  76.14   29.13
  76.16   15.36
  76.26   84.83
  77.04  116.93
  78.45  102.86
  78.82   34.66
  79.14   83.27
  79.88   13.32
  79.95    9.30
  80.01  169.92
  80.66  119.04
  81.08  107.74
  81.23  121.99
  81.40  184.83
  81.43   65.02
  81.47  133.24
  81.76  112.09
  82.04   51.08
  82.13   48.04
  82.71   70.33
  83.78   38.83
  84.01   42.77
  84.20   54.78
  84.39   64.82
  85.74   28.25
  85.88   21.31
  85.95  184.50
  86.83   16.82
  87.26  132.76
  88.59   30.90
  88.71   85.21
  88.77   53.09
  88.97  106.02
  89.52   39.98
  89.80   80.40
  90.22   16.58
  90.33   23.71
  90.74   98.61
  90.97  141.90
  91.25   94.79
  91.29   27.96
  91.97   89.68
  92.20   50.07
  93.13   47.33
  93.17  130.40
  93.37   35.75
  93.76   84.54
  93.87  133.60
  94.14   22.30
  94.21  152.77
  96.10   15.07
  96.95  130.34
  97.04   26.09
  97.88   55.42
  98.22    9.25
  98.33   34.04
  99.16   50.21
  99.43   89.91
  99.62   93.08
  99.93  141.02
 100.10  111.60
 102.66   89.39
 102.97   13.59
 103.20   51.82
 104.09   39.74
 104.33   31.95
 104.60   35.36
 107.02  111.41
 107.28  133.33
 107.37   25.05
 107.55   65.26
 107.68   45.78
 108.06   42.14
 108.21   18.73
 108.25   37.37
 108.76  113.60
 109.19   89.50
 109.52   21.99
 109.55   15.35
 111.00   80.28
 111.41  147.10
 111.64   95.92
 112.38   24.15
 113.00   53.22
 113.12   46.29
 113.38   98.59
 113.38   14.02
 113.52   10.42
 114.59   16.87
 115.20  146.65
 116.19   53.50
 116.95   33.03
 117.14   55.97
 117.49   50.25
 117.61  141.41
 117.74   47.49
 118.12   60.75
 118.48   76.15
 119.06   53.12
 119.28   38.61
 119.56   70.07
 120.12   41.49
 120.57   28.98
 120.81   49.28
 121.42  143.52
 121.43   22.31
 121.62  185.46
 122.26  105.30
 122.98   57.13
 123.01  139.38
 123.30   44.21
 123.68   70.61
 124.35  117.74
 124.94   15.73
 125.13  104.71
 125.67   58.99
 126.38   70.33
 126.43  156.93
 126.51   99.39
 126.86   52.64
 127.04   23.32
 127.35   83.92
 127.47   19.65
 127.64   27.14
 127.65  184.47
 128.18   86.84
 129.76   81.74
 130.13   42.35
 130.42  131.96
 130.71   22.86
 131.23   86.70
 131.33  159.85
 131.38  135.73
 131.58   59.70
 132.24  140.32
 132.36   96.43
 132.44   90.84
 132.48   52.80
 133.03  188.71
 133.54  114.29
 134.06  129.51
 134.71  109.48
 134.78   93.25
 134.93  195.22
 135.76  138.58
 136.01   16.74
 136.31  182.58
 136.72   70.38
 136.73  128.32
 137.03  114.75
 137.42   55.70
 137.76  192.83
 137.90  189.06
 138.11   66.07
 138.13   24.74
 138.37  165.04
 138.45  136.23
 139.01   49.44
 140.06   75.81
 140.46   90.81
 140.64  172.05
 140.80  104.45
 141.13   54.87
 141.17   34.51
 141.76   84.70
 141.91   60.87
 142.07  146.04
 142.15    8.65
 142.45   31.51
 142.92   65.35
 143.76   47.52
 144.04   45.59
 144.21   16.84
 144.90   58.21
 145.52   20.53
 145.54   38.53
 145.71  184.05
 146.27  103.55
 146.43   52.23
 146.64  117.24
 146.96   14.24
 147.02   67.56
 147.11   34.07
 147.35   47.94
 147.52   62.35
 148.20  132.36
 148.41   78.18
 149.31   94.40
 149.53  138.53
 149.60   44.88
 149.95  102.81
 149.98  128.51
 150.17   15.71
 151.11   42.63
 151.16   70.08
 152.00  136.93
 152.01   58.70
 152.14  109.04
 152.31   13.93
 153.51   81.89
 154.34  183.32
 154.40  183.25
 154.58   31.55
 154.93    8.92
 155.04   21.14
 155.39   25.80
 155.72  101.02
 156.75  108.85
 157.50   28.33
 157.60   70.95
 157.94   80.25
 158.33  111.21
 159.36   64.86
 159.44   99.18
 159.79   75.26
 159.86   48.29
 159.86  181.57
 160.36   95.43
 161.51   69.82
 161.52   72.85
 161.97   85.11
 162.69  113.50
 162.78   37.88
 163.01  103.21
 164.12   98.13
 164.41   88.98
 164.59   57.14
 164.78   77.47
 164.89   47.92
 165.07  183.82
 165.71   23.18
 166.88   70.90
 167.38  110.78
 168.49  116.00
 169.04   44.97
 169.26  181.55
 169.45   48.72
 170.06  184.85
 170.49   73.13
 170.76  136.04
 170.83  133.28
 171.03   93.86
 171.25   84.10
 171.45  182.33
 171.82   45.47
 172.02   60.87
 172.21   64.42
 172.43   50.68
 172.77   23.96
 173.49   42.00
 173.73  136.51
 174.51   81.11
 174.72   39.45
 174.75   55.51
 174.88   88.07
 175.23   35.33
 175.40   71.14
 175.72   28.22
 176.05   22.89
 176.31  161.17
 177.45  173.82
 179.07  131.49
 179.43  141.30
 179.56   83.61
 179.93  171.17
 180.05   53.17
 180.86  165.73
 180.89  145.04
 181.30  105.99
 181.41   91.02
 181.44   81.95
 183.40   88.10
 183.89   81.54
 184.19  171.84
 184.44   96.58
 184.73  161.21
 184.95   65.91
 185.36   69.33
 185.68  134.11
 185.72  138.08
 185.82  157.42
 187.19  126.95
 188.09   91.85
 188.65  124.41
 188.74   86.58
 188.97   60.82
 190.07  136.25
 190.09   75.27
 190.56  152.28
 190.62  149.19
 191.53   93.64
 191.66  148.04
 191.75  111.70
 191.88   29.47
 192.35  155.13
 192.51   67.27
 192.69  134.04
 192.90  142.17
 193.02  159.86
 193.31   98.26
 193.62  123.23
 193.65  163.08
 193.96  102.20
 194.19  138.71
 194.21   70.78
 194.92   86.43
 195.32   26.84
 196.10  143.16
 196.51  110.71
 196.58  110.87
 197.21   81.98
 197.39  185.11
 197.52  123.12
 197.83   87.85
 197.90   74.07
 198.73  156.35
 198.73   27.92
 199.11  147.15
 199.82  180.45
 199.93  160.84
 200.13  180.24
 200.27   85.79
 201.50   26.57
 201.52  114.58
 201.57  114.67
 201.70  151.60
 202.16  128.43
 202.63  135.39
 203.43  105.18
 203.55  131.46
 203.64  105.17
 203.76   25.58
 206.76   81.58
 207.07  180.73
 207.40   86.61
 207.57  137.34
 207.85  133.22
 208.01  123.88
 208.68  114.79
 209.71  156.79
 210.01   83.09
 211.30  135.37
 211.35  153.43
 211.65  130.95
 211.92  160.58
 213.02  148.79
 213.04  148.29
 213.10  138.38
 213.54  102.00
 213.61  110.68
 213.67  114.92
 213.82  107.65
 214.49  105.51
 215.80   71.03
 216.38  149.72
 217.59   89.25
 217.73  110.32
 217.95   20.44
 218.46   95.81
 219.33   43.26
 219.48   23.23
 220.51  138.20
 221.20  178.80
 221.41   95.99
 221.49   64.36
 221.55  181.13
 222.44  135.61
 222.72  162.21
 222.78  132.80
 222.96  128.83
 223.20  122.61
 223.31   91.29
 223.51  118.84
 223.96   87.90
 224.54  178.25
 224.73  186.38
 225.34   70.61
 225.94   62.68
 226.37  111.93
 226.90   55.25
 227.42   51.74
 227.46  128.16
 227.81  148.47
 228.23  121.94
 228.46  117.13
 229.00   73.58
 229.01   23.02
 230.09   99.74
 230.55  121.76
 230.60  172.69
 231.27   76.38
 231.45  115.71
 231.49  162.32
 233.06  118.50
 233.37  100.90
 234.32  154.88
 236.33   96.15
 236.69  164.59
 236.93  126.71
 237.03   62.93
 237.20  110.24
 237.38   21.79
 237.66  116.03
 239.56   73.42
 239.59  136.88
 239.89  142.56
 240.20  181.02
 240.84   95.33
 241.45   69.28
 241.82   21.59
 241.98   62.73
 242.20   75.48
 242.49  109.40
 242.80   82.21
 243.13   91.28
 243.50  161.67
 243.50  165.12
 244.13  156.00
 245.36  103.82
 245.37   98.89
 245.60   71.76
 246.41   57.54
 247.88  156.17
