   7.26   66.64
   8.47  212.15
   9.03  185.00
  11.21   66.39
  11.40  120.35
  11.64  163.02
  12.07  157.38
  12.19  210.68
  12.46  114.76
  12.67  166.30
  12.68  146.38
  13.08  188.71
  14.48  170.51
  15.24  194.40
  15.91  125.67
  15.96  200.14
  16.53   64.83
  18.05  191.19
  18.20  174.35
  21.01  166.72
  26.14  129.36
  26.19  111.26
  26.56  135.46
  28.37  172.47
  28.43  162.74
  28.99  111.37
  29.34  193.72
  29.80   98.31
  30.95  142.69
  31.14  130.56
  31.21  225.83
  31.53   71.17
  34.04  180.62
  34.11   71.78
  34.14  223.58
  34.33  128.73
  34.77  161.99
  34.81  116.43
  35.00  197.30
  36.25  153.03
  36.86   96.95
  36.97  209.69
  38.54   73.44
  38.58   73.41
  40.49  159.84
  40.92  222.90
  42.19  105.75
  42.42  174.43
  43.70  117.64
  43.78  125.92
  44.73  190.68
  45.09  204.49
  45.40  179.76
  46.68  165.13
  47.04  230.36
  47.77  134.52
  47.81  134.79
  47.97  115.50
  48.39  220.32
  48.52   73.51
  48.58  202.64
  49.02  124.93
  49.76  178.35
  50.09  188.92
  50.70  196.76
  51.57  173.61
  51.92   93.36
  53.39  177.41
  53.50  224.14
  54.61   71.88
  54.67  227.30
  55.74  220.65
  56.75  106.77
  56.76  179.20
  57.73  197.66
  57.74   77.55
  57.84   91.76
  58.15  181.61
  58.16  184.30
  58.18  146.57
  58.39  141.91
  58.57  204.08
  59.62  169.50
  59.65  125.05
  60.00  223.79
  60.10  142.97
  60.20  175.39
  60.39  178.37
  60.45  172.52
  61.58  118.90
  62.41  195.66
  62.87   77.85
  63.15  217.53
  63.94  135.67
  64.34  165.97
  64.58  130.42
  64.69  113.85
  64.98  226.02
  65.92  175.61
  66.14  204.78
  66.92  215.92
  67.00  150.87
  67.36  184.05
  67.74  173.25
  68.18  179.27
  68.33  133.15
  69.10  219.84
  69.14  192.76
  69.50  213.15
  70.22   80.23
  71.11  226.52
  71.24  167.67
  71.34  184.22
  71.55  145.62
  71.76  169.70
  72.23  125.54
  73.94  222.89
  76.97  155.96
  77.17  227.47
  77.61  172.56
  77.66  176.17
  79.06  180.81
  79.21  212.10
  79.51  136.88
  79.72  192.05
  80.76  167.65
  80.89  185.36
  81.20  156.17
  82.15  200.74
  82.98  190.69
  83.21  214.03
  83.92  188.03
  84.88  197.76
  85.55  168.45
  85.77  193.26
  86.51  200.92
  86.93  206.57
  88.04  160.28
  89.63  150.13
  90.26  171.71
  90.45  140.26
  92.24   82.04
  92.79  170.24
  93.21  125.84
  93.74  135.41
  94.08  158.38
  94.19  229.64
  94.43  202.83
  94.71  172.66
  95.99  160.92
  97.11   83.03
  97.34  208.12
  97.93   82.63
  98.05  143.61
  98.07  196.61
  98.08  122.13
  98.52  230.13
  99.63  148.74
 102.99  169.76
 103.44  210.05
 103.52   91.71
 104.09  137.55
 104.76  129.89
 106.41  125.12
 106.65  139.98
 106.67  144.49
 106.95  137.64
 107.57  156.95
 109.20  167.68
 109.37  166.84
 109.82  159.97
 109.86  133.77
 110.57   85.94
 112.08   89.36
 113.39  208.16
 113.63  154.06
 113.73   83.81
 114.21   85.67
 114.56  231.64
 114.87  198.25
 114.91  140.67
 116.52  148.51
 119.10  182.15
 119.12  180.11
 119.67  235.94
 120.63  146.60
 121.09  162.15
 121.09  191.63
 122.70  236.66
 125.02  202.26
 125.29  110.07
 125.55  156.18
 126.56  176.10
 128.75  180.90
 128.89  168.29
 129.40  185.51
 129.47  172.29
 129.50  226.06
 131.76  163.00
 133.84   93.80
 136.74  235.29
 138.11  191.65
 138.65  205.17
 138.80  220.65
 139.74  160.66
 139.87  122.61
 140.04  156.54
 140.35  205.03
 140.58  184.84
 140.94  151.91
 141.11  200.44
 141.57  224.77
 143.10  186.49
 144.08  210.36
 144.23  206.84
 144.59  240.87
 145.27  170.66
 146.24  221.55
 146.74  229.92
 147.48  237.23
 148.51  205.40
 148.88  200.49
 148.93  114.57
 148.99  223.63
 149.18  172.19
 149.25  166.18
 149.47  205.09
 149.82  228.17
 150.64  220.24
 151.55  190.48
 152.01  215.14
 153.10  153.20
 153.40  196.32
 153.49  209.33
 153.75  241.80
 153.78  160.89
 155.57  206.31
 156.04  225.37
 156.11  181.81
 157.61  169.49
 158.16  243.31
 158.70  208.84
 158.77  236.59
 159.90  165.58
 160.12  140.36
 160.41  139.98
 160.79  205.07
 161.99  143.19
 162.86   87.27
 163.40  200.88
 163.72  193.31
 164.73  208.41
 164.81  205.22
 164.98  127.99
 165.18  137.76
 165.36  161.00
 166.02  131.53
 166.13  169.51
 166.79  173.05
 166.87   91.31
 167.88  165.86
 168.04  193.31
 169.29  183.48
 172.87  113.95
 173.06  150.45
 174.65  164.46
 174.73   84.99
 174.78  220.79
 175.06  115.92
 175.23  158.48
 175.48  241.16
 175.64  130.53
 175.86  152.59
 175.97   95.87
 176.44  228.23
 176.75   91.24
 177.59   79.79
 178.39  244.08
 178.42  164.47
 178.51  153.89
 178.72   94.82
 178.72  198.12
 178.77  180.70
 179.53  140.17
 179.59   84.67
 179.72   88.95
 179.92  193.22
 181.16  169.94
 181.21  136.42
 181.22  143.13
 181.30  176.31
 183.25   61.36
 184.05   74.97
 184.48   79.05
 185.02  134.32
 185.61   68.94
 185.67  189.04
 185.88  100.07
 186.11  176.40
 186.24  246.47
 186.40   47.30
 186.64   82.90
 186.73   62.51
 187.23   97.12
 187.37  141.12
 187.92   60.46
 188.88  173.33
 188.93   72.33
 189.04  135.40
 189.48  152.66
 189.64  192.22
 189.83  243.84
 190.92  178.76
 190.93   92.72
 191.22   65.19
 191.43  128.50
 191.81  120.11
 191.89   61.98
 192.10  182.87
 192.12   58.06
 192.87  172.29
 193.00   86.45
 194.77  158.03
 194.80  124.15
 195.29  166.43
 195.69  194.49
 196.75   36.74
 196.95   34.72
 197.00   52.99
 197.18  171.87
 197.78  147.09
 197.84   48.56
 198.02   41.91
 198.27  127.26
 198.37   60.56
 198.44  174.83
 198.58  134.04
 198.65  120.48
 200.45  122.64
 200.89   58.26
 201.00   77.40
 201.04  176.85
 201.10   58.82
 201.11  180.83
 201.19  185.53
 201.22  125.16
 201.25   41.50
 201.29  125.12
 201.51   86.23
 202.24  170.09
 202.33  140.98
 202.45   44.88
 202.96   65.15
 202.98   32.41
 203.08  129.42
 203.41   56.35
 203.47  137.43
 203.58  188.33
 204.00  201.38
 204.26  192.78
 204.50   85.58
 204.88  123.82
 204.94  160.01
 205.22  170.38
 205.87   60.77
 206.02  249.41
 206.21  126.73
 206.30   95.73
 206.70  196.33
 206.70   82.53
 207.24   40.70
 207.29  201.39
 207.33   12.39
 207.63   36.34
 207.71  204.53
 208.08  157.62
 208.12   69.10
 208.16   57.82
 209.72  191.91
 210.42  191.14
 210.67   23.59
 210.96   20.25
 211.06   86.85
 211.51   32.68
 211.53  186.35
 211.55  128.40
 211.83   62.50
 212.75   83.86
 212.99  148.51
 213.46   80.05
 213.47  138.66
 213.98  112.95
 214.00  134.60
 214.43  161.64
 214.61  161.46
 214.81   70.22
 215.18   86.96
 215.25  195.08
 215.29  172.05
 215.34   96.75
 216.06  192.55
 216.29   82.82
 216.93   16.64
 217.02   62.69
 217.65   73.08
 217.65   21.50
 218.42  113.25
 218.49  141.01
 219.01  183.27
 219.16  147.43
 219.23   28.09
 219.24   47.35
 219.59  209.12
 220.12  230.91
 220.17   60.92
 220.30   65.94
 220.46    8.71
 220.47  187.88
 221.15  129.13
 221.35   57.08
 221.39   52.12
 221.64  205.54
 221.99  170.87
 222.07   78.77
 222.10  156.75
 222.20   99.54
 222.22   30.66
 222.68   36.03
 223.02   41.96
 223.82   47.74
 224.15   56.89
 224.25  195.65
 224.32  154.19
 224.36  180.30
 224.90  161.98
 225.41  188.50
 225.58   61.05
 225.66  169.44
 226.05   75.86
 226.22   70.10
 226.33   72.91
 226.41   83.47
 226.51   41.43
 226.61  185.57
 227.81   48.67
 227.89  247.15
 228.62  117.83
 228.74   44.98
 229.10  187.22
 229.22  152.50
 229.59   55.35
 229.77  140.78
 230.11   63.59
 230.12  136.52
 230.13  184.04
 230.16  127.29
 230.66  147.52
 230.71   31.18
 231.39   26.53
 231.65   79.03
 232.10  143.78
 232.18  114.09
 232.20   40.00
 232.73  186.53
 233.17   86.15
 233.29   64.35
 233.47  140.84
 233.49   53.79
 234.21  100.53
 234.54   30.29
 234.59   80.88
 235.87  174.98
 236.01   65.39
 236.12  156.94
 236.23  114.32
 236.37   44.64
 236.82   54.01
 237.06  130.29
 237.26  145.09
 237.38  133.81
 238.13  140.84
 238.15   58.57
 238.64  171.72
 238.64  171.85
 238.66  149.38
 239.05   25.55
 239.46   77.78
 239.63   77.78
 239.64   91.54
 239.66   84.47
 240.09   69.52
 240.44    7.53
 240.47  227.64
 241.05   38.13
 241.20   52.51
 241.46   59.95
 242.38   25.82
 242.45  126.82
 242.51  126.10
 242.60  129.95
 242.89   22.33
 243.03   91.55
 243.93   97.97
 244.19   73.72
 244.55   16.11
 245.00  140.44
 245.02   29.44
 245.64  145.25
 246.35   18.95
 246.86   11.96
 247.54  114.97
 248.08   98.10
 248.18  146.24
 248.62   17.09
 248.88   81.40
