   6.93   64.97
   7.05   79.81
   7.10   39.64
   8.68   73.04
   8.82  158.61
   8.89  111.54
   9.35  140.59
   9.36  173.59
   9.59   51.57
  10.29  220.12
  10.57  207.59
  10.98  194.16
  11.62  159.22
  11.78  150.85
  12.53  138.16
  12.77  102.71
  13.03   59.56
  13.61  147.16
  14.12   37.14
  14.28   12.88
  14.68  156.44
  14.72   16.65
  15.23   65.67
  16.99  231.28
  17.09   22.79
  17.70  164.95
  17.97  193.31
  18.33  123.36
  18.59  152.78
  18.64   17.04
  19.01  189.14
  19.89  156.65
  20.35  224.81
  20.37   85.49
  20.92  115.72
  21.07  210.07
  22.20   68.40
  22.57  242.56
  23.28   98.74
  23.91   39.05
  24.09  203.86
  24.10   13.41
  24.28  154.10
  24.38    9.35
  24.81  237.03
  25.38  142.45
  26.58   35.13
  26.81   38.71
  26.82  187.05
  26.89   27.91
  27.14  150.23
  27.34  163.84
  27.85   41.71
  28.51  131.13
  29.13   50.33
  29.28  194.32
  29.47  120.67
  31.01  240.40
  31.63  213.11
  31.91  199.24
  32.13   92.05
  32.46  173.62
  33.33   41.60
  34.00  241.84
  34.05  136.08
  34.68  188.20
  34.80  185.68
  35.10  167.41
  35.37   80.54
  35.55   98.47
  35.76  193.56
  35.83  241.18
  36.54  179.04
  36.57  199.04
  36.68  124.68
  36.89  114.61
  36.98  101.46
  37.07  191.24
  37.87   46.58
  38.10  230.99
  38.14  163.78
  38.99   98.17
  39.62  177.71
  39.70   34.28
  39.96   51.06
  40.27  244.94
  40.43  139.67
  40.69   80.71
  41.02  120.93
  41.42   64.95
  42.40  238.69
  42.48  216.96
  42.82  195.94
  43.19  230.37
  43.90   14.15
  44.22  242.88
  44.31   76.57
  44.40  173.05
  44.41  111.69
  44.71  185.81
  44.99   23.67
  45.25  207.36
  45.58  240.09
  45.91  193.41
  45.91   95.01
  46.08  178.54
  46.51  236.80
  47.55    8.82
  47.58   43.94
  48.09   83.95
  48.21   14.57
  48.52  135.52
  48.62   69.23
  48.76   56.43
  48.78  114.28
  49.05   24.14
  49.42   50.69
  49.99  175.71
  50.15  162.41
  50.50  241.03
  50.82   59.62
  50.87  217.82
  50.96  182.44
  50.99  206.87
  51.29  175.49
  51.73   93.58
  52.67  217.16
  52.96  135.77
  53.11  156.77
  53.20  228.44
  53.29  216.54
  54.04  154.58
  54.49   87.75
  54.72  176.97
  54.88  109.73
  54.90   74.02
  55.40  140.74
  55.56  210.14
  55.77   99.38
  56.21   74.52
  56.73   34.56
  57.00  196.97
  57.45  184.52
  58.28  125.59
  59.10   20.13
  59.32   19.82
  59.54   15.65
  60.92   58.79
  60.96  224.55
  61.16  148.72
  61.43   11.56
  61.55  220.56
  62.06  161.87
  62.72   39.01
  62.77   46.24
  62.93  107.64
  62.94   23.86
  63.07  168.11
  63.16  161.82
  63.41  179.60
  63.75   66.16
  63.89  118.07
  64.50  142.87
  64.87   84.28
  65.14   32.96
  65.19   59.21
  65.20  117.24
  65.43  126.96
  65.71  109.04
  65.93   77.92
  65.94  100.17
  66.06  226.62
  67.04  230.60
  67.45   53.28
  67.68  205.03
  68.53  247.46
  68.58   21.12
  68.60  200.89
  68.91   86.56
  68.91  101.28
  69.19  181.81
  69.28  243.64
  69.78   82.11
  69.93  133.63
  69.99   48.07
  70.32   70.38
  70.68  176.68
  70.99   44.57
  71.10  169.75
  71.41  218.64
  71.49   60.82
  71.50  187.36
  71.94   41.34
  72.13  140.11
  72.33   80.55
  72.70  107.19
  72.72  238.13
  73.24   26.21
  73.35  228.77
  73.40  116.87
  73.89  131.62
  74.33  104.12
  74.36  136.82
  74.47  122.23
  74.57   64.22
  74.65  247.88
  74.84   18.49
  74.95   58.03
  75.04   78.10
  75.79  207.79
  76.29  141.02
  76.76  234.13
  77.18  116.14
  77.19   70.77
  77.61  144.94
  77.66  104.73
  78.21  170.50
  78.36   75.51
  79.03   76.68
  79.32  216.35
  79.53   48.28
  79.73   32.64
  80.04   66.67
  80.23  163.62
  80.27  140.25
  80.75  134.83
  80.78   55.76
  80.84   73.46
  81.13   14.06
  81.18  110.08
  81.19  223.14
  81.32  143.76
  81.54  150.77
  81.82  166.51
  81.96  107.29
  82.25  239.75
  83.60   16.00
  83.82   22.37
  84.27  116.23
  84.47  248.92
  84.57  204.47
  84.81  222.10
  84.99  174.01
  85.04   54.12
  85.29   89.77
  86.40  208.34
  86.75   13.21
  86.83  107.41
  87.00  205.99
  87.28   51.81
  87.42   82.90
  87.75  162.26
  87.98  231.74
  88.16   25.16
  88.31   73.01
  88.89   69.91
  90.16  187.75
  90.40  118.01
  90.54  159.51
  90.68  140.08
  90.80  165.23
  90.87  159.23
  91.05  230.58
  91.16   77.68
  91.33   96.65
  91.58   28.27
  92.53  208.78
  92.58  111.85
  92.88   76.05
  93.00    9.24
  93.07   48.37
  93.10  191.75
  93.28  176.32
  93.51   51.89
  93.56  191.84
  93.60  195.47
  94.60   96.01
  95.00  118.33
  95.39  225.52
  95.55  120.07
  95.96   28.58
  96.45   67.73
  96.56   13.47
  96.62  168.24
  97.04  125.49
  97.19   17.20
  97.51   63.55
  97.59  224.86
  97.75   46.74
  98.10  180.85
  98.16   19.09
  98.51   23.80
  98.70   60.38
  98.74   32.88
  98.79   51.83
  99.03   73.40
  99.62  152.41
 100.13   56.64
 100.32   22.13
 100.37  218.03
 100.50   41.77
 100.77  112.63
 100.88   53.64
 101.49  106.26
 101.98  229.51
 102.69  191.81
 103.16  201.65
 103.58  223.12
 104.66   95.33
 104.98   37.17
 105.08   34.99
 106.27  160.22
 106.28  182.95
 106.31  105.45
 106.44  229.84
 106.48  174.86
 106.66  218.46
 107.04  193.95
 108.20   66.40
 108.29   66.45
 109.62  237.50
 110.08  125.74
 110.49   56.68
 112.00   72.36
 112.08  136.63
 112.09   72.23
 112.93   21.78
 113.29  204.37
 113.41  217.02
 113.42  205.66
 114.29   79.31
 114.60   53.35
 114.61  113.06
 114.83   91.60
 114.89  200.87
 115.52  117.63
 115.97   45.80
 116.20  103.38
 116.70  129.44
 116.99  173.67
 117.14  139.92
 118.13   41.76
 118.41   67.64
 118.50  120.97
 118.55   58.00
 118.67  146.16
 119.10   62.82
 119.17  184.65
 119.86  241.19
 120.51   51.34
 120.62   36.64
 120.75   94.91
 120.81   76.05
 120.93  226.07
 121.02   69.33
 121.03  200.93
 121.04   60.60
 121.30   86.40
 121.55  124.39
 122.07   46.22
 122.08   79.75
 122.40   10.75
 122.44  169.63
 122.53  231.36
 122.56  151.15
 123.30   93.32
 123.32   21.37
 123.33  103.93
 123.43  119.65
 123.54  183.09
 123.81  221.64
 124.14   40.91
 124.31  138.84
 124.50  133.03
 125.30  105.98
 125.38   13.80
 125.54  148.04
 125.62  231.88
 125.66   35.30
 125.75  194.51
 127.35  160.64
 127.51  237.84
 127.57  185.13
 127.57   18.69
 127.80  216.56
 127.82   45.21
 128.08   53.97
 128.44  153.83
 128.89  100.50
 129.10  146.65
 129.31  213.54
 129.54   21.78
 129.54  205.89
 129.81   41.47
 129.93   18.84
 130.04  122.17
 130.06   39.37
 130.72   22.56
 131.76  246.71
 132.00  158.86
 132.26  175.16
 132.27  110.30
 132.99  211.41
 133.19  172.18
 133.58   97.25
 133.87  189.32
 134.44   81.44
 134.46   56.64
 134.52  161.59
 134.78   11.76
 134.82  113.46
 135.85   21.56
 136.01   43.47
 136.26  213.09
 136.31   73.69
 136.93   95.83
 137.29   40.16
 137.41  240.58
 137.61  135.65
 137.78  131.88
 138.05  233.07
 138.25  103.34
 138.41   43.94
 138.57   24.60
 138.84   87.96
 139.20  184.09
 139.90  129.30
 139.91  142.24
 139.94   74.27
 140.58  177.92
 140.90  149.05
 141.39  208.28
 141.51   34.00
 141.74  146.30
 141.79   14.05
 141.81   29.13
 142.07   17.83
 142.26  195.86
 142.38  121.50
 142.67   26.40
 143.39  237.46
 144.39   68.25
 144.39  146.72
 144.50  109.47
 144.72   35.52
 144.72  187.38
 145.12   77.96
 145.51   24.05
 145.72  185.42
 146.11  210.76
 146.13  135.97
 146.20  175.10
 146.91   51.17
 147.29   71.82
 147.30  206.86
 147.92   60.15
 148.55  225.56
 148.65  156.75
 148.89   86.65
 148.92  144.49
 148.98   39.80
 149.33  219.65
 150.45   16.43
 150.57   28.70
 150.68  214.96
 151.94  151.52
 152.15  207.37
 152.60  127.76
 152.61  211.74
 152.84  163.55
 153.66  227.22
 153.71  221.51
 153.76   76.06
 154.37  180.20
 154.38  238.52
 154.70  109.27
 154.73  199.67
 155.13  146.76
 155.54   21.89
 155.94  143.60
 156.26  239.07
 156.31  204.29
 157.31  130.97
 157.38  133.64
 157.42   80.50
 157.55   96.04
 157.70  164.71
 157.77  113.66
 158.19  208.35
 158.22   34.53
 158.62  190.40
 158.69  218.47
 159.15  150.18
 159.44   41.72
 159.53   40.22
 160.04  194.08
 160.15   85.52
 160.24   67.69
 160.72  235.80
 161.45   48.44
 161.89   87.86
 162.72  174.64
 163.04  195.13
 163.45   54.48
 163.97  158.89
 164.21  107.78
 164.48   78.42
 164.57   26.87
 164.73   23.00
 165.35  224.93
 165.69   37.12
 166.82  213.43
 166.92  165.87
 167.34  158.36
 167.38  129.57
 168.36  143.48
 168.71   41.75
 169.34   85.38
 169.50   85.18
 169.55  155.95
 169.94  240.14
 169.97   99.96
 170.22   15.84
 170.37  192.64
 170.86  232.66
 171.40  149.22
 171.46  206.60
 171.58  206.66
 171.64   27.16
 171.90  245.87
 172.26  242.71
 172.54   77.24
 172.62  136.42
 173.78  242.07
 173.80   10.91
 174.55  109.87
 174.63  169.42
 175.04   37.46
 175.53   26.91
 175.54   18.19
 176.51   60.53
 176.63   13.16
 176.68  157.39
 176.69  126.11
 176.87  173.35
 177.00   90.18
 177.02  197.69
 177.12  160.10
 177.44   98.60
 177.54   58.50
 177.63    9.71
 177.75  185.68
 177.91  170.02
 178.04  162.68
 178.47   33.57
 178.53  157.23
 178.54  191.77
 178.65  164.84
 178.71  164.80
 178.86  147.43
 180.53   27.24
 180.76   24.34
 180.78  212.36
 181.22  158.72
 181.88   19.51
 182.31  215.79
 182.49  134.65
 182.53   96.71
 182.77   69.36
 183.00  136.77
 183.07  197.43
 183.34  146.78
 183.76   71.18
 184.01  233.36
 184.39  150.49
 184.47  189.95
 184.61  194.29
 185.26  234.64
 185.26   73.43
 185.43   96.29
 185.72   15.92
 185.90  128.50
 185.94  107.83
 185.96   30.65
 185.99   30.66
 186.34   84.55
 186.36   73.33
 186.65   36.03
 187.38  201.27
 187.76  231.94
 188.22  139.29
 188.41  165.43
 188.52  154.47
 188.53   89.48
 188.57  111.28
 189.31   23.80
 189.45  179.50
 190.07  190.71
 190.45  202.35
 190.90  164.93
 191.01  145.08
 192.37  137.06
 192.60   72.34
 192.79   68.04
 192.96  123.34
 194.33  213.98
 194.36  143.96
 194.41   30.18
 194.45   58.00
 194.65  184.83
 194.84  181.53
 194.94  172.46
 195.01  126.46
 195.10   45.05
 195.26  171.21
 195.55   38.80
 195.73  206.95
 195.77   95.46
 195.80  115.59
 195.81  165.21
 196.14  103.48
 196.38   62.42
 196.52  241.44
 196.74  121.13
 197.05   48.42
 197.22   65.60
 198.01  134.23
 198.25   53.30
 198.57  140.03
 198.72  137.26
 198.73  193.20
 198.75  210.76
 199.50  160.48
 199.63   49.32
 199.88   24.30
 199.96  127.01
 199.96  214.55
 199.97  106.25
 200.10  176.25
 200.24  180.02
 201.06  115.87
 201.37  222.53
 201.55  156.64
 201.68  165.35
 201.95  103.78
 202.06  133.36
 202.26  226.45
 202.27  187.43
 202.62  122.86
 202.95   40.57
 202.98   84.48
 203.06  192.96
 203.08  149.94
 204.13  232.04
 204.26  217.89
 204.48  154.48
 204.50   51.95
 204.65  222.28
 204.83  175.96
 204.90  126.20
 205.20  113.33
 205.23   47.09
 206.09   29.47
 206.65  174.17
 206.98  195.16
 207.00  186.69
 207.03  123.91
 207.50  198.85
 207.78   43.95
 208.07  156.96
 208.15   32.67
 208.73   47.43
 208.81   22.67
 208.89  115.09
 209.26  238.84
 209.61  227.12
 210.04  109.27
 210.09   18.02
 210.29  177.32
 210.92  103.05
 210.94  183.50
 211.05  134.68
 211.42  174.53
 212.21   37.71
 212.35   56.95
 212.37  162.74
 212.37   24.11
 213.10  153.36
 213.40  165.13
 213.72  212.39
 213.86  217.79
 213.87  109.28
 213.92  139.53
 214.27   68.02
 214.37   99.37
 214.39   71.06
 214.62   75.81
 214.81  135.12
 215.20   16.24
 215.84  142.46
 215.89  162.34
 215.97   80.69
 216.13  175.42
 216.22  114.58
 217.31  191.78
 217.54  106.38
 217.64   67.71
 218.38  130.25
 218.48    7.61
 218.68  170.24
 218.71  220.72
 218.81  166.62
 219.00   56.13
 219.09  119.58
 219.11  209.87
 219.19   34.57
 219.29  212.79
 219.73  243.70
 220.06  231.16
 221.02   43.05
 221.10  152.24
 221.28   97.63
 221.33  112.45
 221.97  158.83
 221.99  184.33
 222.02   46.91
 222.50  150.64
 222.52   83.19
 222.85  210.51
 223.82  215.51
 224.33   48.40
 224.36  222.92
 224.57  235.52
 225.13   81.17
 225.46   99.82
 225.55  187.68
 226.01  149.03
 226.15   32.59
 226.69  203.10
 227.01  192.48
 227.55  231.76
 227.76  209.76
 228.01  130.51
 228.62  109.04
 228.73  134.45
 229.09   57.32
 229.16  194.41
 230.03   74.83
 230.41  221.82
 230.45  138.99
 230.60   31.59
 230.65   31.78
 231.19  156.61
 231.33  129.33
 231.61  121.58
 231.69  185.42
 232.17  198.43
 232.65   95.35
 233.30  127.08
 233.48  214.52
 233.96  140.70
 233.96   13.64
 234.04   58.70
 234.96  200.21
 235.02  206.87
 235.30   76.61
 235.36  220.21
 235.58   51.03
 236.32  163.39
 237.08  180.57
 237.73  121.80
 238.08  199.75
 238.09   20.55
 238.54  139.59
 239.25  142.90
 239.41  176.83
 239.45  172.36
 239.50  110.69
 239.55   88.11
 239.78  244.98
 239.90   14.01
 240.33   39.11
 240.56  191.33
 240.62  153.94
 240.82  125.49
 241.39   38.29
 241.51  152.69
 241.85  212.04
 242.73   64.25
 242.96  207.32
 243.14   10.20
 243.65   83.07
 243.65   81.70
 243.90  185.18
 244.04  162.72
 244.19  123.26
 244.21   59.22
 245.56   69.22
 245.99   42.51
 246.09  202.98
 246.16  153.03
 246.87   75.69
 247.09   55.07
 247.14  232.79
 247.39   32.21
 247.50  162.76
 247.85   58.24
