   8.89   76.76
   9.83   91.82
  10.19   65.75
  14.35   75.72
  14.51  186.65
  15.69   80.15
  15.87  160.58
  15.89   12.95
  19.60    9.10
  20.07  238.46
  20.32   98.62
  20.67  155.87
  21.14  185.60
  23.56  235.00
  23.73   37.06
  24.77  172.74
  24.84   42.46
  25.92  235.61
  29.24  196.45
  29.59   61.45
  30.34  178.39
  31.01   50.90
  31.25  148.77
  32.95   94.10
  33.73  220.08
  34.26  124.43
  35.57  143.52
  36.43   25.29
  36.48   68.64
  36.54  147.28
  36.74   35.18
  37.10  173.79
  38.25  166.70
  40.05  168.68
  41.31  133.46
  42.48  245.99
  43.07   20.61
  43.19   25.24
  43.31   35.35
  43.35   35.68
  43.64  162.39
  45.46   75.70
  47.56  115.19
  47.97  120.43
  48.24  163.36
  48.32  163.44
  50.19  247.81
  50.52  148.81
  50.65  148.74
  50.84   63.41
  55.28   40.15
  56.23  167.20
  58.78  175.12
  61.95   75.94
  62.26  116.02
  63.10  183.66
  63.50   47.69
  64.41  139.04
  64.74  244.55
  64.74  161.04
  65.04  113.60
  66.20  202.44
  66.67   68.17
  67.32   21.37
  69.18   13.93
  69.29  139.77
  69.41   50.13
  69.71   97.19
  69.83   88.15
  70.03   60.59
  70.82  161.76
  70.88  111.58
  70.95  135.47
  71.58  119.34
  71.91   73.86
  71.95  239.69
  71.97   46.02
  72.41  172.36
  73.74  154.42
  74.60  212.10
  75.18   73.29
  75.35  237.24
  75.63  144.32
  76.23  123.73
  76.48  109.32
  77.59  161.61
  78.23  173.37
  78.44  108.16
  78.48   86.05
  79.53  156.95
  80.12   81.37
  81.16   71.70
  82.19   37.25
  82.45  185.72
  82.57  200.72
  83.03   65.06
  83.04  200.00
  83.05   93.61
  83.07   87.07
  83.27   79.52
  83.73  165.92
  83.99  110.12
  83.99  161.99
  84.03  245.98
  84.05   46.30
  84.39  192.10
  84.44   21.49
  84.94  159.38
  85.22   56.28
  85.44   63.18
  85.47   59.73
  85.51   53.13
  85.72  149.03
  85.99  126.73
  86.02  113.94
  86.26  228.83
  87.22   72.81
  88.12   85.88
  89.08  222.82
  89.16  144.04
  89.17  189.23
  89.24  172.40
  89.64  235.22
  90.31  200.36
  90.94   75.18
  91.22  106.29
  91.25   43.91
  91.35  112.84
  91.49  135.76
  91.60  135.35
  91.83   55.14
  92.62  116.15
  92.96  101.11
  93.13  179.62
  93.40  190.05
  94.16  101.10
  94.64   21.53
  94.93   96.35
  95.11  142.73
  95.49  216.27
  95.59  176.97
  95.95  169.92
  97.63   71.84
  97.73  155.50
  98.57  176.07
  99.19  178.45
  99.33  201.56
 100.10  158.95
 100.28   59.45
 100.36  145.46
 102.30  183.20
 102.47  163.82
 102.63  198.46
 102.85   86.84
 103.00  110.49
 104.30   28.74
 104.60   41.16
 104.66  209.98
 105.65  115.91
 107.76  106.33
 108.01   48.44
 108.18  145.53
 108.54   62.57
 109.00   73.49
 109.30   18.88
 109.33   53.58
 109.40    9.23
 109.59   95.58
 109.75   36.59
 111.19   53.62
 111.28   43.40
 111.47   71.51
 111.67  218.42
 111.80  197.55
 111.98   38.79
 112.53  167.63
 112.83   77.49
 114.47   85.08
 114.73   71.99
 114.99   44.00
 115.41   63.70
 116.67  204.66
 117.42   23.06
 118.27   85.95
 118.97  222.10
 119.11   97.35
 119.67  104.25
 119.98  146.48
 120.27   67.18
 120.34  148.39
 121.24  137.30
 121.82   86.81
 122.74  222.10
 123.60  154.14
 124.23  118.25
 124.42  185.54
 124.73   48.45
 125.05  106.72
 125.80   99.07
 125.95   75.63
 126.06   39.54
 127.30   92.20
 127.76  146.02
 128.41  230.24
 128.97   31.06
 129.18  102.01
 129.31  160.11
 130.52   81.21
 131.01   21.88
 131.85   70.60
 132.46  152.14
 132.82  103.74
 134.37   72.06
 134.57   45.70
 134.64   25.92
 135.34  172.72
 135.53  118.80
 135.90  118.44
 136.03  123.05
 137.23   77.59
 137.51   30.15
 138.80  137.25
 138.96   60.13
 139.12    9.07
 139.94   35.51
 140.06  145.03
 141.20   21.69
 141.32  204.94
 141.90   45.29
 142.88  151.70
 143.90   66.24
 144.53   15.11
 145.03  133.41
 145.17   56.61
 145.50  115.61
 145.80   35.96
 146.15  186.45
 146.16   50.35
 146.76   80.67
 146.95   30.63
 148.09  206.60
 148.49   97.96
 148.95   32.46
 149.04  142.88
 149.08   35.84
 149.15    8.06
 149.16   19.11
 149.72  104.74
 150.24   11.91
 152.13   62.87
 152.31  209.70
 152.57  161.43
 152.63   89.52
 152.75   23.44
 152.86   45.77
 152.88   28.65
 153.02   50.59
 153.27  205.43
 153.85  188.18
 154.71  224.38
 155.08  149.36
 155.31  165.61
 155.43  197.15
 155.46   75.60
 155.55   57.32
 155.64   78.53
 155.92  214.73
 156.30   61.29
 156.44   13.21
 156.61   46.00
 156.94   66.20
 158.10   38.13
 159.02  193.28
 159.15   46.60
 159.26   20.43
 159.29   91.10
 161.40   39.23
 161.41  114.78
 162.15  190.14
 162.64   43.02
 163.87  107.81
 164.04   72.72
 164.39  183.35
 165.03   18.53
 165.42   53.07
 166.35   22.29
 166.46  181.81
 167.94  151.85
 168.12   81.28
 168.46   12.43
 168.95  121.67
 169.15   19.42
 170.09   57.20
 170.32  173.12
 170.65   44.71
 170.85   44.96
 171.65  118.47
 171.91   32.41
 172.01  180.39
 172.12   90.28
 172.20  207.60
 172.84  127.19
 172.93  193.17
 173.55   19.18
 173.56  186.74
 174.62   38.53
 175.50   68.73
 175.72  215.78
 176.45  126.59
 176.58   56.71
 176.63   42.76
 176.80   20.37
 177.10   73.10
 178.02  227.93
 178.25   50.84
 178.54  111.26
 178.78   47.28
 179.20  119.48
 179.37   25.59
 179.77   34.77
 180.14   79.28
 181.18   32.31
 182.18   47.67
 182.19   63.31
 182.61   28.58
 182.65  178.72
 184.38  212.87
 184.97   89.39
 185.93   30.98
 186.21   39.21
 186.37   16.77
 186.54  155.16
 187.49   65.92
 187.98  193.87
 188.39  164.19
 188.86   89.74
 188.86  111.92
 189.11   89.29
 190.57   72.49
 193.62   37.11
 194.21   59.15
 194.78  135.25
 194.95   16.26
 195.75  159.63
 196.35   40.65
 196.49  175.12
 197.80   69.81
 197.89  187.98
 199.13  148.13
 199.82   94.35
 199.90  139.99
 202.02  100.28
 203.37   90.86
 207.43  137.92
 207.54  132.29
 208.20  121.40
 208.20  116.22
 208.21  108.73
 208.31  123.85
 213.39   56.50
 213.75   73.38
 214.66   19.09
 217.81   34.36
 218.06  149.41
 218.42  133.30
 219.27  150.28
 224.43  135.78
