  11.07  234.22
  12.91   12.04
  13.78   60.13
  16.19   83.57
  16.48  106.80
  21.06  177.22
  24.08  249.03
  24.82   72.61
  25.61  129.62
  26.01  236.85
  26.41  165.39
  26.62  105.48
  27.74  131.74
  27.74  178.43
  27.83  248.72
  28.01  102.21
  28.85  229.98
  30.72   78.80
  31.91  238.10
  32.09   54.98
  32.15  180.22
  32.64   49.09
  32.67  121.30
  32.82  121.06
  32.88   13.19
  33.36   63.96
  33.69  171.78
  34.18  113.05
  34.28   86.69
  34.87   82.39
  35.74  168.08
  36.67   90.27
  37.57   70.37
  37.63  143.61
  38.04  222.37
  38.50  132.82
  39.36  100.47
  40.18   78.54
  40.38  183.39
  40.62  230.54
  40.78  119.88
  41.77   54.22
  42.50  114.39
  42.54   98.85
  43.11  161.45
  43.93   78.97
  48.43  133.71
  48.69  172.68
  49.59   22.67
  50.04   49.79
  50.41  184.48
  51.57  118.42
  52.09   97.11
  52.12  162.21
  52.28   58.44
  52.33   89.09
  52.83  112.65
  54.71   41.80
  55.06  130.97
  55.24   37.25
  55.54  188.52
  55.63   69.58
  55.99   34.38
  56.55  206.80
  57.49   63.21
  58.37  139.43
  58.91  196.38
  59.44  168.10
  59.57  179.29
  60.31  223.18
  60.50   93.51
  61.10   84.55
  62.25   80.74
  62.70  107.15
  62.95  106.93
  63.72   76.92
  64.06  154.41
  64.21   55.61
  64.58  126.74
  65.29   75.93
  65.66  140.67
  66.08   87.22
  66.54   29.79
  66.57   72.38
  66.66  115.69
  67.25  133.48
  68.24  121.94
  68.26  187.60
  68.76  161.34
  69.27   99.85
  70.23   34.21
  74.81   58.40
  75.17  189.89
  75.46   34.55
  75.50  206.64
  75.66  234.94
  76.00  247.42
  76.20  142.69
  77.37   54.34
  77.88  202.79
  78.27   50.00
  79.47  180.48
  79.48  207.59
  79.78   66.41
  80.39  120.59
  80.62  138.03
  81.33  231.11
  81.79  199.95
  83.09  117.89
  83.45  193.87
  84.01   92.85
  84.18   82.03
  85.08  145.96
  86.25  204.77
  86.35   29.16
  86.37  221.66
  86.73  157.06
  86.80  134.34
  87.03   55.07
  87.29  102.65
  88.02  224.80
  88.92  212.12
  89.29  188.89
  89.61  157.29
  90.44   93.17
  90.89  134.85
  91.18  104.44
  91.81   81.90
  93.83  235.67
  93.89   79.44
  94.01   26.49
  94.29  144.62
  94.51  176.42
  95.25  211.42
  95.26  194.78
  95.48  244.79
  95.51  104.17
  95.96   58.32
  96.72   90.65
  97.09  238.84
  97.63  175.39
  99.70  109.86
 101.21  114.97
 102.91  220.10
 104.96  138.26
 105.52  206.30
 105.55  138.03
 106.26  137.83
 107.06   82.27
 107.08   84.09
 107.71  148.28
 108.22  123.70
 111.02  157.54
 111.75  133.20
 111.86  213.69
 112.64  106.98
 113.63  215.55
 113.77   81.77
 114.00  205.52
 115.70  231.33
 117.23   43.85
 118.02   57.33
 118.15  206.48
 118.26   37.84
 118.74  139.92
 119.07  124.84
 119.07  243.72
 119.53  126.91
 120.30   52.22
 120.36   50.94
 120.75   31.39
 121.05  227.49
 121.80  199.16
 121.90   41.26
 122.01  114.60
 123.67   35.88
 123.83  123.57
 124.89  212.20
 125.30   68.94
 126.23  107.40
 126.28   44.58
 126.32    6.96
 126.45   44.52
 127.09  182.84
 127.12  114.71
 127.85  159.53
 129.49  162.22
 130.03   14.29
 130.95  178.01
 133.34  119.91
 133.58  200.30
 134.12  110.56
 135.12  197.89
 135.69   28.97
 136.10  181.20
 136.61  189.03
 137.17  173.05
 137.83   59.98
 138.42   27.92
 139.59   58.37
 140.31  169.68
 141.27  161.92
 141.99   62.35
 142.73  223.20
 142.89   88.54
 143.45  207.11
 144.91   88.28
 146.59   99.17
 146.96   80.93
 147.32  109.10
 148.03   76.30
 148.28   55.73
 148.66  177.56
 149.53   99.77
 149.87   39.40
 151.67  168.49
 154.92   26.16
 155.08  212.16
 155.10   37.12
 155.40  166.06
 157.27   46.59
 157.40   31.85
 158.87   91.50
 159.92   96.30
 160.33  198.98
 161.48   42.95
 163.59  179.41
 163.72  222.80
 167.21  186.46
 167.35   75.60
 168.54  190.51
 170.36   74.50
 170.70  103.25
 171.97   55.04
 172.11   43.98
 172.28    8.34
 172.78   24.02
 173.03   58.70
 173.06   19.40
 174.92   55.07
 175.14   25.51
 175.52   64.45
 176.86   81.43
 177.18  141.41
 177.61   74.06
 177.89   53.09
 177.92  103.88
 177.97   96.79
 178.20  221.81
 178.95  206.25
 180.06   48.92
 180.06   26.40
 180.31  211.21
 180.83  183.26
 180.98  228.79
 183.46  225.15
 183.78  189.43
 184.84  137.29
 185.32   21.43
 186.05  124.39
 186.37  148.52
 187.02  140.27
 188.00   68.99
 189.33  205.53
 190.21  243.69
 190.33  143.02
 190.64   26.91
 191.69   98.29
 192.35  122.37
 192.63   61.89
 194.81  121.74
 194.85   58.37
 196.19   27.89
 196.35  242.12
 196.40   42.65
 196.41  214.79
 201.48  177.72
 202.81  107.63
 203.06  124.57
 203.64  141.81
 204.16   96.31
 204.65   87.01
 206.05  246.98
 206.13  105.82
 210.99  132.94
 211.30   34.51
 213.18  171.38
 213.78  176.31
 213.91  184.12
 216.20   34.62
 216.23  165.53
 217.64   70.18
 218.26  143.37
 221.00  168.37
 221.05  168.25
 221.62  108.55
 221.89  104.58
 222.48   38.41
 224.44   44.60
 226.51  197.26
 227.47   34.81
 230.18  146.97
 231.08  141.32
 233.44  147.42
 233.72  133.49
 233.98  194.61
 234.17  240.70
 237.12  129.32
 237.31  153.66
 238.11  217.11
 238.18  170.86
 238.74  228.28
 239.82  220.82
 241.20  242.09
 243.19  217.69
 244.72  129.56
 245.86  146.81
 246.02  155.86
 246.63  195.37
 247.95  239.95
