   7.88  167.86
   9.01   47.15
   9.55  141.42
  10.36  102.09
  10.36  179.24
  10.92  124.35
  11.34   52.71
  12.21   31.62
  12.26   91.84
  13.04   84.15
  13.48   78.92
  14.50   10.92
  14.63   63.60
  15.78   98.35
  16.26  107.77
  16.62   46.83
  17.59  113.67
  18.03   94.27
  18.53  117.71
  19.08   30.47
  19.13  130.01
  19.50   16.36
  20.16   73.27
  20.17  207.84
  20.19   84.16
  20.50    9.17
  21.03   65.53
  21.07   43.59
  21.41   37.52
  21.41  204.37
  21.44   79.32
  21.48   90.29
  21.56  110.05
  21.87   54.37
  24.10   28.91
  24.50   64.70
  24.89   45.94
  25.57   54.83
  25.64  159.54
  26.27   46.71
  26.97   89.81
  27.16  193.81
  27.59   84.68
  27.92   39.82
  28.96   67.56
  29.49   84.61
  32.41   83.64
  32.60   23.87
  33.33    6.49
  36.35  197.88
  36.61   80.99
  39.97  207.98
  40.23  207.10
  40.65  156.23
  41.48  119.32
  41.77   92.23
  43.32   99.02
  43.69  112.05
  44.08  124.78
  44.41  165.87
  44.49  142.82
  46.68   92.62
  47.76  161.91
  48.58   94.35
  49.13   78.84
  49.36   82.55
  49.51  131.76
  49.61  195.64
  50.18  102.86
  50.22  151.52
  51.79   87.71
  51.96  199.02
  52.55  101.44
  53.16  194.45
  54.79   72.53
  55.77  166.80
  56.03   91.26
  58.36  133.48
  58.77   77.15
  59.16  123.88
  59.36  198.12
  59.83  171.41
  59.84  122.82
  60.33  128.70
  60.43   91.77
  61.72  185.26
  61.82   68.28
  62.79  181.71
  64.42  222.31
  64.72  235.07
  64.89  177.36
  65.01  171.84
  65.90  121.52
  66.25  224.93
  66.69   74.60
  66.82  183.17
  67.13  119.02
  67.13   72.42
  67.18  130.15
  67.93  110.62
  67.97  136.94
  68.09  204.90
  68.66  201.27
  68.75  101.18
  69.00   86.92
  69.08  171.29
  69.41   80.05
  71.28  221.59
  71.34  160.77
  72.26  160.52
  72.52  232.90
  72.62  116.37
  72.75   60.39
  73.22  170.23
  73.62   75.18
  73.66   75.19
  73.67   87.18
  74.05   67.46
  74.15  237.91
  74.41   57.94
  74.58  104.37
  74.90   63.65
  74.93   82.32
  74.98  163.63
  75.04  233.94
  75.66  178.01
  76.05  194.85
  76.34  224.19
  76.58  145.10
  77.23  238.91
  77.39  187.66
  77.67  136.08
  77.93  235.91
  78.50  115.56
  79.39   85.35
  79.87   97.57
  79.96   95.75
  80.32  224.94
  81.18  221.90
  81.32  112.21
  81.74  198.11
  81.91   59.07
  81.92  133.75
  82.17  150.05
  82.61  203.63
  82.70  141.56
  82.84  144.58
  84.20  182.97
  84.20   54.27
  85.02   81.06
  86.00  194.27
  86.49  167.80
  86.74  113.44
  87.27  153.60
  88.34  112.78
  89.27  199.69
  89.28  202.48
  89.36   89.13
  89.55  145.93
  90.29  104.75
  90.78  172.81
  91.12  164.56
  93.30  160.35
  93.78   91.75
  94.29  148.83
  94.61  131.06
  94.87  186.59
  95.01  178.94
  96.06  202.46
  96.24  141.50
  96.72  236.63
  96.80  199.03
  97.30  113.70
  98.15  150.10
  98.56   46.97
  99.74  202.03
 100.10  190.11
 102.43   80.03
 102.53   97.24
 103.09  159.27
 103.70  195.87
 103.78  180.45
 104.19  202.02
 104.28   48.28
 104.37  142.41
 106.30  172.18
 106.43  138.80
 106.44  124.67
 106.87  157.01
 107.02  178.09
 107.71  116.25
 108.06  100.99
 108.39  100.60
 108.57  143.71
 108.82  152.85
 108.83  106.95
 109.06  195.44
 109.73  159.41
 110.21  188.89
 110.98  107.43
 111.24  187.94
 112.19   69.02
 112.22  109.98
 112.55  165.15
 113.66  173.87
 113.95  113.65
 114.95   66.18
 115.26   41.61
 115.47   91.99
 115.79  172.83
 115.79  134.42
 115.86  102.53
 115.86   55.82
 115.90  159.20
 115.98  191.32
 116.50  162.42
 116.96  107.94
 118.15   42.05
 118.68  117.83
 118.96   54.06
 119.08   71.17
 119.23   91.14
 119.43   71.17
 119.45  100.26
 119.70  181.85
 119.95  179.14
 120.13  131.66
 120.31  125.02
 120.73   36.45
 120.86   95.06
 121.73  130.28
 122.84  108.47
 123.16  121.40
 124.35  171.06
 125.06  119.43
 126.60  185.58
 126.97   35.03
 128.15  169.61
 128.22   99.99
 128.54  168.04
 128.56  244.12
 128.88  133.58
 129.22  124.75
 129.24   56.91
 131.17   97.08
 131.41  102.82
 132.09  109.50
 132.12   73.50
 132.18  126.60
 132.37  120.39
 132.60   87.46
 132.78  243.34
 133.21  246.72
 133.34  236.40
 133.58  229.91
 133.85   49.08
 134.00   42.57
 134.55   38.36
 134.56  177.81
 134.56   88.69
 134.82   80.99
 134.85  167.50
 135.13  239.87
 135.18   97.20
 135.46   97.09
 135.70  194.36
 135.73  140.86
 135.78   96.42
 135.95  138.92
 136.20  112.90
 136.29  121.94
 136.47  176.04
 136.70   56.88
 136.95  170.36
 137.11   50.35
 137.32   34.16
 137.40   93.04
 137.47  203.01
 137.67   23.52
 137.70  246.71
 137.78   30.03
 137.81  109.93
 138.86  126.24
 139.15  181.91
 140.01  140.90
 140.05  179.17
 140.47  155.30
 140.50  246.68
 140.68   84.11
 141.03  168.02
 141.07   92.02
 141.20   76.41
 141.25  171.36
 142.18  233.25
 142.82   82.78
 143.65  107.03
 144.67  234.06
 144.76  197.12
 145.28  244.15
 145.60  153.13
 145.85  148.80
 146.06  128.63
 146.16   17.69
 146.23  180.08
 146.39   81.08
 146.92  118.20
 147.42  144.00
 147.66  179.79
 148.05   94.72
 148.50   84.96
 148.76  105.27
 148.78  239.50
 148.93  194.88
 148.98  125.58
 149.29  243.94
 150.03   87.28
 150.66  198.67
 150.74   68.87
 150.74  201.97
 153.03  115.75
 153.37   78.93
 153.50  110.20
 154.57  101.82
 154.63  231.04
 154.73  144.89
 154.87  109.50
 155.73  245.75
 156.35  236.11
 157.19  122.91
 157.86  170.11
 158.31   58.05
 158.98   57.49
 158.99  206.71
 159.09   94.57
 159.13  107.78
 159.50   97.71
 160.92   10.59
 161.46  112.82
 161.86   30.18
 161.97   84.06
 162.91   34.05
 163.34  239.92
 163.64  211.40
 164.10   85.49
 164.24   46.13
 164.63   41.19
 164.69   66.44
 164.97   36.68
 165.16   99.56
 165.36  133.77
 166.02  235.53
 166.24   25.28
 168.48  110.78
 168.48  239.50
 168.59   98.94
 169.91   95.01
 170.90   75.08
 171.43   60.36
 171.86   49.13
 172.59   39.13
 172.95   82.07
 173.25   76.73
 175.11  225.74
 177.37   60.00
 178.75  237.58
 179.39  243.14
 179.60  247.03
 180.10   97.45
 183.45   27.95
 183.65   55.74
 184.19   45.35
 184.96  242.61
 185.66   15.00
 187.56   45.10
 188.35   61.33
 188.61   33.86
 189.74   22.28
 190.69   68.28
 191.79   15.64
 191.83   62.00
 192.28  202.26
 192.38   18.28
 192.58   48.22
 192.59  206.24
 195.30   50.00
 196.38   17.73
 196.59   60.11
 198.29  199.71
 198.67   26.02
 199.58   31.79
 199.62   36.63
 200.55   62.80
 201.08   45.58
 201.92   24.90
 201.93   58.35
 203.08   41.06
 204.26   52.73
 204.30   67.65
 205.62   51.38
 206.63   24.51
 207.29   35.98
 207.34   79.00
 207.55   95.64
 207.99   65.52
 209.60  110.05
 209.69   76.42
 209.99   55.05
 210.86   46.36
 210.97   25.87
 213.28   12.15
 214.29   21.60
 214.40  247.31
 215.01   73.77
 216.73   13.52
 217.40  127.47
 218.36   65.27
 218.38   65.26
 219.45   28.98
 219.67   50.70
 219.94   99.09
 221.45  212.63
 223.12   50.40
 223.20   47.22
 223.52   43.05
 224.27    8.85
 228.28  209.38
 233.94  210.33
 236.90  201.60
 237.43  139.74
 237.53   37.22
 237.98    7.28
 238.76  198.05
 239.35  137.60
 242.03  208.49
 242.56   44.50
 242.96  118.53
 244.04  132.90
 244.92   18.02
 245.96  193.96
 245.97  206.93
 246.24  115.68
 246.30  210.69
 247.47  110.41
 248.80   50.45
 249.04   68.78
