   7.28   59.29
   8.17  246.79
   8.48   87.33
   8.56  125.19
   8.69  146.64
   9.93  133.29
   9.99  119.05
  10.04   68.44
  10.41   71.53
  10.67  248.16
  11.45   23.08
  12.10  154.20
  12.17  106.80
  12.89  164.48
  13.04   83.12
  13.29   54.93
  14.10   52.12
  15.09   78.69
  15.96   16.12
  16.12  141.60
  16.39   70.36
  17.06   48.78
  17.24  243.91
  17.27   43.93
  17.40  125.05
  17.46   75.79
  17.54   81.46
  18.09   85.74
  18.22   73.60
  20.47   78.46
  20.50  245.05
  20.78   92.50
  20.86  158.73
  20.96  121.53
  21.95  141.07
  22.76  127.20
  22.93  237.88
  23.43   85.82
  24.03  185.80
  24.75   63.49
  25.34   51.65
  26.03  129.16
  26.92   66.12
  27.38  146.58
  28.36  134.58
  29.04  139.35
  29.58   81.40
  29.91  248.71
  30.29   42.31
  30.36  129.05
  31.63   79.01
  31.70   60.45
  32.32  193.90
  32.47  120.77
  32.55  146.30
  32.59  124.96
  32.64  173.75
  33.05  231.53
  33.06  108.99
  33.07   71.71
  33.71  113.88
  34.15   68.52
  35.32   20.59
  36.58  234.29
  36.97  111.18
  37.74   32.00
  37.86  120.11
  37.99  236.80
  38.18   16.85
  39.10  126.00
  39.34  184.71
  40.54  139.30
  40.60  181.07
  41.12   62.65
  41.13  189.20
  41.58   19.23
  42.69   69.88
  43.52  105.21
  43.77   53.72
  43.84  124.99
  44.81   28.24
  44.83   40.00
  45.57   63.25
  45.97   75.45
  46.33   83.90
  47.03  115.96
  47.82   49.60
  49.33   82.15
  50.00   74.69
  51.91  155.75
  52.01   80.33
  53.43   83.95
  53.45   58.42
  53.46   98.43
  53.67   73.09
  53.81   60.37
  54.41  235.00
  54.53   50.39
  54.98  104.23
  55.63  210.22
  56.08   96.29
  56.32   20.81
  57.06   60.12
  57.19  161.93
  57.84  157.69
  58.80   96.06
  58.89  142.66
  59.37   57.13
  60.17  154.60
  60.21  118.55
  60.86  110.77
  61.73  235.97
  61.93  196.47
  61.94   59.10
  62.05  191.78
  62.13   50.78
  63.12   96.04
  64.15   32.98
  64.78   73.58
  64.85    9.61
  65.03   60.78
  65.36  125.14
  66.10   96.49
  67.16  136.93
  67.49   23.66
  67.75   86.67
  68.12   63.19
  69.06  145.97
  69.19   46.26
  69.25   97.75
  69.42  107.41
  69.82  157.91
  70.44  110.29
  70.46  135.22
  70.98   81.58
  71.03   39.87
  71.08   58.47
  71.50   10.52
  71.87   78.04
  72.10   89.15
  72.45  109.89
  73.69   65.82
  74.10  190.78
  75.54   13.11
  75.78   93.60
  75.81  100.71
  76.22   17.21
  76.23  107.25
  77.03   68.44
  77.73   35.40
  78.47   94.61
  78.84    8.58
  78.96  227.92
  79.77  179.25
  80.30  155.68
  80.37   54.09
  80.46   74.51
  81.87   31.59
  82.03  160.89
  82.09   34.68
  82.38   83.79
  82.85  136.27
  83.25   99.86
  84.31  113.21
  84.31  213.26
  85.22  173.50
  85.44  124.62
  85.55   94.09
  85.72  196.28
  85.72  208.14
  86.10  137.10
  86.24   76.33
  86.26  106.03
  86.56   68.36
  87.10  191.45
  87.58  140.31
  87.85  108.03
  88.23  182.11
  89.29   46.29
  89.42   36.69
  89.58   36.65
  90.03  170.09
  90.30  106.99
  90.61   39.12
  91.07  121.90
  91.59   17.03
  91.94   52.05
  92.11  181.33
  92.24   96.78
  92.25  117.73
  92.71  237.16
  92.76   27.27
  93.22  189.35
  93.30   71.20
  93.82   45.47
  94.96  123.24
  95.78  203.94
  95.81  178.29
  95.82  141.16
  96.00  162.34
  96.39   59.23
  96.65  166.02
  96.67   54.01
  96.91   93.65
  97.29   33.97
  97.78  204.61
  97.97   79.46
  98.00  159.03
  98.05   49.93
  98.49   65.05
  98.67  125.79
  98.78   33.81
  98.83  191.26
  98.90   69.92
  99.13   66.61
 100.63  203.41
 100.72  207.31
 101.13  168.56
 101.28  178.55
 101.49  118.82
 101.60  200.62
 101.82   59.13
 101.89   90.56
 102.38  175.13
 103.42  170.05
 103.52   74.13
 103.83  206.54
 103.87   68.19
 104.81  212.00
 105.30   37.81
 106.29  198.00
 106.32   84.46
 106.58  107.86
 106.92  135.89
 107.40   11.43
 107.41   24.66
 108.00   93.71
 108.15  185.73
 108.17  159.73
 108.72  179.16
 109.44  171.47
 110.37   56.83
 110.55   70.39
 110.55   51.08
 110.63   59.67
 111.43  206.61
 112.35   85.31
 112.69   24.63
 113.69  106.56
 113.88  133.73
 114.03   46.25
 114.07  161.25
 114.43   63.30
 114.56   54.44
 114.98   36.25
 115.48   71.97
 115.63  144.43
 115.83  102.56
 115.91   70.33
 116.97   62.69
 118.55   46.85
 118.60  139.28
 118.97  197.18
 119.02  177.71
 119.07   37.21
 119.34  121.04
 119.45   55.07
 119.63  104.54
 120.35  115.73
 121.30  124.95
 121.39  241.34
 121.41   29.27
 121.45  170.07
 122.27  108.08
 123.47  130.05
 123.71   81.37
 123.99   93.04
 123.99  192.80
 124.27   30.40
 124.30  164.43
 124.55   51.02
 124.69   98.29
 125.22  117.05
 125.26  100.47
 125.70  206.12
 126.26  173.94
 126.48   23.75
 126.73   88.47
 126.96  201.94
 127.05   44.24
 127.28   42.53
 127.55   72.41
 127.61   52.49
 128.42  242.18
 128.53  118.51
 128.73  238.12
 128.79  190.91
 128.90  114.43
 129.03  147.41
 129.74  166.39
 130.04  183.26
 130.43  204.21
 130.45   50.48
 130.84  162.29
 131.14   36.11
 131.41  145.99
 131.60   70.08
 132.01   20.08
 132.08  241.74
 132.69   50.13
 132.72   95.20
 132.77   86.03
 133.46  100.10
 133.96   29.46
 134.08   92.53
 134.71  152.04
 134.75  122.60
 135.41  211.10
 136.10  183.30
 136.28  203.71
 137.31   41.51
 138.14   28.91
 138.24  182.36
 138.29  213.43
 138.73   65.95
 139.39  117.22
 139.76   53.79
 139.89  124.14
 140.02  185.00
 140.14   16.81
 140.37  153.48
 140.42  179.64
 140.43  139.73
 140.49   94.29
 140.49  243.37
 140.86  103.42
 140.88  135.84
 141.15   48.33
 142.02  195.37
 142.41  118.21
 144.33  219.69
 144.36   28.41
 144.68  203.97
 145.13   59.81
 145.19   33.87
 145.43   94.70
 145.57   46.41
 145.61  131.07
 145.80  145.98
 146.27  118.04
 146.39   91.40
 146.58  211.52
 146.83  135.45
 147.10  105.13
 147.35  198.03
 147.75  210.56
 148.07  224.26
 148.68  190.19
 148.72   94.38
 148.76   43.02
 148.77   96.31
 148.91  126.72
 148.92  214.47
 149.13  120.50
 149.19  132.28
 151.02  236.10
 151.16  136.32
 151.57  212.83
 151.70  111.40
 152.00  222.79
 152.08  146.04
 152.10   51.50
 152.51  171.27
 152.64  190.22
 152.67  189.94
 153.17  130.85
 153.36   56.53
 153.51   70.37
 154.13  118.04
 154.91  184.10
 155.14   27.53
 156.06   94.89
 156.64  167.11
 156.94   76.60
 157.88  223.17
 158.55   73.34
 158.60  108.79
 158.90   32.81
 158.96  184.52
 159.65  225.93
 159.68  132.07
 161.20  132.97
 161.77  172.75
 162.52  165.58
 162.70  127.79
 163.23  226.61
 163.43  246.04
 164.07  153.97
 164.21   14.27
 164.46  143.34
 165.34  100.82
 165.69   79.54
 165.82  193.21
 166.03  115.87
 167.05  169.56
 167.20  124.84
 167.36   18.67
 167.65  217.00
 167.99  188.46
 168.98   82.16
 169.29  109.53
 169.46  248.22
 169.89  150.19
 170.48  173.79
 170.66  173.18
 170.79   88.04
 171.38  104.09
 171.81  173.32
 172.44  223.13
 172.70   79.30
 172.98  165.03
 173.43  154.88
 173.99  136.84
 174.07  201.38
 174.48  182.35
 175.65   95.75
 176.12  195.36
 176.45  226.21
 177.05   34.68
 177.19  161.02
 177.21   99.70
 177.28   59.25
 177.73  234.47
 177.88  123.11
 178.18   87.70
 178.43  175.84
 178.78   77.24
 178.91  200.01
 179.76  193.59
 180.16  202.00
 181.52  203.22
 181.74  115.96
 182.16   99.29
 182.44  127.69
 183.03  111.09
 184.09  211.45
 184.09   86.38
 184.75  179.08
 184.95  204.82
 185.53  232.60
 185.89   93.22
 186.18  173.73
 186.18   93.61
 186.42  196.44
 186.76  156.07
 186.89  159.94
 187.96   99.49
 188.05  106.87
 189.02   39.77
 189.07  136.56
 190.42  205.38
 190.44  219.74
 190.45  202.07
 190.59  101.97
 191.26  119.85
 191.36  188.56
 191.48  227.53
 191.71  188.52
 191.82   97.94
 191.90  132.04
 192.09  149.47
 192.66  198.18
 192.78  165.16
 192.78  218.58
 193.02  109.89
 193.13  175.10
 193.55  106.69
 193.69  145.77
 194.05  150.60
 194.33  100.68
 195.35  182.27
 197.45  139.30
 197.58  224.04
 197.82  111.71
 197.97  227.55
 197.99  101.34
 198.03  131.09
 198.20  193.98
 198.75  176.67
 201.29  159.87
 201.33  217.24
 202.09  156.25
 203.10  133.97
 203.90  108.00
 204.30  121.39
 205.56  142.63
 206.01  148.25
 206.42  212.01
 206.74  170.24
 207.18  157.28
 208.50  187.60
 209.45  210.71
 212.24  154.50
 212.43   21.98
 213.86   57.74
 214.62   16.51
 215.42  166.23
 217.41  114.53
 219.37  170.90
 219.64  229.00
 221.04  243.07
 221.51  222.98
 223.33  174.44
 223.39  222.58
 223.40  151.19
 224.37  166.36
 228.72   84.89
 228.81  242.80
 230.78  192.35
 232.44  101.50
 232.71  131.06
 233.17  167.96
 235.48  210.90
 235.71  245.65
 238.83  138.32
 240.09  219.65
 243.00  243.01
 243.23  201.04
 243.63  154.93
 243.83  154.86
 244.33  144.42
 244.46  229.66
 244.52  217.75
 244.55   64.74
 244.85  191.22
 245.27  220.44
 245.84  209.20
 245.96   53.50
 246.37  212.60
 248.07   91.37
 249.06  196.51
 249.30   45.03
