   7.22  159.14
   8.47  223.19
   8.87  248.07
   9.30  156.56
  10.05  169.21
  10.89  112.92
  11.03   39.70
  11.78   72.10
  11.80  248.48
  11.99   61.54
  12.14  223.92
  12.16  240.16
  12.21  243.97
  13.01  218.94
  13.76  176.96
  13.78  177.45
  13.99  217.73
  14.63  147.49
  14.89   73.62
  14.93  111.81
  15.21  246.14
  16.23  236.88
  16.23   91.98
  16.49  240.11
  17.54  200.53
  17.63  189.08
  17.70  213.12
  17.77  157.76
  18.61  148.64
  18.64  224.30
  19.07   81.24
  19.42  243.08
  19.44  215.44
  19.65  238.91
  19.73   74.52
  20.12  187.23
  20.50   51.60
  20.51  220.19
  20.55  100.26
  20.95  158.75
  20.98   61.58
  21.01  166.15
  21.28  118.68
  21.61  162.97
  21.78  146.71
  21.83   21.86
  21.90   24.30
  21.98  237.09
  22.20  183.00
  22.27   97.38
  22.57  108.07
  22.99  114.22
  23.06  213.38
  23.42  199.46
  23.44  101.72
  23.63   74.55
  24.10  153.83
  24.56   26.25
  24.68   78.05
  26.03  191.73
  26.08  169.99
  26.13  216.69
  26.17   46.94
  26.23  139.07
  26.30  216.61
  26.32  224.35
  26.37  238.36
  26.43  239.25
  26.46  236.91
  26.84  247.88
  27.62  157.09
  27.91  121.27
  28.25  166.50
  28.74   83.70
  28.77  201.57
  28.85  184.60
  28.97  209.16
  29.07  212.00
  29.11  221.62
  29.48  240.86
  29.73   59.73
  29.95   47.40
  30.28  136.15
  31.20  244.39
  31.45  190.27
  31.52  197.58
  31.54  227.93
  31.64  237.05
  31.74  194.73
  32.43  186.29
  32.64  241.94
  32.91  137.05
  33.02  165.90
  33.17  172.22
  34.39  244.85
  34.51   64.94
  34.63  226.59
  34.67  123.30
  34.67  117.80
  34.75   76.09
  35.08  160.77
  35.80  125.23
  36.07   83.91
  36.26  248.31
  36.33  142.03
  36.88  201.29
  36.94  233.24
  37.22  198.98
  37.37  240.34
  37.89  112.37
  38.43  220.16
  38.80   77.22
  39.30   88.83
  39.63  226.80
  39.83  216.10
  40.33  212.25
  40.88  223.24
  40.95   19.60
  41.01  190.20
  41.03   27.71
  41.03  237.54
  41.26  118.19
  41.82  231.25
  41.98  125.43
  42.90   52.11
  43.56  165.84
  44.06  233.79
  44.24  192.87
  44.55  188.73
  44.67  144.00
  45.38  224.62
  45.51   92.29
  45.59   76.35
  46.06  108.67
  46.16   74.59
  46.94   23.43
  47.15   36.75
  47.49  117.92
  48.09  236.13
  48.45  101.70
  48.90  212.95
  48.90  182.97
  49.21  231.53
  50.20   33.01
  50.34  215.90
  50.37   64.76
  50.42  223.74
  50.50   68.26
  50.73  219.87
  51.00  136.01
  51.33  241.27
  51.65  195.56
  51.68  164.91
  52.56  109.50
  52.63  129.97
  52.73   43.80
  52.74   35.65
  52.87  113.09
  53.51   68.95
  53.70   53.15
  53.71  156.12
  54.61   84.09
  54.67   75.82
  54.71  196.81
  55.41  186.29
  55.42  135.30
  55.44  104.22
  55.65  199.98
  55.66  130.79
  56.12  169.90
  56.37  174.26
  56.62  221.90
  56.76   62.59
  56.91  157.33
  57.12  146.88
  58.21   60.01
  58.66  117.53
  58.74  221.87
  59.75   40.74
  59.79   51.25
  60.31  222.43
  60.76  183.53
  60.97   24.30
  61.09  150.20
  61.42  157.78
  61.47  186.43
  61.67  217.14
  61.74   20.02
  61.76  195.67
  61.79  104.18
  62.27  100.82
  62.77  206.57
  63.00  106.92
  63.01   84.65
  63.20   75.55
  63.25   65.38
  63.70  120.50
  63.92   56.25
  64.45  222.08
  65.63  215.86
  65.83  204.76
  66.15   27.93
  66.33  217.94
  66.82   91.90
  66.87  226.23
  67.04  171.52
  67.75  160.88
  67.91  108.57
  68.76  242.09
  68.86  221.87
  69.19   69.57
  69.80  204.58
  69.83   89.22
  69.83  194.34
  69.88   33.80
  69.93  210.60
  69.98  213.82
  69.98  140.00
  70.66  121.89
  70.80   97.59
  70.94  190.35
  71.04   58.41
  71.15   86.69
  71.32   80.50
  71.82  230.56
  71.98   26.73
  73.26  198.87
  73.66   97.24
  73.73  207.16
  73.74  169.16
  74.25  217.30
  74.45   29.65
  75.02  160.97
  75.61  127.95
  75.87  151.23
  76.24  114.26
  76.74  209.57
  76.78  187.20
  77.08  117.94
  77.35   93.63
  77.65   80.04
  77.91  199.77
  78.12  143.32
  78.29  176.52
  78.89  147.63
  78.92  170.22
  79.12  168.76
  79.13  182.09
  79.22  111.49
  79.93   71.61
  80.12  120.68
  80.52  178.09
  80.72  184.80
  81.30  174.43
  81.49   79.99
  82.43  212.04
  83.12  214.26
  83.29   77.77
  84.15   69.28
  84.45  190.82
  84.58  224.37
  85.32   72.22
  86.07   54.35
  86.07  228.97
  86.09  249.32
  86.78   38.67
  86.82  169.50
  87.72  161.70
  88.08   78.31
  88.13  207.45
  88.20  101.07
  88.51  110.60
  88.69  224.70
  89.23   29.81
  89.32   91.81
  89.48   57.73
  89.58  120.69
  89.86  144.13
  90.03  240.22
  90.74  231.87
  90.76  153.79
  90.93  204.33
  91.30  220.88
  91.31  155.52
  91.38  147.37
  91.41  225.56
  91.51  141.25
  92.64   64.72
  93.41  213.36
  93.79   52.13
  93.89  234.13
  93.94  122.59
  94.04  217.21
  94.80  195.64
  94.87  226.65
  95.17  205.35
  95.30  220.71
  95.42  243.16
  95.49  125.12
  95.88  117.51
  96.01   71.12
  96.46  168.03
  96.53  163.02
  96.74  212.51
  96.86  236.29
  97.20  109.06
  97.36   98.82
  97.41  192.67
  97.41  147.67
  97.43  229.48
  97.56  207.55
  97.66   91.15
  97.70   34.22
  97.70  217.21
  97.81  203.71
  98.07   66.07
  98.33   85.19
  98.42   88.12
  98.90   45.61
  99.02   52.43
  99.07  245.16
 100.00  210.50
 100.07   21.75
 100.60  171.15
 100.78  171.96
 100.89  155.69
 101.26  121.07
 101.54  223.76
 101.71   56.22
 101.75  224.27
 102.13   38.92
 102.29  219.24
 102.29  214.54
 102.37  240.00
 102.51  159.93
 102.63   63.08
 102.75   74.77
 102.84  208.32
 103.00   70.76
 103.36   25.59
 103.41  183.23
 103.65  132.05
 103.76   87.33
 103.83  243.68
 104.18  108.48
 104.37  118.49
 104.75  226.16
 105.22  217.71
 105.39   82.98
 105.73  241.28
 106.09  204.66
 106.23  223.25
 106.48  226.03
 106.98   58.11
 107.10  151.20
 107.74   97.55
 107.79  206.95
 108.07  233.98
 108.10  224.46
 108.37  130.60
 108.54  210.24
 108.88   99.46
 109.04  106.79
 109.25  246.13
 109.43  213.50
 109.95  113.96
 110.25  238.12
 110.90  146.12
 111.25  221.15
 111.30  134.81
 111.50  199.35
 111.65  156.33
 111.91   83.53
 111.94  181.49
 111.97  233.29
 112.17  189.56
 112.76  249.55
 112.77   93.28
 113.47  201.66
 113.51  117.99
 113.73   71.03
 114.40   41.80
 114.42  164.46
 114.77  181.85
 114.85  112.00
 114.93   23.34
 115.54  238.96
 115.57   57.90
 115.88  231.64
 116.15  118.42
 116.15   73.86
 116.90  197.69
 117.18   96.70
 117.28  202.54
 117.58  101.94
 117.59  188.42
 117.77  158.20
 117.96   21.82
 118.11  138.69
 118.20  135.78
 118.90   31.80
 118.92   18.56
 119.19   49.04
 119.93   81.36
 120.04   72.01
 120.30   55.22
 121.19   95.63
 121.51  237.75
 121.55   22.96
 121.99  190.50
 122.10  159.00
 122.52  131.21
 123.08  181.13
 123.13  114.28
 123.17  116.95
 123.84   50.94
 123.89  143.72
 123.91  214.14
 123.92   38.49
 124.69  198.94
 125.14   26.00
 125.18   44.21
 125.27  191.44
 125.35  154.62
 125.41  111.07
 125.43  186.70
 125.47  187.35
 125.86   62.48
 126.15  176.65
 126.92   91.44
 127.45  192.32
 127.56   88.46
 127.81  239.41
 128.46   67.02
 128.52  134.20
 128.53  226.52
 129.87  196.94
 130.26   52.68
 130.45   37.32
 131.09  222.66
 131.91   64.33
 132.46  232.47
 132.86  208.16
 133.67   75.49
 133.98  189.52
 134.31  175.71
 134.61  232.03
 134.76  245.54
 134.94  148.13
 134.98  198.02
 135.65  222.88
 135.95  113.81
 136.35   25.90
 136.37   70.29
 136.49  239.07
 136.67  129.67
 137.45  169.46
 137.78  198.84
 138.52   73.23
 138.86   31.54
 138.97  165.03
 139.47  140.34
 139.54  124.68
 140.23  182.82
 140.59  124.85
 141.04   81.54
 141.21  104.43
 141.25  240.94
 141.54  144.17
 141.92   32.15
 142.15   26.81
 142.67  194.83
 142.86  223.30
 143.21  134.39
 143.52  233.74
 143.66   91.64
 143.83   57.08
 143.90   98.72
 144.09  136.03
 144.28   31.15
 144.32  174.41
 144.48  128.09
 145.04   73.92
 145.11   71.08
 145.18  115.49
 145.27   42.95
 145.60  219.73
 145.60   27.55
 145.63   24.40
 145.89   60.23
 146.24  163.01
 147.06   33.19
 147.48   34.97
 147.99  141.47
 148.45  231.11
 148.48  246.39
 148.73   53.97
 148.79  102.79
 148.80  114.66
 148.86   94.40
 148.94  204.32
 148.99   46.11
 149.19   57.88
 149.33  138.49
 149.46  152.74
 149.67  197.19
 149.75   97.53
 150.42  193.26
 150.68  118.66
 150.96  213.04
 151.05   34.76
 151.20   67.37
 151.62  112.90
 152.09  149.87
 152.28  165.06
 152.32  243.22
 152.37  105.88
 153.39   40.49
 153.92   60.05
 153.97  159.53
 154.13   76.56
 154.50  233.23
 154.79  168.51
 155.09  208.89
 156.19   63.91
 156.38  138.07
 156.48   84.18
 156.51   37.78
 156.64  241.71
 157.35   26.09
 157.55  222.83
 158.10  114.52
 158.23   33.50
 158.32  237.64
 159.00  141.52
 159.80  138.53
 159.99  190.12
 160.09  194.32
 160.52  198.22
 160.69  233.54
 160.72   61.92
 160.77  175.06
 160.81   67.02
 160.83  217.91
 161.31  180.69
 161.32  115.24
 161.90   95.96
 161.95  143.62
 162.08  205.30
 162.55  133.51
 162.58   38.92
 163.80   78.96
 163.96  227.07
 164.11   75.87
 164.19  248.40
 164.48  106.44
 165.22   22.38
 165.35  124.77
 165.81  138.96
 166.15  182.95
 166.45   64.80
 166.56  196.49
 166.60  179.09
 166.99   19.63
 167.08  150.98
 167.36  129.36
 167.73  158.68
 168.12  235.53
 168.23   50.74
 168.27   30.54
 168.72  233.07
 168.89   98.98
 169.07  121.14
 169.35  186.55
 169.38   36.38
 169.75   74.32
 169.86  107.25
 170.06   41.42
 170.22  111.06
 170.55  182.97
 171.60   93.80
 171.85  139.98
 172.20  116.44
 172.32  116.49
 172.45  152.52
 172.63   40.10
 172.79  188.06
 173.11  106.50
 173.29  177.35
 175.07  220.38
 175.15  228.20
 175.74  112.80
 175.74  227.07
 175.89  170.23
 176.09  213.79
 176.15   75.23
 176.28   83.98
 176.41  132.34
 176.48   55.00
 176.99  179.81
 177.05  206.95
 177.15  193.35
 177.54  158.09
 177.58  207.01
 177.74  108.49
 177.78  126.74
 178.29  230.19
 178.39   78.03
 178.43  117.68
 178.59   67.58
 178.70   45.55
 180.04  240.06
 180.24  108.70
 180.58  180.86
 181.28  175.04
 181.48  189.01
 181.71  169.93
 182.36  235.11
 182.36  151.96
 183.03  132.30
 183.17  227.74
 183.44  165.75
 183.52  183.22
 183.58  246.18
 183.67  212.65
 183.88  214.01
 184.49  127.35
 184.59   74.15
 184.61  244.84
 184.69   38.71
 184.88   85.16
 184.99   50.37
 185.04   95.61
 185.21   65.38
 185.46  137.61
 185.79  234.05
 185.98  241.80
 186.14  147.66
 186.18  105.96
 186.30  100.46
 186.76  221.53
 187.03   44.56
 187.05   18.63
 187.12  114.08
 187.38   48.97
 187.75  144.64
 187.86  193.56
 187.87   68.89
 188.09   97.34
 188.13  177.55
 188.33  191.10
 188.75   31.41
 189.20   36.94
 189.89   81.47
 190.26  128.17
 190.35  212.14
 190.37  124.32
 190.45   74.27
 190.89   92.22
 191.05  230.01
 191.06   22.99
 191.08  150.80
 191.19  199.25
 191.33  139.17
 191.73  213.19
 191.84  213.67
 191.95  192.89
 192.10  155.51
 192.39   19.68
 192.56   68.58
 192.91  139.56
 192.98  181.94
 193.04  239.16
 193.29   48.18
 193.41  191.08
 193.43  173.94
 193.51  216.53
 193.58   98.65
 193.63   77.63
 193.75   81.30
 194.34  133.32
 194.41  227.93
 194.90  112.85
 195.35  160.84
 195.38  141.95
 195.53  240.61
 195.74   65.41
 195.76   41.90
 196.09  203.58
 196.39  150.66
 196.42  183.18
 196.49   10.78
 196.54  231.86
 196.57  165.18
 196.74   18.63
 197.29  111.07
 197.39   98.48
 197.77  236.73
 197.94  126.44
 197.95  201.83
 197.96  118.33
 197.97  249.63
 198.17  142.45
 198.48  191.10
 198.52  215.27
 198.99  110.85
 199.05  175.56
 199.17  122.01
 199.21  195.01
 199.26   79.17
 199.55  153.88
 200.07   58.40
 200.12   40.17
 200.13  228.96
 200.32   70.82
 200.50   89.02
 200.50   35.84
 200.53  208.76
 200.69  114.38
 201.07   61.75
 201.42  118.92
 201.72   27.03
 201.77   56.01
 201.94   11.63
 201.99  245.53
 202.06  181.10
 202.19  172.60
 202.35   16.53
 202.65  142.06
 202.74  177.05
 202.84  236.69
 202.98  170.51
 203.48  230.14
 203.49  242.36
 203.50   84.61
 203.85  146.49
 203.90  142.15
 204.57   96.19
 205.04  154.39
 205.18  103.27
 205.41  135.42
 205.56  118.67
 205.62   89.52
 205.82  196.59
 205.82  162.31
 206.18   24.47
 206.21  110.86
 206.29   24.48
 206.40  126.44
 206.48   44.31
 206.57  100.30
 206.71  148.97
 207.15   18.47
 207.53  114.23
 208.09   79.38
 208.26   81.47
 208.32  192.75
 208.50  227.37
 208.59  139.34
 208.65  223.79
 208.93   33.48
 209.01   76.07
 209.20   28.30
 209.23   87.16
 209.26   33.64
 209.38  148.46
 209.46  186.53
 209.78  168.67
 209.96  234.48
 210.22  110.08
 210.37  203.57
 211.27   17.10
 212.03  167.15
 212.74   16.34
 212.75   41.36
 212.84  132.85
 212.86  242.88
 212.92   96.07
 213.40  165.14
 213.48  119.85
 213.75   83.28
 213.90   61.49
 214.09  185.21
 214.29  105.32
 214.38  213.63
 214.72  158.79
 214.74  231.58
 214.77  125.12
 215.00   41.27
 215.18   77.12
 215.35  115.66
 215.47   98.96
 215.91   92.48
 215.92  201.92
 216.05  222.02
 216.12   70.08
 216.26  102.96
 216.35   81.09
 216.47  205.21
 217.76  130.25
 218.18  113.35
 218.38   63.90
 218.47   89.01
 218.64  133.37
 218.87  121.04
 218.94  207.31
 219.21  222.36
 219.64  241.48
 219.68  212.21
 219.70  141.61
 219.75   71.15
 220.31  216.96
 220.36   72.15
 220.62  234.61
 221.11   38.62
 221.63   83.22
 221.86  190.01
 221.87  162.81
 222.42  111.34
 222.52  238.71
 222.77  221.10
 222.92  203.48
 223.12  114.15
 223.46  173.28
 223.47   64.14
 223.54  207.13
 223.74  193.95
 223.92   19.27
 224.16  123.96
 224.77  234.63
 224.81   83.62
 225.11  120.99
 225.17  245.07
 225.49  102.66
 225.55  248.92
 226.16  105.82
 226.30   31.03
 226.34   80.54
 226.55  239.22
 226.89  132.28
 227.07   37.47
 227.21   24.95
 227.23  221.06
 227.29  213.60
 227.31   86.87
 227.42  163.95
 227.68  217.56
 227.81  233.24
 227.83  236.46
 227.83  113.32
 228.18   38.22
 228.91  135.72
 228.93  170.17
 229.03  189.59
 229.63   71.81
 229.82  208.14
 229.90  165.47
 230.34  195.89
 230.47  183.04
 230.49  179.53
 230.50  150.64
 230.55   95.98
 230.96  120.30
 231.15   40.75
 231.26   97.01
 231.44  211.97
 231.65   29.21
 231.73   16.80
 231.84   73.89
 231.90  114.59
 232.20   32.99
 232.38   45.67
 232.54  208.96
 232.56   82.70
 233.26  147.67
 233.95  109.67
 234.07  117.56
 234.11  112.43
 234.80  231.72
 234.80  240.20
 234.90  225.80
 235.39  175.03
 235.40  163.33
 235.40  197.40
 235.53  231.85
 235.74  129.10
 236.25  159.34
 236.36  106.53
 236.38   64.44
 236.42  142.78
 236.48  148.99
 236.87  153.29
 237.37  113.97
 237.61   83.61
 237.74  211.29
 238.09  182.11
 238.49  201.64
 238.64   68.41
 238.66  193.51
 238.86  246.98
 239.38   66.00
 239.70   99.37
 239.99  232.35
 240.54   13.09
 240.92  236.94
 240.99  154.12
 241.41  230.41
 241.69   48.15
 241.89   94.78
 242.42  145.92
 242.67  104.62
 242.72  180.66
 242.90   25.21
 242.91  110.04
 243.12  186.24
 244.08  141.50
 244.31  139.24
 244.39  194.69
 244.60  159.27
 244.66  116.92
 245.27  108.82
 245.51   20.43
 245.68   48.12
 245.75  148.52
 245.78  101.11
 246.10  218.11
 246.25   96.08
 246.70  152.79
 247.03   67.41
 247.44   12.23
 247.90  142.30
 248.22  191.11
 248.52   70.17
 249.61  171.14
