   7.58   95.16
   7.95  158.83
   8.46  135.66
   8.93  152.05
   9.03  237.42
  10.41  165.69
  11.96  145.52
  12.49  144.61
  12.92  162.37
  13.11  149.11
  14.19  175.27
  14.30  125.33
  14.82  101.95
  14.87   95.31
  15.00  181.06
  15.25  184.91
  15.42  151.87
  15.49  235.62
  15.90   92.83
  16.38  194.85
  17.44  171.91
  19.97  228.65
  20.11  102.21
  21.08   94.52
  22.85  176.12
  23.16  150.78
  23.20  177.34
  24.43  196.42
  26.98  150.52
  27.00  143.36
  28.29  113.60
  29.20  188.48
  30.49   87.46
  31.15  112.24
  31.24  137.81
  33.40  135.15
  33.56  173.23
  34.92  179.68
  36.06   78.59
  36.28  162.18
  36.47  132.96
  36.51   94.22
  36.58  137.21
  37.00  166.40
  37.05   83.63
  37.69  186.22
  37.93  115.92
  39.28  160.59
  40.29  193.84
  40.31   94.69
  40.39  154.08
  41.02  242.51
  41.11  187.27
  41.62  113.07
  41.98  239.24
  42.51  214.72
  42.57  218.22
  42.58  159.52
  42.84  183.78
  43.18  165.53
  44.33  135.79
  44.98  199.87
  45.06  208.02
  45.27  144.04
  45.54  172.18
  47.65  232.04
  48.79  239.06
  48.96  229.11
  49.03  124.12
  49.64  165.82
  50.10  244.55
  50.37  198.80
  51.46  178.49
  52.03  152.56
  52.48  123.30
  52.80  109.15
  53.13  237.56
  53.25  169.44
  53.94  138.40
  54.08  229.64
  54.71  204.16
  56.40  165.83
  56.57  210.70
  57.04  147.18
  57.64  220.53
  57.89  224.45
  58.40  180.35
  58.77  119.20
  58.77  195.09
  58.87  200.51
  60.35  215.78
  60.71  201.50
  60.95  204.98
  61.01  234.29
  61.11  120.83
  61.74  224.62
  62.10  174.83
  62.62   96.92
  63.65  138.08
  64.30  178.69
  64.32  183.87
  64.37  242.44
  64.42  216.07
  64.54  156.91
  65.13   66.85
  65.30   95.21
  65.54  170.41
  65.64  105.99
  66.93  160.03
  67.43  152.67
  68.04  233.89
  68.68  152.43
  69.15  211.78
  69.50  121.36
  69.56  246.17
  70.17  207.57
  71.75  166.16
  72.24  240.08
  72.41  156.28
  72.69  233.42
  72.76  111.74
  72.90  207.95
  72.90  218.31
  74.48  234.18
  74.54  115.95
  75.56  158.25
  75.58   50.39
  76.36   64.88
  77.99  213.92
  78.68  117.28
  78.73   94.57
  79.50  163.41
  79.87   60.13
  80.79  196.83
  82.00   54.65
  82.17  215.53
  82.45   95.75
  83.16  249.04
  83.20   50.54
  83.26  164.68
  84.07    7.69
  84.45  207.03
  84.46  117.84
  84.49  176.29
  84.74   60.81
  85.63  180.70
  85.63  148.74
  85.84   52.89
  86.17   94.89
  86.65  119.03
  86.98   63.69
  88.13  185.99
  88.41   45.52
  89.25   71.05
  89.54  133.03
  90.14   29.24
  91.73  157.77
  92.35  206.16
  92.48  217.15
  92.66  236.83
  93.19  104.82
  93.49  212.05
  94.41  198.68
  95.44   66.82
  95.64   58.08
  95.70   71.37
  96.15  158.42
  96.48  128.85
  97.87  137.87
  99.56  165.34
  99.62  193.83
 100.56   93.50
 103.41  122.49
 103.51  141.91
 103.68   38.22
 103.97  151.26
 104.08  117.23
 104.37   41.75
 104.38  164.13
 104.41  130.26
 106.24  156.52
 106.47   61.01
 106.97  124.32
 106.98  134.60
 107.20  151.79
 107.46  212.55
 107.99   70.11
 108.54  165.32
 109.06  115.15
 109.62   76.80
 109.91  100.57
 110.34  123.28
 110.73  102.59
 111.79  145.07
 112.40  112.88
 113.47  135.92
 113.91   50.15
 114.00  115.49
 115.20  128.10
 115.75  120.69
 116.72  224.73
 116.74   65.99
 117.53   50.71
 117.74  133.17
 118.42  234.66
 120.47  220.30
 121.58   55.09
 121.89   45.79
 123.04   66.32
 123.28  103.25
 123.69   58.55
 125.10  232.29
 125.98   84.32
 126.12   57.90
 126.13  103.43
 126.35  135.27
 126.76   70.89
 127.07  140.77
 127.35  222.57
 128.62  121.66
 128.84  212.15
 129.06   65.69
 129.11   61.97
 129.15  222.35
 129.19  173.49
 129.23   81.44
 129.35   50.49
 129.66  158.52
 129.69  242.68
 129.78  242.72
 130.37  202.21
 130.75   47.19
 130.83  133.32
 131.09   53.29
 131.72  186.65
 132.57  218.01
 132.74   49.67
 133.12   75.56
 133.15   72.15
 133.41  227.70
 134.42  121.17
 134.69   34.31
 135.02   53.71
 135.24   77.50
 135.27  200.80
 136.97  234.82
 137.36  125.54
 137.46   46.48
 137.95  173.45
 137.99  244.41
 138.26   78.08
 138.53  144.92
 139.88  149.04
 140.43  208.36
 140.50  170.40
 140.81  211.49
 141.44  227.05
 141.60   80.41
 141.86  186.00
 142.44  244.36
 143.64  211.68
 143.78  170.26
 144.42   82.16
 144.87   63.67
 145.31  200.75
 146.27  172.94
 146.40   36.18
 146.84  209.96
 146.86  166.88
 147.01  224.58
 147.11   55.61
 147.34  148.70
 147.74   73.27
 148.33  229.74
 148.35  210.40
 148.72  105.19
 149.01  158.08
 149.06   13.67
 149.43   73.00
 149.67   18.98
 149.69   28.00
 150.38  243.18
 150.43   43.35
 150.93   56.04
 151.74   37.89
 152.22  183.79
 152.33  211.58
 153.09  139.99
 153.11   84.38
 153.22   67.49
 153.52  146.24
 153.94  161.44
 154.17  162.87
 154.21   50.98
 154.24  187.37
 155.19   60.65
 155.21  100.89
 155.59   68.98
 155.75  141.99
 155.77  174.25
 155.91  180.36
 157.13  116.78
 157.25  148.83
 157.32   51.99
 157.58  208.95
 157.59  156.58
 157.88  159.43
 158.86   21.80
 159.20  207.86
 159.62   82.46
 160.10  148.28
 160.85   81.73
 161.32   93.22
 161.79  229.18
 162.05  154.26
 162.66  234.90
 163.64   12.83
 163.76   20.30
 163.82   87.61
 164.65   71.03
 164.76  192.00
 164.97  222.72
 165.03   98.13
 165.35  218.54
 166.22   21.11
 166.38  158.42
 166.50   73.48
 167.03   61.95
 167.09  146.34
 167.96   18.19
 168.00  176.91
 168.13  233.53
 169.42  173.55
 169.64  212.43
 170.10   77.63
 170.54   81.92
 171.15  155.45
 171.67  125.58
 171.78  241.20
 172.23  218.88
 173.23  219.01
 173.26   91.14
 173.47  153.23
 173.64  173.48
 173.66  206.05
 173.84    9.69
 173.88   75.14
 174.07  157.15
 174.14  185.91
 174.41   13.78
 174.80  195.11
 175.00  146.22
 175.03  183.74
 175.92   18.90
 176.20  178.06
 176.21   91.43
 176.30  167.09
 176.32  163.80
 177.02  127.53
 177.11  229.06
 177.83  202.32
 177.84   76.07
 178.00  183.72
 178.24  231.65
 178.38  194.30
 178.58   80.96
 178.61  148.26
 178.74  157.07
 178.94  171.49
 179.49  178.52
 179.70   73.16
 180.18  146.47
 180.51   94.08
 181.05  196.72
 182.38  116.94
 182.80   16.14
 182.93   85.97
 183.02   86.57
 183.65  132.64
 183.67   81.75
 183.98  123.88
 184.00   23.38
 184.49  196.22
 184.56  137.62
 184.63    9.21
 184.86  113.46
 184.88   90.53
 185.03  142.59
 185.25   61.04
 185.36   55.94
 185.62   79.25
 185.81  105.53
 186.21  119.12
 186.61  152.13
 187.30  207.66
 187.60  116.46
 188.21   86.59
 188.32   58.34
 188.38  146.87
 189.57  214.93
 190.58   61.54
 190.60  221.42
 190.71  178.40
 191.23  245.71
 191.52  140.58
 191.90   24.37
 192.06   14.26
 192.42  117.06
 192.89   53.21
 192.96  179.48
 193.14    9.76
 193.32  240.81
 193.79  146.73
 193.85   56.34
 193.88  190.55
 194.02  199.73
 195.18   67.87
 195.21   74.77
 195.51   51.96
 195.56   24.68
 196.02  166.46
 196.26   69.33
 196.82  185.85
 197.22   16.82
 197.28   13.42
 197.90   98.49
 198.44  223.84
 198.46   59.37
 198.56   26.16
 198.82  237.33
 199.09   51.22
 199.52   93.99
 199.57  189.70
 199.89   70.87
 200.47   98.97
 200.78  151.94
 200.92   28.60
 201.45  107.69
 201.76  167.22
 201.77  132.39
 201.96  173.79
 202.73  241.53
 203.14  145.01
 203.49  195.15
 203.92   74.64
 204.21   13.53
 204.28  133.04
 204.52  186.99
 204.65  131.03
 204.77   80.93
 204.79   90.22
 205.42  165.09
 205.43   26.07
 205.45   16.57
 205.90  242.70
 206.06  187.01
 207.03  138.73
 207.40  160.56
 207.79  240.29
 208.23  247.19
 209.45   24.57
 209.76  191.18
 209.82  121.04
 210.50   63.07
 210.68  152.99
 210.70  241.79
 210.73  145.43
 210.92  244.39
 210.99   71.83
 211.47  176.82
 211.72  249.60
 211.76  177.87
 212.03  244.11
 212.23   94.25
 213.92  152.65
 214.13   23.39
 214.15  184.67
 215.41  119.09
 216.27  129.78
 216.58  210.10
 216.59  116.55
 217.03  243.34
 217.55  189.46
 217.77  123.41
 217.88  181.93
 219.02  236.83
 219.23  158.58
 219.65  141.15
 220.68  124.65
 221.53  116.30
 221.62  177.48
 222.48  188.50
 224.13    9.81
 224.42  158.08
 224.60  232.28
 224.62  227.17
 225.27  101.19
 225.40  101.21
 225.80  139.07
 226.42  184.21
 226.61  198.26
 226.85  121.26
 226.87   16.12
 227.18  132.68
 227.34   30.51
 228.14  226.77
 228.36  181.05
 229.24  229.38
 229.71  121.45
 229.72  185.08
 230.47  158.54
 230.60  156.78
 231.20   29.23
 231.22  136.18
 231.90  232.08
 232.02  176.36
 232.05  107.28
 232.31  103.51
 232.65  205.70
 233.15   18.80
 233.78  230.01
 233.83  186.36
 233.97  222.73
 234.10  152.44
 234.71  245.96
 234.84  192.38
 235.08   93.56
 235.40   26.80
 235.68  161.44
 235.89  113.42
 236.39   74.31
 237.36  157.20
 237.58  245.10
 237.91  222.04
 237.95  204.81
 237.99   87.45
 238.04  237.19
 238.31  169.70
 238.46  233.96
 238.79   93.09
 239.27  124.52
 239.76  194.25
 239.83  231.39
 240.04  215.02
 241.57   69.75
 242.13  150.46
 242.94  120.23
 243.77  198.20
 243.98  112.72
 244.46  189.88
 244.66  169.52
 244.82  124.74
 245.94  217.48
 246.24   30.95
 246.26  210.75
 246.47  247.59
 247.07  206.06
 247.68   99.24
 248.47  167.56
 248.51  188.27
 248.80  139.03
