   7.28   92.48
   7.68  174.03
   7.74  155.23
   7.74  135.43
   8.18  158.09
   8.49  152.44
   8.74  141.47
   8.84  138.48
   9.34  121.74
   9.81  239.45
  10.41  146.07
  10.50   89.32
  10.66  177.50
  10.80  143.61
  10.86  105.30
  11.03  130.22
  12.11  154.90
  12.55   92.83
  12.66  140.37
  13.60   85.41
  14.64  110.68
  15.52  102.57
  15.68  132.09
  16.84   92.16
  16.87  109.10
  17.70  158.94
  17.80  117.06
  17.80   90.11
  18.16   82.67
  18.20   70.06
  18.21   77.22
  18.57  134.66
  18.62  233.45
  19.00  125.94
  19.02   41.43
  19.23  159.34
  19.42   94.49
  19.48  105.00
  19.53   55.28
  19.57  110.18
  20.14  156.59
  21.14  127.98
  21.17   38.66
  21.29   23.75
  21.43  144.54
  21.43   97.32
  21.48  134.58
  22.25  238.93
  22.49   26.86
  22.88  133.26
  23.36  152.26
  23.38   38.48
  23.65  176.13
  24.15  173.30
  24.31  165.12
  24.49  176.58
  24.72   55.57
  25.51   76.04
  25.54  108.12
  25.82  156.81
  26.39   18.83
  26.40  195.77
  27.13  162.79
  27.75   88.67
  28.94   77.50
  29.15  196.88
  29.30   39.55
  29.34   45.91
  30.09   59.80
  30.12   36.88
  30.99   82.59
  31.54  231.92
  31.88   42.56
  32.04   74.74
  32.93  213.68
  32.94  192.16
  33.17  126.88
  33.44   46.40
  33.52  227.81
  33.92  150.70
  34.12  107.76
  34.34  210.76
  34.36   91.94
  34.62   74.57
  34.78  112.98
  35.01  231.51
  35.66  134.65
  36.13   60.39
  36.46  108.80
  36.83   85.61
  38.08   97.86
  38.33   63.03
  39.01  112.70
  39.16  164.08
  39.19  103.46
  40.19  136.81
  40.49   70.82
  40.63  107.70
  41.15   77.19
  41.22   92.56
  41.29  172.29
  41.48   42.45
  42.01   67.60
  42.11   39.38
  42.57  124.40
  42.82   36.93
  43.30  114.25
  43.64  129.47
  43.68  232.60
  44.02   70.20
  44.22  195.30
  44.36  101.45
  44.60  236.50
  44.62  155.50
  44.91   41.48
  44.94  120.75
  44.96  136.60
  45.11   89.42
  45.20  229.66
  45.36  130.24
  46.19   26.36
  46.50  134.14
  46.80  122.96
  46.88  187.97
  47.04  222.98
  47.07   78.50
  47.11  233.88
  47.97   37.44
  48.05  155.76
  48.81  140.72
  48.88   56.26
  49.10  173.80
  49.15  107.60
  49.77  128.05
  49.82  179.55
  49.85  203.61
  50.06  215.07
  50.07  120.08
  50.14   12.88
  50.25  209.81
  50.64   35.08
  50.64  153.17
  50.78  218.55
  51.10  159.20
  51.31  191.61
  51.41  166.10
  51.45  126.17
  51.48   12.12
  51.50   95.39
  51.83   51.38
  51.99   46.94
  52.04  149.64
  52.14  213.11
  52.19  106.58
  52.44   20.19
  52.66   78.13
  53.16  169.17
  53.37  140.72
  53.51  182.38
  53.78   35.27
  53.93  220.44
  54.24  136.53
  54.30   25.64
  54.34  100.00
  54.37   97.28
  54.44  176.11
  55.36  100.30
  55.51   44.61
  55.76   90.53
  55.85  173.83
  55.91  185.80
  55.99   86.31
  56.09  210.68
  56.26   29.88
  56.45  216.20
  56.48   83.36
  56.54  106.90
  56.57  179.30
  56.60   80.28
  56.72  122.75
  56.84  234.14
  57.14  144.85
  57.18   58.52
  57.50  204.53
  57.58   36.98
  57.61   56.40
  57.83   42.15
  58.10   49.07
  58.29   20.10
  58.44   53.60
  58.74  176.25
  58.76  210.74
  58.77  167.39
  58.96  218.03
  59.04   48.12
  59.20  103.03
  59.75  196.75
  59.76  139.47
  59.78   84.97
  59.82   71.42
  60.30  135.41
  60.52   66.90
  60.69  224.29
  60.74  163.92
  61.11  173.70
  61.14  187.04
  61.19  221.01
  61.27  156.36
  61.64  113.26
  61.85   57.27
  61.90   15.55
  62.15    8.72
  62.42  152.85
  62.71  105.23
  62.76   87.47
  62.82  207.31
  62.88  135.42
  63.88   59.82
  64.23  180.47
  64.34  202.20
  64.36  230.11
  64.40  129.06
  64.64   34.49
  64.75   70.36
  65.31   40.70
  65.33  162.86
  65.38  186.47
  65.54  133.76
  65.65  133.75
  65.75   95.01
  67.04  153.18
  67.04  100.54
  67.06  130.48
  67.08  136.99
  67.10   10.10
  67.14  196.08
  67.25   79.18
  67.37  172.13
  67.41  175.15
  67.86   75.99
  68.16   60.14
  68.21  168.77
  68.67  177.95
  69.49   47.84
  69.54  206.74
  69.58  214.86
  69.71  124.98
  69.71  206.71
  70.16  189.34
  70.29   56.02
  70.72  181.50
  70.79  184.82
  70.86  218.14
  71.31  168.08
  71.44   89.76
  71.51  132.33
  71.52  166.67
  71.65   27.21
  71.71   78.29
  71.74  132.21
  73.08  211.67
  73.36  223.76
  73.66   57.08
  73.70   58.75
  73.74  108.74
  73.90  179.96
  74.10  154.40
  74.56   93.68
  74.76  195.09
  75.18  184.08
  75.24  134.78
  75.49  239.42
  75.70  145.97
  75.81  206.24
  76.02  229.11
  76.33   86.06
  76.35  243.92
  77.12    9.04
  77.33  197.56
  77.53  200.37
  77.63  159.87
  77.77  224.89
  77.84   38.89
  77.97   45.66
  78.71  182.26
  78.87   63.85
  79.05   46.89
  79.25   51.73
  79.27  163.14
  79.34  144.23
  79.37  231.25
  79.63   82.02
  79.86  105.58
  79.95   75.49
  79.95   41.70
  80.12  233.26
  80.21   87.73
  80.25    7.59
  80.40  100.75
  80.45  198.25
  80.47  194.71
  80.79   18.69
  80.91   53.79
  80.96  113.64
  81.15  191.01
  81.32  221.73
  81.41  150.67
  81.53  110.72
  81.57  133.11
  82.13  122.83
  82.23    9.01
  82.46   57.08
  82.62  199.90
  82.64   43.07
  82.72   14.80
  82.89   91.41
  83.12   12.13
  83.14  147.92
  83.63  164.59
  83.88   49.96
  84.45   34.06
  84.66  172.43
  84.92  229.10
  84.96  236.44
  85.04  185.47
  85.36  209.34
  85.47    8.87
  85.49  161.99
  85.67  171.08
  85.77  116.09
  85.80  220.16
  85.83  168.17
  85.87  223.15
  85.87  223.15
  85.89   82.23
  86.19   41.34
  86.43  176.62
  86.52   63.02
  86.88  104.97
  87.04   59.85
  87.23   85.25
  87.53  150.55
  87.69  184.12
  87.81  112.20
  88.42  121.07
  88.60  109.58
  88.81   66.53
  88.99   75.05
  89.00  198.83
  89.67  141.29
  90.04  134.06
  90.12   14.33
  90.21   96.96
  90.56  187.28
  90.59  124.94
  90.80  156.43
  90.91  143.27
  90.93  226.57
  91.05   62.20
  91.25  112.12
  91.26  175.97
  92.09  154.29
  92.11   85.15
  92.15   41.76
  92.36   12.59
  92.69  140.26
  92.71  214.53
  92.75   26.34
  92.96  198.35
  93.06   82.37
  93.30  170.54
  93.59   19.48
  93.85   79.29
  93.91   87.16
  93.94   18.67
  93.95  180.99
  94.21  204.79
  95.18  161.83
  95.23  129.84
  95.32  136.75
  95.85   21.68
  95.85  211.65
  96.22  174.34
  96.24   93.29
  96.24   14.71
  96.26  105.15
  96.28  202.48
  96.35  119.16
  96.43  145.63
  96.49  193.99
  96.86   72.94
  97.01  191.14
  97.04  155.92
  97.17  197.19
  97.19  225.35
  97.28  220.50
  97.71  216.48
  97.78  166.26
  98.04  140.70
  98.07   55.47
  98.26   98.51
  98.40  221.35
  98.46   85.25
  98.72  131.64
  99.06   58.21
  99.23   23.62
  99.27   77.77
  99.68  189.27
  99.86  156.94
  99.98   74.61
 100.27  128.34
 100.39  215.17
 100.42   68.69
 100.64  173.63
 100.95   16.75
 101.47  214.32
 101.81   39.04
 101.94   63.24
 101.99  145.20
 102.02   35.72
 102.51  238.61
 102.54  162.10
 102.71   45.27
 102.88  106.32
 103.22   67.29
 103.40  183.50
 103.40   70.97
 103.42  243.42
 104.07  187.84
 104.08   86.83
 104.36  197.20
 104.57   18.46
 104.84  216.77
 104.87  221.64
 105.25   30.72
 105.38   37.45
 105.46  202.95
 105.98  167.96
 106.58  115.20
 106.72  143.77
 107.62  213.14
 107.84  128.79
 107.88   64.89
 108.05  208.30
 108.13  107.44
 108.26  226.77
 108.34   88.49
 108.47  217.50
 108.67  137.56
 108.92  156.16
 109.04   38.40
 109.14  100.99
 109.14  192.32
 110.17   16.99
 110.28   16.76
 110.60  242.16
 110.91  204.29
 111.10  150.68
 111.11  192.31
 111.56  171.34
 111.94  231.74
 112.02  120.65
 112.41  231.60
 112.46  153.40
 112.49  129.31
 112.50  159.07
 112.64  142.15
 112.69  236.65
 112.78  236.74
 113.09   45.16
 113.12  180.49
 113.21   79.26
 113.28  117.09
 113.40   28.87
 113.61  183.32
 113.92  221.66
 114.02  163.38
 114.36  245.94
 114.47   11.61
 114.58  173.38
 114.65  144.50
 114.69  111.81
 114.72  104.78
 114.91  138.16
 115.32  200.90
 115.42  128.84
 115.59  108.99
 115.79   62.77
 115.90   80.83
 116.13  159.13
 116.73  110.39
 116.84  121.62
 116.89  196.57
 116.92  201.89
 117.09  205.81
 117.13  176.85
 117.47   10.25
 117.61   30.07
 117.93  146.58
 118.33  219.50
 118.40   48.84
 118.59  211.04
 118.90  169.78
 118.96   78.53
 118.98  143.96
 119.49   70.88
 119.62  205.59
 119.73  173.21
 119.97  151.26
 120.01   40.12
 120.34   99.51
 120.41  109.83
 120.44  114.74
 120.45  103.35
 120.49   36.65
 120.53   48.98
 120.91  162.37
 121.52  106.08
 122.61  179.38
 122.85  194.08
 122.88  141.88
 122.90  228.36
 123.09   25.39
 123.54  217.22
 123.93  155.97
 124.29  191.18
 124.29  206.34
 124.60   14.44
 124.72   56.39
 125.13  213.50
 125.16   11.11
 125.18  136.66
 125.55   66.20
 126.06  204.29
 126.54  105.62
 127.01   28.91
 127.05  133.73
 127.38   84.71
 127.56   98.91
 127.57  178.98
 127.83   30.48
 127.87  192.96
 127.97   25.35
 128.09   98.68
 128.38   72.60
 128.57  147.61
 128.60   65.61
 129.20  163.30
 129.54  120.14
 129.60  195.63
 129.69  202.07
 129.75   57.99
 129.97   39.80
 130.06   47.79
 130.11  155.93
 130.22  191.09
 130.34   53.73
 130.94   93.27
 131.12  106.02
 131.19   30.54
 131.45   61.19
 131.53   17.54
 131.66  179.98
 131.67  177.84
 131.75  217.30
 131.79  210.53
 132.16  187.78
 132.30  175.44
 132.41   14.76
 132.79  200.17
 132.92   95.16
 132.93   82.60
 133.01   80.28
 133.09  241.31
 133.11   80.09
 133.41  112.07
 133.47  170.22
 133.48  138.59
 133.75  192.09
 134.06  224.21
 134.45   57.09
 134.61   87.66
 135.37   47.44
 135.42   64.35
 135.63  137.60
 136.06  241.96
 136.22   91.61
 136.47   67.73
 136.52  227.73
 136.52   54.51
 136.52  143.35
 136.65  159.95
 136.74  222.63
 136.75  182.70
 137.45   44.57
 137.50  112.56
 137.51  191.27
 137.74   12.78
 137.80  177.10
 137.87  108.10
 137.91   48.90
 137.94   71.71
 138.85  185.06
 139.08  144.72
 139.22  167.44
 139.36  133.42
 140.28  217.04
 140.29   87.88
 140.51  240.90
 141.71   90.62
 141.74   77.13
 141.79  144.06
 142.08   83.75
 142.27  108.20
 142.39  139.88
 142.49   97.60
 142.63  165.55
 142.67  193.07
 142.70   58.15
 143.14   86.07
 143.15  228.85
 143.27   45.87
 143.59   10.67
 144.32   27.80
 144.72  100.22
 145.15  164.20
 145.31   39.64
 145.55  105.47
 145.75   79.32
 145.78  139.38
 145.87  159.71
 145.90  115.76
 145.95   61.86
 145.96  144.07
 146.16  241.47
 146.39  155.87
 146.45   21.06
 146.56  107.73
 146.56  202.47
 146.88  195.55
 147.08   76.25
 147.45  209.56
 147.46   30.79
 147.54  238.80
 147.89  189.04
 148.00  227.36
 148.35  102.69
 148.88   53.83
 148.89  157.15
 148.98   33.16
 149.02   16.59
 149.04   61.08
 149.15  115.58
 149.62   41.89
 149.99   89.91
 150.29  206.56
 150.39  217.81
 150.98   51.98
 151.18  122.78
 151.49  157.47
 152.10   33.22
 152.30   46.17
 152.41  104.39
 152.99   77.11
 153.02   85.02
 153.05   89.41
 153.11   37.90
 153.21  231.23
 153.49   61.09
 153.73   11.21
 154.85   18.48
 154.86   80.62
 155.05  154.50
 155.48   70.16
 155.82   44.95
 156.08  216.34
 156.26   40.69
 156.81   58.70
 157.91   96.66
 158.04   70.73
 158.27  241.94
 158.32  111.07
 158.44   87.52
 159.31  238.20
 159.37   46.69
 159.44   18.48
 160.12  126.33
 160.23   91.76
 160.34   84.15
 160.38  229.94
 160.74   56.99
 160.75   62.83
 160.87  135.06
 160.87  224.50
 161.38  107.98
 161.46   43.29
 161.64  138.89
 162.00  138.83
 162.28  217.70
 162.37  143.26
 162.84  124.47
 163.36   76.95
 163.38   14.22
 163.87   69.98
 163.96   62.79
 164.01  240.60
 164.43   27.32
 164.64  200.64
 165.28  237.24
 165.32   49.63
 165.77   57.04
 166.24  212.89
 166.39  112.89
 166.39   87.45
 167.03   14.52
 167.21   44.28
 167.59  220.89
 167.60   30.29
 167.60   98.80
 167.95  239.35
 168.02   72.53
 168.55   86.59
 168.72   47.75
 169.56   37.78
 169.76  166.01
 169.80  192.18
 170.86  176.21
 170.99  119.73
 171.52   80.04
 171.62   68.20
 171.77  211.24
 171.91  227.25
 171.93   21.96
 171.97   57.71
 172.43  210.41
 172.69   23.61
 172.72  221.97
 173.21  105.67
 173.40  204.66
 173.61   63.53
 173.77  138.47
 173.91   53.85
 173.99    8.69
 174.14   83.35
 174.25   11.95
 174.45   50.35
 174.90   38.37
 175.81   15.16
 175.82  199.76
 176.47  124.86
 176.62  100.08
 177.14  139.94
 177.15  174.64
 177.19  188.36
 177.34  167.43
 177.57  182.47
 177.82   58.33
 178.17  229.75
 178.20  135.48
 178.45  161.90
 178.64   96.18
 178.74   54.31
 179.13   38.43
 179.22   74.03
 179.38  223.61
 179.46  153.40
 179.68   47.46
 179.82   23.84
 180.66   17.58
 180.75  177.40
 180.77  198.63
 180.83  212.72
 180.95   65.88
 181.12   93.30
 181.19  165.13
 181.60   31.36
 181.65   76.33
 181.74  159.13
 181.82  109.48
 181.85  101.94
 181.94   32.32
 182.01  126.55
 182.12  191.63
 182.27   69.23
 182.74  119.15
 182.86  142.95
 182.90  149.07
 182.99   80.03
 183.04   88.54
 183.14   13.48
 183.43  231.60
 183.51   27.65
 183.52  171.14
 183.76  125.43
 184.06   97.40
 184.32  108.46
 184.87   93.91
 185.08    7.11
 185.33   90.40
 185.44  176.08
 185.45  215.52
 185.49  171.74
 185.55   60.64
 185.56  198.24
 185.65   23.94
 185.66   82.04
 185.83   24.15
 186.39   39.96
 186.43  110.68
 186.78   16.99
 187.02  195.23
 187.84  206.14
 187.87  212.33
 187.90  223.77
 188.23  145.17
 188.36   59.04
 188.87   46.89
 189.38   68.98
 189.52  185.19
 189.64  198.57
 189.66  158.35
 189.69   94.41
 190.01  113.02
 190.24   38.14
 190.47   27.53
 190.61  212.32
 191.41  125.53
 191.79  166.58
 191.92  163.48
 192.03  201.22
 192.03  153.09
 192.10  103.74
 192.14   17.14
 192.98  239.86
 193.06  174.86
 193.35  218.84
 193.53   92.09
 193.76  236.17
 194.15  153.32
 194.25  198.49
 194.33  195.63
 194.43  163.07
 194.55  128.93
 194.55  136.57
 194.91  180.18
 195.12  187.46
 195.39   32.93
 195.53   83.27
 195.64   98.03
 195.73   77.01
 196.18   89.35
 196.79  212.50
 196.79   93.61
 196.84  247.00
 196.92   89.02
 196.92   59.14
 197.18  193.03
 197.34  199.79
 197.47  237.56
 197.63  100.78
 197.85  116.18
 197.87  196.57
 198.14   62.49
 198.28  157.32
 198.39   47.48
 198.81  210.03
 199.87  206.46
 200.08  187.02
 200.13  200.68
 201.00  128.98
 201.17   17.06
 201.29   60.86
 201.34  218.90
 201.35  174.72
 201.57   75.85
 202.40   50.12
 202.48  193.51
 202.77  200.88
 202.81   79.56
 202.82   55.72
 203.22  211.03
 203.56   28.07
 203.64   64.92
 204.00  147.63
 204.86   45.48
 205.04  110.28
 205.07  129.62
 205.35  177.65
 205.42  227.70
 205.44   24.39
 205.49  133.07
 205.54  218.87
 205.83  178.68
 205.94   48.54
 206.50  213.20
 206.77   85.04
 206.99  189.67
 207.24   80.15
 207.35   93.13
 207.55  230.96
 207.88   36.49
 207.89  167.40
 208.20   57.40
 208.28  134.63
 208.63  103.86
 208.64   33.28
 208.70  117.83
 209.55  196.93
 209.82   42.02
 209.92  159.57
 210.41  148.85
 211.42   64.12
 211.47   93.81
 211.86  190.24
 211.89   87.69
 212.08  153.98
 212.87  168.48
 212.97  132.05
 213.18  115.36
 213.30   68.33
 213.59   34.70
 213.94   48.04
 213.96   41.60
 214.09  219.23
 214.32   14.34
 215.03  180.09
 215.13  205.44
 215.19  173.68
 215.64   95.93
 216.76  105.64
 216.93  119.37
 217.13  124.99
 217.22   99.10
 217.31   43.50
 217.40   91.71
 217.59   34.61
 217.97   34.03
 218.11  230.75
 218.22  186.80
 218.48  172.40
 219.38  101.63
 219.77  154.88
 220.08   46.11
 220.62   88.59
 220.65  233.56
 220.79  124.73
 221.07   61.97
 221.15  121.29
 221.18  179.32
 221.35  128.78
 221.77   72.78
 221.82  157.54
 222.13  108.12
 222.50   76.00
 222.57  119.95
 222.59  162.61
 222.83  180.12
 223.15   35.98
 223.27   43.44
 223.74  194.49
 224.01  195.94
 225.02  223.46
 225.09  103.44
 225.16   71.95
 225.84  130.72
 225.94   26.83
 226.30   34.03
 226.38  143.35
 226.52  186.71
 227.46  175.14
 227.46  166.49
 227.93   61.29
 228.65  212.63
 228.68  194.60
 229.66  191.03
 229.83   33.37
 229.93  158.46
 230.04  218.79
 230.31  130.22
 230.42   89.84
 230.53  162.92
 230.59  154.32
 231.35  146.02
 232.40  178.78
 232.54   57.11
 233.26  214.42
 233.42  219.19
 233.44  225.93
 234.08  174.47
 236.04  219.29
 236.12  211.51
 236.16  223.54
 236.57  159.80
 236.90  188.10
 236.95  232.54
 236.97  113.61
 239.86  178.82
 240.35  132.02
 241.05  170.52
 241.31   70.41
 241.51   61.84
 241.71   80.38
 241.97  194.93
 242.94  166.52
 243.17   44.95
 243.52   85.03
 244.63   99.37
 244.86  183.85
 245.04  236.87
 245.56  246.97
 245.70   94.06
 245.94  185.95
 246.44  173.38
 246.50  240.03
 247.71  166.14
 248.90  178.27
 248.93  184.32
