  10.23  161.53
  11.60  240.90
  14.29  172.06
  15.59   63.14
  15.72  215.22
  17.96   23.31
  19.10  191.67
  19.88   28.60
  25.13   81.49
  26.50  225.63
  27.13   53.38
  28.02   85.46
  29.12  180.77
  31.61  171.74
  32.06   90.84
  32.20  156.71
  34.58   11.22
  34.77  185.66
  36.59   33.43
  37.49  128.89
  37.67  189.39
  38.64  115.89
  38.74   16.29
  39.15  156.27
  39.99   37.13
  40.18   18.39
  41.20  239.57
  41.28  238.27
  41.47  196.27
  41.57  110.10
  41.91   27.39
  42.26   68.57
  44.23  115.11
  44.69  167.16
  45.48  236.55
  46.27  233.16
  46.92   76.71
  47.06   63.27
  47.98    7.26
  48.33   31.20
  51.47   22.42
  52.25  182.92
  53.36  126.95
  56.47   32.70
  58.22   45.84
  59.36  113.88
  60.33  135.24
  60.41  116.72
  61.92  207.09
  63.04  105.52
  63.44  222.77
  63.52  125.65
  65.20  130.46
  66.09  131.02
  66.45  116.65
  68.06  119.07
  68.21   26.86
  69.44  102.56
  69.59   23.80
  73.14  138.42
  73.94  127.59
  77.04  147.94
  77.44  133.23
  82.19  211.09
  86.70  212.24
  86.71   77.10
  87.59  161.26
  88.78  158.18
  89.86  218.91
  91.16  140.17
  94.33  216.08
  95.91  219.34
  98.33  208.69
  99.14  177.65
 100.01  121.18
 100.04  194.38
 102.10  203.12
 102.52  192.18
 104.73  155.81
 104.80   91.41
 107.31   57.51
 108.87  145.40
 109.34  169.34
 110.11  128.84
 111.62  197.25
 111.73  122.26
 112.52   22.22
 112.80  165.31
 114.64  208.98
 115.44  176.81
 117.80   18.15
 119.38  201.53
 120.10  120.57
 120.13  197.94
 120.69   70.94
 121.81  136.65
 122.10  126.65
 123.23  151.09
 124.20  110.60
 128.39  154.50
 128.58  144.10
 128.72  128.90
 128.96  133.83
 129.27  186.13
 130.96  103.92
 131.41  113.81
 132.31   90.53
 132.42  121.48
 133.27  132.94
 135.66  112.40
 136.05  148.51
 136.48  109.11
 137.69  210.57
 138.98  102.79
 140.23  113.32
 140.88  128.26
 142.64  244.86
 142.94  149.07
 143.52  137.21
 146.93   98.79
 147.36   89.52
 148.04   82.30
 148.19  141.55
 148.21  103.19
 149.81  230.77
 150.22  109.56
 150.34  246.06
 150.49   78.44
 150.72   73.37
 150.74   73.30
 151.94  139.21
 153.05  155.14
 154.58  238.36
 155.06   70.03
 156.24   85.74
 156.53  159.60
 156.92  232.14
 157.19   77.16
 157.52  241.37
 157.67   64.71
 158.06  124.70
 158.40  213.97
 158.56  157.18
 159.16  114.35
 159.61   64.08
 160.69   90.96
 160.70   81.92
 160.77   90.66
 161.61   58.49
 161.67   72.63
 162.46  204.39
 162.55   78.59
 162.93  235.17
 163.89  232.11
 164.24  242.74
 164.25   89.86
 164.57   93.49
 166.70   87.01
 167.35  133.39
 167.49  161.37
 167.57   68.79
 168.89   65.58
 168.92  230.49
 168.99   76.60
 169.18  150.16
 169.36   41.95
 169.39   30.13
 170.43   51.55
 171.42   69.83
 171.85  161.26
 172.99  107.56
 173.00  156.52
 173.49   60.12
 173.67  128.99
 173.92  135.29
 174.16   62.99
 174.89  235.53
 175.38  240.03
 175.54   73.45
 177.08   52.65
 177.33   89.46
 177.79   47.96
 177.88   58.22
 178.28  132.77
 178.34  123.51
 179.28  128.70
 180.74   71.78
 182.52   78.62
 182.61  205.19
 182.77  177.42
 184.39  158.71
 184.39   73.74
 184.78   22.25
 184.88   22.27
 185.00  125.43
 185.81   23.71
 186.37  167.23
 186.90  233.64
 187.89   83.87
 188.03  223.66
 188.10  242.49
 188.63  161.35
 188.81   12.11
 189.74   89.39
 190.09  130.64
 190.25  175.63
 190.39   69.96
 190.46   26.41
 192.97  205.03
 193.88   31.61
 194.42   89.91
 195.22   16.28
 195.26  130.07
 195.29  192.21
 195.53   43.97
 195.86  244.19
 196.27  171.23
 196.51  164.40
 197.13  211.37
 197.24  108.57
 197.40  220.98
 197.59  160.58
 199.10  242.20
 200.42  247.77
 200.78   43.60
 200.99  230.62
 201.30  163.17
 201.58  171.38
 202.06  130.55
 202.41  130.68
 202.64   89.68
 203.62  244.43
 204.96  194.55
 207.43   96.32
 207.58  125.43
 207.80  189.00
 208.55  157.87
 208.79  156.98
 209.85  129.19
 209.98  164.07
 210.41  194.63
 210.56   18.62
 210.89  236.92
 211.81   96.29
 212.06  133.70
 214.45  147.52
 215.96  134.50
 216.22  139.88
 216.68  159.12
 219.22  147.89
 219.58  131.50
 220.47  248.07
 220.85   59.05
 221.28  159.72
 221.56   38.15
 224.21   36.77
 225.23   14.29
 225.54  153.16
 228.80   46.12
 229.20  124.54
 229.31  130.46
 229.44    9.90
 230.53   28.65
 234.17  122.99
 235.04  117.23
 235.82  136.44
 236.13  172.65
 237.91  220.97
 238.36  128.44
 238.69   31.27
 238.71  174.55
 238.90  171.27
 238.96  240.11
 239.44  166.32
 239.93  136.12
 239.98  155.74
 240.41  211.84
 240.88  173.07
 241.71  155.51
 242.84  169.81
 243.95  185.74
 245.55  126.40
 246.08  121.01
 246.68  130.59
 247.65  200.86
 249.25  119.26
