   9.97  233.28
  11.01  148.65
  12.04  164.33
  12.17  189.79
  14.60  141.52
  16.53  176.36
  17.34   12.72
  17.77    9.21
  18.52   19.47
  18.95  221.96
  18.99  178.93
  19.13  138.48
  19.51  190.44
  19.59  213.12
  20.20  167.92
  20.64  151.69
  20.71  187.58
  21.15  146.37
  21.72  141.73
  21.84   18.84
  24.44  193.11
  24.61  215.48
  24.75   25.52
  25.14   32.66
  25.28  142.50
  25.40  131.84
  25.46  173.26
  26.79  146.04
  26.83   35.73
  28.01  169.50
  28.19  134.70
  28.24  187.12
  29.24  180.54
  29.31   26.57
  29.43  204.67
  29.72  173.45
  30.23  216.19
  31.89  170.83
  31.97  206.05
  33.04  148.67
  34.09   17.13
  34.52  188.45
  34.60    8.41
  35.05  172.58
  35.06  133.96
  35.27  185.07
  36.27  200.87
  36.60   96.30
  36.69  116.75
  36.82  181.17
  37.33  211.65
  37.84  221.22
  39.03  141.49
  40.14  194.32
  40.91  146.05
  41.28  114.23
  41.56  178.87
  42.30  197.25
  42.83   84.14
  43.11  204.61
  44.07  146.07
  44.16  185.43
  44.53  132.53
  44.90  122.52
  45.73  119.78
  46.09  193.15
  46.50  217.58
  47.03  198.68
  48.12   23.15
  48.72  177.77
  49.62  196.78
  49.75   32.02
  49.90  198.76
  50.01  188.00
  51.41  125.74
  51.85   27.69
  52.87  187.43
  54.00  178.92
  54.24   21.07
  54.90  202.31
  54.99  183.61
  55.11  127.53
  55.16    8.84
  55.33  137.26
  55.48  103.12
  55.95   40.99
  56.05   33.02
  56.45  144.61
  57.49  139.91
  57.92  217.78
  57.97  213.73
  58.18  197.30
  58.30  201.89
  58.87  183.25
  59.44  186.07
  60.02   34.15
  60.40  199.22
  60.85  177.93
  61.03   14.19
  62.80   29.15
  63.48  185.71
  63.74  215.65
  63.75  173.32
  63.83  205.00
  63.85  197.07
  64.79  181.71
  64.96  212.92
  65.21  110.27
  65.81   55.74
  66.06  177.15
  66.40   91.59
  66.62  152.18
  67.04   16.68
  67.07  209.91
  67.14  197.38
  67.82  193.24
  68.21   32.11
  69.25  162.63
  69.35  186.39
  70.37  176.41
  70.96   38.91
  71.15  108.07
  72.31   53.09
  72.73  213.52
  73.04  172.01
  73.29  111.11
  73.33  181.04
  74.78   38.01
  76.18   58.11
  77.65  201.30
  77.76   45.18
  78.32   88.50
  78.40  132.83
  78.79  173.60
  78.80  175.36
  81.06   19.56
  82.21  178.84
  84.97   15.84
  85.61  105.58
  86.10   70.50
  86.25   19.30
  87.32   64.58
  87.44   43.74
  87.51  174.43
  87.79  174.36
  90.34   48.06
  91.73   79.26
  91.80  151.07
  92.24   29.60
  92.70  177.69
  93.97   53.26
  94.52  153.93
  94.84   13.29
  95.15   58.18
  95.69   36.30
  95.96   28.51
  95.96  140.04
  96.10   39.42
  96.36  173.10
  97.00  201.76
  97.02   76.43
  98.18   46.07
  98.62   55.09
  98.77  205.14
  98.89   16.79
  99.00   41.79
  99.01    9.17
  99.19  168.27
  99.28  142.51
  99.32  168.17
 100.05   44.11
 100.39  176.66
 100.61   19.95
 101.61  172.65
 101.65   56.92
 101.77   31.06
 102.45   24.90
 103.93   64.79
 104.19   12.54
 104.29   13.47
 104.51   38.01
 105.90   35.72
 106.25   59.25
 106.98   65.44
 107.04   54.46
 107.89  154.56
 109.24   10.66
 109.56   65.79
 109.66    7.50
 109.96   16.27
 110.60  141.49
 111.20   58.75
 113.21   39.45
 113.33  170.63
 114.50   45.63
 114.65   63.63
 115.80   15.86
 116.27   15.56
 117.76  146.98
 117.96   40.55
 119.97   19.80
 120.18   31.00
 121.74   15.82
 122.83   50.81
 123.01  140.57
 123.02  154.10
 123.24   20.13
 123.96  132.40
 124.49   30.01
 125.44  172.23
 125.48  175.05
 127.02   31.06
 127.14  128.65
 127.15  133.16
 127.52   48.70
 127.97  124.29
 128.06  177.38
 128.38  168.19
 128.55  171.93
 129.11   77.34
 129.52   39.22
 129.97  151.42
 130.01   60.43
 130.03   64.52
 130.18   60.44
 131.65  240.59
 132.37  242.68
 132.47  158.02
 133.20  154.25
 133.32  154.43
 133.46   83.84
 133.50  146.31
 133.63   58.62
 133.81   74.54
 135.77  139.94
 135.82  152.83
 136.37   14.55
 137.52  152.08
 138.89   47.85
 139.12  155.97
 139.27  138.55
 139.49    7.10
 139.68  186.03
 140.90    9.62
 141.85   59.19
 144.50  140.12
 146.59  153.94
 146.78   65.48
 147.18   85.24
 147.65   80.18
 147.70  241.93
 149.65  162.94
 150.62  114.94
 150.75   92.90
 151.27  153.32
 151.27  167.62
 151.37   76.04
 151.52   92.46
 151.76  162.74
 152.01   67.83
 152.04  158.11
 152.38  245.29
 153.02  248.39
 153.14   82.02
 153.57   15.19
 154.06   55.54
 154.06  162.38
 154.31   41.95
 155.25  247.24
 155.50   91.98
 156.06   97.29
 157.08   43.51
 157.15   15.17
 157.36   24.36
 157.52   93.25
 157.54  122.26
 157.95  237.73
 158.13   35.33
 158.15   15.41
 159.14  146.96
 159.49   32.34
 159.73  157.54
 160.10  125.03
 160.46   88.54
 160.48  241.83
 160.49  216.55
 160.67   94.75
 163.27   61.26
 163.45   19.24
 163.71  104.48
 164.02  193.06
 164.11   93.46
 164.47   38.17
 164.52  152.96
 164.68  121.17
 164.94   15.55
 164.99   31.85
 165.55   19.28
 165.66  219.53
 166.06  157.83
 167.04  237.63
 167.08   89.01
 167.33   73.01
 167.36  133.10
 167.62   96.13
 167.82  234.39
 168.03  240.99
 168.09   67.80
 168.35   92.76
 168.45   61.28
 169.54   75.56
 170.32  141.18
 171.09  226.07
 171.35  240.24
 171.37   48.71
 171.48  124.62
 171.49  107.52
 172.32   97.18
 172.55  148.29
 172.79   22.94
 172.81   84.67
 173.00  206.43
 174.06   34.26
 174.38   79.02
 174.78  141.93
 175.15   76.13
 175.47   70.07
 176.58   89.27
 177.08  208.36
 177.87  227.85
 178.23  223.92
 178.28  103.18
 178.42   56.48
 178.47  229.09
 178.89  177.35
 179.37  212.96
 179.47  160.88
 180.43  129.54
 180.53  167.47
 181.73  150.91
 182.43   68.86
 182.66   49.60
 182.92  210.70
 183.11  219.71
 183.13  140.67
 183.47  233.90
 183.55  101.66
 183.84  125.69
 183.84  118.90
 184.10  177.43
 184.70  223.47
 185.70   75.79
 186.02   19.69
 186.03   38.52
 186.43  210.62
 186.44  159.91
 186.46  144.52
 186.76  140.17
 187.31   41.53
 187.53  231.82
 187.96  110.03
 188.05   73.13
 188.13   26.85
 188.14   21.93
 188.78  247.13
 189.01   37.89
 189.03  223.21
 189.55  223.12
 189.56   89.73
 190.04   63.97
 190.41  177.80
 190.72  134.75
 190.99   12.15
 191.86   97.46
 193.09   56.69
 193.36  235.41
 193.49  132.46
 194.13  110.35
 194.53   78.61
 194.92  210.40
 195.18  190.46
 195.71  101.64
 195.91   46.85
 196.22    7.68
 196.86  170.15
 197.03  161.37
 197.06  119.66
 197.34  175.65
 197.74   87.26
 197.87   30.26
 198.15  196.00
 198.30  225.81
 198.33   70.23
 199.09  218.42
 199.09  132.70
 199.30  165.49
 199.87   89.82
 201.04  118.03
 201.53  225.38
 201.66  199.29
 201.76  172.44
 201.86   30.18
 201.86   98.05
 202.39   80.84
 202.53  167.39
 202.71   96.17
 202.82   66.56
 203.15   78.14
 203.20   34.33
 203.61  159.85
 203.61  199.15
 203.68  123.39
 204.41   41.81
 204.60  151.23
 204.91  161.38
 205.44  236.42
 205.72  224.91
 205.80   87.62
 205.82   66.25
 206.24  197.73
 206.66   69.50
 206.86   74.59
 207.26   83.82
 207.31   54.05
 207.31  209.28
 207.43  106.21
 207.51   91.04
 207.76  120.66
 207.81   94.75
 208.66  237.14
 208.77  109.95
 208.81  166.75
 208.90  187.98
 209.06  240.82
 209.25  225.28
 209.33  234.97
 209.52   30.90
 209.73  240.44
 209.83  240.48
 209.98  195.58
 210.06  203.42
 210.35  155.16
 210.45  230.34
 210.55  218.12
 210.62  107.38
 210.70   66.40
 210.78   99.68
 210.98   16.34
 211.73  191.26
 211.85  207.57
 211.93  220.96
 212.24   79.68
 212.34  213.02
 212.61  159.37
 213.19   76.18
 213.26  138.49
 213.56  106.88
 214.15  195.64
 214.23  159.74
 214.54  244.32
 214.91  131.51
 215.16  191.44
 215.73   18.21
 215.82   45.24
 216.02  151.28
 216.13   96.71
 216.46  231.61
 216.50  137.86
 216.54   22.76
 217.69  105.34
 217.77  176.31
 218.02  246.24
 218.04  155.11
 218.10  115.25
 218.97   72.72
 219.21  177.81
 219.27   16.40
 219.76   85.99
 219.79   48.01
 219.98   22.91
 220.03  165.71
 220.52  117.59
 220.62   53.00
 220.91  188.37
 221.62  124.44
 222.24   89.04
 222.86  107.07
 222.96  179.88
 223.24  129.57
 223.51   99.12
 223.72  213.96
 223.74   18.34
 223.86   80.72
 223.96    8.19
 224.36   99.53
 224.48   96.00
 224.57   91.06
 224.94  174.95
 224.99  158.89
 225.24  114.89
 225.28  166.05
 225.78  239.01
 226.72   36.61
 226.98  118.89
 227.08  134.96
 227.46  147.45
 227.56   95.90
 228.08  193.18
 228.39   89.47
 229.03  198.55
 229.19  108.64
 229.51  184.91
 229.52  177.69
 229.66   70.73
 229.92  117.02
 230.10  218.70
 230.30  126.05
 230.97   59.08
 231.02  178.12
 231.33  209.62
 231.36  140.44
 231.51  160.63
 231.72  208.49
 231.86  223.13
 231.93  143.53
 232.39  184.47
 232.41   34.94
 232.87  149.00
 232.89  235.98
 232.91   23.84
 233.11   90.08
 233.27   66.15
 233.50  116.68
 233.63  111.07
 234.07  119.68
 234.20   28.31
 234.52   28.32
 234.66  101.95
 234.67   54.83
 235.11   98.57
 235.39  213.94
 235.48  188.71
 235.97   10.10
 236.68  114.29
 237.30  150.01
 237.99  181.35
 238.55  154.21
 238.57  112.96
 238.87  210.58
 239.17  198.15
 239.19   55.55
 239.68   48.62
 239.72  144.06
 239.74   40.41
 239.91   24.03
 240.16   86.21
 240.19   18.86
 240.34  191.76
 240.41   94.32
 240.72   65.72
 241.10  120.95
 241.20   37.08
 241.37  126.73
 241.84  161.73
 241.86  220.42
 242.16   16.64
 242.28   27.76
 243.19   55.71
 243.25  210.76
 244.37  203.83
 244.42  138.42
 247.53   42.71
 248.52   74.75
 248.75   31.25
 249.63   25.00
