   7.94  189.67
   8.50  218.79
   9.58   45.42
   9.61   57.54
   9.82   20.01
  10.11   77.48
  10.32   61.20
  10.33  139.54
  10.50  123.44
  11.01   17.24
  11.22  205.51
  11.65  111.92
  11.90  128.30
  11.94   88.11
  12.04   22.87
  12.05   48.51
  12.73  136.71
  12.90   52.86
  13.10  104.03
  13.28  133.68
  13.62   71.03
  14.99  109.39
  15.47   28.65
  15.79   34.34
  15.81   86.98
  15.85   64.61
  16.11  138.22
  16.22   93.28
  16.35  209.86
  16.78  100.10
  17.03  115.93
  17.17   39.19
  17.24  105.76
  17.33  169.28
  19.13  111.54
  19.51   56.97
  19.71  219.43
  19.83   37.96
  20.03  165.96
  20.16  151.42
  20.35  126.81
  20.77   86.73
  21.16  103.46
  21.70   33.28
  22.29   77.71
  22.86   39.48
  22.91  204.15
  23.05  154.22
  23.13   54.54
  23.23  178.26
  23.37  205.89
  23.38  225.11
  23.45   95.65
  23.68  126.25
  24.43   51.65
  24.49  157.81
  24.86  105.45
  25.07  149.17
  25.22   19.15
  25.37  111.47
  25.41   15.59
  25.51  133.98
  25.56   92.31
  25.60   68.33
  25.65    9.86
  25.72  154.24
  25.75  164.88
  25.80  183.83
  25.92  147.71
  26.34   71.86
  26.52   64.60
  27.52  143.07
  27.92    6.83
  28.68   42.40
  28.78  126.84
  29.39  229.03
  29.45   71.30
  30.21  117.50
  30.41  221.57
  30.68  186.31
  30.84  132.45
  31.02   97.32
  31.40  176.44
  31.41  139.39
  31.55  149.78
  31.57   30.97
  32.49  241.64
  32.64   54.35
  32.82   78.92
  33.06  143.18
  33.11   14.98
  33.79   88.02
  34.06  235.46
  34.35  132.91
  34.70  147.61
  34.82  118.18
  36.71   71.47
  36.79  237.38
  37.02   31.65
  37.21  240.58
  38.17  203.93
  38.45  168.39
  38.72  162.40
  39.19   80.25
  39.32  151.99
  40.23  115.09
  40.48   92.27
  40.98  110.55
  41.00   62.19
  41.23  237.06
  41.64  147.83
  41.87  240.29
  42.17  199.03
  42.32  104.66
  42.46   33.12
  42.87  155.06
  43.26   90.59
  43.61  170.53
  43.61   70.36
  45.14   97.46
  46.72  106.87
  46.72  245.18
  46.94   77.26
  47.04  201.64
  47.43  110.20
  47.78   67.08
  47.90  137.13
  48.13  149.98
  48.90  144.01
  49.45  160.80
  49.46  203.65
  49.90  125.69
  50.40  190.51
  50.61  118.98
  51.34  130.73
  51.92  156.90
  53.05  241.45
  53.13   15.47
  53.75  230.90
  53.79  104.95
  53.79  113.20
  54.05  165.26
  54.08  148.86
  54.12  174.69
  54.27   91.20
  54.44  210.17
  54.52   85.83
  54.72  205.22
  54.74  196.10
  54.93   89.95
  55.06  117.33
  55.28  154.57
  55.32  120.89
  55.33  187.63
  56.46  145.33
  56.52   13.23
  56.76  125.49
  57.46   88.30
  57.75  203.55
  57.83  108.10
  58.04  151.25
  58.42  229.27
  58.68   60.90
  58.73   91.94
  59.09   65.44
  59.54  120.30
  59.92  196.34
  60.00   12.50
  60.42  146.63
  60.79  208.71
  61.13  222.67
  61.48   97.71
  62.14  183.47
  62.48  128.47
  62.51  162.17
  62.70   52.27
  62.81   26.59
  63.12  168.78
  63.22  191.83
  63.24   38.26
  63.31  169.53
  63.63  151.70
  63.80  143.64
  64.65  104.99
  64.73   80.76
  65.20  217.48
  65.30  125.36
  65.61   86.83
  65.98  206.32
  66.04  179.40
  66.11  132.79
  66.11  145.48
  66.39  109.72
  66.41  241.46
  66.52  194.27
  66.59  134.36
  66.63  230.46
  66.65   99.15
  66.77   71.43
  66.78  118.08
  66.88  128.85
  66.88  159.38
  67.35  117.77
  67.51  236.12
  67.63  142.01
  67.79  217.16
  68.16   20.94
  68.41   94.57
  68.59  226.65
  68.65  174.10
  69.27  125.36
  69.47  105.08
  69.57   36.23
  70.60   36.77
  70.70  213.05
  70.83  178.45
  70.94   85.86
  71.48   30.93
  71.53   91.02
  72.49   12.93
  72.54  130.56
  73.00  146.71
  73.08   63.43
  73.16  187.15
  73.18   74.08
  73.68  168.91
  73.70   22.55
  73.87  203.35
  73.87  141.28
  73.93  198.66
  74.15  136.97
  74.16  248.34
  74.46  137.55
  74.60   54.58
  74.70   51.68
  74.95  108.07
  75.44   78.97
  75.53  103.77
  75.55  159.79
  75.87  164.70
  75.92  188.46
  75.93  170.63
  76.14  115.15
  76.49  120.97
  76.59   42.04
  77.03   83.99
  77.15  242.43
  77.23  199.85
  77.24    8.13
  77.65  213.47
  78.13   53.15
  78.72   17.92
  78.73  232.61
  78.93  211.35
  79.55  118.58
  79.64  160.85
  80.65  112.71
  80.70   71.15
  81.20  178.42
  81.70  122.98
  82.00   32.00
  82.03  192.38
  82.10    7.32
  82.41  147.37
  82.45  208.02
  82.59   23.06
  83.88  125.72
  84.11  182.41
  84.17  135.95
  84.39   62.60
  84.62    7.49
  84.66  175.12
  84.72   60.54
  85.42  215.96
  85.84   79.41
  85.92   82.72
  86.38  108.10
  86.42  226.55
  86.50  166.45
  86.54   56.47
  86.59   24.73
  87.05   96.43
  87.05   64.02
  87.10  193.70
  87.21   99.90
  87.38  122.70
  87.81  127.55
  87.93  209.74
  88.70   39.25
  88.81  198.94
  89.04  174.93
  89.49  184.41
  89.50   81.25
  89.98  188.30
  90.02  133.97
  90.21   34.97
  90.22  118.35
  90.66  168.24
  90.76   30.68
  90.81  207.69
  91.04  154.01
  91.71  126.13
  91.84  242.19
  91.90  100.06
  91.93  115.46
  92.00   89.96
  92.29  207.56
  92.42  137.71
  92.54  197.98
  92.72  174.19
  92.98  107.77
  93.08  130.97
  93.16   65.01
  93.23   51.98
  93.26   78.87
  93.71  180.11
  95.06  117.09
  95.36   90.89
  95.58  146.72
  95.68   67.91
  95.83  108.53
  96.15  172.57
  96.75  141.52
  97.07  197.66
  97.20   57.53
  97.21  202.58
  97.57  235.02
  97.67   93.41
  98.30  152.40
  98.33  187.39
  98.69  150.99
  98.90  194.58
  98.93  149.91
  98.94   71.68
  99.39  147.54
  99.49  125.64
  99.54   88.43
  99.62  121.13
  99.96  162.01
 100.02  131.72
 101.17  226.45
 101.27   77.05
 101.65   85.81
 102.39  170.35
 102.50   47.01
 102.77  105.00
 103.21  183.74
 103.56  145.13
 103.58  208.27
 103.65  196.19
 103.98  137.06
 104.12  115.78
 104.30  107.72
 104.37  221.47
 104.77   81.80
 105.30   81.95
 105.38  191.32
 105.70   53.37
 105.94  139.45
 105.99   94.44
 106.13   42.34
 106.41  125.55
 106.51  215.96
 106.54   92.47
 106.58   70.91
 106.78   33.41
 106.97  112.58
 107.01  146.84
 107.46  153.32
 107.51  224.19
 107.88  205.59
 107.98  178.68
 108.01  102.76
 108.06   76.25
 108.12  132.07
 108.29   78.56
 108.48   73.50
 109.29   64.10
 109.78  232.21
 110.00  209.06
 110.58  215.28
 110.96  106.23
 111.08  196.95
 111.27   23.17
 112.57   61.41
 112.74  183.16
 112.74   66.22
 112.84   44.64
 112.91   98.27
 113.15   89.53
 113.94   48.58
 114.02  142.31
 114.07  108.27
 114.84   23.30
 114.91   26.19
 115.02  155.76
 115.12   12.68
 115.44   84.11
 115.53  231.94
 115.70  146.53
 115.74   33.80
 116.63  207.06
 117.41  102.51
 117.93  159.51
 117.95    8.47
 118.18  224.42
 118.50  248.78
 118.79   81.82
 118.97   66.55
 118.97  167.04
 119.02   74.99
 119.42   90.85
 120.65   33.88
 120.84   81.36
 120.86  125.80
 120.89  184.53
 121.03   18.13
 121.03  156.83
 121.10  189.31
 121.13  102.27
 121.37   40.77
 121.42   25.69
 122.16  133.97
 122.37  218.31
 122.77  192.44
 123.29  244.56
 123.49  225.57
 123.52  201.17
 123.63   30.13
 123.72   70.02
 123.76  108.18
 123.91   20.04
 124.03  225.56
 124.88  120.41
 125.16  144.43
 125.52  237.50
 125.65   88.81
 125.73  118.69
 126.01   94.81
 126.06   61.01
 126.24   47.19
 126.26  159.94
 126.37   83.20
 126.61  173.94
 126.73  191.76
 127.05   81.40
 127.25  135.38
 127.49  168.77
 127.52  110.25
 127.59  229.41
 127.93   67.59
 128.28   15.60
 128.49  187.24
 129.26  115.00
 129.40  211.38
 129.53  233.54
 129.73  181.06
 129.86   89.21
 129.86   83.48
 130.78  104.46
 130.82   20.97
 130.96  205.25
 131.14  150.63
 131.17  198.02
 131.30  112.78
 131.34   58.24
 132.28  170.99
 132.42   44.40
 132.52   34.14
 132.69  223.25
 132.93  121.85
 133.02   78.77
 133.65   56.05
 133.77   88.11
 133.90   96.73
 133.98  100.84
 134.00   16.01
 134.02   47.24
 134.08  106.22
 134.24  112.14
 134.63   23.77
 134.66  193.53
 134.97   38.22
 135.33   17.41
 135.39   72.27
 135.61   65.25
 135.92  196.27
 135.93  187.35
 136.33  224.72
 136.41   83.61
 136.78   30.46
 136.92  112.21
 137.06  220.73
 137.07  115.32
 137.14   56.07
 137.28  125.31
 137.31  241.77
 137.54   48.61
 138.33   70.86
 138.74   68.55
 138.78  182.29
 138.95  214.54
 139.03  205.92
 139.44   98.79
 139.95  209.15
 140.11  187.57
 140.45  206.51
 140.48  125.17
 140.51   83.89
 140.60  106.50
 140.67   29.67
 140.79  118.82
 140.96   25.50
 141.49  217.07
 142.07  145.07
 142.33  134.38
 142.57  178.58
 142.72  242.36
 142.86   59.75
 143.36  214.89
 143.38   70.88
 143.48  171.28
 143.87  228.74
 144.15  208.67
 144.34   45.93
 144.45   18.88
 144.63  110.06
 144.86  239.85
 145.12  130.21
 145.41   61.38
 145.97  121.04
 146.14  184.19
 146.22   29.83
 146.37  115.71
 146.52   86.34
 146.57   83.17
 147.00  145.06
 147.11  159.44
 147.42  162.99
 147.43   39.23
 147.52  134.12
 148.54   63.14
 148.66   34.97
 148.72  122.11
 148.75   69.09
 148.88   97.89
 148.90  196.03
 148.99  210.75
 149.07   44.03
 149.19   24.83
 149.47   50.16
 149.50   48.25
 150.10  213.95
 150.24  226.01
 150.34   28.96
 150.98   40.08
 151.49   28.90
 152.10  207.18
 152.41   92.93
 152.61  107.18
 152.93   68.81
 153.35   76.48
 153.82   54.64
 154.01  115.32
 154.04  215.46
 154.15  247.88
 154.18  114.30
 154.19   81.04
 154.36  113.71
 154.43   89.24
 155.01  117.64
 155.04  124.47
 155.21   97.23
 155.28  148.06
 155.37  102.05
 155.40   93.10
 155.44  130.35
 155.47   49.10
 155.68   22.02
 156.43  210.75
 156.45   51.80
 156.54   20.63
 156.73   41.75
 156.94   63.43
 157.07  223.98
 158.36   86.78
 158.47   94.27
 158.49   21.41
 158.55  134.04
 158.76   76.73
 158.84  154.58
 158.99   99.99
 159.24   52.34
 159.28  237.55
 159.38   57.50
 159.51  165.04
 159.86  148.98
 159.96  234.66
 160.20   14.14
 160.55  202.95
 160.57  126.75
 161.14  227.68
 161.14   81.54
 161.32  110.57
 161.40  175.07
 161.67  117.96
 161.93  224.19
 162.52  100.12
 162.61   73.05
 162.92  210.92
 163.61   51.46
 163.64  134.43
 163.87  195.45
 163.94   91.09
 163.96  176.46
 164.16  221.31
 164.20  207.27
 164.91  224.19
 165.15   26.93
 165.17  160.16
 165.32  227.09
 165.37  236.46
 165.61  213.52
 165.80  202.84
 165.80   39.08
 165.82   53.89
 165.92  175.75
 166.46   70.24
 166.55  137.65
 166.66  123.94
 166.70  154.36
 166.78  158.68
 166.99  107.69
 167.25  194.28
 167.72  216.28
 168.98   24.13
 169.20   36.89
 169.53  173.34
 169.55  138.97
 169.98   30.09
 170.12  134.24
 170.20  168.68
 170.32   73.49
 170.49  142.29
 170.66   52.22
 170.67  198.37
 170.76  224.00
 170.78  218.74
 170.87  203.88
 171.00  164.79
 171.05  230.02
 171.11  106.80
 171.15   48.49
 171.30   43.51
 171.47  202.43
 171.51   60.28
 171.89  129.21
 171.91  165.53
 172.08  213.02
 172.48  179.55
 172.62   27.09
 172.66  163.26
 172.77   89.00
 173.09   75.67
 173.47   77.28
 173.76  119.00
 173.79   11.32
 173.98  115.50
 174.57   92.99
 175.19  101.66
 175.40   71.20
 175.59   12.51
 176.00  221.18
 176.01  111.24
 176.47  186.74
 176.56   13.00
 176.59  237.06
 176.80  158.52
 176.86  122.05
 176.86   30.39
 176.96    8.06
 177.25  134.54
 177.45  114.93
 177.48   42.75
 177.53  159.50
 177.75  109.49
 178.12  164.91
 178.22  240.27
 178.55  240.19
 178.75  195.57
 178.77  100.27
 178.82  149.77
 178.83  170.90
 178.84  135.78
 179.00  199.41
 179.08   93.41
 179.15   19.41
 179.20  222.31
 179.39  207.66
 179.41  215.96
 179.64   42.70
 179.66   64.06
 179.73  104.52
 179.87  117.20
 180.41   98.37
 180.79  121.56
 180.99  110.37
 181.53   70.37
 181.69  133.30
 181.72   30.82
 182.09   70.33
 182.12   91.15
 182.31   81.26
 182.97  159.17
 183.38   41.81
 183.83  213.16
 183.92  166.11
 183.92  224.77
 183.93   20.43
 183.99  106.62
 184.22    7.69
 184.39   63.32
 184.40  174.84
 184.42  183.15
 184.89   73.92
 185.07   80.08
 186.12   78.45
 186.31   93.36
 186.65  137.89
 186.71  126.30
 187.52  225.76
 187.64  180.03
 187.77  103.78
 188.00  211.29
 188.11  199.61
 188.11   13.54
 188.28   38.91
 188.36  179.61
 188.47  107.57
 189.05  112.33
 189.26   84.25
 189.54  126.91
 189.61  142.83
 189.79   74.03
 189.85  227.67
 190.21  136.05
 190.45   31.58
 190.53  193.90
 191.24   10.26
 191.30   60.26
 191.52  150.35
 191.53  146.12
 191.62  113.43
 191.77  103.18
 192.06  156.71
 192.08   52.48
 192.09  124.58
 192.82  128.72
 192.87  240.35
 193.22  233.04
 193.39  204.60
 193.42   67.30
 193.54  174.76
 193.74  169.03
 194.05  178.04
 194.45   49.94
 194.51   89.54
 194.52  194.74
 194.56  186.47
 194.81   32.93
 194.82  147.45
 194.90  125.28
 194.91   76.60
 195.02  112.93
 195.07  188.76
 196.00   72.90
 196.01  142.74
 196.17   89.20
 196.28   42.57
 196.55   46.00
 196.59  155.07
 196.84  122.52
 196.87  217.18
 196.88   20.00
 197.01   84.86
 197.08   77.65
 197.15  122.62
 197.18  242.28
 197.46   97.23
 197.70   56.09
 197.93   94.40
 198.02  176.26
 198.14   53.14
 198.31  129.42
 198.31  230.22
 198.47  196.10
 198.62  133.49
 198.63   81.12
 198.63  140.05
 199.73  204.97
 199.89  192.14
 199.98   73.95
 200.00    8.76
 200.17  107.35
 200.32   52.22
 200.86   68.59
 201.29  125.53
 201.31  240.16
 201.44   46.96
 201.47  166.80
 201.53   50.70
 201.61  138.30
 201.63  101.55
 201.70  130.21
 201.78  134.57
 202.16  152.76
 202.39  246.76
 202.68   17.80
 202.80  223.88
 202.98  214.82
 203.02   23.00
 203.10  115.03
 203.21  188.09
 203.28  208.24
 204.20   83.27
 204.20   75.13
 204.31  236.57
 205.33   18.45
 205.53   93.50
 205.66  128.17
 205.75  151.45
 206.10   52.80
 206.17  108.08
 206.52  197.82
 206.54  104.34
 206.88  230.38
 207.06   91.93
 207.76   38.88
 207.82   49.85
 207.84   99.74
 208.12  210.93
 208.53   91.18
 208.54  223.76
 209.09  152.44
 209.25   29.15
 209.28  193.08
 209.34  181.18
 209.47   82.10
 209.51  127.78
 209.58  140.29
 210.03  234.48
 210.55  107.29
 210.58  169.60
 210.61   33.20
 210.88  134.79
 211.16  147.96
 211.50   70.72
 212.37  184.16
 212.84  125.39
 213.12   43.65
 213.21   86.15
 213.39   47.44
 214.03  128.20
 214.48   28.00
 214.57  202.14
 214.77  176.49
 214.90  164.09
 215.08  192.93
 215.17  194.92
 215.36  112.90
 215.65   68.78
 215.71  171.60
 215.72   79.93
 215.77  222.00
 215.98  100.66
 216.00   90.35
 216.08  233.88
 216.14  228.92
 216.28  206.10
 216.64  210.93
 216.69  214.46
 217.07  244.91
 217.58   75.98
 217.60   52.85
 218.46  116.55
 218.65   39.30
 218.65  175.41
 218.71   32.48
 218.99   18.87
 219.45   87.12
 220.10  207.97
 220.69   23.69
 220.90   38.32
 220.95  118.71
 221.84   38.82
 222.17   27.25
 222.33   68.70
 222.35   14.91
 222.47   95.85
 222.56  144.37
 222.58  211.19
 222.70   95.46
 222.71   17.04
 222.79  121.98
 222.92  168.58
 223.34   91.37
 223.63  203.64
 224.07   42.51
 224.26  127.88
 224.28   31.20
 224.62   48.63
 224.63  136.81
 225.16  223.79
 225.32   62.56
 225.52  206.93
 225.52  194.71
 225.77  190.46
 225.91  234.45
 226.64  232.19
 227.21   76.25
 227.58   30.38
 227.61  111.97
 227.70   22.68
 227.84  105.57
 228.05   19.28
 228.56  118.42
 228.75  196.43
 228.85  239.58
 228.90   84.51
 229.00  234.34
 229.10  176.96
 229.32   46.61
 229.51  139.83
 229.91   78.39
 229.93  108.22
 230.17  206.15
 230.19   41.76
 230.43   87.19
 230.50  222.59
 230.56   50.48
 230.66  157.92
 230.76   14.27
 231.06  192.78
 231.19  236.73
 231.28  133.72
 231.41   94.84
 231.45   23.16
 231.75  228.79
 231.78   63.54
 231.89  178.77
 232.05  231.87
 232.25  185.26
 232.35  103.68
 232.63  156.70
 232.66   71.86
 232.73  143.61
 232.91  129.94
 233.10   22.55
 233.13   18.12
 233.13  239.50
 233.27   72.15
 234.53  163.81
 234.61   38.67
 234.87   43.05
 235.38  147.45
 235.38   90.14
 235.58   85.65
 235.97  125.43
 236.50  209.90
 236.80  100.14
 236.84  117.77
 237.24  202.72
 237.29  135.49
 237.38  112.94
 237.62   22.97
 237.99   46.71
 238.42   13.48
 239.27  145.39
 239.31  241.71
 240.06  175.44
 240.38   27.51
 240.68   91.61
 240.87  108.18
 241.16  104.04
 241.22  169.00
 241.23   18.65
 241.77   18.41
 241.96  238.83
 242.06  202.82
 242.29  184.05
 242.30  241.87
 243.13  219.10
 243.72  165.09
 244.05   34.38
 244.96  102.09
 245.08  162.58
 245.21  216.43
 245.41  199.81
 245.84  109.72
 246.07  124.93
 246.65  104.95
 247.17  208.22
 247.47  157.91
 247.65   10.55
 247.96  171.36
 249.38  150.40
