   6.86  165.88
   7.14  155.77
  10.18  137.65
  10.20  175.91
  12.76  173.80
  13.08  164.84
  15.35  167.71
  19.04  137.28
  20.99  140.75
  27.27  136.91
  27.91  163.95
  28.26  139.32
  29.49  150.47
  31.93  139.58
  32.29  163.74
  35.26  139.44
  36.85  163.32
  37.02  130.41
  37.55  137.42
  41.83  163.07
  45.52  162.71
  48.90  136.60
  52.79  162.11
  58.54  143.37
  61.45  133.67
  61.71  137.41
  64.06  207.36
  65.05  137.22
  65.57  165.43
  68.32  204.84
  68.86  136.85
  70.31  169.50
  73.97  133.52
  78.91  167.97
  82.03  137.42
  84.50  144.68
  86.87  123.79
  87.45  142.34
  89.36  166.33
  89.41  140.00
  96.63  141.55
  97.08  138.16
 101.66  161.25
 102.16  150.68
 103.13  152.51
 108.23  153.45
 108.40  141.23
 117.98  145.90
 119.55  158.40
 121.37  141.58
 121.42  141.47
 151.06  131.39
 157.45  149.74
 162.30  146.07
 172.55  147.71
 181.09  136.05
 194.07  159.81
 204.67  161.03
 209.96  133.19
 211.62  161.64
 215.73  161.99
 216.05  119.58
 217.96  156.83
 221.47  162.96
 222.01  133.81
 223.43  135.48
 225.36  157.64
 226.73  163.54
 227.72  195.57
 231.67  133.75
 232.41  164.59
 236.40  201.72
 236.76  113.64
 239.00  202.76
 241.39  138.01
 242.87  135.54
 243.80   27.81
 244.93  137.89
