  11.75  158.08
  13.51  164.92
  16.11  157.59
  18.48  156.32
  18.69  168.73
  18.92  179.27
  22.43  168.97
  23.41  167.22
  23.80  163.95
  23.89  159.63
  29.79  163.49
  31.68  165.86
  32.26  171.17
  38.57  156.54
  38.95  165.76
  39.18  170.52
  43.12  127.25
  43.49  173.15
  45.28  165.45
  45.48   93.35
  46.22  169.93
  48.59  161.79
  51.21  164.92
  55.85  159.22
  56.18  124.90
  56.55  164.14
  58.28  155.38
  59.58  123.78
  60.97  164.26
  61.46  169.44
  62.92  121.50
  63.72  151.70
  63.87  220.57
  65.56  168.66
  66.54  158.68
  69.55  168.16
  73.53  217.57
  74.63  161.79
  75.05  158.25
  75.55  120.50
  76.23  218.40
  77.63  124.68
  79.65  118.12
  79.74  112.45
  81.33  150.55
  81.51  210.23
  81.78  213.16
  82.97  150.50
  83.25  206.73
  84.24  144.49
  84.30  210.78
  84.55  112.13
  86.87  158.15
  87.01  204.99
  88.16  161.00
  90.23  103.36
  90.75  109.21
  91.78  111.96
  91.93  117.78
  92.36  133.07
  92.54  161.01
  92.55  126.45
  94.49  114.73
  94.93  127.99
  94.99  118.06
  96.35  160.05
  96.49  116.21
  97.03  120.52
  97.43  126.87
  98.40  117.88
  98.40  157.40
  99.82  135.25
 100.49  159.84
 101.36  154.67
 102.92  117.04
 103.10  135.34
 103.68  157.07
 104.00  125.00
 104.74  160.04
 104.88  154.30
 107.17  135.20
 108.50  120.12
 108.63  126.33
 108.68  126.12
 108.90  132.27
 110.51  135.90
 111.50  122.45
 111.91  127.36
 112.35  131.85
 113.56  147.63
 114.95  124.86
 115.92  135.00
 116.11  148.90
 116.40  154.09
 116.40  107.70
 117.04  178.44
 121.74  152.71
 125.05  157.50
 129.67  168.66
 134.42  158.38
 146.25  159.34
 147.83  148.50
 148.44  148.82
 161.73  143.84
 161.80  143.74
 163.24  158.54
 174.56  150.16
 180.41  129.84
 182.60  117.94
 186.79  165.16
 188.23  154.95
 191.77  162.02
 192.44  149.67
 195.92  118.94
 199.66  104.63
 200.63  112.17
 202.06  159.69
 202.24  105.41
 202.51  109.71
 203.16  174.42
 205.13  101.43
 207.28   98.36
 210.20  105.88
 210.39  177.63
 215.08  176.51
 215.73  182.75
 215.93   97.92
 226.27   97.13
 231.27   97.07
 235.68  185.00
 242.53   90.36
 247.44  218.13
