   9.00  126.68
  13.16  163.77
  14.43  166.62
  14.60  171.06
  15.19  153.31
  15.19  149.28
  16.36  117.81
  16.57  176.26
  18.49  152.24
  20.53  118.49
  21.43  138.38
  22.84  143.45
  23.21  140.61
  26.11  141.59
  28.94  175.51
  30.45  153.80
  31.94  173.88
  33.28  111.16
  33.61  135.96
  35.51  105.04
  43.96  119.59
  44.02  173.34
  47.96  105.21
  48.10   84.45
  49.60   99.36
  51.21   82.30
  56.83  131.77
  57.39  105.62
  59.89   81.69
  60.14  137.81
  61.36  132.43
  61.40  114.01
  64.81  112.50
  64.93  119.80
  65.29  128.95
  66.32  131.90
  69.57  131.69
  69.87  111.04
  71.27  116.02
  72.67  117.54
  74.81  104.08
  74.89  112.81
  76.54  122.39
  77.47  116.81
  81.01  116.86
  83.72  140.72
  86.22  138.02
  88.14  119.87
  90.43  122.57
  90.98  131.58
  92.52  170.75
  93.79  135.41
  95.76   86.50
  97.10  137.52
  97.12  125.67
 101.98  133.12
 102.05  184.51
 102.56  129.06
 102.71  154.92
 103.94  162.10
 106.96  143.87
 109.72  128.23
 111.12  153.11
 112.67  148.90
 116.76  143.67
 117.28  168.40
 120.88  139.00
 121.46  110.86
 122.08  142.95
 124.93  116.48
 125.91  148.06
 126.78  136.25
 127.58  152.90
 131.08  104.67
 131.10   86.67
 131.11  100.48
 131.21  122.10
 134.01  103.10
 136.12  140.68
 137.72  132.91
 138.89  121.92
 142.16  147.54
 143.99  142.06
 144.33  131.46
 145.64  122.09
 146.55  134.24
 148.50  154.60
 149.57  134.05
 150.31  146.90
 153.38  153.71
 157.66  155.14
 158.26  136.22
 159.45  146.19
 160.18  152.60
 166.67  113.28
 166.95  160.23
 168.09  121.01
 173.31  114.27
 184.83  116.50
 185.79  196.46
 188.11  118.68
 190.00  154.05
 191.66  124.62
 192.61  126.93
 195.52  144.33
 196.46  137.24
 199.15  114.91
 201.63  196.04
 202.41  133.88
 207.52  184.29
 210.57  149.42
 211.86  116.82
 213.00  183.45
 213.88  130.64
 216.61  117.06
 219.27  122.50
 219.71  147.54
 219.73  130.92
 220.12  115.52
 220.56  112.41
 222.46  181.75
 225.49  143.30
 227.28  180.67
 228.05  136.63
 229.41  130.92
 230.14  143.87
 235.66  129.98
 238.21  125.71
 238.76  178.54
 245.56  111.71
 249.52  131.34
