  18.37  137.59
  18.74   93.10
  29.93   94.00
  30.79  136.62
  31.89   87.14
  35.59  131.20
  37.95  117.13
  41.33  124.99
  41.43  117.26
  44.43  134.85
  45.40  147.30
  47.57  137.87
  47.67   87.88
  49.29  132.69
  49.79  117.78
  50.17  131.40
  51.22  141.04
  52.59  131.14
  55.53  111.54
  56.12  147.06
  57.37  133.44
  57.64  137.41
  62.03  146.21
  64.08  143.90
  64.53  136.83
  65.01  125.50
  66.24  111.79
  67.84  130.00
  68.43  128.18
  72.36  132.61
  72.52  136.10
  80.73  101.87
  83.06  130.61
  83.27  138.32
  84.36  103.70
  89.05  142.84
  90.53  111.20
  90.79  119.50
  94.21  141.70
  95.63  107.36
  95.72  117.91
 100.04  110.54
 102.73  204.50
 122.51  107.52
 123.64  109.75
 132.16  109.09
 133.49  115.82
 135.30  110.19
 137.99  105.74
 140.09  105.84
 140.70  115.01
 142.93  105.44
 142.96  109.80
 146.01  113.59
 154.79  111.16
 169.71  115.86
 170.52  105.87
 177.34  115.40
 177.50  115.29
 182.55  112.04
 183.06  106.93
 183.47  147.28
 188.65  119.59
 189.01  128.72
 197.73  136.99
 206.22  138.95
 210.74  153.19
 218.21  143.40
 222.78  144.99
 228.90   80.07
 235.16   85.78
 237.68  142.18
 239.49  145.66
 239.56  149.27
 240.65  174.20
 242.97  146.87
