  10.79  143.87
  14.96  152.47
  20.13  135.35
  24.41  139.88
  29.92  149.16
  39.50  129.12
  43.08  149.29
  53.85  127.50
  59.42  176.76
  62.89  129.27
  68.73  150.13
  72.07  139.80
  75.10  153.22
  75.86  133.08
  82.06  156.79
  82.30  198.70
  83.85  137.77
  84.26  133.37
  84.85   29.37
  87.85  149.50
  88.17  197.76
  88.29  203.43
  88.59  129.11
  90.13  204.90
  90.20  124.72
  90.29  199.29
  93.06  128.53
  93.67  201.58
  93.83   47.96
  97.24  210.46
  97.42  154.69
  98.15   21.43
  98.17  204.95
  99.21   38.90
  99.38   36.58
 101.03  162.13
 102.06  144.39
 102.42  163.74
 104.11  209.19
 105.34  154.37
 106.24   36.64
 106.25   17.64
 106.29  213.83
 108.27   33.84
 109.61  220.05
 112.91  145.29
 113.50   21.23
 114.66   48.01
 116.29  214.39
 116.41  162.12
 116.61   17.27
 119.40  223.43
 121.88   17.00
 122.02  221.48
 123.75  139.04
 124.33  226.94
 124.34  235.44
 128.20   16.25
 128.44  177.57
 128.63  103.25
 129.82  230.85
 130.28   31.84
 130.62  239.92
 131.22   12.57
 131.97  170.58
 133.12  242.58
 134.22  142.20
 134.45  234.16
 134.85  149.61
 135.79  171.03
 136.73  240.36
 137.73  155.77
 138.49  180.63
 138.56  232.91
 139.31  136.88
 140.19  247.03
 141.77  133.83
 142.59  181.64
 143.39  240.54
 143.70  179.33
 153.42  143.37
 155.48  149.44
 157.46  182.85
 158.27  171.47
 160.52  142.79
 160.94  127.37
 162.86  184.43
 163.13  189.15
 163.36  188.54
 163.62  172.50
 164.50  170.43
 166.27  136.20
 166.51  156.66
 168.28  169.04
 169.28  186.81
 169.90  140.66
 171.05  156.42
 172.44  172.34
 174.75  161.80
 175.30  167.47
 176.17  138.49
 177.20  171.40
 179.24  134.26
 184.26  190.40
 184.47  157.49
 188.26  122.31
 191.07  165.00
 193.36  181.24
 194.46  158.00
 195.77  184.83
 196.51  137.37
 197.00  158.13
 197.26  138.88
 201.23  194.85
 201.78  169.76
 205.10  196.21
 212.39  163.10
 215.34  202.68
 219.66  194.82
 221.22  200.41
 221.39  192.50
 222.99  196.95
 223.17  138.20
 226.69  135.05
 229.83  203.16
 232.81  139.98
 233.65  152.32
 237.08  205.42
 237.09  208.98
 239.32  161.39
 242.50  200.86
 245.91  152.35
 246.98  140.43
 249.27  138.02
