  18.57  123.70
  23.58  116.16
  40.88  122.16
  53.90   98.82
  57.02   96.16
  57.54  110.96
  62.14   95.71
  62.41  108.40
  70.54   83.74
  72.65   86.95
  75.64   84.54
  76.26   69.82
  78.43   83.96
  83.88   60.75
  84.17  111.50
  86.52   68.04
  90.29   68.37
 102.67   69.63
 113.07   72.70
 121.14   67.82
 121.38   84.67
 124.11   70.58
 124.83  105.88
 126.73   99.94
 131.32   69.83
 132.57   99.43
 133.06  129.38
 133.16  133.55
 133.21  162.52
 136.42  161.62
 136.53   70.24
 138.24   99.78
 139.04  100.11
 141.09   66.27
 141.35   67.47
 143.51   73.16
 146.41   49.35
 146.87   68.48
 148.28  104.15
 149.34   72.02
 153.75   63.40
 157.38   69.53
 157.73   58.27
 160.53   58.24
 161.47   66.37
 165.11   67.58
 165.88   80.95
 172.81   72.91
 175.32  113.25
 184.59   62.72
 185.62  109.86
 186.94   65.66
 188.68   62.98
 189.28   68.49
 194.35   65.98
 194.75   46.32
 197.47   41.13
 200.49   44.11
 209.93  116.95
 212.35  119.23
 214.88  116.18
 221.55  119.12
 229.27  122.47
 233.61   65.71
 234.10  112.46
 237.45   64.67
 240.25  118.40
 248.46   62.56
 248.49  112.41
