   7.41  168.91
   9.96  181.59
  10.74  187.19
  13.51  178.18
  15.54  188.73
  15.60  206.47
  17.11  182.58
  19.21  177.54
  21.63  196.78
  25.04  194.26
  29.07  189.74
  29.17  189.62
  29.77  195.29
  37.33  191.93
  37.82  145.74
  40.65  183.90
  41.11  148.90
  41.16  197.61
  44.25  187.90
  45.60  196.65
  46.32  172.66
  46.49  160.40
  50.56  148.39
  51.89  184.70
  52.06  173.76
  52.17  149.78
  52.27  149.63
  53.70  156.58
  55.83  180.19
  59.56  175.21
  59.73  156.84
  59.79  194.72
  60.09  137.02
  63.07  162.86
  63.56  168.13
  64.23  150.34
  64.37  150.35
  65.19  197.47
  65.96  159.80
  66.53  135.65
  66.60  170.90
  66.82  177.89
  68.10  168.20
  69.27  153.58
  69.30  145.67
  69.84  162.84
  71.28  199.37
  72.42  141.25
  72.69  188.14
  73.03  155.27
  74.13  137.59
  74.67  169.89
  75.10  184.94
  77.93  148.27
  79.10  143.92
  83.22  175.51
  83.38  175.41
  84.20  159.77
  85.71  165.88
  86.23  143.76
  88.07  168.47
  88.75  181.97
  88.80  177.90
  89.58  186.05
  94.29  171.10
  95.38  163.75
  97.22  198.25
  98.12  187.53
  98.95  193.99
  99.35  142.96
  99.42  178.13
 100.82  169.87
 100.91  143.89
 101.23  198.44
 102.38  175.58
 103.74  161.00
 104.63  165.24
 107.08  174.61
 107.25  177.31
 108.90  160.13
 110.57  164.30
 110.58  174.08
 112.03  169.12
 112.39  168.60
 113.11  195.44
 115.15  199.50
 115.35  199.65
 119.08  178.22
 119.38  164.11
 119.40  183.50
 119.56  199.92
 119.73  175.66
 121.00  212.36
 122.14  188.91
 122.64  138.71
 122.64  176.79
 123.58  168.29
 124.48  164.42
 126.63  179.70
 129.07  182.09
 129.10  196.82
 129.44  166.45
 131.16  189.05
 132.97  143.58
 135.47  158.55
 136.83  180.28
 137.69  147.87
 139.08  203.00
 139.91  187.96
 139.97  178.27
 140.22  166.01
 140.33  159.94
 140.97  197.61
 142.22  200.62
 142.36  129.20
 143.15  143.37
 143.93  166.86
 144.74  184.25
 144.74  163.23
 145.55  140.30
 145.56  151.19
 145.94  155.95
 150.40  186.61
 150.40  187.55
 153.65  137.67
 154.20  120.84
 155.03  117.44
 155.57  149.85
 156.97  123.80
 157.19  146.93
 157.30  146.50
 158.93  121.44
 159.11  116.95
 159.39  113.68
 160.98  204.45
 162.56  204.07
 162.99  143.46
 164.34  124.50
 164.35  110.21
 164.42  135.12
 166.55  120.18
 167.17  109.83
 168.44  139.14
 168.49  130.70
 168.74  130.48
 169.56  103.66
 170.38  143.15
 170.64  117.53
 170.72  133.23
 171.53  205.23
 171.60  166.45
 171.80  149.47
 172.93  136.35
 173.04  187.85
 173.05  191.50
 173.17  115.91
 173.56  177.52
 173.62  107.39
 175.78  199.17
 178.85  131.26
 180.69  202.39
 180.87  107.42
 181.08  161.19
 181.09  153.49
 181.09  137.67
 181.24  173.45
 181.27  167.34
 181.29  198.49
 181.52  187.59
 181.71  111.60
 183.78  170.22
 183.87  125.47
 184.04  161.20
 184.06  165.47
 184.13  140.44
 184.15  153.41
 186.08  199.77
 186.19  184.38
 186.80  163.79
 187.43  173.06
 187.58  149.12
 187.62  157.18
 188.79  187.71
 190.18  161.03
 190.57  172.84
 190.58  190.81
 190.81  139.38
 190.99  200.51
 192.68  198.93
 194.46  171.95
 194.79  141.82
 195.01  157.56
 196.69  187.02
 200.29  150.09
 200.75  137.50
 204.19  188.29
 204.55  166.87
 205.19  144.21
 206.20  156.87
 206.92  176.58
 208.71  157.30
 209.70  149.75
 212.78  201.88
 213.25  168.03
 217.56  156.79
 217.92  146.73
 217.96  199.71
 218.16  204.32
 218.21  184.14
 218.49  161.56
 219.29  201.66
 220.25  136.97
 220.52  133.36
 221.70  139.38
 223.54  196.33
 224.36  202.01
 225.34  171.48
 226.15  157.04
 226.29  182.21
 227.88  145.57
 227.97  158.16
 228.53  191.96
 228.76  131.69
 229.65  141.20
 229.83  136.18
 229.98  197.86
 230.04  171.74
 234.16  167.23
 234.26  143.80
 234.38  159.93
 234.46  122.49
 235.16  180.37
 237.81  160.53
 237.86  146.13
 237.97  155.09
 238.86  135.88
 239.21  191.15
 241.75  129.98
 243.15  154.63
 243.89  193.60
 246.93  175.61
 247.18  193.73
