   7.78  139.80
   8.73  238.49
   9.55  116.90
  10.66  140.04
  11.99  109.38
  12.34  116.86
  14.08   67.48
  15.14  111.30
  15.30   86.08
  15.64   44.06
  15.80  136.18
  16.68  102.63
  17.55   98.42
  18.29   88.30
  18.82  106.23
  19.53   93.76
  19.63   83.61
  20.03   39.05
  20.46   87.03
  21.18  119.46
  23.72  130.77
  23.99   81.48
  24.10  109.61
  24.25   62.78
  25.29  127.49
  25.53  112.24
  25.84   41.13
  28.49   88.84
  29.28   59.82
  30.42   55.33
  31.45   71.14
  32.11   64.76
  32.18  124.77
  32.31    9.57
  33.68   22.27
  34.12   87.46
  35.51   63.41
  37.97   84.92
  38.57   23.41
  39.13   60.81
  39.49  119.42
  40.84   76.15
  43.64  116.46
  44.28   84.15
  46.21  150.19
  46.41  149.78
  47.87  111.26
  49.74  156.92
  49.95   84.42
  50.55   79.00
  52.46  113.57
  54.08   56.41
  54.95  143.86
  55.64   60.02
  58.32  154.45
  58.44  247.22
  58.45  154.58
  58.80   61.66
  59.09   69.25
  59.74   98.43
  59.88  104.88
  60.19  242.53
  60.56   56.55
  60.87  150.02
  60.90  245.01
  61.77   16.76
  62.84   61.84
  63.27  243.44
  65.61   50.86
  66.01  160.80
  66.57   69.79
  66.95  244.48
  67.43  240.93
  68.49  239.26
  69.92   41.90
  71.37  240.72
  71.51  237.00
  76.65  229.61
  76.93   50.27
  78.46   80.53
  78.99  231.13
  80.51   37.33
  81.01  233.49
  81.68  126.46
  82.36  229.40
  87.39  160.19
  89.96  226.23
  91.28   49.59
  91.46   80.07
  92.90   75.56
  94.52  222.20
  95.43   77.58
  95.78   13.84
  95.83  218.92
  95.94   16.35
  97.66  156.11
  98.00   49.48
  98.75   28.26
  99.15  215.51
  99.22   75.21
  99.28  218.63
 100.33  211.33
 101.84   26.82
 101.88   30.87
 103.18  215.68
 104.05   49.39
 104.97   32.92
 105.32   80.83
 106.23  207.53
 107.97  209.53
 108.08   29.98
 108.10   33.86
 108.78   15.65
 108.96  239.07
 111.21   31.66
 111.68  208.83
 111.71   17.59
 111.87  140.68
 112.28  202.33
 113.19   86.78
 113.77   73.85
 114.13  154.01
 115.59  216.82
 115.84  145.84
 119.54  200.46
 120.96  141.42
 121.54   14.82
 122.28   48.54
 122.28  145.54
 122.75  200.31
 123.30  193.76
 123.78  153.70
 124.09  151.15
 124.45   55.51
 124.57  225.87
 124.72   31.12
 124.96   15.23
 125.08  142.10
 125.41  232.28
 126.08  223.72
 126.61  215.81
 127.66  228.49
 127.86  146.03
 127.88   30.07
 127.98  211.45
 128.15  196.04
 129.21    7.03
 130.22  192.35
 130.94   87.11
 131.50    9.08
 131.55  229.15
 131.81  241.86
 133.59  186.61
 134.22   30.16
 134.29  159.11
 134.40  152.67
 134.73   90.42
 135.20   17.74
 135.89  217.32
 136.51  229.83
 138.14   16.23
 140.74  224.78
 141.21  228.70
 142.55   47.79
 143.09  184.63
 143.35  216.31
 143.88  120.15
 143.96  231.84
 145.10  191.50
 146.02  235.43
 147.10  229.69
 149.84  216.68
 151.14  120.26
 151.37  178.18
 152.05  172.93
 152.36  232.89
 152.64  247.83
 153.27  225.91
 153.49   88.48
 153.62  111.40
 154.15  223.46
 154.49  235.76
 154.60  175.59
 156.36  120.75
 156.50  213.17
 156.69  229.80
 159.12  224.98
 159.38  239.26
 159.38  171.79
 160.23  131.18
 160.80  234.09
 161.07  221.28
 161.51  188.68
 161.55  121.57
 162.24  143.96
 162.27   86.36
 162.80   11.55
 163.27  237.37
 163.88  166.51
 163.90  125.25
 163.91  193.60
 164.18  213.29
 165.54   89.43
 166.78  117.47
 166.82  194.70
 167.12  183.59
 169.51  222.66
 170.36   24.07
 171.10  117.51
 172.54   12.05
 174.03  134.99
 174.79  190.80
 174.98  176.89
 175.94  224.02
 175.97  182.79
 176.27    7.89
 176.29  205.50
 176.31   15.73
 176.57   18.62
 176.58   76.08
 176.64   31.71
 176.68   86.67
 180.03  129.84
 180.25  172.58
 182.77  232.26
 183.31   75.37
 183.47   71.48
 184.47  113.34
 185.79  126.32
 186.09  126.08
 186.82  166.92
 187.80   76.63
 188.56   71.35
 189.45   88.72
 190.17  239.28
 190.47  170.04
 190.63  141.65
 191.20  175.86
 191.27   78.92
 191.29   69.44
 194.67   79.31
 195.83   90.91
 198.93  234.78
 199.02   97.18
 199.44   97.51
 199.55  138.00
 199.60   84.09
 199.73   34.25
 199.75  173.24
 203.22  130.62
 204.74   88.80
 205.32   97.76
 205.82   73.60
 207.57   96.53
 207.99  236.40
 208.14   38.37
 209.61   43.28
 210.20  167.87
 211.06  170.91
 211.65   46.50
 212.09   66.47
 213.38  167.84
 213.54   68.64
 213.68  159.70
 214.49  170.87
 214.62  233.11
 214.82   59.76
 215.06   28.23
 215.47  151.47
 216.13  243.85
 218.43  111.99
 220.62  109.27
 220.95  138.39
 221.39   75.86
 221.72  180.41
 221.91  147.89
 222.30  116.73
 222.69  120.46
 222.78   27.44
 222.85  136.98
 224.22  165.33
 225.15  172.16
 225.71   31.30
 226.59   57.30
 228.65  167.28
 228.73   73.99
 230.30   23.54
 231.02  110.26
 235.66   45.79
 237.19  243.38
 238.11  242.59
 238.55   45.67
 239.21   76.31
 242.02   45.57
 242.54   28.67
 245.92   69.80
 246.69   85.04
 248.38   45.42
 248.45  246.58
