   8.25  115.75
  10.44   96.21
  12.08  143.97
  12.24  147.62
  12.72  192.86
  13.23  181.50
  14.70  104.24
  14.81  104.46
  16.42  131.61
  17.14   95.32
  17.94  117.01
  19.08  181.83
  19.74  102.78
  21.00   95.54
  21.07  198.35
  21.48   92.64
  21.76  152.01
  24.49   98.58
  25.60  131.19
  25.87  155.88
  26.97  132.81
  27.11   96.07
  27.26  119.18
  27.99  119.41
  29.53  137.18
  29.77  137.30
  30.51  156.08
  30.69  115.42
  31.77  101.49
  32.20  206.74
  34.19  129.37
  34.28  111.84
  35.57  209.02
  36.33  144.20
  37.23   84.02
  37.66  145.55
  39.29  211.44
  39.61   94.59
  39.97   98.76
  40.58  128.58
  40.62  114.92
  40.91  147.92
  41.37  119.83
  41.38   87.92
  42.15  213.15
  42.34  109.72
  43.51  145.08
  43.72  100.97
  45.42   93.79
  45.59  112.48
  45.67  216.19
  46.97  157.98
  47.89  145.27
  48.19   82.83
  48.24  139.49
  48.44  109.86
  48.73  124.80
  50.40  103.69
  50.44  154.65
  50.62  144.92
  50.98   95.63
  51.65   87.00
  53.89  148.47
  54.59  102.46
  54.61  163.31
  55.27  118.80
  55.56   93.72
  55.98  156.84
  56.28  135.77
  56.86  223.37
  59.10   87.42
  59.58  123.67
  60.60  225.88
  60.79  107.18
  60.98  153.30
  61.03   83.94
  61.43   95.38
  63.26  136.11
  63.61  139.65
  63.71  125.98
  63.81  120.56
  64.25  130.83
  64.46   96.14
  64.55  154.54
  65.81  184.06
  65.98  230.21
  66.28   94.64
  66.51  143.60
  66.65  104.42
  67.54   89.94
  68.18  111.92
  68.31   86.12
  68.96  115.06
  69.15  123.25
  69.36  129.66
  69.53  127.05
  70.41   93.93
  70.90   85.67
  71.37   99.31
  72.56  124.75
  73.41  136.34
  74.13  144.83
  74.53  102.73
  74.59  236.02
  74.66  236.04
  74.91  164.25
  75.55   98.19
  76.85  110.90
  77.28   93.12
  77.51  113.98
  78.01   82.49
  78.22  136.62
  78.34  133.32
  79.72   96.84
  80.35  121.97
  80.54  128.24
  82.21  181.90
  82.51  132.28
  82.64  152.78
  82.74  241.61
  82.92  145.59
  83.30  116.12
  83.74  125.98
  85.46  140.90
  85.57  125.00
  85.62   85.76
  86.03   88.41
  86.47  161.50
  87.50  127.28
  87.69  164.59
  88.41  181.91
  89.63  116.65
  90.43  132.90
  91.39  103.90
  91.45   95.70
  93.19  138.17
  93.95   75.21
  94.31   96.88
  94.58   85.91
  96.12  213.27
  96.60   98.70
  98.05  147.13
  98.23  109.16
  99.58   83.01
 100.70   95.70
 100.88  117.14
 100.93  105.92
 101.86  125.53
 102.02  136.02
 102.81  212.76
 103.01  102.01
 103.46  109.62
 104.04   97.13
 104.55  182.25
 104.80  134.03
 104.80  122.11
 104.97  129.00
 105.42  126.23
 105.79   92.64
 106.38  147.29
 106.51  227.39
 107.89  228.09
 107.99  150.75
 108.52   97.29
 108.87  215.15
 109.04  208.50
 109.90   76.80
 109.94  102.93
 110.51  221.78
 110.91  134.49
 110.97  141.99
 111.36  116.64
 111.45  125.71
 114.87   93.45
 116.44   74.19
 116.89  126.76
 117.01   93.52
 117.58  159.40
 117.73  134.52
 118.24  102.10
 119.21   96.11
 119.77  164.83
 120.01   91.35
 121.80   78.19
 121.89   75.07
 122.58  157.48
 123.07  126.03
 123.29  129.45
 124.22  199.93
 125.21   76.61
 125.24  103.19
 126.00  212.96
 126.64  211.01
 127.61   94.26
 127.97  126.51
 128.99  218.45
 129.00  124.74
 129.06  143.55
 129.09  148.91
 129.39  115.29
 129.93   86.59
 130.26  182.81
 130.36  215.98
 132.07  108.64
 132.10  143.98
 132.47  159.65
 132.83   88.17
 134.60  189.64
 134.85  119.15
 135.27  127.33
 136.26  203.13
 136.97  136.00
 137.92   79.60
 137.97   83.65
 138.35   87.67
 139.12  128.65
 139.27   76.77
 139.39  102.32
 139.74  150.52
 140.17  141.52
 141.65   93.22
 141.87  196.95
 142.62  159.49
 143.21   75.11
 143.73   97.40
 144.05   78.84
 144.14  120.15
 144.44  173.55
 144.56  100.40
 144.62  109.33
 144.66  211.51
 145.50  189.55
 146.28  114.89
 146.29  147.36
 146.69   85.73
 147.08  167.59
 147.94   99.77
 149.13   88.06
 149.25  138.78
 149.34  145.79
 149.53  104.17
 149.81  149.52
 149.93  133.59
 150.26   96.03
 150.43  173.46
 150.77  161.03
 151.50  119.25
 151.96  111.32
 152.11  182.49
 154.23   82.41
 154.32   74.91
 154.73  166.42
 154.99   91.81
 156.21  173.68
 156.73  106.93
 156.83  214.48
 156.91  156.49
 157.01  116.07
 157.27  120.77
 157.50  156.67
 157.58  151.05
 157.81  151.27
 158.07  145.15
 158.49   89.23
 159.75  124.64
 160.05  108.59
 160.39  196.01
 160.53  100.64
 161.38   92.55
 162.35  117.81
 163.01  121.80
 163.78   89.05
 164.12  125.42
 164.35  181.79
 164.86  164.62
 165.44  158.46
 166.71  221.38
 167.03   81.49
 167.28   93.88
 167.93   85.25
 168.03  158.93
 168.04  168.03
 168.36  116.95
 168.70   89.91
 168.86  121.51
 169.51   89.87
 169.98  163.82
 170.74  150.47
 170.93  108.10
 170.97  189.77
 171.80   81.06
 172.21  221.56
 173.11  124.05
 173.20  118.54
 173.31  132.92
 173.44  121.50
 174.15   84.70
 174.88   99.58
 174.96  198.38
 175.86  143.63
 176.46  196.25
 176.70   89.59
 177.03   94.80
 177.42  171.66
 177.46  171.83
 177.51  159.84
 177.94   81.37
 178.41   98.54
 178.99   75.17
 179.08  107.63
 179.10  110.82
 180.77  116.96
 181.54  124.65
 181.77   81.09
 181.99  101.63
 182.00  151.71
 182.24  159.45
 182.56  191.98
 182.83   85.02
 183.85  162.38
 184.12  142.14
 184.87   89.20
 186.34   96.53
 186.47  125.19
 187.08  119.63
 187.36  109.78
 187.38  143.61
 187.48  140.12
 187.48  147.18
 187.56  100.84
 188.44   87.68
 188.49   75.63
 189.67  182.26
 191.02  119.76
 191.47  105.85
 192.26  125.85
 192.42  151.57
 193.85  171.33
 194.02  134.16
 194.53  145.42
 194.78  154.69
 194.96  159.88
 195.05   94.84
 196.83   87.02
 200.13  140.59
 200.22  157.18
 200.27   75.61
 201.34  119.81
 201.48   83.41
 202.04   77.88
 202.91  101.57
 204.14  142.70
 204.51  106.70
 204.96  167.94
 205.55  128.29
 205.71  122.06
 206.48  159.30
 207.22  103.57
 207.72  111.01
 208.47   78.76
 209.56  212.00
 210.49   80.75
 211.57  215.08
 212.07   84.98
 212.08  104.29
 212.22   78.70
 212.25   91.02
 212.40  163.92
 213.05  126.17
 213.09   86.21
 213.38  155.38
 213.77  144.53
 213.88  130.54
 214.95  120.02
 215.83   83.40
 215.94  163.79
 216.16  106.41
 217.16  152.65
 218.56  213.38
 219.01  107.74
 220.03   98.62
 221.01  172.70
 221.87  153.65
 222.43  109.68
 223.46  107.19
 223.63  135.05
 224.22  122.83
 224.73  117.94
 225.09  216.52
 225.15  141.56
 226.76  171.55
 226.93  108.20
 227.53  132.12
 228.54  160.13
 228.97  136.18
 230.86  127.53
 232.12   82.05
 232.66  158.57
 232.66  107.51
 233.56  171.74
 234.70  164.55
 235.75  213.39
 236.18  136.23
 239.23  108.53
 240.52   85.41
 241.57  152.49
 242.12  159.05
 247.21  121.00
 248.13  163.90
 248.48  118.31
