   8.93  173.60
  10.42  180.35
  30.89  177.76
  38.21  180.38
  42.60   91.16
  43.19  173.63
  43.50  186.12
  44.74  166.06
  47.91  176.92
  51.34  177.32
  51.90  184.38
  52.66  138.89
  54.54  165.05
  55.72  170.54
  56.46  171.78
  60.01  183.03
  61.87  168.77
  62.09  139.16
  63.71  164.90
  66.91  170.41
  83.95  168.93
 107.56  217.27
 116.57  133.57
 131.01   91.31
 139.91  132.78
 147.76  128.90
 151.46  126.97
 155.51  162.06
 157.90  124.35
 159.57  158.26
 161.04  165.00
 161.86  163.76
 163.73  124.77
 165.21  176.79
 176.21  167.96
 181.30  115.21
 185.38  109.61
 192.18  167.81
 194.37  104.09
 195.89  158.27
 200.96  126.65
 201.96  117.35
 202.14  167.36
 203.99  158.64
 205.12  117.69
 211.21  105.79
 211.33  105.66
 214.12  109.52
 215.08  165.35
 215.24  104.38
 217.04   87.13
 218.63  106.80
 222.63  105.29
 232.79  158.87
 235.44  108.04
 238.61  131.13
 239.93  109.62
 240.53  109.85
 247.51  163.09
