   8.01  163.30
  25.73  163.74
  27.27  158.27
  34.47  165.22
  34.82  145.75
  34.82  160.24
  39.48  157.42
  39.53  165.42
  47.49  161.31
  50.15  149.46
  52.84  154.70
  56.23  156.52
  58.51  154.21
  59.84  160.97
  60.88  156.11
  63.68  154.42
  65.57  151.74
  66.33  157.47
  71.04  157.17
  72.25  148.44
  73.22  206.45
  82.00  160.23
  82.73  200.96
  83.90  153.79
  91.87  156.50
  95.86  160.56
  97.71  158.27
 102.91  148.04
 104.47  160.15
 105.16  156.36
 106.05  149.33
 109.01  157.21
 110.17  155.74
 110.66  160.74
 110.82  146.83
 112.02  163.03
 113.44  151.58
 119.76  147.65
 120.77  177.12
 125.63  153.15
 134.43  155.87
 134.93  163.20
 134.97  163.25
 138.06  166.28
 138.91  156.39
 142.14  156.45
 143.91  150.91
 146.45  152.99
 147.55  156.18
 150.20  153.33
 153.79  170.53
 155.42  154.22
 155.94  147.65
 156.35  147.75
 160.24  153.55
 161.38  174.57
 161.42  174.51
 162.46  159.56
 164.27   80.40
 166.54   76.91
 166.89  153.45
 168.25  178.98
 171.15  158.37
 171.70  161.88
 174.16  150.32
 174.99  151.02
 180.58  114.78
 182.51  152.75
 182.83  107.79
 182.91  111.77
 186.10   98.69
 186.68  157.95
 186.91  114.67
 188.14  152.51
 188.79  179.54
 191.04   98.64
 191.35  150.10
 194.86  183.88
 194.94  104.85
 195.19  173.25
 196.98   98.71
 197.58  107.82
 198.45  147.58
 198.45  153.03
 199.01  174.04
 200.58  176.90
 200.93  171.60
 201.62  186.73
 202.37  146.83
 202.96  174.55
 205.34  178.14
 205.56  172.09
 207.12  149.83
 207.85  175.37
 207.90  145.98
 213.04  176.49
 218.97  143.09
 219.77  177.41
 220.74  210.17
 221.70  153.85
 224.78  182.13
 226.99  143.56
 227.09  213.41
 228.69  180.07
 230.33  143.18
 230.49  148.47
 230.64  215.44
 230.72  175.20
 232.49  143.57
 234.32  147.22
 234.36  184.28
 236.86  176.06
 239.24  181.98
 241.88  149.62
 242.72  151.92
