   7.06  102.64
  10.29  127.87
  11.41  135.36
  14.78  105.44
  19.14  108.29
  19.50  157.87
  22.20  153.71
  22.67  110.04
  24.50  142.61
  25.43  117.62
  25.68  114.36
  26.33  121.20
  27.28  157.85
  30.27  119.22
  31.63  131.13
  35.36  157.65
  36.75  128.57
  37.07  156.02
  40.11  135.37
  41.65  129.95
  47.62  131.42
  52.07  157.22
  52.26  149.28
  52.51  131.93
  54.72  144.24
  54.78  135.54
  55.07  135.63
  55.46  153.11
  55.81  146.46
  56.41  131.65
  58.13  153.39
  59.27  146.14
  66.41  134.89
  67.15  161.59
  68.88  195.31
  72.29  157.98
  74.00  195.15
  75.52  166.53
  76.65  135.63
  78.22  166.27
  79.03  133.27
  80.47  162.24
  84.09  152.68
  88.88  142.71
  92.30  151.03
  93.71  141.84
  93.82  137.63
  95.46  135.55
  95.77  165.00
  96.17  177.36
  99.31  158.40
  99.38  161.81
 105.10  136.48
 105.55  165.22
 106.02  161.79
 106.06  135.41
 106.23  144.76
 112.96  166.37
 113.41  152.49
 113.58  139.27
 115.19  144.17
 115.75  118.56
 117.88  146.54
 118.48  159.75
 125.64  162.60
 126.41  158.61
 128.24  144.15
 131.59  143.61
 132.00  148.96
 133.22  144.37
 133.49  140.81
 134.79  150.81
 135.12  158.33
 136.65  143.50
 140.26  133.54
 141.87  143.62
 142.03  146.57
 142.82  157.80
 142.86  143.45
 143.38  151.61
 143.69  159.06
 145.39  116.95
 145.43  124.93
 145.63  121.08
 145.78  138.56
 146.04  130.03
 146.87  135.46
 149.03  141.47
 150.16  157.24
 152.21  112.06
 152.49  144.31
 154.02  135.60
 154.43  121.74
 154.90  132.77
 155.17  145.60
 157.61  136.29
 158.04  140.48
 158.32  134.00
 161.59  133.58
 161.95  145.94
 163.84  129.88
 164.13  164.05
 165.01  158.16
 165.26  137.22
 166.65  122.21
 169.58  137.03
 169.80  140.61
 170.20  159.91
 174.28  163.04
 174.69  128.29
 176.50  103.73
 179.80  135.50
 180.28  131.08
 181.36  127.90
 182.03  121.77
 184.20  182.54
 184.21  116.93
 185.05  129.16
 185.25  208.91
 185.34  132.13
 186.24  149.03
 186.64  217.63
 186.73  101.51
 187.00  100.77
 187.58  124.52
 187.75  113.17
 188.56  108.70
 189.54   75.53
 190.37   69.46
 191.17   86.66
 193.19   98.15
 193.24  104.98
 193.45   82.20
 194.49   65.69
 194.57   89.68
 196.16   79.55
 197.89   61.47
 198.47  105.56
 199.11   97.65
 201.23   54.34
 201.31  118.18
 201.32   57.89
 201.32  132.49
 201.39  138.79
 204.51  190.98
 205.57  191.26
 205.68   53.59
 207.39  200.94
 209.75   70.95
 211.69   56.23
 212.87  169.74
 216.73   56.76
 218.60   52.45
 222.81   95.59
 223.44   57.44
 227.64   79.09
 227.77  231.72
 229.29   55.93
 229.74  123.24
 231.69   51.16
 233.42   58.11
 238.07  121.29
 241.55  120.55
 242.65  106.06
 243.75  129.38
 243.84   53.04
 246.76   91.20
