  10.11  133.07
  14.31  157.34
  23.80  129.76
  30.52  130.02
  31.59  142.35
  33.13  151.45
  38.76  142.41
  40.99  145.96
  41.96  154.13
  48.29  132.30
  50.91  183.01
  52.16  132.33
  55.15  133.50
  63.45  133.03
  68.55  143.21
  68.80  132.93
  72.66  133.01
  73.44  145.88
  74.41  135.61
  75.74  153.21
  76.40  132.91
  77.01  151.05
  78.39  135.44
  80.15  154.93
  80.21  132.85
  80.25  145.51
  82.08  135.46
  83.94  156.28
  83.97  132.83
  86.13  135.21
  87.98  144.64
  91.52  132.50
  95.47  132.44
  96.54  149.21
  98.55  156.46
  99.11  132.44
 100.84  158.59
 101.06  135.15
 101.90  154.47
 106.51  136.03
 106.71  132.48
 109.91  149.99
 113.22  141.15
 113.36  133.64
 120.29  133.37
 122.21  131.29
 124.79  149.76
 124.91  134.89
 125.79  132.04
 129.32  149.77
 129.79  131.56
 134.10  130.27
 140.96  144.61
 141.01  129.02
 141.51  147.00
 161.32  146.51
 162.69  138.66
 167.19  129.47
 172.24  146.56
 173.85  149.06
 174.86  123.78
 174.91  127.12
 175.45  185.42
 176.63  144.94
 181.06  149.61
 183.44  141.55
 185.36  122.95
 187.12  147.03
 190.58  120.61
 191.62  125.46
 194.13  122.71
 195.83  119.58
 199.74  121.01
 206.25  125.36
 206.53  120.40
 206.92  115.89
 207.31  124.71
 210.99  120.47
 212.18  123.98
 214.73  157.71
 216.22  114.33
 216.62  126.42
 220.39  112.81
 221.44  128.38
 221.82  124.45
 223.80  126.19
 232.95  149.53
 235.89  104.68
 239.22  158.51
 240.65  119.69
 242.87  123.68
 243.76  128.31
 247.39  122.29
