   9.65  165.62
  10.05  122.02
  15.23  175.61
  19.11  163.66
  20.99  120.06
  22.12  131.07
  25.79  145.91
  28.50  130.43
  28.63  123.62
  29.39  122.24
  30.94  162.26
  34.57  163.60
  35.39  121.86
  36.70  161.32
  38.98  152.52
  40.09  119.63
  42.39  122.34
  42.84  133.98
  45.48  144.89
  46.84  155.80
  48.16  133.88
  49.82  128.68
  52.60  152.59
  53.31  159.77
  56.17  145.53
  58.31  153.25
  58.71  157.65
  59.90  160.69
  60.17  202.67
  60.23  205.34
  65.76  133.14
  69.01  169.60
  70.23  161.13
  71.03  154.13
  74.36  201.78
  76.28  145.58
  85.73  160.57
  89.61  164.34
  91.58  150.84
  92.71  147.06
  94.99  132.08
  97.49  150.11
  98.89  161.92
 100.28  165.80
 102.72  148.42
 103.97  151.17
 105.22  152.71
 105.72  148.25
 106.41  145.65
 109.65  131.56
 110.74  164.31
 111.42  150.37
 114.81  164.39
 116.53  145.64
 118.55  146.40
 122.87  146.66
 128.43  130.73
 130.23  147.81
 133.59  149.01
 133.81  145.37
 135.60  155.73
 137.47  173.67
 138.11  148.48
 140.00  145.38
 141.30  150.93
 147.22  144.42
 158.09  168.09
 158.68  151.02
 161.83  129.50
 162.32  170.22
 164.06  147.46
 167.00  170.26
 167.09  145.00
 167.81  174.27
 173.11  129.08
 173.60  144.42
 173.72  157.37
 178.18  156.90
 179.16  144.60
 179.43  187.19
 179.59  187.24
 180.89  170.08
 182.19  151.29
 183.69  136.47
 184.87  168.84
 186.69  147.84
 188.70  154.64
 189.14  170.33
 189.55  162.74
 191.21  146.70
 194.22  163.32
 198.88  149.66
 198.97  146.39
 199.06  155.36
 199.75  205.46
 201.70  207.06
 206.01  148.40
 208.16  156.23
 208.45  151.10
 208.61  128.06
 210.17  208.68
 210.66  134.64
 211.50  163.14
 213.40  148.48
 215.70  145.05
 218.44  134.20
 219.10  150.25
 222.46  134.27
 223.92  148.47
 227.96  150.90
 228.53  170.47
 230.55  168.17
 230.96  150.30
 233.90  127.06
 236.29  169.48
 238.45  147.49
 238.86  142.53
