   7.34  162.55
   9.60  127.35
  11.71  133.68
  12.95  143.60
  13.39  130.37
  14.36  133.26
  16.52  165.39
  17.34  162.52
  17.55  132.37
  20.55  165.14
  20.66  132.96
  20.88  150.14
  21.69  135.54
  24.34  134.13
  26.66  137.03
  28.42  162.69
  29.66  136.56
  34.88  148.97
  35.79  146.09
  41.00  139.81
  41.51  144.90
  43.49  155.96
  49.94  144.66
  50.46  154.99
  51.52  149.66
  52.93  155.35
  54.80  142.92
  55.41  162.49
  62.08  144.92
  64.81  156.46
  67.12  148.66
  69.94  150.81
  71.25  153.55
  72.30  149.49
  73.94  156.67
  76.67  152.40
  84.87  154.85
  85.38  158.26
  86.61  154.19
  88.82  159.48
  93.96  147.22
  99.37  151.86
 103.85  145.59
 106.77  149.50
 137.23  157.24
 141.95  149.94
 142.70  154.04
 147.28  158.67
 147.43  151.59
 147.69  148.41
 149.02  162.62
 152.16  164.56
 152.33  155.42
 155.90  162.30
 158.91  164.56
 162.39  158.04
 162.57  146.93
 165.27  144.64
 168.42  141.89
 172.37  141.55
 172.43  188.63
 174.50  152.34
 175.31  151.90
 176.19  139.11
 179.12  154.99
 181.86  137.55
 184.19  137.16
 185.44  138.22
 190.64  127.30
 193.29  134.55
 193.63  144.28
 193.90  139.50
 195.89  141.94
 196.68  135.55
 199.37  156.50
 200.99  129.99
 201.02  134.19
 203.13  153.50
 203.29  164.73
 204.93  130.13
 205.15  120.40
 205.99  125.66
 206.22  119.86
 207.68  165.31
 209.08  125.54
 209.79  125.86
 209.95  119.42
 211.47  161.13
 213.92  114.18
 213.96  114.83
 216.29  119.48
 216.58  168.12
 216.59  168.42
 220.82  227.21
 221.73  223.70
 222.03  113.89
 222.48  224.03
 226.37  221.94
 228.35  232.95
 230.83  109.89
 231.07  169.89
 231.10  169.63
 231.51  112.21
 233.71  166.39
 236.89  228.98
 237.93  234.32
 238.27  112.58
 239.03  109.10
 239.41  239.59
 242.08  113.42
 244.09  117.50
 244.87  236.79
 245.83  167.89
 247.79  170.31
