  11.25  131.97
  14.90  131.23
  20.50  156.30
  20.71  132.15
  25.22  129.02
  27.75  130.25
  29.74  128.04
  29.84  155.33
  33.83  153.54
  38.07  131.02
  38.82  154.26
  40.22  152.07
  41.32  132.22
  44.41  150.50
  49.09  134.67
  50.43  130.25
  52.22  132.32
  57.22  132.64
  62.68  162.77
  62.99  134.46
  67.40  149.20
  68.34  129.31
  68.38  153.61
  72.95  153.40
  73.43  129.47
  74.60  132.57
  74.87  128.20
  77.00  129.72
  81.70  134.10
  92.57  134.45
  94.40  137.41
  95.95  130.08
  97.74  136.01
 100.37  138.26
 103.37  190.63
 111.22  141.54
 112.44  138.50
 115.10  154.33
 116.61  147.20
 116.90  147.32
 121.54  156.69
 125.23  141.44
 126.22  160.68
 127.24  153.43
 131.06  141.49
 131.66  157.83
 134.85  146.83
 135.33  160.00
 135.60  149.54
 135.64  161.06
 135.99  144.11
 142.13  160.59
 143.96  139.72
 145.59  146.91
 148.16  142.73
 150.60  155.76
 151.02  155.01
 154.11  140.17
 154.19  149.93
 156.74  149.98
 156.83  154.56
 161.80  146.05
 163.97  151.54
 164.38  145.46
 170.84  149.68
 189.97  151.23
 192.00  148.59
 196.30  145.40
 200.48  148.98
 204.84  129.76
 205.78  135.08
 205.87  122.65
 206.35  149.23
 207.03  151.54
 207.76  138.48
 208.40  124.54
 210.79  136.67
 210.82  151.96
 213.17  145.88
 213.24  120.87
 214.23  127.20
 215.23  177.56
 215.79  134.70
 217.18  116.76
 217.73  152.95
 218.34  180.07
 219.69  111.87
 220.48  182.02
 220.77  114.77
 223.62  184.54
 225.51  154.03
 226.49  186.93
 227.02  127.89
 227.84  153.09
 228.41  181.28
 231.13  113.38
 233.52  115.11
 239.22  111.56
 239.74  145.43
 240.51  155.49
 240.53  198.40
 242.40  131.35
 242.68  191.72
 242.96  200.46
 242.96  127.94
 244.40  133.99
 245.24  202.43
 246.37  158.65
 247.52  195.23
