  12.81  119.29
  14.48  127.56
  15.03  150.96
  17.79  109.68
  19.33  205.08
  19.95  128.77
  23.68  202.39
  24.88  124.57
  25.35  127.36
  27.78  132.46
  36.57  149.83
  39.27  152.13
  42.10  190.05
  43.09  124.28
  44.54  131.54
  45.01  149.60
  47.81  130.60
  49.56  185.10
  50.05  147.73
  50.38  132.70
  50.95  145.73
  52.17  139.67
  52.41  183.16
  53.70  146.47
  53.72  151.71
  55.52  131.93
  57.04  142.98
  57.21  146.48
  59.30  138.69
  63.31  144.96
  63.35  131.82
  64.21   96.36
  66.02  148.56
  66.65  174.07
  68.47  132.45
  70.59  101.15
  71.47  135.72
  71.87  100.11
  78.29  142.44
  82.92  149.32
  89.29  151.94
  89.68  144.82
  89.76  148.65
  89.90  140.15
  93.99  147.14
  96.30  143.52
  98.36  148.60
 105.73  138.50
 109.52  138.42
 115.26  139.28
 116.46  141.45
 119.42  139.20
 122.38  139.43
 125.26  140.80
 133.82  143.86
 137.36  147.71
 139.43  139.89
 140.67  167.50
 142.07  139.22
 142.85  135.75
 143.22  147.66
 151.24  131.73
 153.27  149.72
 154.85  152.12
 158.52  130.89
 161.18  128.40
 163.77  184.25
 164.00  149.99
 165.87  129.51
 166.77  135.76
 167.28  124.94
 169.37  183.86
 169.38  183.89
 170.54  152.64
 170.90  148.48
 170.99  148.42
 171.34  121.75
 176.49  125.48
 184.12  138.52
 188.84  142.13
 190.33  119.74
 191.19  146.89
 192.73  121.02
 195.02  118.08
 197.48  114.57
 198.90  137.69
 199.35  119.32
 204.41  141.28
 205.39  112.63
 209.62  114.28
 210.74  108.51
 210.78  108.25
 211.77  111.78
 216.74  115.12
 221.36  107.20
 223.76  132.20
 224.06  147.87
 224.28  144.38
 228.12  113.25
 228.77  141.59
 229.48  144.13
 235.81  120.05
 235.87  119.03
 241.04  146.21
 243.29  121.14
 243.35  121.48
 245.25  145.61
 247.68  123.08
