   9.90   93.14
  11.69   96.20
  14.66  113.28
  14.73  148.35
  18.09   97.49
  23.97  100.77
  24.03  148.04
  24.20   98.11
  29.80   85.65
  31.96  185.62
  33.45  104.22
  33.83  101.45
  33.85  100.55
  34.75   83.69
  35.13  146.39
  35.27   96.05
  39.42   83.65
  44.82   97.99
  46.74   84.83
  47.03  120.31
  47.76  102.77
  52.96   88.16
  54.81   99.51
  55.18  115.37
  57.71  145.27
  63.40  145.49
  69.64  145.97
  75.55  106.21
  76.62  110.26
  77.10  144.86
  79.95  145.36
  82.31  108.78
  86.74  127.78
  87.67   96.19
  88.19   95.62
  88.20  110.28
  93.45  115.32
  93.55  113.21
  95.17  111.13
  98.92  111.38
  99.09  127.64
 107.52  112.14
 112.56  112.21
 112.83  111.96
 114.87  120.30
 115.54  143.42
 117.28   90.64
 121.57  116.32
 125.54  116.67
 125.74  140.84
 128.22  119.83
 128.31  119.67
 134.20  121.22
 136.98  117.91
 140.41  139.40
 143.22  142.26
 146.84  143.10
 153.04  135.31
 157.96  141.96
 158.34  136.72
 161.91  164.21
 163.98  128.85
 165.23  125.80
 169.42  141.06
 173.68  126.94
 174.28  181.33
 175.62  130.74
 177.68  185.17
 178.48  140.65
 179.29  181.28
 180.81  128.36
 181.37  187.15
 181.46  136.29
 181.52  131.21
 186.78  115.38
 187.21  130.65
 187.49  136.46
 195.42  135.59
 198.26  131.53
 199.05  127.84
 199.70  127.68
 202.66  109.23
 203.33  114.24
 206.89  116.07
 209.60  109.54
 213.27  121.58
 221.43  100.70
 230.03   95.13
 231.63   95.15
 233.95   88.76
 238.87   92.45
 240.86  103.77
 243.34   79.55
 245.29   77.17
 247.83   84.14
