   9.52  141.54
  10.79  154.13
  11.18  156.52
  12.42  153.29
  14.07  139.65
  15.56  135.08
  16.00  156.45
  22.99  133.83
  24.58  136.02
  28.57  140.27
  29.97  153.63
  35.09  132.40
  36.59  136.09
  37.15  155.92
  40.43  155.56
  40.92  148.28
  47.89  135.83
  49.65  128.04
  52.59  134.87
  52.82  158.50
  53.08  152.39
  55.65  137.37
  56.89  151.37
  58.41  134.61
  60.83   95.61
  61.37  136.82
  65.48  134.79
  67.71  154.43
  72.09  138.92
  72.52  135.69
  72.59  159.49
  73.24   95.69
  75.45  138.13
  75.48  134.35
  75.68  146.67
  78.20  140.80
  78.54   99.31
  78.98  138.60
  80.36  145.28
  83.92  129.27
  84.22  124.32
  85.33  116.42
  89.35  155.72
  90.95  118.05
  91.26  193.43
  91.63  134.87
  92.43  127.64
  93.43  155.93
  94.75  147.52
  97.25  142.28
  97.51  188.97
  98.01  153.15
  98.15  131.11
  99.66  124.98
 101.03  153.10
 102.31   97.39
 105.65   98.61
 105.92  147.38
 106.24  152.64
 108.53  102.05
 111.09  136.24
 113.42  149.70
 113.77  100.55
 115.27  173.98
 116.44  152.34
 119.86  155.10
 120.52  129.06
 120.87  147.28
 121.61  137.56
 123.70  123.86
 123.79  154.96
 127.10  122.81
 128.43  145.36
 129.45  134.88
 130.12  137.63
 130.21  118.56
 131.03  117.42
 132.52  153.55
 132.78  129.86
 135.15  148.64
 136.52  153.80
 136.59  136.23
 141.29  128.86
 141.75  129.02
 143.00  143.07
 144.38  151.31
 148.10  117.11
 148.48  128.45
 149.20  147.15
 152.31  156.82
 152.35  146.77
 153.47  152.04
 159.62  116.10
 159.90  143.90
 164.04  118.65
 165.78  132.37
 166.87  154.44
 169.30  155.10
 169.54  132.57
 170.61  128.12
 173.94  132.91
 179.89  132.92
 180.31  135.42
 183.68  134.44
 186.95  136.00
 189.20  132.87
 192.24  147.48
 192.76  131.15
 197.20  132.71
 200.04  131.66
 201.23  134.58
 201.63  137.47
 202.91  139.22
 203.28  130.00
 212.09  140.11
 213.17  189.42
 215.74  133.16
 216.69  137.76
 219.11  142.91
 219.23  138.82
 221.76  139.37
 227.12  137.55
 241.93  137.82
 243.80  137.30
 247.37  137.09
