  10.92  134.04
  13.54  132.90
  16.61  137.43
  19.50  135.59
  24.08  138.51
  27.05  136.39
  28.60  134.13
  30.78  140.53
  33.98  134.36
  36.72  136.06
  41.77  132.41
  42.09  136.20
  47.23  133.78
  51.02  140.11
  51.21  131.97
  54.51  140.54
  56.75  144.91
  57.09  127.77
  59.18  137.38
  59.98  146.90
  63.72  144.22
  64.16  129.39
  65.07  144.95
  66.08  127.88
  71.03  133.01
  72.38  143.83
  72.52  127.82
  78.37   94.91
  78.51   94.83
  82.29  139.07
  83.38  136.41
  89.00  126.15
  90.43  139.18
  91.10  133.86
  97.43  135.56
 100.44  145.22
 104.43  161.06
 104.75  145.13
 104.85  139.24
 109.17  133.85
 110.20  146.19
 114.13  154.72
 118.14  133.63
 122.62  137.63
 123.67  140.88
 124.76  155.42
 125.22  137.14
 125.50  133.32
 127.55  151.54
 127.88  132.26
 128.93  146.45
 129.50  140.62
 130.26   52.48
 133.07  133.41
 135.45  145.38
 135.60  160.82
 137.94  131.99
 149.39  137.34
 152.67  138.26
 153.87  133.49
 156.03  147.92
 158.66  139.51
 161.29  148.12
 163.07  143.96
 165.64  131.04
 166.42  122.22
 168.08  133.20
 168.33  148.04
 171.50  142.66
 171.96  139.92
 173.63  132.53
 174.76  137.79
 174.89  126.10
 176.82  137.87
 177.45  127.43
 179.96  139.93
 184.92  130.26
 189.34  126.77
 193.35  139.96
 196.73  142.74
 197.14  131.34
 202.71  140.41
 204.66  126.35
 206.33  140.65
 208.00   71.67
 208.10  127.52
 211.57  141.11
 212.61  126.75
 214.85  123.81
 218.01  141.12
 220.56  143.93
 220.73  138.51
 221.42  124.94
 240.09  138.46
 241.20  125.21
 245.86  124.54
