  10.08  106.42
  11.02  125.43
  13.40  109.98
  14.47  113.36
  17.76  112.58
  19.80  126.84
  23.28  142.67
  24.33  131.96
  26.84  150.74
  27.72  131.62
  28.05  165.74
  30.04  137.19
  30.25  134.29
  31.97  132.02
  32.10  146.64
  32.91  165.22
  34.58  134.35
  34.85  183.11
  35.93  151.66
  37.36  149.16
  40.82  149.62
  53.29  134.64
  55.66  137.08
  59.82  135.79
  61.22  131.03
  61.50  143.96
  62.73  148.96
  63.96  131.51
  65.31  137.51
  81.74  157.02
  84.79  136.09
  87.04  132.85
  89.61  134.38
  91.73  151.99
  93.61  154.63
  94.27  132.56
  96.98  154.77
  97.03  136.19
  97.06  143.21
  97.06  135.01
  97.71  158.09
  99.44  132.60
 100.95  131.86
 103.44  158.46
 103.56  132.65
 104.02  144.31
 106.71  132.32
 108.04  153.94
 108.34  136.96
 108.43  136.13
 109.45  157.61
 112.11  134.16
 115.42  145.77
 116.00  154.48
 116.34  198.27
 117.30  189.54
 117.97  151.03
 120.08  144.74
 122.14  140.05
 122.72  146.20
 124.37  137.84
 124.50  188.73
 124.81  144.46
 125.12  188.42
 127.04  139.16
 130.97  149.68
 134.57  149.58
 136.41  171.21
 136.44  143.83
 137.72  141.23
 139.87  147.02
 140.91  149.79
 141.50  159.31
 142.31  162.72
 145.41  147.01
 146.20  153.77
 148.72  158.96
 152.26  149.24
 155.21  143.80
 156.35  149.39
 159.05  146.02
 159.66  139.96
 161.49  149.40
 164.42  139.47
 165.30  148.92
 168.83  142.71
 169.14  140.39
 171.70  136.21
 177.21  126.46
 177.29  144.29
 177.94  134.41
 179.04  115.85
 181.19  119.73
 182.67  125.34
 182.91  114.33
 185.71  111.95
 187.27  109.75
 191.97  124.32
 192.56  105.11
 194.08   95.35
 196.25  106.35
 199.60  118.68
 201.02  112.83
 201.05  109.28
 202.20  103.07
 202.25   76.49
 202.93   83.21
 202.95  106.27
 203.07   79.53
 205.28   85.86
 205.34   92.34
 205.64   81.00
 206.22  102.99
 207.67  106.35
 208.16  101.06
 210.31   55.69
 210.79   99.26
 210.84  105.36
 210.92   81.46
 211.58   78.68
 211.87   58.90
 213.38   52.72
 213.75   56.04
 213.94   48.98
 214.30   72.93
 214.61  121.64
 214.95   88.18
 215.08   79.29
 215.25   44.45
 215.47   60.63
 216.52   65.39
 216.53   65.32
 217.61   51.32
 218.19   70.14
 218.36   77.69
 218.43   56.94
 219.59   41.14
 220.68   64.11
 221.43   54.80
 221.83   75.44
 222.41   51.99
 222.95   56.97
 224.02   36.95
 224.65   46.35
 225.61   71.37
 225.78   54.09
 227.08   59.17
 228.07   67.81
 228.95   71.42
 229.05   38.17
 229.40   50.77
 231.00   45.85
 231.24   55.89
 231.29   64.52
 231.61   35.83
 233.51   70.56
 234.40   32.96
 234.99   39.03
 237.03   58.41
 239.13   56.63
 242.33  179.05
 243.92   68.64
 245.26   59.34
 247.17   29.89
 249.02   27.75
