  13.00  149.55
  13.94  154.21
  22.04  142.52
  25.02  142.02
  26.02  146.37
  27.62  139.00
  29.39   64.51
  29.46  142.07
  34.45  145.03
  41.30  145.36
  44.07  138.42
  44.52  143.02
  46.86  152.94
  47.42  145.41
  47.61  134.62
  48.19  137.38
  49.73   62.08
  52.44  145.56
  53.07  139.22
  56.23  146.72
  56.49   58.22
  65.56  145.94
  74.62  136.54
  76.11  137.25
  76.72  134.06
  79.64  146.28
  82.40  138.31
  83.41  180.92
  85.68  176.87
  86.88  136.12
  88.09  143.33
  88.13  148.31
  88.83   33.55
  93.72   70.70
  95.95  176.21
  96.62   32.12
  98.11  128.41
  99.23  147.97
  99.81   37.91
 102.84  131.76
 103.79  130.07
 105.28  133.56
 107.89  146.45
 108.36  150.13
 108.80   34.71
 108.90  120.73
 109.15  152.85
 111.82  121.38
 112.42  116.45
 112.71   33.07
 114.78  119.21
 117.41   72.28
 117.45  115.96
 117.69  151.89
 118.01  147.39
 120.06  118.65
 120.39   76.09
 122.29   32.18
 123.27  109.76
 123.74   29.63
 126.27  145.37
 126.78  133.03
 128.55  115.91
 128.56  115.67
 129.92  109.73
 130.00  155.79
 131.59   35.80
 132.48  109.78
 133.29   73.33
 133.45  163.59
 137.16  104.45
 137.25  152.89
 138.58  152.73
 139.74  101.06
 140.29  175.63
 142.19  167.59
 142.21  162.43
 142.82  173.12
 143.82   35.81
 143.91  156.56
 144.47   99.51
 144.81  164.10
 145.37  147.25
 145.74  116.14
 146.89  144.60
 147.17  176.99
 147.49  169.87
 147.50  133.45
 148.96  149.93
 149.85  127.19
 150.39  141.00
 152.08  147.40
 152.23  101.57
 152.28  101.53
 152.63  138.08
 153.37  172.24
 153.75   75.76
 153.86  165.56
 154.46  168.83
 155.29  156.74
 155.50  149.26
 156.46   99.22
 156.67  131.28
 156.85  148.81
 157.01   96.47
 158.73   84.37
 159.12  180.50
 161.30  123.16
 161.80  177.78
 162.66  170.30
 164.03  143.03
 165.29  133.26
 167.35  172.41
 168.13   95.55
 170.55   91.97
 171.22   87.94
 171.87  100.46
 173.53  180.92
 175.90   89.94
 178.00  180.97
 179.45   95.36
 180.28   85.22
 182.26   94.51
 183.07   88.75
 187.76   89.41
 188.70   89.72
 192.17   86.79
 192.33  175.62
 197.04  169.63
 197.47  117.62
 199.80  174.81
 200.06  172.76
 200.10   79.49
 200.32   83.30
 202.56  170.14
 206.13   76.72
 207.24  173.88
 208.63  105.76
 210.86   77.61
 210.90   77.55
 212.95  178.10
 213.16  121.16
 216.28  174.98
 216.94  120.87
 218.45   77.91
 220.03  130.28
 220.35  173.58
 221.69  155.39
 222.53  128.23
 223.11   84.37
 223.36  171.49
 224.52  168.68
 224.92   81.88
 226.75  159.51
 227.25  144.56
 228.30  167.69
 229.94  161.03
 231.99  154.39
 233.87  168.51
 234.28  133.23
 234.88  164.93
 235.01  148.50
 235.77  160.66
 238.17  165.04
 240.17  147.46
 240.42  162.51
 240.76   83.65
 241.56  143.73
 241.89  128.22
 245.30  160.82
 246.79   79.99
 249.51   79.36
