   6.92  170.17
   7.95  155.28
  13.71  174.79
  16.93  155.27
  19.37  166.97
  24.72  168.69
  24.89  160.06
  27.65  207.37
  29.87  159.39
  32.04  156.85
  32.34  161.10
  35.08  168.33
  35.26  205.38
  36.88  160.88
  38.31  156.61
  38.89  164.04
  40.22  173.74
  40.56  166.82
  45.07  159.83
  47.03  156.10
  49.66  168.68
  51.71  156.90
  53.25  168.55
  55.61  158.66
  55.92  165.10
  58.55  164.66
  59.00  161.68
  59.55  156.67
  61.26  158.85
  65.64  166.29
  66.12  158.42
  69.72  163.62
  71.84  158.60
  73.18  162.35
  73.75  158.26
  73.90  165.34
  75.33  169.77
  76.02  160.49
  79.02  158.02
  81.33   63.26
  81.60  159.95
  84.09  157.92
  85.26  160.99
  88.74  183.17
  89.22  159.51
  89.47  164.86
  90.88  165.03
  91.87  155.47
  93.58  158.09
  95.50  168.68
  95.93  155.38
  97.68  158.69
 100.19  168.57
 100.33  160.11
 101.04  151.33
 103.12  160.83
 106.30  157.36
 109.57   60.08
 109.93  159.77
 110.41  166.47
 110.57  170.96
 111.24  168.77
 111.57  156.22
 114.52  173.44
 114.64  159.50
 115.25  164.22
 118.44  157.22
 119.86  169.96
 120.04  165.10
 121.45  159.75
 125.09  157.25
 125.87  156.23
 126.29  167.26
 126.90  173.88
 127.76   63.97
 129.24  160.71
 130.00  164.33
 132.36   62.49
 132.95  164.57
 133.23  176.61
 133.40  158.39
 133.74  178.68
 134.70  174.05
 135.64  168.36
 136.24  162.06
 137.11  172.95
 137.88  157.85
 138.55  159.02
 139.43  177.90
 141.93  169.15
 143.61  176.67
 145.49  167.91
 147.44  159.01
 148.04  171.68
 150.47  165.58
 155.22  171.12
 157.21  173.86
 157.37  160.81
 157.79  168.18
 158.80  170.61
 159.48   58.18
 161.34  172.71
 163.13  162.20
 166.37  169.80
 166.89  160.73
 169.18  160.13
 169.41  169.97
 170.80  166.40
 171.96  160.62
 173.04  170.60
 174.49  158.20
 174.88  168.24
 176.01  161.09
 178.30  169.66
 179.82  166.33
 180.81  160.09
 181.15  165.30
 181.31  170.73
 183.46  161.88
 187.10  170.92
 187.33  162.29
 190.46  159.24
 193.27  165.63
 193.33  165.65
 193.38  170.96
 194.22  157.90
 196.47  159.65
 197.74  171.50
 200.52  172.83
 200.57  168.92
 200.72  165.85
 201.09  157.68
 205.48  170.08
 206.32  156.40
 208.32  153.97
 208.85  185.43
 211.07  155.41
 213.37   19.13
 213.63  172.85
 214.30  152.61
 214.59  168.29
 214.69  176.83
 217.56  165.19
 218.91  153.20
 219.41  227.49
 219.54  177.44
 220.81   16.32
 221.59  155.41
 221.74  167.87
 223.27  226.47
 223.29  171.27
 224.63   17.22
 225.82  172.77
 225.97  235.34
 226.37  185.93
 227.57  160.45
 227.64  226.18
 227.69  237.97
 228.45  190.85
 229.23  169.15
 230.00  154.45
 231.21  151.21
 231.49  186.47
 231.71  163.43
 231.95  174.16
 232.09   19.07
 232.77  158.56
 234.27  188.17
 234.62  168.62
 236.68  200.64
 236.70  200.68
 237.25  156.52
 237.70  183.01
 238.03  186.00
 238.15  153.55
 239.36  225.54
 240.88  202.75
 241.08  222.65
 241.55   21.42
 246.37  222.96
 247.73  152.90
 249.24  128.76
 249.56  184.26
