   8.57   97.00
   8.96  143.16
   9.01  161.50
   9.30  167.68
  11.13  150.48
  11.56  163.48
  11.99  154.59
  13.46  145.45
  14.13  160.66
  17.75  159.03
  19.90  146.31
  20.03  155.47
  21.15  149.43
  22.71  169.72
  24.16  153.05
  24.31  159.05
  25.40  149.15
  25.77  165.59
  26.03  143.44
  26.03   17.71
  26.53   15.13
  26.72  162.02
  26.93  161.58
  27.67  146.13
  28.18  155.33
  29.41  162.40
  31.84  153.35
  33.10  168.31
  35.77  165.45
  35.98  156.28
  37.83  153.48
  38.50  142.49
  39.45  157.44
  41.40  145.08
  41.70   83.72
  44.57  155.45
  45.07  151.21
  47.97  153.07
  52.25  156.56
  54.93  163.93
  55.60   14.69
  55.63  151.99
  56.31   17.12
  56.32  161.22
  57.05  166.66
  58.99  164.00
  65.06  167.93
  66.25  161.06
  71.53  159.62
  72.44  155.96
  77.06  155.04
  78.08  162.02
  81.12  154.44
  82.81  159.43
  86.90  158.98
  88.17  162.39
  89.62  156.62
  91.72  159.94
  94.09  162.17
 112.15  159.88
 115.59  154.43
 121.49  152.64
 125.77  153.52
 125.80  159.40
 127.46  156.66
 130.49  163.55
 131.51  156.22
 131.85  159.26
 133.71  164.60
 136.36  161.99
 138.61  164.61
 141.64  162.71
 143.52  155.71
 144.38  158.96
 146.28  161.92
 148.79  167.49
 150.79  157.68
 150.93  161.73
 151.34  164.96
 152.85  176.40
 153.79  150.00
 154.12  142.34
 155.33  165.93
 155.46  170.10
 156.55  146.11
 157.09  149.80
 157.71  167.79
 157.87  159.79
 158.21  181.14
 158.67  162.91
 160.19  173.68
 162.34  166.79
 162.98  159.16
 163.75  156.24
 165.13  163.10
 165.73  174.32
 165.95  190.37
 166.58  166.50
 167.14  187.89
 167.27  172.90
 169.13  145.78
 170.90  161.28
 171.12  166.29
 172.57  149.51
 175.25  167.97
 175.33  175.32
 175.58  142.95
 175.67  170.64
 179.99  156.19
 181.46  161.15
 182.24  166.41
 184.27  149.12
 184.56  170.64
 184.69  204.36
 184.85  156.96
 185.95  201.95
 185.99  175.10
 187.10  151.49
 189.39  164.69
 190.38  151.49
 190.58  173.98
 190.63  143.87
 190.73  204.98
 191.18  156.69
 194.59  162.55
 196.82  159.80
 197.75  162.93
 199.78  151.48
 201.64  159.80
 201.78  176.34
 202.89  154.22
 202.96  145.57
 205.55  143.71
 207.16  141.01
 210.38  154.69
 210.43  158.55
 219.74  180.76
 222.13  159.70
 222.38  162.47
 222.83  156.37
 223.94  153.34
 227.86  158.09
 245.33  156.39
 247.54  123.96
 247.70  138.08
 247.77  187.15
 247.81  162.09
 248.01  128.64
 248.16  154.94
 248.86  150.29
