  10.80   97.39
  11.84  124.90
  11.99   94.51
  13.93  139.73
  14.03  142.35
  16.31   95.88
  16.72  129.50
  17.19  134.71
  17.79   91.55
  18.04  125.35
  19.31  145.35
  20.34   94.10
  22.86  110.51
  23.67   91.45
  24.78  134.08
  25.13   95.77
  25.30  100.74
  25.32  100.85
  25.54  104.62
  25.61  139.66
  26.62  134.81
  27.90  119.27
  28.54   98.09
  28.58  140.80
  28.96  104.72
  29.79  123.48
  30.60  100.96
  30.78  149.05
  31.15  127.39
  31.47  147.93
  32.79  114.95
  33.48  104.41
  33.62   97.78
  33.83  107.79
  34.25  111.32
  34.51  123.83
  35.16  134.73
  36.32  128.62
  36.67  114.68
  36.80  100.52
  37.32  107.46
  37.59  140.81
  37.70  144.92
  38.66  133.55
  38.90  104.15
  39.12   97.81
  39.14  141.39
  39.98  122.89
  41.56  117.15
  41.95  139.26
  42.75  137.09
  44.20  104.16
  46.07  103.55
  46.66  114.61
  50.62  105.98
  52.46  127.09
  53.22  110.04
  53.33  109.81
  53.72  121.10
  55.22  124.64
  56.80  107.35
  57.83  121.07
  57.94  126.81
  59.79  108.95
  60.04  113.09
  60.23  117.21
  60.69  128.39
  62.90  106.79
  66.53  109.93
  66.61  114.12
  68.23  124.89
  70.58  113.75
  71.93  107.91
  78.02  111.88
  78.71  124.87
  79.72  136.29
  81.25  119.24
  82.94  135.23
  83.13  110.14
  83.43  117.08
  85.69  120.52
  86.22  111.61
  88.09  114.15
  88.77  109.23
  88.83  135.09
  89.30  116.78
  89.97  111.71
  90.00  131.02
  93.26  135.17
  96.28  109.52
  96.72  106.59
  97.09  132.29
  99.09  132.46
  99.38  111.27
  99.53  116.47
 100.82  128.95
 101.04  148.22
 101.22  108.08
 103.53  132.09
 104.56  102.95
 105.10  155.78
 105.97  106.68
 106.25  115.17
 108.40  140.13
 111.79  143.61
 112.12  126.85
 113.66  116.17
 113.72  147.61
 113.88  133.28
 114.33  174.60
 114.95  131.51
 115.24  116.74
 116.60  177.37
 116.72  168.27
 117.47  172.19
 118.45  121.48
 118.54  127.23
 119.04  132.59
 121.73  179.79
 122.86  119.97
 123.21  171.91
 123.96  115.37
 124.35  142.89
 125.03  134.06
 125.58  137.34
 125.61  108.72
 128.00  130.63
 129.64  106.62
 129.78  116.38
 130.64  127.12
 130.79  132.51
 131.41  140.68
 131.81  143.18
 132.18  117.40
 133.45  105.42
 133.50  114.98
 135.00  144.75
 136.50  142.36
 136.94  132.08
 138.89  117.27
 139.50  193.46
 141.12  144.13
 141.14  114.64
 141.19  139.75
 144.01  116.80
 146.64  114.09
 147.73  130.13
 150.77  142.80
 152.82  128.19
 155.40  119.30
 155.44  138.07
 159.73  125.25
 161.42  110.31
 162.31  116.48
 165.48  121.86
 166.66  146.88
 168.68  235.13
 168.71  118.74
 168.80  113.71
 170.08  242.52
 172.63  240.72
 173.34  234.38
 178.50  247.63
 179.61  235.22
 180.01  104.89
 180.15  117.75
 180.92  107.74
 180.95  115.32
 181.85  124.36
 182.93  101.42
 183.04  121.16
 183.83  128.32
 183.95  110.73
 183.96  234.49
 184.21  117.29
 184.38  116.88
 185.47  124.69
 185.58  103.74
 188.86  122.03
 189.45  128.72
 189.54  125.32
 192.66  243.40
 194.47  153.47
 199.14  154.70
 199.41   97.86
 202.78   95.86
 207.32   94.77
 207.77   91.16
 209.80   93.64
 211.81  102.33
 213.52   93.63
 215.93   97.13
 216.81  100.31
 217.97   90.27
 218.10  116.85
 220.14   94.52
 220.40   97.81
 221.87  120.59
 222.54  123.60
 222.71  126.33
 222.78  116.61
 223.13   92.91
 225.29   90.69
 227.34  108.97
 227.94   88.26
 228.29  115.85
 228.53  106.26
 229.47  123.21
 230.43  103.41
 231.35   98.22
 231.35  106.69
 232.29  115.95
 232.42   88.03
 234.75  129.40
 235.11  117.38
 237.09  125.40
 238.81  102.18
 238.91  121.75
 239.27  110.53
 239.48   82.08
 239.65  105.06
 240.29  107.91
 240.49  129.91
 241.42  105.34
 241.81  125.58
 243.30  117.10
 244.20   78.16
 245.08   83.92
