  11.68  109.84
  12.18  144.75
  20.46  154.65
  26.45  113.55
  32.63  119.07
  37.39  115.20
  37.86  119.15
  41.59  114.81
  42.89  112.30
  43.15  145.70
  43.60  116.35
  45.70  148.57
  46.03  115.21
  47.02  150.84
  49.51  146.31
  49.95  116.61
  51.04  145.09
  53.89  123.08
  58.50  150.50
  59.97  246.81
  60.68  155.72
  61.59  248.77
  63.28  245.36
  66.03  246.53
  69.57  125.09
  71.13  152.48
  74.24  241.95
  77.92  237.06
  78.11  130.52
  78.37  127.47
  79.13  245.93
  81.56  247.44
  82.17  234.91
  82.48  145.56
  82.80  243.52
  82.86  238.71
  84.91  245.05
  88.14  137.93
  88.52  240.37
  89.39  143.98
  89.60  125.29
  89.77  124.33
  89.97  139.63
  91.40  128.13
  93.55  239.62
  94.22  146.39
  96.62  124.67
  97.45  152.83
  98.06  145.34
  99.81  150.63
 100.36  235.59
 101.33  127.76
 104.84  123.47
 106.50  147.30
 107.50  128.61
 109.22  130.87
 110.50  153.06
 112.31  218.33
 114.28  139.72
 114.97  131.80
 116.91  129.70
 118.99  218.12
 119.49  131.26
 121.98  213.15
 122.45  133.63
 123.01  140.84
 123.88  137.73
 125.90  147.76
 129.00  133.10
 131.56  207.82
 133.53  142.31
 136.76  140.45
 137.18  147.12
 139.68  148.59
 144.92  200.83
 154.69  150.39
 157.22  147.81
 158.45  196.40
 163.67  190.98
 164.44  147.81
 164.70  193.07
 169.50  149.31
 170.12  147.92
 180.53  184.22
 184.21  149.85
 184.30  149.73
 186.84  147.56
 187.43  141.40
 187.60  149.37
 187.92  180.04
 189.26  152.20
 192.53  141.91
 194.07  176.31
 194.20  140.71
 196.86  141.05
 200.00  147.97
 201.65  149.33
 201.88  140.51
 202.74  137.55
 204.69  145.73
 213.09  149.90
 215.54  140.75
 217.26  137.17
 220.20  150.72
 222.57  153.82
 223.26  137.19
 232.17  147.44
 233.35  143.38
 234.62  153.43
 235.48  133.76
 236.35  150.85
 238.26  135.26
 239.20  155.46
 239.74  132.78
 240.96  137.05
 243.84  138.22
 243.94  133.14
 245.20  130.45
 246.22  140.13
