   7.75  123.36
  10.30  112.23
  10.75  147.56
  12.84  131.61
  14.44  112.94
  18.11  111.08
  20.58  114.52
  23.14  117.11
  23.66  147.56
  23.93  114.31
  26.59  150.39
  27.44  134.32
  28.60  119.51
  30.91  131.01
  31.63  147.35
  32.16  126.07
  34.09  122.29
  35.39  147.02
  36.56  144.64
  39.46  124.82
  42.23  138.67
  42.44  148.08
  46.12  130.08
  49.71  141.48
  50.20  124.28
  51.80  127.20
  52.10  147.66
  52.32  130.86
  52.59  142.26
  54.30  144.91
  55.31  125.43
  56.57  134.64
  56.62  122.13
  56.89  128.09
  57.07  130.98
  57.56  146.72
  58.99  115.10
  59.55  133.06
  61.57  140.22
  62.04  143.24
  64.84  145.77
  65.69  124.76
  66.60  127.68
  70.36  140.33
  72.33  129.53
  73.92  148.46
  75.55  132.14
  75.72  183.54
  77.74  130.44
  79.31  143.44
  79.77  146.38
  79.87  182.03
  79.90  139.92
  81.42  132.40
  83.31  146.68
  83.37  143.90
  84.34  134.43
  84.42  126.74
  88.94  146.82
  90.42  134.83
  91.56  129.69
  92.06  146.72
  92.59  144.01
  93.50  144.35
  95.26  137.09
  95.28  137.37
  95.49  141.69
  96.79  126.70
  98.12  146.88
  98.66  124.25
  99.37  129.60
  99.99  143.14
 100.05  154.12
 100.93  126.57
 101.16  135.58
 102.94  130.89
 103.31  146.73
 105.82  135.44
 106.75  127.85
 107.55  145.68
 107.59  168.95
 109.20  142.63
 111.45  124.35
 112.08  144.47
 112.50  127.34
 113.61  133.62
 116.24  127.96
 117.70  139.68
 119.05  125.65
 121.55  161.48
 122.90  130.67
 125.39  134.90
 128.55  134.63
 129.14  135.55
 131.20  133.42
 132.69  137.11
 139.77  139.88
 140.35  137.15
 144.41  139.98
 153.94  145.65
 162.00  140.41
 163.84  137.08
 164.56  146.31
 175.27  142.00
 176.96  147.18
 179.67  129.19
 181.11  138.29
 181.13  149.77
 183.43  144.48
 184.66  140.96
 185.59  146.96
 186.54  127.47
 187.44  143.50
 188.83  167.34
 189.67  149.73
 190.62  124.87
 191.61  132.15
 193.53  114.57
 194.05  141.53
 194.57  127.05
 195.62  147.26
 195.89  138.25
 197.61  124.15
 198.59  146.06
 201.69  120.55
 202.49  148.95
 205.15  117.49
 206.79  121.11
 207.21  119.96
 210.26  184.85
 211.51  131.27
 212.21  117.24
 212.39  120.01
 215.46  137.65
 215.91   44.03
 216.26  117.65
 218.59  115.15
 220.98  118.43
 223.73  116.06
 226.25  118.33
 233.37  145.45
 233.68  111.50
 233.77  123.66
 234.25  117.92
 237.89  112.68
 238.16  112.97
 238.52  149.32
 240.40  109.28
 241.37  139.42
 241.58  123.17
 241.83  133.02
 242.05  144.78
 243.49  110.99
 243.64  135.87
 245.90  131.58
 246.34  109.20
 246.40  150.16
 246.64  102.22
