   7.36  137.01
   8.60  167.82
  14.65  153.45
  17.55  164.06
  17.82  115.99
  20.21  160.13
  21.03  132.07
  21.64  116.58
  27.23  114.93
  27.41  115.40
  30.42  113.49
  32.23  115.85
  35.00  113.62
  35.80  168.69
  37.36  183.76
  37.79  171.11
  39.10  114.92
  40.37  175.79
  40.54  180.29
  40.66  174.43
  42.26  113.39
  43.24  175.62
  43.69  144.92
  45.05  117.35
  45.42  168.24
  46.34  180.07
  48.62  117.01
  50.52  180.60
  54.06  118.09
  57.88  119.31
  59.19  128.38
  59.43  130.37
  60.94  116.83
  61.64  120.91
  63.34  119.04
  63.66  129.46
  66.50  116.24
  66.98  121.91
  67.52  126.39
  69.54  248.34
  70.10  117.69
  72.08  122.98
  72.61  132.31
  74.10  116.30
  74.65  175.79
  75.47  169.06
  76.36  176.34
  78.17  119.66
  78.48  244.81
  78.51  163.73
  79.30  176.96
  79.34  173.77
  80.77  115.98
  81.58  147.78
  82.34  120.29
  82.77  158.03
  83.37  152.18
  84.50  165.08
  84.74  123.18
  85.06  147.67
  85.32  116.34
  86.73  244.22
  86.74  120.52
  86.79  160.11
  88.17  117.95
  89.88  249.33
  90.29  130.44
  90.47  112.25
  94.70  115.78
  95.07  144.66
  97.30  146.88
  99.23  134.75
  99.25  128.53
 101.00  138.60
 101.39  126.69
 104.17  136.52
 104.29  112.19
 104.86  145.82
 110.94  116.26
 113.86  122.99
 115.38  117.09
 119.44  116.05
 125.50  144.64
 126.52  116.85
 127.05  130.35
 127.48  115.04
 129.61  145.50
 131.23  113.37
 133.46  136.94
 134.33  115.13
 134.38  131.88
 134.59  145.56
 136.65  143.93
 136.65  112.24
 138.62  114.98
 141.19  141.56
 141.21  113.77
 146.24  115.90
 146.30  119.58
 146.81  136.34
 147.61  111.82
 147.96  140.21
 149.50  133.64
 149.52  139.08
 149.97  117.73
 150.68  136.49
 152.50  115.68
 153.50  138.53
 157.56  114.85
 158.19  143.70
 158.47  120.01
 158.57  120.05
 159.45  142.40
 160.47  114.89
 162.47  114.06
 162.56  117.49
 164.99  113.06
 167.67  114.83
 168.52  117.61
 170.18  134.04
 174.59  152.30
 175.30  119.78
 176.88  114.36
 177.26  142.45
 178.76  112.09
 179.85  136.83
 181.26  114.08
 185.80  145.84
 186.23  141.64
 186.80  114.22
 186.99  153.76
 188.61  112.92
 190.90  114.44
 195.14  151.35
 195.42  113.31
 196.74  119.79
 199.60  116.14
 211.10  122.90
 212.48  115.30
 214.72  121.56
 218.03  124.01
 222.02  183.70
 229.82  177.71
 230.97  127.16
 235.07  142.76
 238.73  128.07
 242.08  129.56
 242.31  145.44
 245.03  151.99
 245.53  130.58
 246.84  128.11
