  10.52  148.89
  11.65  146.19
  12.78  153.32
  14.36  149.49
  14.45  143.76
  15.64  146.26
  16.93   94.78
  18.61   92.37
  18.70  155.40
  21.49   88.07
  21.92   92.07
  21.94  146.26
  22.43  149.73
  23.91  142.68
  24.65   88.38
  25.51   92.09
  25.87  105.07
  26.47  148.30
  26.76  144.28
  27.81   93.75
  30.21  148.15
  30.60   90.40
  30.85   86.80
  31.52   92.85
  31.60  142.90
  33.41  143.43
  34.72   94.30
  37.87  105.50
  39.19  121.30
  39.26   93.60
  39.38  229.51
  41.55   97.57
  41.57  123.55
  44.96   94.54
  48.12   97.51
  50.16   98.47
  57.17   97.91
  57.24  101.80
  60.92   98.88
  64.13   97.58
  64.51   93.43
  66.62  116.39
  68.50  120.06
  69.22   94.54
  76.17   91.49
  76.25   99.46
  83.21   94.42
  87.12   93.97
  87.56  241.67
  88.33  142.77
  89.14   96.17
  91.64  147.66
  93.41  117.19
  94.26   98.90
  98.35  238.07
 100.70  143.52
 101.27  100.48
 104.41  143.58
 104.59  238.26
 104.61  104.48
 105.59  234.27
 109.38  103.46
 109.63  142.50
 110.38  236.03
 112.64  142.42
 114.31  106.43
 114.64  229.87
 116.26  104.74
 116.74  109.86
 117.57  232.63
 118.85  106.86
 120.97   99.28
 121.84  109.36
 122.90  141.45
 125.83  145.45
 126.63  219.08
 127.39  106.98
 128.35  140.75
 128.63  105.67
 129.67  109.23
 130.61  225.53
 131.56  106.09
 134.29  101.45
 134.84  104.98
 136.90  106.06
 137.76  213.86
 141.92  100.60
 142.17  211.92
 146.09  101.43
 146.10  112.59
 150.45   97.87
 153.11  134.21
 156.20  204.91
 158.72  108.54
 160.06  202.99
 163.76  107.27
 164.00  141.01
 164.15  207.70
 164.43  200.61
 166.30  114.28
 166.55  113.50
 166.62  105.01
 166.86  137.22
 167.64  109.08
 169.08  138.17
 170.04  201.42
 171.74  203.73
 174.26  118.53
 175.67  134.44
 176.77  197.98
 177.64  114.50
 178.06  128.09
 178.28  116.50
 180.06  119.69
 180.88  139.96
 182.37  195.52
 182.81  116.44
 185.18  122.36
 185.38  123.97
 186.41  118.11
 187.88  115.16
 189.47  119.54
 192.19  193.08
 192.29  117.77
 192.56  187.14
 193.02  138.90
 200.26  186.19
 202.32  116.53
 203.09  113.18
 203.23  118.57
 203.76  122.73
 204.57  119.91
 204.64  183.95
 205.01  128.77
 206.96  117.81
 208.65  181.95
 208.84  120.47
 211.26  183.21
 211.31  118.41
 211.49  138.08
 216.06  118.79
 217.95  122.32
 220.32  175.91
 223.21  130.37
 224.55  173.81
 225.12  119.27
 227.84  126.66
 228.34  139.24
 229.83  122.74
 235.57  168.66
 235.73  135.85
 237.23  126.88
 239.25  117.39
 243.40  124.00
 245.92  126.92
