  11.33  129.86
  20.48  128.82
  21.05  136.84
  21.95  132.72
  23.88  128.59
  26.35  124.42
  28.87  125.83
  33.08  139.25
  33.38  123.80
  35.11  133.83
  37.74  125.00
  42.05  136.92
  42.76  123.43
  44.88  139.52
  47.23  141.48
  47.45  136.12
  47.92  127.14
  48.07  125.94
  49.15  141.60
  50.82  135.32
  51.59  128.97
  53.40  140.67
  53.57  126.47
  57.22  140.82
  58.14  156.75
  61.82  140.75
  62.78  133.76
  63.37  130.86
  67.42  126.79
  68.61  132.04
  71.91  125.21
  72.55  134.36
  75.02  137.60
  75.05  117.87
  75.73  117.33
  76.52  169.38
  79.64  130.55
  81.31  168.75
  81.71  114.16
  82.51  138.89
  83.12  173.29
  83.79  176.00
  84.76  113.41
  85.33  117.98
  86.76  145.95
  87.43  120.63
  87.96  110.28
  88.22  142.02
  88.44  115.34
  89.17  114.08
  89.26  105.73
  91.87  106.41
  93.53  104.67
  95.06  123.69
  96.04  123.94
  96.37  129.95
  97.03  102.14
 100.55   99.17
 101.30  100.29
 103.80  149.17
 109.16  140.77
 110.98  108.66
 112.62  132.28
 112.64  136.76
 113.68  105.70
 115.53  109.56
 116.83  140.98
 117.42  111.43
 118.92  132.41
 119.62  109.29
 119.69  136.68
 120.00  141.02
 120.93  119.28
 121.39  138.16
 122.95  142.44
 125.36  124.34
 127.36  108.47
 127.39  138.94
 130.42  111.84
 133.43  111.07
 133.54  113.80
 133.86  139.74
 134.85  123.14
 139.98  115.10
 143.13  113.45
 150.02  115.81
 153.84  140.19
 154.23  119.15
 157.40  224.48
 157.71  227.28
 157.96  227.38
 157.98  118.93
 160.61  224.37
 160.68  139.12
 161.45  129.95
 161.89  230.48
 163.78  234.85
 163.79  226.87
 163.92  125.95
 163.96  106.56
 164.31  116.70
 165.25  122.56
 165.38  223.95
 165.46  108.83
 167.62  230.45
 167.65   89.96
 168.06  226.89
 168.06  111.11
 168.17  234.93
 168.19   98.27
 168.76  105.12
 169.12  127.96
 169.52  114.51
 170.51  236.49
 170.81  118.14
 171.17  241.02
 171.32  239.70
 171.35  240.79
 172.39  121.77
 172.56  229.43
 173.84   83.80
 174.98   92.77
 175.84  109.35
 175.91   78.29
 176.13  139.62
 176.35  243.59
 176.45  240.94
 178.92   82.41
 179.75  238.17
 180.14  231.36
 180.47  235.00
 180.74  142.01
 181.93   84.31
 182.14  111.34
 182.48  245.14
 183.27   79.37
 187.34   77.95
 187.57   90.52
 188.63  110.47
 188.75  101.71
 189.31  119.86
 189.57   98.27
 189.87   80.91
 190.01   89.86
 190.28  123.75
 192.87   83.15
 192.94   80.54
 193.04   86.58
 193.14  119.45
 193.40  122.14
 193.56  107.33
 193.65  116.36
 193.91   93.82
 193.91  243.24
 194.37  125.78
 194.65   97.73
 195.48  102.23
 197.05  108.41
 198.56  104.60
 199.09  111.82
 199.23  246.56
 199.23  125.74
 199.50  243.86
 201.16  130.29
 201.83  120.38
 203.65  127.08
 205.06  247.71
 205.63  136.93
 205.78  129.85
 208.76  141.84
 214.72  129.93
 224.18  125.73
 227.74  126.41
 230.35  128.98
 232.95  126.38
 235.31  128.60
 237.26  126.17
 239.26  128.31
 246.92  125.78
 247.01  128.54
