  11.19  100.82
  14.92  101.54
  15.41  145.18
  15.59  149.17
  17.15  135.90
  19.16  151.46
  19.32  121.41
  20.73  105.44
  21.97  108.10
  22.73  110.79
  23.34  118.20
  25.80  233.19
  31.47  121.31
  31.48  115.26
  35.42  228.83
  35.97  118.14
  39.90  150.13
  41.33  117.60
  42.95  116.75
  45.10  122.05
  45.54   83.40
  46.24  149.94
  48.15  119.06
  51.29  120.80
  56.12   87.05
  56.41  129.01
  56.92  123.32
  57.79  213.25
  59.86  127.53
  63.39  127.68
  65.30  129.97
  67.65  206.58
  69.42  130.31
  69.78  137.39
  71.57  146.32
  76.11  133.70
  80.38  197.54
  81.93  134.03
  84.22  136.70
  88.16  135.12
  93.01  188.81
  94.31  136.10
 102.78  181.79
 106.52  179.34
 107.92  138.78
 109.20  177.40
 113.68  174.52
 115.91  143.29
 118.99  170.89
 124.83  143.00
 128.24  163.50
 130.48  161.91
 133.83  146.78
 134.25  134.51
 134.50  142.37
 137.69   88.09
 138.13  133.63
 140.39  143.54
 140.75  141.74
 141.36  134.60
 141.54  130.94
 142.10  150.73
 144.73  130.45
 146.21  137.80
 148.21  143.20
 149.86  132.48
 150.47  146.27
 151.27  128.65
 154.92  129.17
 157.45  141.11
 158.18  126.38
 158.79  146.56
 161.08  121.36
 161.21  141.70
 169.38  138.64
 170.20  142.61
 170.95  134.59
 172.29  145.22
 172.62  119.71
 175.24  115.23
 176.48  117.45
 179.39  141.27
 180.50  117.57
 181.53  143.20
 183.10  145.98
 184.38  114.80
 185.43  142.91
 186.40  134.78
 186.79  129.07
 187.32  117.07
 187.97  146.59
 188.84  111.50
 189.33  126.09
 191.59  108.56
 196.43  107.81
 196.74  145.88
 197.04  133.11
 197.89  104.25
 199.52  147.70
 199.78  113.40
 201.00  107.28
 201.84  122.28
 202.76  126.43
 202.96  100.65
 203.06  143.18
 203.39  133.41
 204.02  111.25
 206.77  117.21
 209.04  148.64
 209.08  105.31
 210.25  101.37
 211.10  124.77
 212.36  108.27
 212.50  144.74
 213.21  104.26
 216.45  110.50
 216.67  121.45
 217.48   97.64
 217.91  124.14
 218.04  118.40
 218.60  101.16
 219.04  107.22
 219.94  144.43
 220.22  116.13
 221.75  111.01
 222.26  102.00
 222.89  133.45
 223.00  138.26
 224.28  113.26
 224.60  118.03
 224.73  170.18
 225.28  131.56
 225.30  136.08
 225.59  144.08
 227.40  118.92
 227.54  129.77
 228.63  140.26
 229.27  139.77
 230.59  117.53
 230.91  181.82
 231.08  185.03
 231.18  138.77
 233.07  144.38
 233.84   96.91
 233.86  141.41
 234.91  140.52
 235.87  143.95
 236.47  187.00
 236.60  118.72
 237.25  141.28
 241.93   91.83
 242.12  141.02
 244.86  101.70
 247.27   92.91
 247.70  102.71
 248.52  147.34
