   7.75   81.78
   8.70   84.25
   8.82  137.28
  10.62   90.35
  11.85  106.45
  12.26   87.03
  14.53  113.18
  14.82   89.49
  15.82  103.51
  18.40   88.80
  18.42   93.41
  20.67   82.69
  22.88   94.25
  27.31  136.09
  27.76  181.66
  28.12  112.65
  30.68  139.53
  31.63  106.53
  32.22  103.73
  33.00  134.29
  37.15  135.65
  37.26  103.12
  37.73  128.55
  38.63  182.65
  38.99  133.61
  41.36  103.60
  41.80  125.87
  42.28  181.30
  42.38  115.59
  43.07  134.83
  43.38  145.64
  44.30  102.81
  44.99  127.66
  45.05  123.90
  45.52  147.84
  46.68   81.03
  47.55  126.66
  47.99  140.15
  48.34   85.22
  49.19  103.85
  49.60  133.02
  51.50  133.57
  52.27  144.44
  52.45   81.91
  53.22  106.69
  53.73  103.57
  58.47  106.07
  61.90  107.49
  65.74  131.86
  67.41  110.36
  67.83  107.36
  68.86  113.58
  70.95  135.27
  71.48  110.89
  72.52   67.67
  72.65   67.61
  73.28  113.51
  73.32  143.68
  73.74  141.15
  75.19  138.93
  76.09  111.16
  77.32  114.53
  77.66  137.67
  77.72   64.45
  78.43  161.70
  79.04  122.52
  79.43  146.13
  80.42  139.32
  81.03  112.95
  82.08   65.26
  82.10  137.03
  83.83  116.15
  87.10  133.15
  87.60  137.18
  88.47  121.32
  89.24  144.33
  89.26   65.21
  89.72  138.90
  90.83  118.34
  93.62  154.54
  95.75  147.20
  96.11  141.71
  97.96  126.11
  99.39  119.76
 100.77  149.34
 100.77  143.95
 103.86  140.41
 106.93  123.46
 110.42  126.07
 110.76  134.23
 111.84   72.50
 117.07  142.17
 117.45  142.03
 117.68  128.72
 120.64  144.44
 122.48  142.77
 122.57  125.79
 122.70   68.35
 124.17  134.02
 125.61  129.15
 130.06  143.40
 130.39  134.24
 130.86  137.63
 133.56  125.57
 134.94  135.36
 137.50  126.50
 137.88  122.42
 142.05  127.47
 142.15  123.64
 145.23  121.00
 145.75  119.41
 149.35  117.22
 149.93  127.93
 150.04  120.92
 150.88  133.89
 152.00  154.27
 152.89  111.94
 154.18  120.71
 156.33  124.01
 156.71  127.90
 158.15  135.42
 160.99  106.36
 162.02  133.83
 162.09  161.86
 162.35  102.87
 162.69  114.28
 163.75  122.50
 165.53  104.46
 165.72   96.48
 166.67  130.26
 167.09  124.51
 168.05  104.80
 168.71   98.80
 168.88  120.92
 170.80  126.52
 170.80  126.41
 171.06  130.30
 172.15   87.40
 172.40   96.28
 172.89  138.56
 174.42  124.12
 175.02  129.96
 176.11   87.04
 177.54  139.35
 177.67  127.11
 177.88   83.77
 179.55   82.03
 181.17   85.08
 181.28  174.47
 181.32  181.23
 181.52   81.45
 181.63  177.52
 183.90  183.38
 185.13   83.01
 187.46  141.62
 187.54  132.69
 188.21  182.16
 188.49  182.35
 190.30  134.73
 190.80   71.27
 191.90   80.15
 194.66  131.61
 196.02  139.31
 197.71   73.69
 199.51  111.42
 199.58   78.25
 200.43  126.55
 200.72  120.56
 200.99  142.43
 201.05  137.99
 201.10  134.38
 203.34  129.04
 203.36  119.80
 203.46  144.71
 203.54  132.30
 203.58  106.61
 203.90   98.32
 205.96  111.96
 206.42  127.94
 206.44  118.06
 206.71   75.84
 206.95  142.51
 207.71   79.05
 210.03  119.06
 210.20  132.36
 210.39  144.31
 211.04   77.29
 212.20  134.33
 212.70  119.73
 212.97  142.29
 213.31  106.81
 215.03  124.03
 215.79   76.18
 218.09   77.51
 218.67   92.40
 218.95  138.41
 219.00  140.90
 219.41  108.94
 220.97  113.44
 221.27   99.19
 222.04  102.37
 222.97   79.11
 224.89   90.68
 225.55  109.16
 226.68  126.98
 227.40  118.76
 227.70  117.20
 228.23   74.22
 228.36  124.44
 228.39   77.89
 230.33  114.84
 231.79   74.03
 231.83  117.76
 234.20   74.16
 234.38  102.20
 234.78   96.75
 235.86  128.33
 235.94  122.82
 238.15   76.33
 238.36  128.34
 238.57   89.88
 240.09   78.93
 240.70   84.24
 241.03  103.52
 241.95  136.24
 243.13   86.34
 244.30   95.85
 244.52  107.47
 245.51  137.26
 247.42  103.25
 247.42   86.86
 247.87  137.33
 247.94   75.62
