   7.20  145.05
   8.19  142.34
   9.55  161.04
  11.32  125.20
  11.43  169.84
  11.56  149.81
  14.34  153.28
  14.76  142.60
  15.48  196.59
  15.88  183.77
  18.50  201.97
  18.63  145.89
  18.85  153.12
  19.41  122.87
  20.71  204.56
  22.23  153.29
  23.70  201.58
  24.43  188.81
  26.71  186.62
  30.96  173.35
  32.58  165.83
  34.08  127.46
  36.89  124.79
  37.51  138.54
  39.74  142.11
  40.09  127.41
  40.36  135.54
  41.08  156.36
  43.12  133.38
  43.52  139.71
  44.06  125.41
  45.59  151.60
  45.76   91.36
  46.00  137.59
  47.73  115.93
  48.04   87.61
  48.59  127.15
  48.98  133.58
  50.46  114.03
  51.51  135.35
  54.60  156.79
  55.77  127.40
  58.85  125.64
  60.95  128.10
  61.57  157.36
  63.83  158.06
  64.55  126.48
  69.23  128.82
  71.67  155.38
  74.12  152.97
  74.78  126.84
  77.26  156.04
  78.75  126.86
  78.80  129.76
  85.88  137.76
  95.37  149.51
 104.30  137.27
 106.34  161.39
 107.95  143.81
 108.30  148.74
 109.59  137.41
 110.86  140.50
 111.76  137.56
 111.88  144.06
 113.58  142.36
 114.37  146.08
 114.70  157.05
 115.58  150.41
 115.85  154.82
 116.20  142.12
 117.23  160.20
 118.16  131.47
 119.58  140.54
 119.60  140.47
 123.02  130.92
 123.49  142.50
 129.05  140.63
 129.40  148.08
 132.58  148.83
 139.83  149.72
 140.29  130.16
 144.68  141.87
 155.68  130.07
 161.81  153.00
 162.62  144.92
 164.57  130.37
 165.21   90.66
 166.57   91.10
 167.46  144.84
 171.59  153.50
 173.26   91.20
 180.53   92.91
 180.68  154.13
 184.54  149.10
 187.14   94.17
 187.24  130.59
 188.10  154.83
 192.22  155.55
 196.44  129.87
 198.28  145.78
 198.80  145.54
 202.88  125.71
 202.95  146.62
 204.73  129.52
 205.70  148.17
 206.95  139.31
 211.61  144.47
 212.54  152.13
 212.93  148.83
 215.14  130.38
 218.04  146.04
 218.87  146.26
 220.25  129.83
 220.32  132.89
 221.44  135.32
 224.40  147.58
 224.40  130.41
 224.53  135.66
 228.17  135.53
 230.47  127.14
 230.90  129.33
 235.27  149.76
 237.67  129.45
 237.73  144.67
 239.34  135.89
 242.14  132.85
 243.06  135.84
 244.61  155.32
 244.82  130.28
 246.64  135.88
