  10.48  169.86
  11.10   95.03
  11.17   45.17
  12.44  166.80
  13.90   93.11
  15.51  169.36
  17.26  172.13
  18.10   45.14
  19.16  169.91
  22.00   81.41
  24.78   45.93
  24.81  106.88
  25.82  163.77
  26.00  103.92
  27.73   99.59
  30.28   48.23
  30.46  103.57
  30.51   48.27
  31.74  170.58
  32.39  106.08
  33.14  167.62
  35.71  104.02
  37.48  107.17
  39.55  163.55
  44.79  167.37
  44.89  107.22
  47.00  110.10
  47.97  162.65
  53.93  162.60
  55.27  166.67
  57.02  160.47
  57.04  110.33
  61.24  108.17
  61.57  163.76
  63.55  166.31
  69.22  107.12
  71.16  110.28
  75.01  166.19
  76.99  110.24
  79.02  165.74
  79.63   40.18
  81.42  112.70
  84.73  110.29
  87.70  111.62
  88.75   33.17
  93.13  165.43
  93.19  118.30
  95.62  168.13
  96.68  109.08
  97.29  113.44
  99.28  167.98
 100.36  164.82
 102.89   33.45
 103.06  244.62
 105.29  112.12
 105.63  158.48
 106.59  167.67
 109.42  162.49
 111.48  113.06
 112.07  164.00
 114.55  114.09
 114.76  116.88
 119.65  116.11
 123.59  116.88
 126.56  119.64
 130.47  111.09
 130.94  118.83
 133.80  120.66
 135.56  228.71
 135.74  118.33
 137.80  122.37
 138.89  119.44
 139.84  144.25
 145.89  121.31
 150.91  164.88
 153.18  124.99
 154.95  127.65
 156.60  130.79
 164.08  130.16
 164.55  125.54
 165.33  133.25
 170.07  133.32
 174.45  138.16
 176.23  134.96
 180.25  147.11
 183.31  158.08
 185.21  145.80
 185.80  149.58
 188.64  136.12
 189.30  170.81
 189.42  166.74
 190.61  146.07
 193.27  147.92
 194.23  151.20
 195.09  165.93
 199.16  165.60
 199.19  145.52
 201.34  157.04
 203.37  170.20
 206.21  146.70
 206.93  188.75
 209.26  146.97
 210.05  143.93
 213.44  185.58
 213.90  146.09
 215.85  153.96
 224.68  149.09
 226.40  146.65
 228.04  149.05
 228.68  164.12
 231.41  163.93
 231.94  149.81
 243.48  163.43
 245.01  152.92
