  10.70  144.36
  15.52  132.06
  18.89  134.13
  19.32  135.06
  20.51  153.79
  22.87  135.07
  23.74  131.47
  24.44  220.96
  25.72  143.74
  27.26  158.20
  28.38  227.06
  31.70  135.29
  32.89  143.02
  33.10  140.09
  35.38  132.43
  37.35  134.57
  37.78  129.36
  38.25  126.77
  40.16  132.40
  42.36  135.09
  42.75  193.63
  43.36  141.30
  46.04  133.50
  47.77  136.08
  49.24  133.48
  52.33  133.44
  52.90  138.03
  59.59  133.33
  62.47  136.24
  62.47  140.78
  63.41  223.92
  64.67  132.65
  68.87   52.89
  69.20  223.72
  69.84  230.67
  69.97  137.41
  70.44  141.81
  70.71  146.21
  74.72  145.94
  76.20  133.26
  76.58  150.69
  77.53  140.14
  80.09  138.79
  80.99  134.07
  82.49  146.06
  82.82  222.65
  82.83  241.21
  85.54  133.02
  87.72  146.63
  88.39  133.86
  89.43  228.39
  90.92  236.38
  91.16  243.42
  91.34  239.88
  93.11  150.66
  94.48  225.49
  94.85  154.37
  96.16  133.69
  98.45  143.40
  98.45  238.47
  98.50  241.90
  99.32  137.51
 100.81  215.91
 102.97  145.27
 106.98  137.51
 111.43  145.16
 111.74  176.64
 113.00  138.72
 113.77  225.72
 114.27  141.67
 114.29  135.23
 114.98  227.96
 115.26  216.26
 115.57  149.76
 120.05  137.89
 120.44  149.46
 120.57  223.57
 127.76  148.90
 128.46  226.03
 128.56  223.54
 128.88  136.79
 132.27  216.21
 132.49  141.95
 137.60  143.43
 137.96  136.73
 142.72  136.86
 146.39  138.46
 150.92   55.61
 152.24  231.29
 154.49  138.92
 155.78  147.18
 157.65  232.69
 157.77  142.26
 160.02  240.36
 163.09  145.46
 163.28  134.04
 166.37  145.17
 166.99  138.42
 167.08  240.76
 167.50  130.96
 169.16  141.34
 170.39  155.93
 172.09  136.04
 173.29  141.48
 174.94   52.75
 175.17  137.90
 176.22  145.30
 179.34  137.57
 183.63  146.62
 183.86  142.43
 185.08  137.86
 187.67   53.71
 188.22  153.34
 188.83  134.88
 190.00  149.85
 190.27   55.71
 191.76  138.61
 192.30  228.95
 192.49  141.51
 194.45   55.02
 195.00  141.75
 195.15  238.85
 195.25  136.58
 195.45  245.08
 195.69  153.94
 197.60  145.07
 198.48  148.96
 198.70  144.86
 200.63  153.16
 203.94  152.10
 205.58  144.89
 207.11  137.45
 209.66  142.68
 211.24  145.38
 211.93  150.63
 213.39  147.61
 217.61   51.26
 218.96  148.99
 225.37   48.02
 225.57  138.10
 227.49  143.42
 228.18  138.59
 231.64  138.97
 235.66  228.96
 236.00  142.49
 236.88  221.72
 239.90  145.95
 240.44  146.25
 240.90  147.13
