   7.06  162.31
   8.11  173.28
   8.25  169.05
   9.96  145.03
  10.40  129.99
  10.81  111.01
  10.86  114.44
  11.19  174.24
  15.73  111.33
  16.31  122.55
  17.16  110.68
  17.54  116.02
  18.49  127.63
  20.63  120.55
  22.12  114.57
  22.93  163.05
  23.32  123.90
  25.19  171.87
  25.32  149.40
  26.39  125.95
  27.40  115.59
  27.43  159.79
  29.67  124.20
  31.07  170.90
  33.00  173.24
  33.78  117.11
  33.92  122.55
  35.80  114.46
  40.53  158.40
  40.81  158.43
  41.31  112.75
  41.94  136.12
  44.18  113.25
  47.04  109.27
  49.11  157.37
  51.90  167.20
  53.62  167.48
  53.75  156.89
  57.93  108.47
  58.15  156.32
  58.54  164.72
  61.66  165.77
  64.08  137.38
  64.15  155.74
  70.82  111.90
  70.96  140.70
  71.17  161.64
  73.98  113.51
  79.21  116.96
  80.12  135.02
  81.76  118.25
  83.19  139.81
  83.35  153.76
  83.59  120.12
  86.42  113.60
  87.73  118.33
  88.27  108.11
  88.34  120.79
  89.90  138.85
  90.97  121.65
  93.06  118.11
  93.43  152.76
  97.68  117.94
  98.31  121.21
 103.09  115.27
 105.40  141.05
 108.39  150.12
 108.47  119.49
 109.08  116.61
 113.58  150.41
 114.82  144.25
 118.62  138.92
 119.24  157.36
 120.10  117.99
 122.25  115.88
 125.20  119.14
 126.51  139.44
 128.60  120.10
 138.02  146.43
 140.45  116.82
 142.17  120.60
 144.17  138.59
 149.15  120.71
 150.84  112.19
 154.06  127.86
 159.52  120.76
 163.35  118.45
 167.97  119.32
 169.54  116.92
 170.84  134.93
 173.34  117.09
 174.76  119.50
 175.81  133.77
 178.67  121.01
 179.83  134.63
 184.89  141.06
 185.43  174.50
 188.33  172.59
 192.04  132.24
 194.29  172.04
 195.21  127.83
 195.58  119.61
 197.20  144.44
 198.22  128.24
 198.77  119.07
 199.45  122.72
 199.79  138.72
 203.27  131.51
 204.48  128.98
 205.08  137.60
 205.18  136.03
 205.38  142.44
 210.50  128.58
 212.00  125.46
 212.61   65.03
 215.63  157.67
 217.32  128.02
 219.97  133.95
 221.43  130.22
 237.19  110.51
