  12.97  171.95
  17.43  171.50
  18.58  229.45
  21.76  168.17
  25.77  224.35
  26.61  169.59
  28.54  222.33
  31.71  170.11
  33.83  218.34
  34.25  171.58
  38.73  150.55
  39.23  170.88
  42.44  145.36
  45.62  169.57
  46.14  148.32
  50.77  209.43
  53.00  169.71
  53.82  171.32
  56.89  204.67
  58.04  206.76
  60.29  202.08
  63.01  168.72
  63.33  168.68
  65.47  172.44
  69.92  175.48
  73.47  167.45
  78.19  174.50
 107.53  169.97
 110.82  168.66
 111.33  145.52
 111.89  149.00
 116.42  169.26
 121.42  166.62
 133.05  146.99
 136.10  167.45
 143.82  167.39
 145.28  142.81
 149.37  138.52
 151.41  141.47
 160.56  159.39
 170.65  135.84
 171.95  159.37
 173.88  166.58
 175.74  138.70
 177.52  159.07
 181.17  159.71
 189.46  159.46
 193.60  157.23
 204.14  173.31
 206.79  180.14
 206.84  176.32
 207.38  173.44
 208.25  144.38
 210.41  127.62
 211.10  136.22
 212.27  174.66
 213.34  151.06
 214.58  134.27
 216.65  148.06
 219.22  175.18
 223.96  146.82
 224.99  124.55
 227.47  244.40
 229.60  126.26
 229.94  126.58
 229.99  173.13
 230.79  178.24
 235.07  145.73
 238.50  130.32
 239.09  146.37
 240.14  134.99
 242.72  124.42
 243.28  144.90
 243.53  137.04
 245.12  135.85
