  10.68  204.02
  10.74  112.35
  14.58  206.44
  15.50  202.92
  17.64  179.36
  20.46  201.39
  24.35  203.16
  25.74  197.04
  37.08  107.56
  38.14  129.56
  42.75  130.47
  43.43  155.52
  43.85  114.01
  46.97  191.16
  47.38  102.89
  48.04  123.06
  49.38  193.54
  50.91  189.36
  51.98  157.96
  53.56  161.86
  54.51  155.70
  54.96  119.31
  56.15  159.37
  56.15  107.24
  56.87  112.88
  57.76  163.80
  59.76  111.95
  60.46  162.97
  61.84  183.43
  64.16  113.02
  66.40  185.15
  66.73  176.13
  66.98  180.15
  67.05  180.50
  70.31  143.94
  71.12  110.81
  75.16  112.47
  78.13  178.15
  80.15  112.32
  84.50  170.27
  85.19  173.48
  85.50  115.96
  87.53  112.99
  87.94  154.76
  89.51  170.90
  89.79  166.28
  93.54  184.11
  95.53  138.54
  95.66  109.98
  95.72  155.00
  95.79  167.46
  96.36  113.84
  97.68  116.40
  98.45  121.04
  99.72  164.71
  99.90  162.01
 101.34  157.22
 104.60  162.40
 105.02  115.80
 108.06  155.78
 114.59  155.44
 114.95  111.49
 115.61  151.59
 116.84  140.71
 118.03  148.54
 122.67  127.70
 123.17  150.42
 125.88  145.27
 130.32  143.43
 133.67  117.43
 136.71  125.65
 138.56  115.24
 139.77  132.56
 144.34  132.63
 145.47  225.18
 146.43  120.79
 147.37  127.02
 151.63  115.81
 152.32  126.10
 153.96  123.13
 154.11  208.91
 155.07  116.42
 156.28  147.48
 156.45  116.53
 157.30  194.22
 157.94  149.96
 158.29  146.72
 159.87  182.55
 160.22  161.91
 160.50  161.76
 161.93  122.85
 161.96  133.61
 164.61  120.24
 164.62  115.53
 166.30  158.09
 168.40  160.99
 168.91  123.05
 169.25  165.80
 169.26  245.69
 169.29  155.62
 170.32  147.36
 170.58  131.66
 172.15  127.16
 172.20  127.25
 173.45  135.08
 174.69  153.77
 175.46  162.35
 176.87  168.27
 179.14  123.23
 179.25  127.16
 181.49  148.94
 182.30  155.08
 184.20  159.03
 184.86  114.04
 186.38  187.01
 187.48  205.83
 189.29  196.99
 189.96  168.30
 191.00  202.32
 191.34  212.52
 192.45  214.61
 193.12  153.10
 193.25  208.85
 194.16  219.05
 195.52  213.26
 197.45  121.17
 197.59  225.32
 198.67  114.37
 199.37  232.10
 199.75  229.05
 201.42  112.60
 201.49  149.41
 202.50  235.92
 202.66  225.63
 202.81  231.98
 203.04  117.04
 204.76  238.49
 205.15  234.84
 205.78  228.91
 207.75  119.30
 208.40  238.74
 208.65  149.50
 208.67  242.23
 209.83  114.44
 211.63  232.43
 211.82  232.41
 212.65  173.07
 212.94  237.95
 214.82  235.24
 214.92  144.50
 216.66  155.69
 217.19  115.17
 218.84  156.00
 219.45  118.44
 222.15  156.45
 223.33  114.96
 224.85  110.15
 228.46  245.91
 228.47  138.80
 231.03  114.05
 237.50  168.46
 237.86  164.16
 241.73  199.82
 242.26  167.45
 242.46  197.20
 246.35  113.08
