   6.92  129.86
   7.08  136.79
   9.83  128.98
  10.42  121.93
  14.95  120.77
  17.97  129.96
  18.97  124.76
  21.12  132.14
  29.83  131.18
  30.08  138.19
  30.11  247.52
  37.58  241.73
  43.39  163.63
  47.52  162.01
  49.51  134.35
  51.02  121.52
  51.25  125.34
  51.29  160.26
  54.54  121.41
  55.45  135.76
  56.35  158.07
  66.55  226.78
  66.92  133.37
  77.20  151.08
  84.73  186.53
  89.08  185.27
  90.55  131.90
  94.10  145.34
  95.66  138.34
  98.88  168.10
 101.98  135.37
 102.86  138.16
 104.67  235.18
 117.27  161.74
 118.31  135.23
 125.85  207.64
 130.08  136.65
 130.27  133.55
 133.62  153.89
 137.20  183.05
 137.48  137.75
 139.95  127.65
 142.40   34.63
 143.56  117.08
 144.43  159.16
 146.01  135.35
 147.02  184.35
 147.52  182.68
 148.24  197.95
 148.77  118.03
 149.01  124.29
 149.33  186.26
 150.35  130.92
 150.49  181.70
 150.62  142.70
 150.95  217.45
 152.31  186.50
 153.38  211.47
 153.58  133.28
 153.74  116.56
 154.88  229.62
 156.51  194.22
 157.21  136.45
 158.24  194.51
 158.25  194.20
 160.54  248.94
 161.00  226.86
 162.01  212.12
 163.13  183.03
 164.51  133.93
 165.37  245.18
 166.75  231.83
 169.52  136.32
 181.32  134.04
 182.03  138.00
 186.07  140.33
 186.96  142.20
 187.10  248.12
 188.15  245.07
 189.23   63.72
 193.18  137.51
 196.47  133.08
 197.23  143.08
 199.82  135.02
 201.60  140.43
 208.29  134.64
 209.98  133.52
 211.37  131.03
 213.32  134.68
 214.54  128.27
 214.73  142.09
 214.88  132.08
 217.69  133.89
 219.78  143.36
 222.84  135.44
 227.44  139.36
 229.77  145.51
 232.41  141.67
 233.32  132.87
 234.30  145.59
 235.87  130.35
 238.65  213.03
 240.60  128.50
 240.71  136.35
 242.61  145.69
 245.99  138.78
