   7.33  100.80
  12.91   95.26
  16.61   96.63
  19.55   93.12
  25.14  141.14
  25.96   93.22
  31.61   94.59
  32.88  139.41
  35.92  138.28
  39.43   95.17
  40.76  138.34
  41.64   92.88
  44.89  137.06
  45.62   98.68
  49.77   96.84
  54.46  135.44
  59.26   95.96
  59.56   93.62
  60.77  103.04
  63.40  165.90
  63.43  134.13
  65.38  102.22
  66.79  164.26
  79.91  101.78
  83.40  154.09
  83.50  130.70
  83.74  103.86
  93.02  108.11
  97.54  122.18
  99.69  115.39
 104.00  122.10
 105.20  125.76
 107.94  121.42
 111.45  116.76
 112.32  124.95
 117.95  129.57
 122.59  137.60
 123.32  131.03
 125.01  134.03
 126.62  135.33
 130.43  132.71
 134.87  135.48
 137.65  134.83
 139.57  138.06
 141.88  131.24
 142.80  112.03
 146.13  135.95
 149.94  109.35
 152.00  104.88
 155.93  100.18
 156.48  103.73
 164.23   94.52
 169.27   93.77
 181.40   94.48
 195.23   91.94
 202.89  121.87
 203.97  123.82
 206.59   90.65
 209.20   88.97
 212.95  220.20
 218.11   84.22
 220.94   90.47
 221.77   85.76
 227.30   83.77
 230.24   84.91
 245.25   68.25
 245.69   75.65
 249.34   69.28
