   8.92   73.06
   9.07   77.45
   9.63   80.93
  11.19   84.30
  11.69  129.06
  12.13   78.05
  13.21  126.08
  13.29  175.06
  13.40   96.39
  13.47   91.96
  13.76   87.67
  14.93  172.62
  15.49   68.45
  15.89  180.61
  16.59   94.29
  17.07  161.55
  17.55  179.29
  18.62  176.23
  19.67  182.77
  21.25  177.48
  21.71  166.81
  23.20  202.54
  23.26  180.26
  23.34  174.86
  25.75  136.37
  26.18  176.87
  26.33  129.32
  26.46  180.47
  26.78  176.58
  27.07  165.28
  27.21  170.93
  27.43  114.84
  29.00  130.96
  29.22  127.77
  29.64  117.66
  30.65  201.82
  31.74  129.27
  31.85  124.70
  32.24  168.78
  32.35  162.14
  33.56  179.31
  35.55  169.00
  35.58  201.11
  37.83  178.09
  39.44  171.60
  40.11  180.36
  41.17  183.24
  48.78  176.82
  49.11  192.84
  49.32  190.38
  55.82  183.64
  56.74  182.58
  58.45  195.95
  59.98  189.98
  60.70  158.22
  60.95  161.12
  61.49  176.72
  63.66  190.77
  66.09  182.09
  67.56  187.88
  68.31  138.55
  72.73  138.46
  75.13  129.15
  76.65  186.49
  76.99  188.45
  78.92  140.74
  79.02  173.82
  83.05  179.80
  86.26  151.34
  87.27  184.54
  87.75  148.74
  89.98  191.16
  91.75  180.70
  91.82  177.63
  92.49  187.52
  94.46  178.43
  95.33  148.10
  97.99  150.96
  98.28  193.39
  99.69  176.93
 100.34  132.44
 100.73  181.49
 100.73  188.54
 102.67  176.13
 104.51  186.92
 108.59  154.00
 124.51  190.92
 127.97  178.43
 133.26  156.67
 133.64  187.33
 134.33  195.36
 142.70  194.70
 142.93  191.23
 148.88  191.41
 150.35  158.57
 152.52  185.38
 153.34  190.43
 153.88  168.73
 154.36  179.39
 157.18  176.95
 157.88  168.27
 158.47  177.20
 161.00  188.20
 161.32  171.62
 163.66  199.77
 164.77  187.84
 165.65  190.57
 166.65  176.97
 168.35  159.72
 168.46  201.01
 172.56  187.21
 172.71  183.57
 172.78  189.66
 173.11  176.37
 173.15  163.35
 175.24  179.79
 176.89  176.25
 177.30  168.60
 177.40  201.87
 178.25  198.86
 178.41  135.51
 178.49  184.52
 181.21  201.57
 182.27  186.62
 183.05  172.49
 184.34  169.84
 185.59  185.08
 185.62  195.46
 185.78  159.85
 185.80  152.59
 185.80  172.80
 187.57  199.12
 187.65  186.78
 190.51  180.86
 192.18  197.82
 192.31  152.07
 192.87  192.66
 193.66  185.13
 195.20  189.55
 199.63  198.26
 200.63  159.67
 201.78  239.67
 202.87  194.68
 209.87  217.57
 212.60  151.31
 213.39  194.19
 213.66  163.50
 218.77  189.36
 220.41  188.98
 220.87  153.22
 221.05  192.61
 222.74  185.78
 224.75  161.28
 225.74  192.16
 229.99  181.56
 230.54  175.34
 230.55  175.33
 230.91  160.68
 231.54  157.13
 232.77  182.08
 233.46  185.83
 234.45  167.58
 235.37  188.67
 240.75  147.75
 242.36  166.32
 243.01  185.40
 246.27  133.82
 246.46  150.79
 247.10  180.46
 247.22  184.02
 248.33  177.66
