  18.66  169.36
  26.02  164.86
  34.34  165.05
  37.58  172.64
  41.02  165.53
  44.69  209.82
  54.12  161.26
  56.88  168.92
  65.52  195.00
  65.66  163.97
  66.03  176.20
  73.29  158.79
  75.59  165.27
  79.00  179.17
  79.90  173.15
  81.01  170.29
  81.47  176.65
  83.98  178.53
  85.49  182.16
  87.03  177.45
 101.05  177.72
 101.50  186.48
 105.73  170.85
 122.39  177.00
 123.99  173.63
 127.63  170.62
 130.27  176.50
 131.37  173.05
 134.23  176.17
 134.34  171.02
 139.22  170.71
 139.76  179.35
 142.09  179.12
 142.18  181.47
 147.54  186.23
 150.58  180.07
 151.94  186.13
 171.66  185.34
 179.15  220.31
 179.65  171.99
 188.55  150.74
 189.90  191.70
 191.01  183.40
 192.65  227.24
 196.43  171.98
 198.92  174.02
 200.64  188.03
 205.39  179.07
 207.31  146.03
 208.18  234.80
 208.93  234.95
 211.70  183.21
 212.80  178.44
 213.46  190.43
 214.44  180.76
 221.86  138.55
 224.98  153.03
 227.59  193.11
 229.60  143.41
 232.22  161.87
 233.52  150.48
 234.97  140.64
 235.45  146.15
 235.77  155.11
 240.24  138.21
 247.04  140.17
