   8.99  130.12
  10.56  181.38
  10.73  217.75
  15.98  181.88
  21.44  216.10
  23.54  182.47
  31.21  214.70
  35.41  182.99
  36.04  214.30
  42.21  213.61
  47.39  194.40
  63.60  213.88
  68.96  212.75
  73.84  245.23
  75.37  194.05
  76.66  146.73
  80.46  193.05
  84.65  194.29
  87.26  247.30
  91.08  248.42
  97.32  140.69
 124.35  140.25
 129.11  191.07
 131.82  137.47
 143.38  122.47
 148.34  185.04
 148.65  127.22
 156.21  141.81
 157.00  187.14
 159.45  175.66
 161.82  177.09
 165.01  210.86
 166.52  175.73
 166.58  116.81
 166.95  182.90
 168.99  209.05
 175.85  181.05
 182.97  131.87
 183.92  135.96
 190.50  179.99
 192.42  122.88
 197.19  123.35
 198.73  179.26
 203.33  123.05
 206.38  128.59
 207.07  184.41
 209.33  128.25
 211.69  183.91
 212.02  124.42
 213.61   85.44
 217.14  123.02
 220.30   84.41
 220.87   81.55
 223.55  180.23
 225.71  183.00
 229.37   79.11
 232.89  178.62
 233.72  187.87
 235.07  185.35
 235.28  181.89
 238.02  207.30
 240.70  167.42
 242.44  175.55
 242.52  175.78
 242.56   92.58
 242.74  185.86
 242.88  170.01
 243.04  181.10
 244.14   68.99
 245.39  216.31
