   8.32  176.54
  10.94  169.83
  11.03  173.12
  12.02  102.15
  16.59  216.62
  19.85  164.86
  21.36  110.55
  23.46  214.25
  23.51  214.22
  25.64  197.41
  26.52  202.13
  27.36   80.79
  28.32  169.96
  30.87  211.80
  30.90  211.79
  35.11  106.73
  37.23  209.45
  38.52  106.26
  40.52  164.31
  41.73  107.76
  43.41  105.56
  44.82  207.01
  45.51  189.09
  47.53  169.38
  49.71  202.85
  51.45  204.88
  51.83  164.43
  51.88   91.29
  53.76   92.08
  54.52  167.98
  58.28  162.34
  61.87  167.12
  62.09  195.72
  67.86  194.95
  69.95  198.40
  73.10  161.65
  73.33  183.27
  73.69  193.94
  74.29   98.56
  74.82   95.30
  77.41  118.52
  77.73  114.85
  81.86  187.68
  81.99  157.86
  82.72  194.07
  82.94  171.37
  84.76  159.74
  85.20  187.37
  88.21  194.30
  88.81  178.60
  92.02  187.32
  93.87  159.40
  95.58  189.31
  98.79  114.01
 100.89  118.63
 111.48  157.96
 116.20  179.70
 117.17   98.61
 117.34  181.29
 118.24  152.92
 119.54  121.63
 119.54  155.73
 122.16  158.84
 124.89   98.26
 129.24  123.18
 132.12  157.31
 132.86  136.80
 137.59  129.97
 143.48  111.55
 145.78  158.22
 148.83  115.34
 148.87  118.76
 153.46  158.00
 156.54  115.57
 157.70  155.51
 158.71  115.80
 180.58  118.46
 194.79  103.83
 198.53  116.81
 198.78  107.42
 200.71  169.57
 200.96  172.93
 204.12  162.07
 204.48  111.56
 207.10  159.84
 207.83  182.18
 208.03  178.98
 212.28  182.49
 212.71  163.34
 217.81  168.53
 219.33  158.53
 219.39  143.68
 221.91  126.24
 225.22  196.22
 225.76  188.77
 227.35  127.87
 228.52  194.12
 231.67  193.98
 233.66  130.27
 233.98  204.39
 234.28  170.02
 235.90  166.71
 236.74  197.93
 237.98  208.28
 239.46  164.60
 239.74  199.94
 239.94  203.88
 240.08  171.52
 243.00  167.95
 243.70  202.98
 245.89  217.95
