   7.39  161.16
  11.09  156.77
  11.48  160.44
  14.77  141.07
  15.86  160.01
  16.86  154.37
  17.69  145.17
  19.55  160.35
  22.11  141.10
  22.25  157.47
  23.91  153.86
  25.75  144.64
  27.17  162.50
  27.91  139.79
  28.46  135.00
  29.80  144.41
  30.08  156.51
  30.15  161.21
  32.60  150.55
  33.62  144.39
  35.56  149.42
  35.95  162.11
  38.41  165.38
  41.74  164.40
  43.09  156.03
  46.68  165.38
  48.04  134.55
  50.14  131.77
  52.13  134.28
  56.24  149.16
  60.36  139.61
  60.87  165.02
  61.58  138.30
  63.94  136.01
  63.98  161.08
  65.61  138.09
  67.97  135.10
  68.35  162.35
  70.24  139.45
  73.84  141.46
  77.85  163.14
  82.41  140.35
  87.00  157.24
  87.37  165.46
  88.67  160.88
  90.64  131.45
  95.79  141.72
  96.04  131.19
  97.89  136.43
  99.70  146.86
 101.37  129.59
 105.21  139.78
 106.23  126.54
 107.38  135.52
 108.47  157.52
 108.91  143.77
 110.52  160.31
 114.95  139.94
 115.90  162.10
 119.34  159.67
 120.38  162.66
 122.17  160.50
 123.84  139.86
 125.39  162.32
 128.61  155.79
 131.94  143.69
 134.06  148.45
 136.81  145.25
 138.86  136.50
 139.63  133.03
 143.74  146.93
 145.12  160.41
 147.29  138.63
 147.37  141.20
 149.61  143.60
 151.08  155.48
 151.33  150.36
 151.87  152.91
 152.21  145.96
 153.24  162.50
 158.73  150.21
 162.56  124.55
 163.02  143.30
 164.00  127.96
 164.92  145.65
 165.53  159.76
 167.16  127.33
 168.93  156.45
 169.13  139.56
 171.57  145.18
 172.99  153.13
 173.96  148.78
 175.95  152.77
 176.03  132.61
 177.10  118.58
 177.94  143.56
 178.54  152.46
 180.04  152.34
 180.50  145.03
 181.14  133.58
 182.95  139.03
 182.98  162.00
 184.09  159.11
 184.93  145.43
 185.44  135.54
 185.77  142.85
 188.55  146.94
 189.71  139.64
 191.77  145.15
 191.90  150.08
 194.13  143.34
 195.10  132.77
 198.59  139.46
 199.20  135.03
 199.83  122.24
 201.94  159.86
 202.01  124.65
 203.40  156.60
 203.48  131.50
 203.93  131.41
 205.51  161.75
 207.54  139.50
 212.04  155.16
 213.48  150.00
 214.17  122.07
 214.29  143.24
 215.45  135.24
 215.90  140.82
 216.86  119.59
 219.08  122.23
 219.87  157.86
 221.55  143.23
 221.89  134.71
 222.28  159.99
 223.95  138.52
 225.43  135.21
 225.99  143.12
 229.88  138.09
 230.28  143.87
 233.44  137.24
 241.19  135.55
 245.50  159.42
 246.48  132.80
 249.48  156.36
