   8.16  146.89
  11.65  182.21
  17.51  182.08
  19.23  145.23
  21.38  189.13
  21.70  148.12
  23.07  191.72
  23.85  144.46
  24.24  189.05
  24.83  174.86
  27.15  239.04
  30.27  143.61
  35.00  175.21
  35.90  144.38
  41.64  170.86
  42.07  159.27
  42.14  151.84
  43.46  141.18
  44.79  143.93
  44.80  137.99
  50.76  144.82
  51.59  186.45
  51.63  189.48
  52.78  138.15
  55.14  143.66
  56.39  141.06
  59.13  135.34
  59.34  128.32
  66.03  138.14
  68.93  150.13
  77.39  128.71
  86.21  151.93
  86.62  178.37
  94.67  181.12
  96.44  185.63
  99.87  162.50
 112.93  183.86
 113.19  158.57
 117.87  158.42
 120.91  141.39
 130.59  164.63
 131.55  129.79
 134.03  161.36
 135.89  157.07
 136.07  165.78
 137.79  128.52
 137.82  161.50
 139.14  165.77
 139.15  157.27
 141.76  167.11
 141.79  156.62
 141.99  164.08
 146.77  167.42
 150.43  168.38
 153.16  159.83
 174.44  149.55
 177.79  148.70
 196.83  117.54
 200.55  110.40
 205.90  167.81
 209.29  165.51
 210.62  167.99
 210.68  104.67
 210.99  195.64
 211.40  198.35
 216.56  101.07
 217.96  201.54
 220.89  203.71
 221.57  213.00
 223.33  214.06
 226.45  219.52
 229.22  216.18
 231.05  212.86
 236.28  214.49
 239.27  220.00
