  12.60  175.62
  17.74  207.76
  19.76  199.62
  20.77  181.23
  30.48  191.73
  32.06  180.91
  36.87  191.62
  41.06  166.73
  42.53  192.57
  45.49  194.26
  48.11  196.50
  51.87  204.62
  53.87  183.96
  59.23  180.54
  64.79  190.82
  68.49  197.59
  68.71  185.85
  69.58  193.87
  69.82  189.91
  72.09  193.57
  72.55  199.82
  74.26  196.55
  74.63  193.28
  78.91  179.38
  79.44  179.32
  82.37  183.87
  90.05  219.63
 112.25  177.69
 120.04  192.21
 127.83  198.95
 129.11  201.45
 136.96  192.09
 137.42  191.72
 139.34  185.03
 145.78  198.74
 151.26  191.37
 154.03  182.08
 173.64  183.32
 178.54  180.30
 179.42  184.59
 182.69  182.05
 186.85  179.60
 188.50  184.94
 195.90  174.09
 196.30  185.03
 197.47  217.63
 198.00  184.58
 199.83  189.06
 207.99  181.05
 217.00  190.24
 218.96  175.70
 219.18  170.76
 221.00  173.15
 221.15  181.19
 222.84  174.39
 223.00  174.45
 240.53  180.39
 242.31  187.76
 242.57  171.81
 246.25  160.90
