   7.49  171.45
   8.11  211.17
  11.53  195.94
  14.60  215.47
  16.07  139.95
  17.39  191.43
  19.76  141.79
  19.96  167.91
  20.21  157.09
  23.39  167.54
  23.51  163.22
  28.11  199.16
  28.95  206.80
  36.01  188.58
  36.77  124.34
  39.72  163.06
  39.85  201.44
  40.05  154.33
  40.37  196.95
  41.51  150.26
  41.80  143.73
  43.43  199.56
  46.22  136.27
  47.02  194.11
  48.79  161.97
  49.22  145.70
  49.45  154.12
  50.93  148.25
  50.93  142.85
  51.24  195.23
  52.20  161.48
  52.41  141.21
  54.47  181.22
  55.43  140.24
  55.68  193.53
  55.68  144.45
  56.29  154.75
  56.30  158.73
  57.43  168.68
  57.51  158.90
  58.86  191.71
  60.93  154.96
  64.50  159.24
  64.62  184.97
  65.81  176.54
  68.69  164.75
  69.05  156.95
  69.25  175.26
  70.30  159.64
  75.16  159.23
  78.15  167.52
  78.46  162.88
  79.73  159.35
  82.02  170.81
  82.22  162.06
  85.92  158.77
  86.18  173.69
  87.59  164.75
  88.72  133.03
  90.17  168.33
  91.38  160.78
  93.59  163.09
  96.03  169.32
  99.69  167.42
  99.72  164.37
  99.96  159.12
 102.82  166.02
 103.71  161.14
 106.84  157.73
 109.40  159.69
 113.89  151.44
 121.55  159.73
 127.47  159.14
 135.86  155.10
 136.30  159.06
 140.54  136.51
 142.03  161.73
 144.57  158.61
 144.80  158.60
 145.41  154.43
 145.58  154.23
 149.34  151.59
 152.94  177.10
 153.75  154.32
 163.65  155.42
 164.71  158.10
 166.75  156.89
 167.80  154.28
 167.83  150.20
 168.45  158.17
 170.46  161.04
 171.55  148.21
 171.72  190.05
 172.41  158.26
 173.43  149.07
 174.29  191.99
 177.84  193.67
 179.21  149.73
 179.87  148.57
 181.54  159.08
 196.65  153.88
 208.96  161.06
 210.64  164.57
 235.30  136.78
