   7.13  142.54
  13.92  146.83
  14.17  133.34
  14.40  144.00
  14.64  131.98
  16.89  125.86
  17.13  146.11
  19.52  129.99
  19.85  121.94
  20.76  167.85
  24.44  124.26
  28.64  135.92
  34.10  154.48
  34.30  163.30
  37.27  188.88
  40.57  159.09
  41.32  157.51
  45.02  136.24
  45.65  157.60
  48.13  118.84
  50.99  154.82
  51.67  158.50
  52.22  132.42
  54.25  188.24
  54.48  155.30
  56.77  155.58
  59.36  155.34
  59.52  159.84
  60.37  187.66
  61.26  158.53
  61.95  162.87
  62.84  165.41
  67.07  156.17
  83.33  162.41
  89.80  152.45
  93.13  156.53
  94.05  152.36
  95.27  161.29
  95.92  149.80
  98.62  148.34
  98.98  162.83
  99.67  151.80
 106.19  142.48
 109.27  140.84
 111.38  162.38
 111.95  156.48
 114.51  158.15
 114.66  182.04
 117.67  150.66
 118.28  155.16
 125.88  135.46
 128.92  164.08
 132.88  164.08
 136.74  153.40
 153.32  154.09
 154.48  161.51
 155.50  151.09
 156.73  156.70
 156.81  153.59
 158.85  162.02
 169.70  161.85
 182.21  159.21
 183.24  155.13
 184.17  161.63
 188.19  150.40
 188.20  146.83
 192.64  152.43
 195.69  149.36
 197.50  152.30
 200.47  152.01
 202.88  149.67
 205.41  148.19
 205.47  151.27
 205.49  156.15
 207.35  134.29
 209.39  155.05
 209.58  162.35
 210.02  151.61
 210.06  141.81
 210.12  144.69
 210.33   11.49
 212.14  154.15
 213.72  150.14
 213.91  156.66
 214.42  162.47
 217.96   11.65
 218.16  158.86
 220.64  154.07
 233.19  147.32
 233.39  142.85
 233.50  156.85
 235.63  159.49
