  10.25   89.70
  11.67  181.54
  12.13  162.06
  18.65  162.16
  19.44  131.15
  24.51  180.51
  26.60  162.68
  29.69  180.12
  30.94  177.39
  31.82  162.95
  36.33  163.25
  44.73  156.51
  45.14  133.32
  47.34  154.06
  49.77  169.50
  50.78  111.04
  51.21  113.88
  54.09  169.31
  55.84  109.41
  56.46  202.45
  56.71  102.56
  60.75  138.24
  63.04  113.64
  63.48  136.16
  66.09  115.57
  66.50  120.10
  68.96  115.88
  72.73  115.00
  77.49  119.11
  78.04  163.92
  81.28  163.47
  82.10  138.49
  83.05  117.66
  88.67  197.59
  94.00  157.60
 100.22  125.28
 102.93  124.02
 104.16  126.96
 106.20  157.47
 106.74  173.69
 107.36  125.78
 108.11  177.21
 111.40  155.00
 113.72  130.88
 117.54  157.91
 119.20  155.73
 121.15  175.82
 121.59  157.85
 124.29  141.35
 126.72  175.50
 131.45  174.97
 142.52  142.53
 143.44  136.63
 144.22  160.28
 145.29  158.89
 148.36  153.45
 150.60  137.68
 151.30  158.97
 159.11  138.86
 166.26  147.09
 166.37  137.14
 168.94  159.32
 170.24  165.21
 173.46  159.25
 173.52  222.80
 173.64  222.73
 177.98  159.53
 180.25  141.60
 183.02  159.66
 183.09  145.06
 183.66  156.40
 184.27  142.18
 186.60  221.30
 189.30  139.51
 190.78  211.60
 191.58  155.86
 191.84  141.53
 191.94  143.68
 194.41  160.30
 197.49  143.20
 197.72  156.49
 199.30  152.19
 200.93  157.42
 202.19  173.44
 203.28  205.51
 207.64  172.99
 208.53  155.17
 219.69  155.97
 223.58  169.99
 229.19  169.01
