  14.06  169.09
  24.76  247.95
  25.93  189.61
  32.60  168.17
  33.04  164.73
  37.16  184.88
  38.80  173.17
  45.35  197.94
  46.64  183.16
  47.91  172.81
  49.56  165.68
  55.79  170.45
  55.91  197.99
  57.45  177.41
  59.26  181.26
  63.08  164.06
  64.96  226.09
  65.29  197.32
  68.90  223.87
  73.92  197.32
  78.33  197.08
  80.13  157.54
  80.71  160.57
  82.08  195.72
  98.80  167.68
 103.42  160.61
 106.65  167.80
 107.77  190.55
 115.98  160.50
 117.94  187.21
 118.07  194.93
 118.19  197.26
 119.61  154.04
 121.18  174.94
 123.06  197.97
 123.95  157.06
 128.60  152.75
 131.23  161.96
 131.78  149.68
 132.10  200.25
 134.14  193.15
 135.44  166.94
 137.12  161.39
 139.99  193.40
 141.77  200.28
 145.66  153.82
 145.75  163.88
 147.38  197.26
 149.61  206.49
 150.55  196.93
 151.09  156.75
 154.29  128.97
 155.31  156.16
 159.82  161.39
 162.63  180.63
 164.21  155.23
 164.24  215.36
 165.18  183.07
 166.16  135.77
 166.30  148.26
 168.79  218.47
 168.84  221.41
 171.37  157.59
 175.39  147.67
 175.73  147.77
 190.01   90.44
 192.14  237.28
 195.48  235.64
 196.37  240.14
 197.69  117.07
 199.66  113.61
 201.05  238.87
 201.09  137.78
 206.15  103.29
 206.57  134.06
 211.08   94.86
 212.63  111.41
 215.07  132.18
 219.76  134.12
 226.40  143.64
 231.59  115.84
 236.22  137.83
 237.81  231.36
