   8.13  162.03
  10.67  223.02
  11.28  165.17
  16.11  178.10
  19.55  152.93
  22.71  178.00
  23.48  178.50
  27.71  178.66
  28.83  162.82
  29.62  177.68
  29.71  165.86
  31.08  219.08
  36.49  163.02
  38.00  249.23
  42.81  172.80
  42.87  189.74
  43.58  221.77
  46.79  174.06
  48.50  188.99
  49.62  182.44
  53.90  177.64
  58.48  188.67
  66.61  179.72
  68.60  225.88
  71.06  177.26
  71.44  176.48
  72.92  221.04
  75.54  186.03
  76.84  183.66
  77.18  180.16
  80.59  202.20
  80.78  202.16
  85.95  183.59
  85.96  183.63
  86.75  179.21
  89.94  205.32
  90.38  208.61
  96.35  200.09
  97.76  172.40
 104.61  182.78
 110.32  191.72
 111.97  177.53
 120.59  176.09
 131.67  176.34
 137.08  180.72
 137.94  173.12
 140.07  180.47
 141.66  172.93
 144.68  174.69
 151.96  178.63
 159.74  168.26
 159.90  173.66
 162.71  171.01
 171.92  191.84
 175.41  172.32
 177.72  192.15
 187.62   23.63
 189.45  204.62
 190.56  142.66
 191.53  167.43
 192.33  206.09
 192.87  159.87
 194.36  157.59
 194.79  177.90
 194.88  104.89
 194.89  186.04
 195.90  141.63
 196.14  144.60
 196.30  200.91
 197.37  146.46
 197.55  208.90
 198.25  157.89
 200.18  149.26
 200.92  210.96
 201.00  201.42
 202.65  201.06
 203.56  181.97
 204.83  153.10
 205.71  155.73
 206.27  213.80
 208.24  209.75
 208.53  178.60
 211.19  204.26
 211.80  131.93
 212.26  204.90
 215.57  218.74
 216.18  175.55
 218.27  112.62
 226.29  223.98
 230.81  226.47
 230.97  159.11
 235.44  229.00
 238.94  145.76
 241.49  231.86
 244.72  190.10
 247.06   88.70
