   8.49  174.86
   9.49  171.71
  11.74  140.81
  12.48  168.86
  18.08  168.94
  20.18  171.87
  22.73  134.29
  24.02  159.94
  26.55  130.57
  30.43  199.58
  30.69  140.98
  34.98  135.74
  38.39  163.67
  38.50  181.99
  42.38  178.86
  44.49  133.63
  46.30  136.02
  46.57  160.74
  47.14  164.10
  48.14  180.96
  51.53  135.83
  52.72  195.13
  53.28  180.31
  56.49  247.72
  56.72  160.76
  59.50  179.58
  60.32  246.01
  60.67  164.14
  61.21  193.49
  63.02  143.16
  63.05  177.08
  66.02  139.96
  68.07  164.73
  68.37  144.21
  68.55  249.17
  71.13  240.70
  71.35  247.47
  75.36  161.21
  76.25  248.26
  77.06  153.72
  77.63  136.64
  78.33  168.49
  79.08  236.97
  79.88  245.94
  80.06  159.55
  80.25  139.28
  80.35  142.50
  80.35  161.43
  80.55  152.51
  80.72  134.87
  82.86  154.75
  83.08  137.29
  83.21  235.17
  83.33  150.46
  83.56  165.88
  83.58  165.51
  84.03  243.81
  87.42  232.67
  88.05  141.63
  88.47  160.17
  90.98  154.11
  91.86  139.66
  92.13  161.59
  94.20  142.88
  94.79  165.37
  95.07  167.13
  95.55  228.84
  97.58  161.51
  98.43  235.97
  98.63  165.00
 101.06  165.43
 101.81  233.98
 102.05  228.34
 103.54  158.23
 104.49  144.79
 104.69  232.78
 107.49  151.36
 118.29  165.46
 118.99  143.23
 121.78  174.90
 122.17  161.50
 122.21  164.71
 131.98  177.59
 134.59  159.62
 138.29  157.40
 138.47  160.30
 146.87  174.71
 161.73  197.72
 161.79  194.82
 162.90  171.33
 165.74  195.73
 175.46  168.77
 178.75  167.57
 178.90  168.99
 184.54  184.72
 193.02  179.12
 197.16  161.42
 197.74  161.41
 197.85  157.79
 208.18  144.86
 218.75  165.67
 219.59  145.45
 220.71  168.34
 225.85  142.98
 227.54  145.51
 235.27  144.08
 238.99  146.49
 241.19  173.69
 241.39  173.81
 242.09  170.41
 242.32  143.40
 242.78  178.20
 245.20  146.04
 249.26  184.08
