  14.35  126.43
  20.12  120.57
  26.98  125.59
  33.24  191.04
  39.63  128.33
  44.58  198.78
  49.33  132.02
  52.02  202.04
  55.84  208.72
  57.62  201.02
  63.25  200.94
  66.58  144.65
  71.82  158.90
  72.86  156.74
  72.95  153.50
  76.54  194.93
  82.48  150.18
  84.73  187.37
  87.62  198.60
  89.29  196.78
  90.20  145.00
  90.51  151.89
  90.88  170.81
  93.03  186.17
  94.66  199.65
  96.53  179.58
 100.70  200.10
 101.02  180.71
 103.87  199.66
 105.16  200.98
 110.43  150.84
 111.83  160.46
 112.80  193.34
 114.32  150.94
 115.44  188.94
 117.06  200.71
 118.96  193.83
 123.48  193.05
 125.37  192.93
 128.78  144.08
 130.10  193.39
 134.55  197.42
 134.92  155.12
 138.92  159.08
 141.83  189.17
 144.01  222.27
 150.67  175.23
 151.01  190.01
 158.50  189.63
 160.95  172.58
 161.09  187.44
 162.23  181.05
 162.87  151.25
 164.41  137.34
 166.29  169.14
 167.30  176.96
 171.90  179.90
 172.98  170.83
 178.39  139.55
 181.10  181.27
 181.35  136.98
 185.76  192.88
 209.05  193.26
 210.58  194.16
 212.41  181.36
 214.42  126.55
 219.64  198.30
 219.93  195.26
 223.24   83.39
 226.11  196.76
 233.42  202.07
 238.58  203.89
 239.56   92.75
 243.87   90.67
 246.05   99.33
 246.41   95.72
