   7.90  167.19
  11.62  124.71
  12.75  167.30
  14.20  128.07
  38.14  125.96
  44.89  134.15
  50.84  134.55
  77.38  131.74
  82.40  148.64
  84.11  201.06
  88.53  195.10
  91.35  152.46
  91.65  196.40
  98.08  152.98
  98.39  153.98
 109.61  159.98
 113.72  157.62
 114.83  160.74
 115.76  135.58
 123.31  132.26
 123.52  138.38
 125.00  159.47
 128.09  157.70
 133.24  159.87
 140.00  140.02
 141.57  157.69
 143.83  139.41
 144.62  157.27
 148.83  153.43
 151.42  153.00
 155.01  157.48
 155.21  153.66
 163.97  155.93
 164.54  165.06
 169.76  166.20
 174.47  156.29
 174.77  143.54
 177.20  141.65
 181.95  138.75
 183.54  187.56
 187.38  141.59
 187.43  192.33
 188.74  147.44
 190.10  138.31
 193.20  169.11
 193.50  137.69
 194.47  163.56
 196.29  141.68
 197.20  135.89
 198.76  139.70
 199.55  168.23
 200.90  136.66
 204.75  136.41
 205.69  165.92
 210.07  140.02
 214.21  174.77
 214.54  134.35
 217.32  131.06
 221.44  176.02
 225.17  182.48
 226.62  177.01
 235.61  168.92
 238.58  171.67
 239.49  185.80
 239.52  136.72
 240.05  168.25
 241.35  182.04
 249.15  123.50
