  17.31  141.61
  18.41  134.89
  22.36  135.04
  25.82  141.44
  33.26  137.90
  35.56  140.18
  42.88  136.83
  43.35  133.72
  44.09  130.91
  64.50  138.02
  71.95  131.08
  93.17  140.88
 101.21  137.46
 104.57  132.63
 108.75  132.97
 110.74  137.13
 111.76  145.36
 116.41  141.35
 123.38  144.47
 139.16  140.67
 151.30  136.97
 158.67  140.58
 159.44  137.86
 163.76  137.97
 165.44  140.58
 166.45  121.97
 175.35  127.01
 178.11  124.71
 178.51  132.63
 179.53  135.55
 180.06  126.86
 181.10  133.34
 182.23  137.00
 182.63  120.69
 182.65  116.63
 183.45  141.16
 183.47  113.20
 184.15  104.18
 186.40  131.60
 186.44  106.42
 188.73  108.86
 188.79  139.48
 188.92  135.11
 192.71  131.75
 192.97  136.00
 195.61  118.24
 200.29  132.19
 200.83  135.84
 207.30  133.30
 211.95  141.13
 214.54  136.83
 216.33  138.17
 216.64  141.14
 218.55  132.35
 221.90  144.06
 222.25  114.60
 222.39  138.43
 222.55  117.63
 223.75  132.40
 224.04  116.14
 225.02  140.21
 225.36  122.28
 228.50  141.84
 228.98  132.62
 229.46  111.40
 231.12  115.27
 234.15  142.24
 235.02  115.49
 235.74  135.92
 237.50  133.04
 241.97  113.70
 242.42  130.49
 244.95  115.41
 247.96  107.58
