   9.37  188.12
  13.99  189.23
  21.98  187.73
  22.60  149.88
  23.87  161.45
  31.91  165.91
  34.95  153.65
  36.46  185.90
  37.42  175.88
  37.96  143.68
  38.50  191.30
  43.54  191.22
  47.06  176.15
  47.51  145.81
  55.49  189.96
  61.99  157.08
  62.50  210.98
  65.89  209.13
  67.63  179.56
  69.83  207.16
  71.91  174.40
  72.69  206.01
  73.48  181.41
  75.24  150.87
  75.25  150.78
  77.88  189.10
  78.27  181.85
  78.75  203.19
  79.77  188.20
  81.38  166.65
  81.46  188.44
  83.78  178.99
  84.09  173.80
  89.09  172.96
  90.51  155.44
  94.05  159.20
 101.11  171.94
 103.58  164.71
 113.07  160.76
 116.54  165.64
 126.05  167.46
 140.00  162.60
 146.61  172.03
 149.11  161.84
 150.62  179.55
 155.74  170.34
 156.49  171.96
 156.88  161.39
 164.58  168.73
 169.08  164.62
 171.43  176.48
 172.34  162.69
 178.50  157.54
 179.19  188.54
 181.06  161.43
 182.53  191.52
 182.60  165.53
 186.43  159.70
 192.96  159.23
 198.49  163.16
 199.09  158.88
 207.42  163.75
 208.85  208.39
 216.42  213.82
 220.81  217.06
 223.47  219.09
 226.02  220.92
 229.79  223.63
 237.91  232.79
 243.06  194.27
 249.31  238.45
