   9.93  149.57
  10.02  122.01
  11.55  124.94
  11.75   92.67
  13.21  129.45
  13.54  148.42
  14.99  112.60
  15.28  146.00
  16.28   57.04
  16.80   91.45
  18.36  122.92
  19.04   87.77
  19.29   81.47
  21.35  145.45
  22.50   44.37
  23.56  109.57
  24.24  150.33
  25.39   91.14
  25.89   44.40
  26.78  140.15
  27.06  107.45
  28.39   46.84
  29.63   68.37
  30.56  104.51
  31.31   48.20
  33.23  146.68
  33.54  108.17
  34.10  104.37
  34.20   48.20
  35.23  132.63
  35.39   91.94
  36.56   98.45
  37.07   50.41
  37.37   46.95
  37.68  134.78
  37.92  154.59
  38.08  103.43
  38.68  148.31
  39.12  130.32
  39.70   89.75
  40.01  132.90
  40.14   56.72
  41.53  135.22
  41.60  156.59
  41.89   81.15
  42.03  128.49
  43.78  148.27
  44.89  110.32
  45.61   68.84
  45.78  113.24
  47.15   92.19
  47.53  135.19
  47.93  137.54
  49.97  160.60
  50.07  156.84
  51.09  153.10
  52.58   82.36
  53.76  125.89
  54.12  146.24
  54.20  117.18
  54.27  146.27
  54.89  153.66
  56.15   85.12
  59.69  129.40
  60.82   78.20
  62.46  131.22
  67.29  137.64
  72.21  130.97
  75.45  152.68
  75.68  188.28
  79.05  103.04
  79.17  152.37
  79.72  183.42
  81.21  148.74
  82.32  152.45
  82.78  145.74
  83.49  181.84
  85.21  114.15
  88.08  129.96
  88.52  109.33
  89.05  145.40
  89.09  187.26
  89.46  117.27
  89.83  137.84
  91.23  152.10
  93.13  139.15
  94.38  129.36
  97.23  139.86
 100.04  138.63
 100.13  129.80
 100.21   92.45
 100.81  114.99
 100.88  174.70
 104.30  153.38
 104.38  173.19
 105.51  127.06
 106.16  152.63
 106.50  175.59
 107.38  145.26
 108.16  129.11
 108.52  132.66
 109.25  172.31
 109.29  126.63
 109.93  118.32
 110.09  174.74
 110.23  152.42
 110.87  137.35
 111.93  155.57
 113.02  129.60
 113.24  125.05
 114.09  137.21
 116.04  134.38
 116.27  139.62
 117.59  124.74
 120.96  124.58
 121.10  133.51
 123.14  136.45
 124.37  100.13
 125.01  101.59
 127.41  127.03
 130.11  105.83
 130.53  131.68
 136.09  134.73
 137.53  126.23
 138.33  130.72
 138.98  134.34
 142.01  133.49
 142.43  125.85
 144.84  111.07
 145.49  125.38
 148.84  132.52
 151.36  129.08
 153.07  125.16
 154.40  122.41
 154.76  128.63
 155.28  105.55
 156.13  124.86
 157.07  119.58
 158.23  113.07
 158.36  104.82
 160.95  150.20
 161.17  107.06
 161.47  112.97
 161.55  122.21
 161.76  106.12
 163.94  119.21
 164.85  151.33
 165.01  148.50
 165.25  115.86
 165.34  115.56
 166.63  109.41
 167.51  126.64
 169.70  129.03
 178.30  113.74
 185.42  117.55
 190.09  120.79
 190.90  117.22
 195.11  115.21
 198.26  116.23
 201.10  115.51
 206.70  112.46
 207.54  119.33
 211.52  140.91
 214.08  126.76
 214.42  131.00
 214.43  134.29
 215.65  107.07
 216.08  120.78
 216.11  137.31
 216.97  141.44
 218.89  111.11
 223.60  134.30
 224.56  120.80
 226.80  106.58
 229.01  109.74
 229.04  105.15
 230.08  134.07
 231.26  116.61
 232.99  134.12
 234.87  126.11
 236.81  136.76
 236.98  141.17
 238.79  122.62
 244.72  123.32
 246.16  131.35
 249.63  136.56
