  16.96  202.31
  28.87  107.44
  30.83  198.82
  35.63  107.31
  40.30  133.16
  56.11  191.86
  58.19  185.13
  63.17  185.15
  63.43  175.18
  69.92  187.97
  75.08  136.10
  75.64  133.66
  76.07  138.93
  95.25  176.13
 107.82  153.10
 115.46  214.39
 117.03  171.27
 117.60  207.15
 130.59  173.65
 133.43  176.97
 134.96  117.38
 136.55  174.87
 144.88  133.36
 151.11  176.03
 172.23   98.64
 175.20   87.42
 181.34   92.70
 182.99  172.37
 185.16   95.36
 191.02   83.62
 191.83   80.30
 193.39   84.15
 196.62   74.46
 201.20  167.50
 209.73  190.30
 212.93  169.60
 215.40   63.08
 216.97  192.43
 219.76   93.98
 221.22   74.88
 227.19   53.38
 230.34   91.96
 230.47   28.43
 232.78   45.45
 233.95  108.14
 234.28   42.04
 235.25  140.14
 236.37  100.77
 236.57  105.82
 237.25   16.35
 237.93   59.79
 238.27   43.51
 241.13   65.68
 241.54   97.46
 242.09   17.47
 242.34  185.49
 245.48   28.66
