  10.63  234.36
  15.48  204.57
  15.53  232.95
  18.55  231.19
  21.18  205.61
  21.58  197.52
  22.46  229.90
  27.31  227.86
  28.93  197.81
  34.33  225.08
  34.38  225.05
  37.63  217.44
  51.97  185.95
  58.73  200.34
  60.04  184.07
  62.94  185.75
  64.49  187.37
  77.06  199.88
  79.11  196.85
  79.23  206.34
  89.48  196.89
  97.93  195.07
 119.25  189.78
 136.97  197.75
 141.08  198.57
 146.95  190.79
 152.32  232.92
 154.95  192.28
 157.45  192.55
 158.48  182.32
 158.58  185.23
 161.78  192.28
 163.18  242.75
 163.70  186.74
 164.63  203.05
 167.68  192.01
 167.71  195.84
 171.46  182.15
 171.50  187.20
 174.20  205.09
 179.38  196.05
 184.26  199.44
 190.10  192.15
 191.34  199.96
 191.37  208.63
 193.56  188.42
 193.74  188.39
 198.58  200.92
 202.74  193.85
 203.99  190.09
 207.19  201.65
 213.85  202.67
 215.29  213.74
 215.70  205.85
 218.86  203.26
 232.02  204.22
 236.49  189.96
