   6.68  158.58
   7.53  150.62
   8.53  182.07
   8.68  187.40
   9.42  147.30
  13.90  146.90
  14.13  182.57
  15.53  149.79
  17.79  146.62
  20.16  149.26
  20.58  146.28
  20.85  156.22
  24.34  146.23
  24.76  151.44
  26.63  148.45
  30.49  150.76
  33.16  147.62
  35.72  144.83
  37.92  147.28
  42.77  146.79
  44.31  152.13
  44.34  149.10
  50.73  146.04
  52.35  151.02
  55.97  147.73
  61.50  147.00
  73.28  135.70
  73.54  136.38
  73.77  140.42
  74.97  147.47
  76.92  154.63
  77.97  134.26
  81.23  140.11
  81.54  131.35
  85.31  131.14
  85.94  136.49
  87.13  139.67
  87.73  134.14
  89.54  144.22
  90.16  138.80
  91.95  139.47
  94.53  140.98
  96.20  138.15
 100.98  147.56
 106.70  127.53
 106.97  143.30
 107.75  136.81
 109.76  146.65
 112.21  135.44
 117.39  135.31
 117.95  141.22
 125.42  142.21
 127.69  139.49
 129.61  156.55
 136.34  159.46
 140.99  163.92
 142.68  132.77
 145.93  168.45
 146.37  134.41
 147.71  141.37
 150.78  172.85
 151.95  141.69
 152.95  132.79
 154.02  145.91
 163.56  143.43
 165.15  147.81
 168.92  149.17
 173.96  127.82
 182.96  151.27
 184.13  124.40
 185.72  155.85
 189.09  156.30
 191.66  153.89
 196.07  155.54
 204.81  152.96
 205.95  156.20
 206.34  147.61
 207.95  157.34
 210.40  125.96
 210.40  146.35
 213.01  158.40
 218.16   81.13
 219.15  159.38
 222.87  159.13
 223.83  164.05
 225.30  145.26
 225.51  161.56
 228.74  231.38
 228.93  165.05
 228.94   90.91
 231.95  159.65
 232.51  151.21
 239.23  163.65
 240.92  146.75
 246.50  161.68
 246.78  242.73
 248.39  167.88
 248.90  159.07
