   7.51  117.77
  12.53  147.39
  13.66  117.32
  16.42  125.80
  17.66  144.74
  18.06  121.24
  20.42  143.04
  20.94  124.32
  22.42  147.89
  22.85  117.07
  29.22  140.59
  29.52  143.53
  29.75  125.51
  31.64  113.05
  31.69  136.35
  37.68  138.26
  41.55  124.57
  45.21  131.05
  57.07  123.04
  57.52  122.75
  63.97  113.06
  71.93  109.50
  74.05  116.55
  78.03  115.02
  84.08  108.07
  87.61  104.85
  89.35  103.08
  90.46  111.92
  92.45  108.36
  93.04  120.35
  95.69  110.79
 105.78  112.71
 112.07  124.65
 113.82  117.74
 132.07  122.24
 135.00  117.33
 135.77  109.39
 137.91  123.49
 138.67  136.92
 140.09  160.00
 146.64  131.48
 148.78  161.61
 148.93  133.85
 151.24  110.83
 151.30  101.05
 153.31  160.46
 154.42  111.43
 155.52  107.94
 157.98  142.36
 162.63  143.40
 163.51  146.66
 165.57   59.37
 167.92  104.62
 169.00  130.32
 169.83  150.37
 169.90  104.92
 169.92  115.27
 169.92  111.60
 171.02  152.89
 173.01  113.20
 174.13   97.40
 174.20  118.55
 175.34   89.71
 175.63  146.49
 179.49   87.96
 180.96   90.64
 181.28  140.47
 181.58  134.46
 181.80   92.04
 182.09  103.96
 182.71  125.57
 185.51  141.57
 189.00   98.49
 189.46  143.60
 191.40  141.18
 193.59  104.50
 193.83  107.40
 194.12  125.30
 194.43  140.84
 194.82   87.61
 198.11  103.76
 198.80  125.53
 201.05   87.41
 202.30  107.45
 203.34  148.29
 204.03  123.75
 204.96  136.06
 205.19   90.43
 206.33  103.44
 210.52  124.68
 214.89   97.96
 215.17  144.03
 217.41  104.28
 219.10  125.53
 221.45   90.04
 222.27  147.14
 222.33  103.60
 222.71   87.52
 223.80  142.10
 224.37   92.20
 226.20  144.30
 226.43  136.04
 226.82   90.34
 227.61  111.72
 228.48   87.15
 229.83   97.10
 229.94   84.63
 231.27  123.20
 231.46   86.83
 231.57   92.56
 231.85  119.50
 231.92  137.22
 232.51   98.33
 232.61  140.05
 234.19  151.02
 234.58  108.79
 234.84  117.32
 236.08  104.64
 236.24  139.73
 239.11  124.76
