   8.69  174.98
  11.38  122.63
  13.46  231.16
  15.04  186.95
  15.96  127.54
  16.70  229.79
  19.53  125.49
  20.88  180.12
  22.46  227.31
  22.68  129.42
  27.04  183.82
  28.48  128.40
  34.32  185.95
  37.91  169.95
  37.97  136.28
  38.05  177.27
  41.09  186.07
  44.14  162.91
  44.28  168.06
  44.46  133.35
  44.58  137.71
  44.62  183.79
  44.67  130.58
  45.04  171.95
  54.94  131.94
  56.89  139.79
  58.00  183.06
  59.59  133.73
  61.49  131.23
  63.58  122.90
  66.07  119.16
  66.17  126.57
  66.38  130.49
  66.40   85.48
  67.59  136.01
  67.99  119.82
  68.54  124.88
  68.67   82.55
  68.78  133.31
  70.32  126.00
  71.07  140.85
  71.12   90.49
  71.13  130.61
  71.53  111.11
  73.17  128.62
  73.28  126.20
  73.32  122.49
  74.76  101.33
  75.45  130.56
  75.51   84.90
  75.65   85.89
  76.51  104.72
  76.90   95.38
  76.93   93.72
  77.22  137.81
  80.02   98.17
  80.52  201.72
  80.67  105.15
  81.54  182.12
  82.03   94.60
  82.22  100.78
  82.23  108.01
  83.17   85.20
  84.49   97.89
  85.38  188.41
  85.90  189.04
  86.27  125.21
  90.40  188.02
  90.70  117.83
  90.75  185.06
  91.02   94.54
  91.28  108.01
  91.38   88.01
  92.92  104.63
  93.12  114.78
  93.52   91.27
  95.24  187.47
  95.33  147.15
  96.50  184.76
  96.93   85.31
  97.96   91.59
  98.20  125.21
 100.94  114.52
 104.31   95.61
 104.44   93.94
 104.78   88.79
 107.99  125.22
 109.46  123.11
 109.57  130.50
 112.22  126.12
 113.37  112.64
 113.62  101.35
 113.74  180.44
 114.67   90.26
 114.78  186.71
 114.91  130.37
 115.36  133.30
 116.67  125.06
 116.84  181.87
 117.58  119.97
 117.84  129.32
 119.18  126.87
 119.68   85.07
 121.54  181.81
 121.78  122.40
 121.80  114.88
 128.08  185.72
 131.14  195.20
 132.63  188.37
 134.19  196.32
 136.92  194.72
 137.54  201.45
 138.23  197.39
 139.63  208.72
 139.78  208.59
 141.41  188.52
 141.96  169.87
 142.26  182.10
 144.87  187.88
 147.36  120.51
 150.39  213.96
 154.87  130.17
 156.03  174.76
 156.22  214.44
 156.27  190.50
 157.27  128.01
 157.72  221.30
 158.64  108.06
 159.86  105.02
 159.92  130.18
 162.52  223.20
 162.56  189.80
 162.74  103.29
 162.83  187.16
 163.52  174.49
 163.71  174.51
 163.86  184.70
 165.53  118.27
 165.58  100.89
 168.54  110.86
 168.75  101.43
 168.76  174.50
 168.87  224.30
 171.30  174.87
 171.50  225.26
 171.68  238.45
 171.81  225.37
 171.84  182.30
 172.36  222.05
 173.01  110.67
 173.09  235.99
 173.26  107.96
 174.96  169.22
 175.13  112.90
 175.94   96.08
 176.02  115.79
 176.06  189.47
 177.22  115.38
 178.07  118.14
 178.92  245.93
 179.51   98.90
 179.73  243.25
 179.79  179.95
 180.56  233.28
 181.41  110.70
 181.70  115.32
 182.44  182.45
 182.55  245.53
 183.93  101.56
 184.02  185.46
 184.87  233.41
 185.24  249.02
 186.66  189.42
 187.89  107.87
 189.29  186.36
 189.32  110.92
 190.52  190.41
 190.68  239.37
 190.73  236.37
 193.71  179.44
 193.90  107.97
 194.02  186.12
 194.03  105.13
 194.49  130.72
 195.66  239.71
 195.71  177.18
 195.91  190.09
 196.51  127.79
 196.88  179.78
 197.47  131.02
 197.98  116.81
 198.15  107.99
 198.37  246.06
 198.54  246.15
 200.25  243.71
 201.25  108.02
 201.61  123.68
 202.87  188.62
 202.89  104.90
 203.16  111.38
 208.71  190.57
 211.58  188.49
 213.17  191.58
 219.45  195.06
 244.58  181.18
