   9.03  182.50
   9.76  216.57
  11.41  229.24
  12.92  142.50
  13.60   36.79
  14.37  222.52
  14.92  133.00
  15.03  216.76
  15.75  187.50
  16.13  136.46
  17.35   68.76
  17.80  222.35
  17.98  212.05
  18.07   90.42
  18.19  229.26
  18.58  193.62
  19.14   36.19
  19.17  217.19
  19.93  187.68
  20.45   92.01
  21.46  180.89
  21.74  213.51
  24.11  218.99
  25.57  181.13
  26.48  185.73
  26.78  132.88
  26.93   67.60
  27.29   17.51
  27.38  184.65
  27.55  149.61
  27.70  208.16
  27.75  221.13
  27.87   71.10
  28.26   26.19
  29.33  193.71
  29.47   22.81
  29.74  223.67
  29.93  184.39
  30.61  227.43
  31.71   28.33
  31.96  148.18
  32.01   12.72
  32.73   68.89
  33.69  184.26
  34.06   22.36
  35.20  199.96
  35.94   72.16
  36.32  146.92
  36.96  138.05
  37.13   24.55
  37.59  192.17
  37.74  134.09
  38.17   27.15
  38.48  182.68
  38.75  202.51
  38.92  175.52
  39.20  140.48
  39.63  221.00
  41.56  205.96
  43.04  172.68
  43.51   72.80
  43.67  218.70
  44.00  189.55
  44.11  200.02
  44.84   31.55
  46.21  171.47
  47.77  203.06
  48.99   68.33
  49.02   31.50
  49.77  161.60
  51.57  150.30
  51.82   23.77
  52.27  143.21
  52.30  151.65
  52.40    9.78
  52.41   13.92
  52.53   24.62
  53.17   31.23
  53.48  203.24
  54.11  164.75
  54.86  184.24
  55.09  173.86
  55.52  210.52
  55.93  171.82
  55.96   16.28
  56.37  212.85
  56.75  155.58
  56.87   68.73
  57.41  182.60
  57.88  217.67
  58.31  149.08
  58.87    8.64
  59.06   13.77
  59.96  172.26
  60.65  141.71
  61.79    7.39
  61.91   12.81
  62.16  161.23
  63.21  126.75
  63.64  172.41
  66.57   70.56
  67.06  179.04
  69.94  177.59
  70.67  149.11
  71.12   81.72
  71.37  142.81
  73.19  164.89
  75.37  172.67
  75.45    8.48
  75.73   12.89
  75.73   85.96
  78.08  174.34
  78.23  134.90
  79.11   25.49
  81.62  139.53
  82.35   11.70
  83.71   83.28
  83.77  130.92
  86.03  157.07
  86.22  147.79
  87.23   39.43
  89.30   83.04
  92.36   63.07
  93.05   45.62
  93.19   34.06
  93.70  205.03
  93.79  172.54
  95.23   49.28
  95.61  153.25
  96.87  197.04
  97.13  150.99
  97.22   37.69
  97.46   65.45
  97.98   58.55
 101.19  172.97
 102.10  149.54
 102.40  199.65
 104.52  149.78
 105.00  209.33
 105.86   85.80
 105.96  189.89
 107.13   63.27
 107.60   69.43
 107.81   67.40
 109.42   48.88
 109.66   57.95
 111.55  147.19
 111.56   37.87
 112.89  142.47
 112.91  181.98
 112.92   51.60
 112.93  223.80
 114.33  184.39
 114.91   59.38
 115.10   40.09
 115.12  174.01
 115.33  161.31
 116.23   54.46
 116.29   82.96
 116.39  157.11
 116.44   82.10
 116.45   52.67
 117.87  142.47
 118.20  179.90
 118.32   40.61
 118.37  144.01
 118.94  187.88
 119.36  194.61
 120.42   83.93
 123.03   93.70
 123.96  164.27
 124.71  166.35
 126.41  150.61
 126.94   62.74
 127.12  207.44
 127.32   58.24
 128.00  106.09
 128.22  112.40
 128.85  115.49
 129.24  102.08
 130.15   25.64
 132.18  186.43
 132.60   28.64
 133.40   84.60
 133.48  105.42
 133.94    8.37
 134.24   31.78
 134.94  161.53
 134.95   26.71
 135.41   87.01
 135.50   57.83
 135.81  166.02
 136.24   81.56
 137.10    7.09
 137.80   63.44
 137.87  148.40
 138.13  153.08
 138.79   70.17
 139.58  152.23
 140.45   84.89
 140.93  176.46
 141.87   40.69
 141.92  103.05
 142.60  156.02
 142.88   69.61
 143.00   85.01
 143.20   77.63
 143.48  152.29
 144.10  190.07
 144.59  147.99
 146.13   36.61
 146.21  190.62
 146.41  141.15
 146.50  126.86
 146.51   69.66
 147.91   51.57
 148.06   98.42
 148.88  197.61
 149.41  151.32
 149.44   66.71
 149.57   48.33
 150.12   37.24
 150.16   37.58
 150.63   72.43
 151.43   54.76
 151.69  158.11
 151.69  102.98
 151.84   82.40
 152.46  203.01
 154.03  159.07
 154.25   72.67
 157.08  119.72
 157.33  104.56
 157.38  119.89
 158.00   30.15
 158.19   66.83
 158.91   72.74
 159.94   77.29
 161.08   28.07
 161.22  157.75
 162.65  120.28
 163.00   72.13
 163.35   51.93
 163.38   54.24
 163.41   66.86
 165.50   29.53
 165.85   48.42
 165.89   47.97
 166.69   60.65
 166.90  161.15
 167.42   26.50
 167.99   90.26
 168.55   63.25
 168.71   66.16
 169.64   75.28
 169.91   31.23
 170.41   93.51
 170.72  147.71
 171.35   72.40
 173.23   60.83
 174.41  105.59
 174.52   41.45
 174.70   72.42
 175.27   30.54
 176.04  164.33
 176.24   25.54
 176.80  124.60
 176.98   92.11
 177.20  101.41
 177.71  166.69
 177.89  152.18
 177.94   18.70
 178.35   52.45
 180.75   19.48
 181.15   69.92
 181.27   46.90
 181.30  169.92
 182.07    7.52
 182.22  151.69
 182.40  163.71
 183.79   54.10
 183.82  142.50
 183.92   87.65
 184.64   45.53
 186.17   81.46
 187.13  170.90
 187.16  137.52
 187.27   24.01
 188.11   20.53
 188.51  132.24
 188.87   78.05
 189.09   89.33
 189.46  127.19
 189.54  138.03
 191.48   26.97
 192.73  133.71
 193.60  128.45
 193.76   52.08
 193.90  187.17
 194.55  192.09
 195.10   45.64
 195.85   18.61
 196.18   63.90
 196.45  158.51
 196.89   64.93
 197.06   26.64
 197.33  177.83
 197.73  140.85
 198.54   46.57
 198.94  144.56
 199.51  194.65
 199.62   67.07
 199.68  188.97
 200.32   88.07
 200.73  160.60
 200.93  166.22
 201.11   85.84
 201.53  134.85
 202.66   64.37
 202.75  153.23
 203.12   68.97
 203.58  172.00
 203.60  125.15
 204.67  140.20
 205.29   43.96
 205.35  157.15
 205.44  161.75
 206.23   52.35
 206.27   21.87
 206.66   80.54
 207.44   25.48
 207.50   85.68
 207.87  196.19
 208.84   45.36
 208.97  178.56
 210.20   13.80
 210.62   25.64
 211.98  166.63
 214.15   19.08
 214.99  187.95
 215.82  221.23
 215.90   26.59
 216.38  216.92
 216.75  133.78
 216.80  228.65
 216.91  130.11
 217.02  172.20
 217.76   87.57
 218.04  127.53
 218.11  135.51
 218.33   68.92
 219.36   85.66
 219.83  176.16
 219.90  178.42
 220.26  234.34
 220.73   50.41
 221.28  129.02
 221.71  132.00
 222.47   93.24
 223.16  179.53
 223.68  227.78
 223.84  130.81
 224.14  100.04
 224.47   26.04
 224.59   82.85
 224.94  193.43
 225.81   91.25
 226.10  134.23
 226.21  177.34
 226.54   82.85
 227.14   98.15
 228.18  125.97
 229.53   63.92
 229.84   97.57
 231.01   52.62
 231.62   47.03
 231.85  222.01
 232.39   69.94
 232.64   26.80
 232.85   19.85
 233.92   68.08
 234.26  146.94
 234.71   49.23
 235.35   63.78
 235.52   52.35
 235.84   43.40
 236.00  218.11
 236.32   88.49
 237.70   55.02
 238.33   52.39
 238.61  217.84
 238.99  195.15
 239.72   22.37
 240.13   69.90
 240.38   18.38
 240.57   13.98
 240.89  201.07
 241.08   91.54
 241.33   83.88
 241.64  179.17
 241.87  197.96
 242.11  200.55
 242.79  148.02
 242.82  148.05
 242.82  133.91
 243.64   20.85
 244.49   89.98
 245.36   63.32
 245.74   40.86
 246.04  207.85
 246.70  145.60
 246.89  108.96
 247.81   54.66
 247.87  192.35
