  15.85  182.25
  20.25  177.43
  20.46  209.55
  20.72   98.40
  20.81  183.49
  25.58   99.30
  28.75  153.10
  29.66  182.26
  29.96  208.84
  32.51  103.25
  33.96  208.08
  36.34  103.49
  37.47  102.12
  40.75  154.52
  44.92  141.18
  45.23  133.28
  45.76  124.78
  57.24  246.95
  57.88  148.25
  60.54  241.30
  63.25  165.79
  66.32  239.15
  66.98  114.46
  68.34  171.99
  69.69  207.06
  71.16  166.34
  72.36  183.88
  74.69  114.35
  77.09  170.96
  79.16  166.91
  79.74  239.87
  84.22  167.73
  84.99  128.53
  86.89  177.04
  90.09  180.03
  94.11  181.15
  97.38  187.45
  97.60  136.45
  97.68  129.66
  98.51  126.80
  98.77  174.84
 101.76  221.08
 104.82  219.71
 109.35  145.22
 112.50  218.64
 113.20  129.89
 114.49  220.03
 114.88  214.77
 116.00  148.36
 117.83  218.01
 118.21  156.16
 123.15  215.28
 123.74  145.02
 124.71  159.01
 130.95  140.42
 132.95  163.98
 133.49  180.71
 133.60  173.88
 134.70  144.94
 138.71  172.39
 141.03  169.77
 143.14  144.90
 145.21  175.25
 148.89  163.67
 155.70  146.87
 157.01  164.91
 160.84  193.29
 162.71  158.09
 164.84  178.25
 164.93  184.81
 165.09  159.83
 167.36  188.86
 171.93  180.79
 172.60  167.47
 175.71  183.70
 178.95  183.83
 181.67  167.12
 184.52  189.83
 189.47  165.22
 192.61  155.18
 201.50  158.57
 205.57  190.08
 206.09  161.55
 207.75  164.41
 209.29  187.16
 212.02  181.29
 213.40  172.79
 215.93  152.96
 220.39  158.96
 221.04  183.47
 223.17  146.09
 229.31  150.20
 230.77  180.27
 241.49  177.74
 242.25  215.88
 243.46  150.55
 246.53  219.63
