  15.90  151.68
  16.02  155.83
  16.46  117.04
  19.14  149.17
  19.71  160.86
  19.87  167.72
  25.63  161.97
  27.86  146.16
  29.99  150.55
  35.53  170.17
  35.77  160.55
  36.02  167.29
  39.47  156.34
  39.50  150.81
  42.76  145.12
  42.84  140.89
  47.04  138.40
  50.92  156.46
  51.09  146.61
  55.78  161.80
  57.65  150.05
  58.17  193.61
  60.94  144.36
  61.37  155.43
  63.15  149.76
  65.63  159.87
  77.33  154.23
  78.27  149.80
  78.44  144.48
  86.37  148.82
  88.53  151.64
  94.52  155.06
  94.84  151.95
 105.36  149.83
 112.19  158.22
 121.58  156.89
 122.18  148.06
 124.17  151.84
 125.75  155.37
 127.58  140.91
 128.57  155.83
 131.31  146.90
 131.90  150.96
 140.05  156.42
 142.05  148.56
 145.36  140.97
 149.79  156.56
 152.04  148.64
 153.97  146.23
 160.24  165.45
 160.58  162.76
 163.35  155.90
 164.43  162.81
 170.65  163.36
 170.77  148.11
 174.89  150.08
 175.12  149.94
 176.50  154.94
 178.67  167.55
 179.45  164.27
 182.80  164.74
 183.07  142.78
 188.28  159.52
 192.48  150.33
 192.64  165.73
 198.11  150.96
 198.39  154.23
 199.26  170.48
 199.47  132.20
 203.36  146.88
 205.59  168.50
 205.69  167.13
 206.63  170.99
 207.38  143.96
 209.23  151.02
 209.55  161.22
 211.37  133.17
 212.15  147.66
 213.00  143.09
 215.27  135.80
 217.81  150.92
 220.08  143.85
 220.15  168.56
 221.60  131.97
 228.01  168.57
 231.17  148.23
 235.88  148.75
 238.69  118.80
 239.47  110.19
 240.13  145.97
 240.66  140.79
 245.41  135.40
 247.67  112.06
 249.21  109.65
 249.36  134.06
 249.43  113.81
