   7.04   46.17
  12.36  153.95
  13.75  170.69
  15.07  165.82
  16.23  106.08
  16.67   31.00
  17.01   25.92
  21.98  170.21
  22.03  165.04
  23.18  175.40
  25.47  174.49
  25.93  102.87
  26.36   94.65
  27.54  162.66
  27.77   67.65
  27.93   98.97
  27.93   86.00
  28.24   77.08
  29.11  167.08
  30.34  171.97
  33.58  158.45
  34.64  201.47
  35.58  173.48
  36.00  162.88
  39.66  161.22
  39.69  160.96
  43.98  190.41
  45.82  161.97
  46.87  169.13
  46.89  170.59
  46.92  176.80
  47.31  182.18
  50.15  180.68
  50.67  221.97
  53.56   81.14
  54.76  175.21
  56.93   87.97
  56.99  222.07
  57.75  170.84
  58.09   74.26
  59.49   93.36
  59.62  106.51
  60.18   86.53
  60.37  175.48
  61.48  165.53
  61.97   88.21
  62.20  104.22
  62.32   96.57
  62.90  171.20
  63.27   79.03
  65.44  105.57
  65.46  221.83
  66.18  110.93
  67.12  170.54
  67.33  103.01
  67.61  163.56
  68.36  181.12
  68.68  114.11
  69.41  107.61
  69.71   94.81
  70.14   93.85
  70.14   98.43
  71.77  117.68
  72.16  102.77
  72.60  111.13
  72.70  164.76
  73.42  169.97
  73.44  217.63
  75.39  160.82
  76.42  213.09
  78.56  163.47
  79.27  102.78
  79.38  102.97
  79.39  107.33
  79.53  117.62
  79.69  114.32
  80.05  211.62
  80.86  170.42
  81.24  161.31
  83.07  153.81
  83.30   98.21
  83.82  165.52
  84.88  209.29
  87.38  100.96
  88.09  195.56
  88.19  153.38
  89.63  102.93
  89.81  129.38
  90.12  178.22
  90.83  206.39
  90.87  118.79
  92.52  178.07
  95.60  204.10
  95.98  106.92
  96.54  196.21
  98.57  203.20
  98.97  158.21
 101.28  116.78
 101.99  201.02
 102.22  167.14
 102.30  167.30
 106.05  111.13
 106.65  167.38
 109.09  136.96
 109.61  178.50
 110.34  170.79
 111.72  161.00
 112.15  132.77
 112.81  104.89
 114.93  140.04
 116.07  115.31
 117.59  160.96
 122.83  178.32
 125.96  169.70
 127.61  181.47
 129.54  119.14
 129.65  120.12
 130.08  179.26
 133.25  166.83
 134.30  179.11
 136.48  183.76
 137.92  139.54
 138.46  183.85
 139.05  182.46
 140.27  136.34
 140.41  125.83
 141.92  144.91
 142.29  136.82
 143.41  134.69
 144.62  133.49
 145.08  150.74
 145.37  176.44
 146.81  147.87
 146.98  157.79
 148.74  134.37
 151.10  172.21
 153.64  159.37
 155.99  152.86
 157.58  170.50
 157.81  146.58
 161.57  144.79
 162.35  162.10
 162.84  153.31
 164.64  160.91
 164.75  175.05
 168.09  166.84
 170.41  175.11
 170.73  146.48
 173.58  157.98
 174.47  144.74
 180.50  161.86
 180.77  153.83
 183.82  146.46
 183.96  170.10
 186.03  170.31
 188.43  177.95
 188.67  148.87
 190.17  162.58
 192.03  170.20
 197.21  177.12
 198.69  138.21
 200.61  165.04
 201.09  174.27
 201.40  174.32
 201.48  138.11
 202.44  129.13
 205.92  194.41
 207.32  164.84
 209.16  195.42
 209.40  120.83
 210.74  127.83
 211.57  174.44
 212.21  169.38
 215.07  128.52
 217.49  209.25
 217.84  120.89
 218.67  115.67
 221.11  208.48
 221.15  173.60
 221.36  120.75
 222.23  213.74
 222.34  122.02
 225.48  212.46
 225.54  208.54
 225.68  217.09
 228.17  214.71
 230.60  221.74
 230.95  212.96
 234.36  212.89
 234.45  220.23
 234.61  215.97
 235.75  105.14
 237.37  218.05
 237.61  178.91
 242.33  222.00
 243.49  165.91
 244.81  101.56
