  10.40  106.43
  10.47  171.89
  13.92  109.03
  18.83  161.95
  19.93  107.97
  23.71   95.96
  25.34   92.64
  27.14   97.93
  28.76  183.41
  33.15   94.39
  39.92   88.49
  40.27   88.25
  40.68  166.97
  41.14  174.94
  42.17  167.65
  45.69  181.95
  47.39   94.21
  49.35   89.94
  50.21  174.10
  53.93   95.02
  62.45   97.74
  62.71  173.48
  64.49  102.99
  65.86  167.94
  69.14  102.89
  71.58  172.07
  72.12  178.95
  73.39  177.64
  74.92  113.25
  77.97  106.09
  80.48  171.40
  82.37  177.51
  86.15  162.92
  89.06  175.18
  90.48  120.80
  91.87  109.66
  96.62  169.51
  96.91  118.77
 100.27  177.03
 101.91  169.21
 104.53  130.81
 107.34  130.58
 108.94  174.85
 110.43  168.37
 113.76  135.22
 116.13  140.81
 122.52  172.13
 122.79  139.95
 123.03  154.03
 123.27  165.25
 126.04  143.05
 136.96  160.96
 139.29  156.38
 140.53  149.35
 140.70  175.90
 149.38  151.56
 150.48  147.42
 150.70  181.98
 151.23  167.51
 154.21  167.16
 157.06  182.17
 164.07  154.91
 168.50  173.36
 169.79  155.09
 174.56  173.63
 175.95  172.43
 176.26  182.06
 177.00  155.67
 178.84  175.70
 179.47  145.48
 180.57  166.69
 181.93  151.69
 184.03  183.15
 185.11  157.83
 188.27  166.35
 188.37  166.40
 189.06  148.77
 194.69  174.29
 209.62  156.32
 209.66  171.84
 211.49  142.10
 213.27  175.34
 219.54  165.89
 231.97  166.95
 238.14  124.89
 239.76  166.96
 244.50  170.27
