   9.24  145.52
  12.26  146.74
  13.35  131.09
  16.23  158.34
  16.47   59.49
  19.03   61.77
  20.05  157.16
  22.76   61.27
  22.84  141.88
  24.80   64.47
  25.08  157.53
  26.14   64.54
  27.19  149.92
  29.49   68.35
  31.56   71.00
  32.41   74.10
  38.55  138.45
  38.68   69.40
  40.06  146.44
  40.13   80.80
  40.41  159.22
  44.66   81.95
  47.35  147.72
  52.30  151.96
  52.91  154.89
  54.90  100.19
  54.96   95.71
  55.06  146.49
  56.50  156.24
  56.91  154.01
  58.71  151.08
  61.27  144.75
  62.58   94.31
  62.96  100.13
  65.60  133.63
  66.54  145.12
  71.55  144.87
  74.20  108.13
  75.08  158.51
  78.91  156.67
  82.97  150.84
  83.24  126.10
  83.92  106.81
  85.84  145.34
  86.01  112.84
  87.60  111.60
  95.79  142.82
  97.52  102.92
 104.95  115.68
 106.85  139.01
 107.81  120.17
 110.37  137.25
 114.54  123.90
 119.02  165.98
 119.20  123.68
 119.41  150.51
 120.23  116.93
 120.74  164.43
 121.42  141.11
 122.05  138.33
 124.76  150.09
 124.92  132.86
 127.42  153.33
 127.69  126.37
 128.00  146.59
 129.39  146.58
 129.56  164.89
 131.49  153.44
 133.06  132.84
 133.59  125.48
 135.51  153.37
 137.27  137.72
 139.00  125.50
 139.42  153.17
 140.02  130.70
 140.99  137.08
 141.54  133.52
 142.44  128.14
 145.06  134.23
 146.08  151.17
 147.10  127.48
 147.97  146.76
 151.00  144.42
 154.99  134.16
 155.78  164.29
 157.19  128.56
 157.90  139.35
 160.56  146.32
 161.54  143.74
 167.27  132.72
 169.38  123.46
 171.69  143.91
 173.46  118.76
 173.63  146.52
 173.80  110.51
 173.87  150.72
 174.07  113.29
 176.88  153.63
 179.23  119.10
 180.89  140.78
 180.99  155.35
 187.02  110.68
 189.82  131.00
 190.20  136.02
 191.20  138.79
 191.44  106.26
 192.12  141.71
 194.87  101.57
 196.10  141.78
 199.14  155.99
 200.13  149.74
 200.45  101.39
 200.82  129.62
 200.97  158.94
 202.33  110.28
 204.62   91.25
 205.46  155.78
 206.94  148.67
 207.36  159.20
 208.41  153.91
 212.29  149.88
 212.97   73.33
 213.19   98.47
 213.21  126.09
 214.41  141.78
 222.57   95.68
 223.67   89.54
 230.77  143.81
 231.54  147.29
 237.44  124.78
 239.93   87.23
