  14.77  173.55
  26.23  186.52
  26.69  193.17
  27.08  156.26
  29.73  211.15
  30.83  189.42
  31.69  216.31
  33.11  220.95
  33.16  182.63
  33.40  192.11
  35.53  173.37
  36.27  162.06
  37.34  169.29
  37.39  224.53
  37.64  194.41
  41.25  181.83
  41.41  211.88
  41.95  188.71
  41.97  163.58
  46.69  181.69
  49.49  206.75
  51.71  182.42
  51.71  182.41
  52.37  215.82
  52.77  187.99
  55.45  199.24
  56.55  220.41
  56.74  212.89
  60.63  180.89
  60.90  219.98
  63.10  208.94
  63.59  213.03
  68.16  203.36
  69.06  213.15
  71.30  178.64
  72.11  218.43
  75.03  213.37
  76.67  178.49
  79.75  179.88
  80.88  186.57
  87.33  178.32
  89.16  195.87
  89.21  164.62
  90.36  192.05
  90.69  191.05
  91.31  209.06
  93.60  199.72
  93.65  212.48
  95.99  209.22
  96.52  222.42
  96.96  194.19
  99.36  209.04
 100.97  189.90
 101.23  206.43
 101.93  193.65
 102.15  199.69
 102.24  197.55
 102.70  218.69
 103.09  176.29
 103.45  199.64
 104.03  181.08
 107.11  203.62
 111.14  181.20
 113.40  188.60
 113.45  188.58
 117.00  159.81
 117.22  161.99
 118.78  216.42
 119.57  186.21
 120.13  186.03
 121.67  177.20
 121.73  200.21
 124.64  190.94
 125.04  188.95
 127.70  202.73
 128.36  209.26
 130.73  179.97
 132.81  245.04
 133.27  179.85
 138.60  239.91
 139.27  190.49
 141.31  209.33
 145.85  232.95
 146.22  190.23
 148.31  201.64
 149.21  189.47
 150.47  198.04
 150.65  194.60
 158.20  184.92
 159.32  192.65
 159.79  187.91
 160.57  184.70
 161.77  195.00
 163.45  192.40
 170.14  194.61
 171.87  191.96
 173.79  165.09
 176.59  195.17
 182.17  195.10
 182.39  189.84
 194.39  197.03
 195.95  188.69
 200.82  168.24
 201.04  196.39
 203.27  205.21
 204.49  162.45
 205.09  206.35
 206.67  189.25
 206.72  158.49
 208.24  191.67
 209.11  195.19
 209.15  178.57
 210.90  195.83
 213.45  186.24
 213.68  181.92
 214.09  188.97
 217.08  209.07
 217.72  179.43
 218.40  212.85
 221.46  216.07
 222.12  213.45
 224.86  215.52
 226.33  177.33
 227.69  191.36
 227.71  189.23
 228.66  207.90
 229.95  164.92
 231.00  199.40
 232.66  179.30
 233.78  171.59
 235.43  183.59
 236.04  197.05
 236.16  177.43
 236.83  207.01
 237.08  186.19
 237.18  210.89
 238.92  202.27
 239.50  154.18
 239.73  181.45
 239.88  176.84
 242.67  201.26
 242.72  174.97
 243.25  232.45
 246.46  196.92
 248.06  199.93
