   9.10  179.86
  13.78  199.47
  78.26  198.37
  94.04  240.52
 100.56  236.59
 106.26  201.44
 111.45  202.03
 117.95  203.00
 137.90  201.44
 142.13  201.37
 148.31  201.85
 156.73  203.25
 168.19  209.84
 171.46  205.00
 180.43  203.26
 202.75  223.47
 204.75  206.85
 206.98  218.95
 207.08  225.60
 214.80  221.47
 216.31  229.49
 216.69  232.32
 219.34  208.46
 221.24  231.00
 224.30  209.35
 227.40  234.67
 228.76  210.36
 232.29  237.43
 232.95  211.29
 234.60  235.01
 239.75  210.66
