  19.72  126.27
  19.80  126.91
  23.41  129.12
  32.12  166.89
  33.62  163.49
  35.62  157.59
  36.25  156.24
  40.53  126.96
  42.34  155.95
  43.21  167.99
  46.57  134.49
  48.81  164.70
  58.40  124.05
  62.44  165.40
  66.80  165.00
  71.19  131.50
  71.90  139.63
  74.42  122.79
  77.98  140.03
  79.97  153.55
  80.97   69.42
  81.10  139.43
  92.88  136.91
  98.81  144.79
 101.90  143.90
 101.98  136.67
 102.11  138.43
 105.05  134.95
 108.48  135.51
 114.44  156.76
 115.65  115.94
 116.56  146.40
 117.32  150.60
 117.33  240.87
 117.58   88.89
 119.12  135.57
 122.92   66.74
 123.79  235.99
 127.42  143.97
 127.47  144.31
 131.65  117.41
 132.10  229.71
 132.10  141.28
 132.71  148.64
 133.19  134.50
 136.49  142.33
 137.24  133.80
 137.66  225.53
 141.50  130.83
 142.98  221.50
 145.52  130.93
 145.94  107.18
 146.13  143.58
 147.47  117.63
 147.84  117.36
 148.21  132.98
 148.52  109.66
 149.48  151.73
 149.49  143.67
 150.39  139.04
 151.91  147.48
 153.27  213.86
 155.23  133.91
 156.52  245.01
 156.72  211.08
 157.07  151.08
 157.09  111.62
 162.09  239.98
 162.43  207.01
 164.28  135.14
 165.04  112.82
 165.70  231.19
 169.28   97.52
 169.50  201.78
 171.01  117.28
 172.64  199.46
 174.22  149.55
 174.87  139.07
 176.27  196.81
 177.74  132.74
 178.12  145.11
 178.21  137.74
 180.84  119.75
 181.34  218.98
 182.26   96.48
 183.83  191.38
 185.31  155.29
 185.81  131.61
 186.17  145.46
 186.34  115.88
 190.73  100.23
 192.42  138.39
 196.46  141.99
 197.54  134.19
 198.66  115.08
 199.27  113.28
 199.62  111.69
 200.31  134.50
 200.43  128.09
 200.48  131.04
 200.98  130.76
 202.08   90.76
 206.61  137.09
 206.92  132.46
 210.42  137.81
 210.68  140.92
 213.20  137.93
 214.13  149.20
 215.02  128.99
 218.94   92.67
 220.89  123.51
 221.47  129.38
 222.05  140.71
 223.59  118.79
 224.52  115.91
 226.47  125.26
 231.27  115.41
 231.72  110.58
 232.92   95.29
 238.30  107.57
 239.68  145.90
 244.31  137.04
 247.56  132.32
