  14.08  163.28
  14.77  138.01
  17.41  168.72
  18.18  138.41
  19.85  162.89
  26.43  179.44
  27.62  167.49
  27.78  160.94
  29.64  165.02
  31.51  140.32
  34.41  163.28
  34.45  167.39
  34.74  148.08
  34.82  177.72
  38.63  164.99
  39.38  120.61
  41.08  145.96
  41.89  165.04
  44.09  161.41
  44.74  168.42
  45.08  119.96
  46.98  154.05
  49.98  158.31
  50.40  143.38
  51.05  167.21
  56.37  177.14
  58.03  117.09
  58.36  153.51
  59.47  126.66
  61.06  120.12
  61.26  167.68
  62.36  117.55
  63.37  138.25
  65.26  141.64
  65.36  156.65
  65.55  173.50
  71.14  166.48
  86.47  122.47
  86.99  158.03
  89.94  174.74
  90.90  150.10
  94.66  136.56
  95.68  165.48
  98.20  161.52
  98.21  154.83
  99.58  172.22
 100.30  158.06
 101.57  136.46
 103.70  171.00
 104.98  142.23
 105.97  167.29
 108.46  163.56
 109.50  133.34
 111.85  147.90
 112.96  152.08
 116.13  154.51
 116.67  150.95
 116.95  137.87
 117.11  168.50
 118.21  134.88
 123.48  163.91
 125.73  130.93
 126.16  172.15
 126.85  138.81
 128.83  150.23
 129.26  122.74
 129.68  243.17
 130.47  134.34
 131.29  137.04
 132.62  156.48
 134.99  130.89
 135.36  165.06
 135.44  130.79
 135.88  233.87
 136.18  134.84
 142.31  223.88
 144.18  155.30
 144.19  133.53
 145.20  150.86
 146.08  226.80
 147.37  153.17
 147.51  161.83
 149.66  155.98
 149.83  136.55
 150.13  220.55
 152.56  159.19
 154.48  213.66
 154.78  149.66
 154.81  246.94
 155.05  165.09
 155.13  142.52
 156.32  130.79
 157.08  159.53
 158.29  204.71
 160.30  201.96
 162.31  131.27
 162.64  223.28
 162.97  193.82
 163.25  201.83
 163.27  197.84
 165.71  191.09
 167.68  145.80
 172.05  131.44
 172.54  121.41
 174.73  182.27
 176.70  133.29
 178.10  141.07
 181.20  128.28
 181.21  126.55
 181.57  174.94
 181.86  134.68
 188.24  186.32
 188.45  140.85
 192.47  156.59
 192.87  124.40
 192.95  130.35
 194.26  126.68
 195.29  135.96
 195.47  122.11
 198.66  138.31
 200.42  129.68
 204.48  169.66
 206.61  116.45
 208.32  122.10
 209.24  135.94
 210.00  173.56
 212.58  169.76
 212.66  159.15
 214.59  118.94
 215.25  123.06
 216.54  178.19
 217.46  184.25
 218.76  158.52
 220.73  173.21
 222.01  154.14
 222.31  120.34
 225.20  184.00
 226.28  176.27
 227.03  150.23
 229.92  131.47
 230.08  147.53
 232.22  191.00
 233.84  170.21
 234.01  166.07
 234.32  197.38
 235.24  211.49
 238.85  151.80
 243.74  165.45
 244.22  120.30
 244.42  116.60
 247.11  209.88
