  16.22  133.61
  20.76  110.00
  26.35  143.62
  30.14  115.80
  30.57  146.90
  34.81  145.81
  36.35  143.49
  43.46  118.79
  51.20  117.08
  53.19  119.02
  55.32  119.94
  61.56  122.61
  65.26  173.94
  65.37  119.38
  69.29  176.30
  69.49  176.36
  70.09  132.47
  74.99  173.30
  82.74  135.51
  89.39  114.76
  91.39  115.37
  91.87  172.45
  94.06  170.45
  95.31  132.47
  98.48  119.07
 100.34  118.39
 101.63  125.50
 105.27  129.34
 105.54  122.71
 110.03  116.80
 113.22  114.27
 114.16  119.64
 115.54  125.43
 118.82  118.79
 118.87  115.44
 119.04  115.47
 122.31  132.72
 123.56  115.12
 125.09  116.14
 126.48  136.26
 127.59  138.67
 128.34  125.64
 128.96  128.40
 131.61  136.67
 132.05  112.88
 132.89  112.73
 141.76  121.25
 143.74  135.77
 143.96  114.89
 145.31  130.96
 147.29  191.56
 147.80  145.06
 149.84  124.59
 150.99  132.76
 151.38  128.83
 152.74  115.67
 153.56  139.43
 156.93  118.94
 158.58  131.82
 159.13  122.51
 159.35  138.19
 161.16  117.92
 161.21  111.48
 162.92  125.23
 164.03  138.87
 164.19  141.61
 164.20  111.13
 168.44  144.20
 169.35  141.22
 170.18  136.90
 171.74  122.59
 172.28  127.76
 176.42  138.42
 183.07  123.72
 183.08  139.36
 183.33  145.90
 183.71  103.83
 184.59  136.35
 186.49  138.60
 187.03  141.01
 192.10   98.86
 192.90  146.62
 193.60  139.92
 196.66  149.41
 197.70   92.03
 198.67   92.05
 200.29  151.13
 200.87   82.52
 201.35  148.13
 201.95   88.46
 202.00  154.09
 203.98   82.91
 203.99  152.58
 204.51   86.66
 206.93  149.44
 208.39   86.32
 208.74  157.47
 212.24  152.61
 212.65  161.57
 219.52  161.11
 220.58  163.01
 222.67  167.47
 223.98  202.28
 227.87  175.84
 228.72  172.23
 232.87  171.74
 233.11  175.39
 237.35  174.62
 238.87  141.75
 241.15  177.26
 241.73  181.82
 244.66  178.99
