   7.71  128.24
   9.30   79.48
   9.33  181.13
  13.53   79.33
  14.41  174.63
  21.08   42.39
  31.47  233.14
  32.48   93.80
  35.41  232.15
  35.62  126.35
  37.47  169.77
  37.82   49.66
  39.80   43.63
  39.98   68.51
  44.01  224.67
  46.38  106.42
  46.96  226.99
  47.36   68.73
  48.49   16.60
  50.53  168.11
  51.36  128.79
  52.35  126.42
  52.80  224.54
  55.94  162.59
  60.10  165.45
  63.84  168.79
  65.51   69.98
  67.62  165.13
  70.96   67.63
  71.03   45.08
  72.86  164.26
  73.63   42.77
  78.26   43.15
  78.82  159.61
  79.16  144.79
  81.52  128.61
  81.67  157.22
  84.42  128.88
  84.88  210.16
  85.29   85.00
  87.51  161.41
  87.76   38.68
  89.64  208.03
  90.86   43.47
  92.67   35.85
  93.04  163.25
  94.00   84.51
  94.99  205.67
  96.02   55.51
  96.15   71.05
  96.82   59.97
  97.22  201.20
  97.48   37.77
  97.86   68.07
  98.20   33.09
  98.30  156.19
  99.62   93.19
  99.68  203.69
 106.85   71.03
 108.97  155.38
 109.16   94.00
 110.42   32.87
 113.20   67.10
 114.42   60.31
 115.76   93.19
 117.22   20.85
 118.15  129.73
 118.61  158.42
 119.41   29.93
 119.42   98.11
 120.64   16.79
 122.64  130.14
 124.60   92.96
 129.15   60.04
 130.39  156.82
 131.00   68.13
 131.31  129.59
 141.46  129.72
 141.95   99.16
 146.36  147.95
 146.42  233.76
 149.04   68.70
 150.72   76.42
 157.27  127.03
 159.50   93.62
 162.50   77.38
 163.49  148.65
 164.36  126.39
 166.30   69.11
 167.37   71.34
 168.45  171.39
 170.22   33.81
 172.98   83.09
 176.44  142.55
 179.20  166.11
 179.69   89.62
 188.45   35.70
 192.60   57.66
 193.02   32.56
 194.02   42.97
 194.55   73.86
 195.95   54.91
 196.41   94.75
 198.71   35.79
 201.85   70.40
 202.55   66.01
 204.11   94.54
 204.11   68.33
 207.64   90.64
 208.84   93.57
 211.48  239.41
 211.63   19.26
 214.18   75.78
 215.39   81.74
 216.49   78.43
 217.78  226.47
 217.82   71.29
 218.31  103.92
 223.39   44.55
 226.86   68.72
 229.20   77.20
 231.21   79.75
 235.10   76.98
 239.56   68.46
 239.81   95.78
 240.95   65.18
