   9.35   73.41
  11.14   55.01
  16.44   97.57
  20.94   53.63
  21.40   94.47
  21.75  105.31
  26.38   48.96
  26.51   49.11
  29.00   99.22
  31.39  108.19
  37.93  104.21
  39.11   38.97
  40.80   46.70
  42.37   65.61
  43.15   39.77
  43.19   40.30
  43.26   65.33
  44.49   93.73
  47.37  103.74
  47.55   38.95
  49.13   41.62
  49.25   35.94
  51.56   69.96
  53.22   43.02
  53.44   37.06
  58.07   90.69
  58.15   32.06
  60.64  102.89
  62.07   35.20
  72.52   41.05
  82.85   94.45
  84.18   84.28
  87.50   40.54
  91.22   84.06
  91.43   57.83
  91.62   42.33
  97.40   62.85
  97.65   52.68
  98.68   82.90
 100.96   45.00
 102.29   83.92
 102.44   80.44
 102.81   41.11
 104.42   92.50
 105.14   84.77
 105.86   41.84
 106.48   62.60
 107.71   53.12
 113.37   39.26
 114.06   89.51
 118.29   42.07
 118.51   88.19
 118.70   82.17
 118.86   29.18
 119.40   37.05
 120.66   39.78
 120.81   47.75
 122.74   33.04
 125.66   31.26
 128.22   37.15
 130.41   40.43
 131.45   87.74
 134.19   52.27
 136.52   40.09
 138.84   82.38
 150.50   76.79
 154.40   78.76
 155.90   47.58
 159.82   67.18
 162.17   40.97
 187.07  224.80
 187.56  219.26
 189.63  213.36
 191.96  246.80
 196.82  221.34
 196.94   44.29
 198.04  235.82
 198.49  230.06
 198.76   42.06
 199.70  222.55
 201.12  211.47
 201.51  206.27
 202.66  201.86
 203.03  146.10
 203.80  194.96
 204.95  176.93
 205.55  170.12
 206.76  205.76
 207.56  159.44
 209.34  152.50
 210.86  139.05
 210.88  126.42
 212.50  129.50
 212.57   21.54
 216.38   95.87
 217.37   61.93
 220.87  103.60
 220.88  139.47
 221.89   58.45
 222.78   53.07
 223.28   90.97
 224.57  141.72
 225.09   79.14
 227.73  104.78
 230.59   98.59
 230.60  114.45
 232.27   42.43
 232.40   78.87
 233.04   59.77
 234.64   56.70
 235.04   70.51
 235.88  110.36
 238.50  149.48
 240.07  152.18
 242.68   40.83
 243.27  122.31
 243.86  129.85
 245.94  124.22
 247.89   95.39
 248.74   70.98
 249.12  137.32
