   8.30  209.74
   9.97  213.45
  10.01  219.56
  11.63   41.80
  13.89  222.71
  15.03  226.04
  17.86  232.39
  18.29   99.05
  19.14  236.38
  21.30  241.04
  21.35  241.13
  24.00   31.74
  27.39   90.69
  27.65   94.41
  29.55   98.94
  33.68  194.85
  33.72  180.50
  33.87  160.70
  34.41  205.26
  34.49  200.55
  35.73  194.98
  37.33  186.88
  37.68  190.85
  38.10  206.84
  38.98  195.06
  40.11   97.41
  40.43  176.93
  41.57  243.93
  42.15  183.94
  42.19  218.51
  44.02   15.16
  44.93    7.00
  45.12   14.67
  45.75  200.59
  46.71   34.18
  47.60  222.95
  48.11  188.54
  49.00  179.45
  49.18  185.70
  51.21   98.96
  52.03   24.64
  52.15  141.31
  52.27   26.90
  52.59  161.09
  54.29   80.22
  54.37  127.42
  55.01   88.51
  55.02  137.22
  55.66   16.84
  56.10  151.37
  56.26  123.02
  56.37  123.08
  57.42   95.24
  57.62  111.13
  57.99  182.70
  59.00  199.70
  59.01   85.23
  60.09  166.54
  60.20  122.44
  60.76  130.65
  60.86  146.21
  62.84   85.35
  62.92   82.02
  63.10  156.77
  63.41   41.14
  63.59   96.74
  63.62  184.38
  63.70  224.39
  63.81  150.77
  64.04  150.85
  64.05   88.39
  64.29  221.10
  64.55  122.69
  65.04   41.02
  65.96   79.01
  66.46  115.85
  67.03   86.23
  67.04  108.23
  67.33  213.43
  67.76  203.74
  67.99  159.44
  68.00  197.46
  68.45  129.68
  68.59   78.12
  68.68   97.26
  69.46  161.37
  69.56   65.31
  70.09  122.95
  70.53  112.47
  71.26   52.20
  71.60   89.74
  72.48  216.35
  72.83  108.14
  73.11  115.75
  74.26   55.94
  74.53   44.87
  74.61   48.21
  75.36  123.06
  75.41   81.58
  76.27  179.99
  76.47  220.71
  76.62  122.66
  76.73  180.09
  77.71  131.72
  78.03   82.36
  78.08   49.34
  78.20  123.12
  78.20   34.07
  78.27  216.14
  78.73   78.83
  78.76  169.29
  79.35   98.43
  79.52  110.22
  79.58   94.87
  82.64   54.96
  83.29   66.91
  83.52   82.68
  83.68  103.69
  83.88  110.32
  84.37  131.50
  84.76  161.30
  84.96  218.95
  85.42   92.40
  85.63  222.49
  85.70  208.19
  86.39   70.22
  87.60  135.22
  88.05  110.16
  88.05  180.85
  88.49   77.59
  88.57  240.17
  88.87   92.17
  89.05  177.51
  90.87  138.99
  91.05  123.29
  91.42  115.62
  91.52   63.89
  92.88   22.23
  92.98   76.63
  93.19   65.45
  93.41   14.40
  93.63  111.99
  93.66  129.82
  93.99  110.24
  94.88  140.44
  95.21   95.60
  95.55    7.05
  95.84   67.71
  96.97  142.16
  97.17  152.86
  97.26  124.30
  97.62  132.92
  97.76   88.40
  97.79  214.61
 100.25  116.90
 101.10  174.73
 101.95  144.91
 102.09  157.65
 102.63  118.10
 103.89   62.65
 104.01  136.12
 104.02   74.88
 104.39   86.46
 104.66  182.98
 104.68   20.74
 105.15   68.68
 105.63   53.90
 107.70   57.39
 107.87  151.60
 108.31  106.56
 108.51   11.36
 109.23   51.43
 109.75  159.38
 110.59  206.04
 111.47  232.30
 112.12  148.36
 112.19   54.95
 112.92  160.34
 113.03   47.05
 116.92  186.02
 117.39  128.98
 117.43   56.75
 117.68  168.19
 117.92  179.52
 120.58  173.57
 120.75   97.09
 121.16   14.22
 121.40   28.78
 122.66  180.57
 123.22  140.26
 123.62   30.54
 123.83   10.33
 124.12  207.91
 125.29   14.15
 126.04  138.74
 127.40  135.98
 127.70  158.92
 127.75   29.08
 128.33  170.22
 128.88  185.05
 129.00  190.27
 129.02  199.80
 129.24  187.26
 130.47  132.11
 131.51   19.61
 132.07  136.79
 132.74   16.34
 133.19   11.98
 133.30   88.09
 133.39   80.57
 133.58  104.05
 134.11   21.33
 134.13   33.97
 134.87   17.32
 135.46  179.30
 135.58   29.80
 135.59   77.32
 136.66   40.35
 137.17  181.85
 138.78   24.82
 139.12  166.98
 139.80   21.83
 141.16  179.68
 141.97   89.99
 144.02  179.10
 144.54   79.71
 145.33   48.76
 145.47   49.17
 145.85   30.24
 146.50  200.12
 146.78   44.51
 146.81  183.53
 146.84   95.70
 146.88  132.65
 147.09   69.19
 148.37   22.08
 148.40   14.62
 148.58  194.28
 148.83   85.91
 149.14  152.76
 149.26   34.60
 149.43   52.49
 150.53   74.02
 150.71  112.37
 151.13  168.73
 151.89  181.52
 152.07  182.08
 152.54   40.18
 154.07   92.42
 154.30  100.57
 154.79   87.32
 155.17  176.66
 155.50   20.10
 155.86  202.92
 156.83  195.11
 156.94  177.63
 157.77   96.34
 157.97   90.58
 157.98   54.74
 158.08  115.65
 158.20  156.86
 158.32  205.82
 160.03   68.18
 160.82   33.67
 161.09   89.65
 162.15  152.15
 162.40  102.53
 162.73   42.27
 163.21  155.37
 163.21   27.12
 163.58   38.39
 163.97   61.40
 164.01  141.75
 164.54   92.63
 164.63   78.01
 164.70   81.98
 164.82  119.10
 164.84  159.70
 165.12  103.25
 165.99  150.44
 166.23  163.79
 167.00   28.78
 168.22   28.13
 168.85   67.74
 169.09  155.81
 169.64   44.86
 170.55  152.37
 170.75   37.01
 171.75   82.57
 172.09   64.16
 172.40   52.88
 174.30  150.74
 175.67   40.30
 175.77   48.97
 176.84  167.78
 176.88   82.05
 176.95  109.65
 178.62   89.59
 178.64   36.85
 179.90   87.08
 180.04   58.14
 180.12  104.95
 180.65  169.37
 181.70   46.02
 181.86  160.39
 182.23   78.71
 182.99   63.28
 183.71   94.36
 183.92   52.81
 185.10  225.10
 185.46   56.38
 185.89  228.83
 186.18  144.60
 188.04   14.63
 188.33   18.03
 188.57   53.04
 189.21   61.10
 189.88   61.19
 189.93   46.32
 190.52  131.21
 191.34  229.74
 191.44   13.83
 191.46   83.98
 192.87   11.02
 193.34   94.18
 193.82   97.52
 194.94  135.98
 195.87  103.68
 196.14   87.83
 199.17  135.64
 200.35   13.09
 202.58  100.20
 202.73  224.47
 202.82  219.24
 203.09   61.15
 203.45   92.79
 203.60  210.37
 203.93   90.01
 204.37  233.48
 204.48  215.60
 204.94   51.86
 205.07  121.81
 206.27  205.27
 206.59  221.28
 208.85  212.17
 209.99  189.83
 210.57   70.44
 211.42   40.99
 211.91   63.26
 212.43  212.65
 214.00  127.53
 214.19   58.79
 214.62  100.97
 214.62  100.92
 214.97   63.54
 216.16   44.41
 216.46  201.22
 216.88  105.97
 217.60  158.65
 218.34   89.00
 218.67  217.49
 218.74   63.44
 220.11  188.64
 222.42  146.74
 222.43  208.42
 222.69   82.25
 223.71   88.79
 223.83  185.64
 224.12   63.29
 224.53  105.42
 225.02  193.03
 225.18  218.37
 225.75  196.27
 226.03  236.44
 226.44   93.18
 226.47   63.30
 228.24   30.98
 228.31  106.66
 229.40  206.96
 229.62  153.75
 229.71  134.78
 229.90   54.34
 230.24  196.66
 230.87   65.43
 231.70   78.54
 232.10  209.94
 232.63  204.22
 232.69   94.04
 232.84  152.88
 234.29   70.28
 234.53  111.92
 235.76  138.12
 236.46  154.72
 236.60  217.16
 237.10  204.87
 239.59   71.33
 239.98   68.70
 240.41  192.77
 240.73  110.12
 241.03  182.06
 241.43  196.49
 243.05  141.93
 243.42   44.37
 243.75  186.21
 244.35  144.71
 244.54  183.05
 245.38  115.15
 245.73  118.23
 245.91   63.47
 246.60   86.22
 246.71  183.31
 246.79  159.82
