  11.16  220.48
  11.70   95.99
  20.26  220.85
  22.07  227.38
  27.09  162.38
  28.98  170.45
  35.29  161.85
  35.98  103.23
  38.44   32.35
  39.63  130.58
  39.65  103.81
  40.59  195.01
  40.98  107.19
  41.11  142.29
  41.12  124.68
  42.31  152.56
  42.68  166.41
  43.25  179.53
  43.70  125.34
  46.11  137.14
  47.46  161.07
  47.53  144.15
  48.89  146.51
  53.27  160.66
  55.48  153.78
  55.84  150.37
  56.48  159.70
  58.11  168.73
  59.00  142.04
  60.59  119.43
  61.34  140.29
  61.82  168.58
  66.70  167.75
  66.90  154.48
  67.31  120.96
  71.37  139.54
  72.40  148.97
  76.37   34.44
  77.20  115.12
  78.76  153.73
  79.67  140.21
  81.71  144.70
  83.11  154.61
  83.79  242.03
  85.43   34.01
  85.88   25.75
  86.16  139.01
  86.74  136.30
  87.82  166.26
  88.70   30.10
  89.28  147.99
  89.59  158.20
  90.59  170.75
  91.77  148.39
  93.34  157.50
  95.64   30.04
  95.69  218.33
  96.44  224.89
  97.30  132.57
  98.67  230.12
 102.27  241.14
 102.96  225.45
 103.69  231.87
 105.76  195.13
 106.76  228.25
 108.51  194.93
 109.96   60.20
 110.24  230.01
 116.55  226.32
 118.53  214.43
 118.80  191.62
 118.83  216.74
 119.17  225.26
 120.35  127.37
 120.49  127.51
 123.05  164.96
 125.71  238.45
 126.39   30.14
 126.55  227.99
 126.61  123.84
 128.26  129.50
 130.85  193.06
 131.47  165.08
 131.61  155.05
 132.00  240.37
 132.21  165.40
 132.93   27.27
 133.54  223.24
 134.74  185.22
 134.76  126.86
 135.07  166.55
 135.59  131.59
 135.85  238.30
 136.36  195.36
 137.64  226.07
 139.07   27.86
 139.30  154.17
 139.79  168.64
 140.86  183.73
 141.06  151.45
 141.79   27.69
 142.03  128.57
 143.28  134.01
 143.38   46.44
 143.75  185.82
 146.16  183.34
 148.16  163.97
 149.26  183.16
 154.46  178.73
 155.56  184.15
 155.82  163.76
 158.12  193.90
 159.90   11.20
 161.53  183.77
 163.41  174.21
 163.42  163.24
 163.56  191.01
 164.44  192.98
 166.58  165.18
 166.71  184.58
 168.18  165.88
 168.20  190.39
 175.02  202.55
 175.55   17.13
 175.70  205.84
 176.69  159.54
 181.39  203.22
 182.85  197.63
 189.16  178.95
 189.72  118.21
 194.10  189.70
 195.50  170.40
 198.00   18.88
 198.24  201.33
 198.46  165.39
 198.51  201.26
 202.36  173.55
 202.50  189.46
 203.21   39.91
 203.44  187.44
 203.63  192.07
 204.73   24.33
 206.13   60.84
 207.86  169.43
 208.58   52.90
 211.01   12.63
 212.20   60.89
 213.27  195.01
 215.99   61.15
 217.39   53.30
 218.13   63.15
 218.38   21.72
 218.59  129.48
 218.90   55.52
 222.24  186.53
 222.46  186.57
 224.46  204.81
 224.48  172.30
 225.60  119.80
 226.41  176.56
 227.52  130.17
 227.90   22.65
 227.92  191.66
 228.39  154.42
 229.06  163.43
 229.56  197.06
 229.58  173.54
 230.30  184.03
 230.51  181.54
 231.49  199.51
 232.28   28.10
 232.53  170.99
 234.05  184.40
 235.41  216.86
 236.68  189.71
 239.31  159.78
 243.63   31.02
 245.81  116.79
 247.67  122.47
