   7.48  143.28
  10.75   87.53
  13.59   84.47
  16.81  148.37
  17.66   92.32
  21.32   99.58
  23.84  147.14
  24.62   84.72
  25.83   89.89
  26.45  140.50
  27.31   93.09
  29.04  100.65
  31.73  190.59
  32.13   91.40
  32.36   98.41
  33.69   94.69
  33.69  106.89
  33.95   88.18
  34.20  140.56
  35.21  137.42
  38.02   94.31
  38.30   93.96
  39.87  222.60
  40.36   99.28
  40.92  193.08
  41.52  121.15
  44.37  105.94
  45.14   98.47
  45.24   98.44
  46.02  128.08
  47.16  139.88
  48.02  130.79
  48.84  101.83
  50.08  176.89
  50.26  128.34
  50.64  114.36
  51.72  128.09
  51.81  119.48
  53.52  131.45
  55.32  124.92
  55.39  106.16
  55.47  106.31
  58.33  142.01
  58.59  108.73
  58.95  104.61
  59.14  131.43
  62.60  107.70
  63.04  116.87
  64.09  228.12
  64.77  200.02
  65.05  126.97
  65.96  104.46
  66.35  131.76
  66.78  127.89
  67.26  224.64
  67.27  137.12
  68.08  231.27
  68.32  129.01
  68.89  100.59
  70.99  135.49
  71.58  109.53
  71.87  137.97
  71.91  104.58
  73.47  129.23
  73.66  133.42
  74.55  117.28
  74.73  158.09
  75.17  202.96
  75.24  141.36
  75.50  105.87
  76.30  136.58
  76.93  230.72
  78.93  206.96
  79.04  137.93
  80.79  130.94
  80.99  120.81
  81.51  101.64
  82.23  107.28
  82.39  104.05
  82.71  134.24
  83.33  117.48
  84.07  110.32
  85.79  124.65
  89.03  111.20
  89.63  108.19
  90.76  130.65
  91.20  141.41
  91.70  107.44
  91.97  117.33
  92.85  122.48
  96.42  141.88
  97.31  124.86
 102.53  116.35
 103.15  211.41
 103.21  161.52
 103.62  131.01
 104.75  127.01
 105.25  130.66
 105.55  116.50
 107.11  117.92
 107.28  143.15
 107.63  162.51
 109.76  101.64
 110.42  121.50
 110.58   97.95
 113.19  111.49
 113.63   96.05
 114.25  106.52
 114.81  144.74
 114.99  102.86
 116.12  115.28
 116.99  141.64
 117.25  218.14
 117.33  113.31
 118.11  169.88
 118.28  137.87
 118.44  150.52
 118.51  129.45
 118.72  169.70
 120.23  216.39
 121.69  122.44
 123.41  134.91
 123.95  114.38
 123.95  189.64
 123.98  176.75
 123.98  161.87
 124.52  186.42
 125.23  142.14
 125.32  150.93
 126.06  150.49
 127.53  132.51
 128.32  168.17
 129.53  137.55
 131.35  155.20
 131.36  131.74
 131.77  141.45
 132.13  186.44
 133.81  117.20
 133.93   86.14
 134.25   91.33
 134.75  130.51
 135.18   69.90
 135.37  220.60
 136.05  124.07
 136.70   80.75
 137.14   81.38
 137.20  137.09
 137.46   75.17
 139.59   81.21
 139.90   77.13
 140.24  138.71
 140.62   67.95
 141.14  121.76
 141.25  153.84
 141.35   85.78
 141.41  185.96
 142.12   91.55
 142.22  134.75
 142.56  131.28
 143.24  107.26
 143.30  124.82
 145.11  152.97
 145.33  128.59
 145.36  143.95
 145.44  147.88
 145.54   68.14
 145.82  124.80
 146.78  152.58
 146.98  121.95
 147.24  118.16
 147.98   79.86
 148.52   81.53
 149.48   70.85
 149.63   68.25
 149.78  119.97
 150.04   71.24
 150.72  135.94
 151.03   75.80
 151.30   98.69
 152.14   70.60
 153.20  124.92
 153.86   91.24
 155.18  130.23
 155.45   81.71
 156.01   68.38
 156.36  138.44
 156.47   73.45
 156.72   71.05
 158.27  113.27
 159.02   90.71
 159.28  136.06
 160.58  147.00
 160.62  230.51
 160.78  128.93
 160.96  116.46
 161.25   88.71
 161.36  120.28
 162.25  228.18
 162.45   82.12
 162.98  103.43
 163.66  131.18
 164.29  118.86
 165.36  135.80
 165.42   68.57
 165.50   74.10
 165.92  102.74
 167.48   70.74
 168.40   96.13
 168.49  233.39
 169.29   81.95
 169.47   82.06
 169.52  125.59
 170.19  130.76
 170.97   68.59
 171.27   71.42
 172.55  136.49
 174.22  109.99
 174.46  104.42
 175.02  107.88
 175.05  143.93
 175.87  231.95
 176.04   82.26
 176.49  101.60
 177.01   68.67
 177.15  115.85
 178.94  111.79
 179.11  103.10
 179.76  126.32
 180.10  135.85
 180.42   69.47
 180.67  115.45
 182.62   71.81
 182.89  107.15
 182.95   93.84
 183.04  115.94
 183.40   81.92
 184.00   72.09
 184.11  111.92
 185.35  136.54
 185.62   86.98
 187.40  147.54
 187.65  115.39
 187.76   82.27
 187.83   78.34
 189.93  123.64
 190.79  111.74
 192.51  137.19
 192.64  129.67
 194.27  190.16
 195.01  149.86
 196.15  115.09
 197.38  111.74
 197.78   93.27
 197.80  105.26
 198.34  166.03
 198.61  176.91
 199.23  182.05
 199.95  153.29
 200.54  108.49
 200.62   93.07
 200.62  115.02
 202.23  159.67
 202.28  137.25
 202.82  148.30
 202.97  191.24
 203.01  111.75
 203.25  105.66
 203.29  173.42
 205.19  121.38
 205.41  122.38
 206.26  103.47
 206.88  183.30
 206.89  144.56
 207.07  144.88
 207.39  131.28
 208.80  151.18
 208.81  166.14
 209.01  127.49
 209.02  178.23
 209.23  118.41
 209.59  110.82
 209.64  138.58
 210.34  241.18
 210.53  134.74
 210.92  101.55
 211.73   54.81
 212.05   67.88
 212.62   96.52
 212.91  114.51
 213.00  131.48
 213.02  118.40
 213.19  122.53
 214.14   59.43
 214.98  151.77
 215.06  105.78
 215.13  105.64
 215.57   64.11
 216.15   64.56
 216.27  135.68
 216.39  192.69
 217.21  115.02
 217.61  120.48
 217.82  131.23
 217.91   56.90
 218.29  124.46
 218.31  189.24
 218.41  120.38
 218.63  140.94
 218.91   51.55
 220.04  178.01
 220.63  144.91
 220.80  128.32
 222.47   56.63
 222.74  153.01
 223.31  114.63
 223.53  104.94
 223.64   73.66
 223.76  131.05
 223.78  109.09
 223.79  124.59
 223.81  119.71
 226.05  101.14
 226.37   75.14
 226.45  111.21
 226.56   57.18
 226.78  117.29
 227.89  151.29
 228.12  155.86
 228.25  177.30
 228.50  217.71
 228.57  149.04
 228.94  177.92
 229.04  131.53
 229.62  170.58
 229.96   57.16
 232.01  139.15
 232.40  126.48
 232.57   64.86
 233.18  156.79
 233.23  133.38
 233.69  192.76
 234.93   60.78
 235.29  141.91
 235.85   69.23
 236.94  120.06
 237.79  191.07
 238.15  162.46
 238.40  219.63
 239.89  223.47
 240.14  142.27
 240.16  126.49
 240.35  187.32
 241.78  138.07
 241.87  220.76
 242.12  182.79
 242.62  165.40
 243.02  113.96
 246.72  175.74
 246.75  100.03
 247.14  156.72
 247.14  126.62
 249.11  129.36
