   7.70   18.62
   7.91   42.16
  10.18   28.09
  10.24   26.36
  10.31   22.74
  10.32   15.83
  14.13   43.93
  14.60   24.61
  14.78   19.34
  15.20   31.92
  17.04  214.28
  18.36  193.80
  20.93  214.26
  21.98  209.16
  22.87   44.89
  25.50   38.41
  26.52   21.20
  26.62  212.72
  27.85   36.77
  29.14  230.55
  31.90   22.19
  32.18  222.22
  32.64   26.87
  33.39   17.30
  35.71  193.23
  36.31   34.38
  38.80  240.26
  41.17   14.76
  41.37   39.33
  42.64   18.63
  42.77   22.42
  44.71   27.18
  47.68  194.27
  47.86   22.82
  48.49   86.97
  49.31  222.80
  49.82   35.08
  52.57   40.68
  52.59  221.63
  54.46   20.45
  56.24  204.60
  62.29  200.48
  62.50   20.00
  64.38  211.87
  64.86   21.08
  66.27   41.27
  68.01  192.31
  68.15  211.77
  68.80   33.10
  71.84  206.35
  72.13   17.62
  75.21  192.30
  78.40   47.20
  83.27   42.27
  84.88  186.08
  85.47   48.74
  87.16   80.46
  88.23  222.16
  90.86   30.23
  91.54   37.91
  91.78  235.43
  92.48   49.08
  93.92   19.87
  95.78  235.23
  96.96   81.13
  99.96   26.97
 100.61   39.25
 103.20   20.69
 104.39  196.55
 105.19  204.65
 106.22  201.10
 107.16  215.45
 108.38  223.59
 108.80   32.71
 109.54   40.86
 110.48   51.07
 111.98  217.67
 112.71   34.36
 116.01  213.35
 116.07  219.92
 119.13   25.19
 119.25   51.02
 120.03  191.24
 120.34  197.46
 123.82   51.75
 124.23  184.95
 127.93   31.21
 128.20   44.38
 131.72   46.89
 132.90   40.49
 133.54   26.94
 133.63  183.91
 134.43  195.37
 134.75   19.06
 137.30  213.69
 138.38   27.44
 141.87   42.04
 142.52   24.17
 143.75   47.21
 144.70   27.71
 145.83   38.82
 147.50  185.47
 147.79  195.25
 148.50   53.19
 149.21   52.81
 149.32   28.11
 150.30  207.18
 151.66  194.58
 152.10  197.70
 153.20  216.92
 155.80   32.50
 155.88  217.88
 156.29  221.37
 156.51   29.14
 156.63  198.39
 159.67  196.30
 159.82  213.96
 159.99  241.80
 160.92  217.29
 161.44  242.27
 162.06   44.54
 162.15   38.28
 162.27  195.28
 162.52   32.75
 162.92  174.68
 162.95  172.96
 164.07  149.16
 164.40  205.88
 164.43  205.70
 164.62  201.26
 167.18   38.85
 167.45  213.30
 169.60   55.92
 171.23   55.21
 171.24   34.01
 171.74  196.90
 172.68   42.70
 172.68  213.06
 173.00   38.92
 173.36  189.93
 173.72  209.60
 173.73  204.01
 174.47  198.96
 177.10  212.73
 177.93  196.39
 178.37   38.79
 178.48   33.39
 179.34   55.73
 180.06   50.46
 180.10  203.77
 180.69  218.17
 181.57  192.13
 183.64  214.78
 183.80  204.46
 184.58  196.47
 187.34   64.75
 188.25   53.20
 188.28   34.19
 189.10  200.03
 189.21  193.72
 189.59  192.04
 189.65  204.45
 190.62  173.17
 191.82  199.94
 192.07   41.19
 192.17   51.00
 193.80  214.43
 194.62   55.92
 194.90  204.41
 195.75  208.66
 196.44   33.11
 197.44  214.13
 197.60  221.72
 200.73   33.36
 203.20   52.47
 204.72  212.72
 205.58   57.90
 206.89  181.29
 207.13  180.53
 208.76   66.70
 209.55  210.47
 210.47   58.70
 211.70  186.75
 214.99   51.13
 216.78   53.57
 220.78   58.66
 223.31   49.09
 223.33  179.95
 225.54  189.48
 226.21  166.88
 227.83   52.36
 228.26  163.15
 229.53   54.35
 229.92  182.49
 229.98   49.13
 230.10  174.04
 230.34  156.11
 230.82   58.95
 231.96  165.54
 232.29   36.58
 232.29  180.17
 233.05  213.30
 233.47   59.49
 235.76   54.72
 235.90  218.33
 236.46  174.52
 237.46  206.40
 239.60  174.97
 240.13   60.48
 242.47  176.98
 243.96  180.06
