  14.62   55.33
  15.19   59.02
  17.88   51.61
  32.32  119.87
  37.03  116.20
  40.13  114.94
  40.94  124.65
  46.41  120.33
  50.58  113.45
  53.63  124.05
  54.25  113.75
  60.94  115.47
  60.97  118.95
  67.66  105.51
  68.53  132.27
  70.70  127.42
  71.15  115.46
  71.57  111.77
  72.28  107.59
  77.03  108.56
  81.15   79.46
  81.59  105.81
  83.64   67.59
  84.81   97.23
  86.39   86.25
  87.33   71.46
  88.55   40.80
  88.66   80.37
  92.49   86.07
  93.17   26.52
  93.38  103.68
  93.47   30.76
  94.05   30.50
  96.95  101.79
  97.50  102.09
  98.16   68.28
  99.20   98.44
  99.29   62.77
 100.72   22.50
 102.09  139.64
 102.32   85.01
 106.02   62.14
 107.05   23.08
 107.33   26.31
 108.15   95.03
 109.48   85.23
 111.90  101.67
 114.06   55.60
 117.48  114.85
 117.64   95.41
 118.15   26.10
 119.49   59.05
 121.14   98.81
 122.36   30.16
 123.94   27.02
 124.99   58.51
 127.48   98.99
 128.86   28.81
 128.97   26.18
 129.25   62.32
 129.80   78.18
 129.87   36.53
 130.35   33.72
 131.47   99.12
 132.50   74.32
 132.57   84.20
 132.61   71.53
 132.83   25.40
 133.11  106.49
 134.83   77.99
 135.51  118.75
 135.55   99.39
 135.59   62.04
 136.16   59.66
 137.08   66.59
 137.36  102.26
 137.65  132.58
 137.77   98.34
 138.16   65.91
 138.44  119.66
 138.65   95.83
 139.99  112.40
 141.67   60.46
 144.18   83.83
 146.47  128.01
 146.63   63.73
 146.70  139.58
 148.45   95.96
 148.86  146.96
 150.88  134.27
 151.79   56.06
 153.19   65.24
 153.35  124.28
 153.62  113.25
 154.70   56.53
 155.82  139.34
 156.27  144.19
 158.70  151.26
 158.72  129.02
 161.06  135.96
 161.53  131.38
 161.84  128.07
 162.70  142.44
 163.23   89.61
 163.62  123.19
 164.48   99.31
 164.70  134.65
 165.52  146.42
 165.63  127.13
 167.11   22.03
 168.68  155.04
 169.50  155.57
 169.62  123.52
 170.87   16.29
 170.95   95.25
 171.55   21.23
 176.24  135.88
 178.75   53.53
 180.37   91.67
 180.76   88.97
 181.24   98.90
 182.30   74.85
 182.73  114.34
 183.71  142.69
 183.89  109.91
 185.45   60.64
 185.93  105.17
 185.98   95.37
 187.81   54.85
 187.88  136.32
 188.06  124.23
 189.10   92.42
 189.45  112.83
 190.10   19.77
 190.84   62.14
 192.32  100.75
 193.20   83.18
 193.36   58.95
 193.51   65.50
 193.59   49.43
 195.66   72.48
 195.87   14.00
 196.26   14.30
 196.44  106.88
 197.11   14.95
 198.65   75.85
 198.91   63.68
 199.17   53.80
 199.25   23.71
 199.29  136.40
 199.65   71.04
 200.32   47.71
 201.65   82.54
 204.56   79.41
 205.57   86.81
 206.00   63.03
 206.94   72.19
 207.66   82.81
 207.96   18.59
 209.57  109.84
 210.25  135.96
 211.08   69.56
 213.59   72.10
 214.39   67.43
 215.55  140.25
 217.02   83.28
 218.41  160.59
 218.62   20.11
 218.89   74.38
 220.74  134.29
 220.95   19.03
 221.65   22.42
 221.95   65.23
 222.73  121.92
 224.48  119.60
 225.10   97.95
 225.23   20.64
 226.15  131.00
 229.94   72.35
 231.81   20.85
 232.41   54.61
 234.14  134.39
 234.23   59.87
 234.37   46.88
 235.89   51.51
 237.29  137.93
 237.30   72.45
 240.98   38.78
 243.33  118.23
 247.88   67.62
 248.50  145.57
 254.74   23.46
 256.23   99.66
 257.65   19.88
 261.76   66.81
 262.16   22.24
 263.67  143.25
 265.51   36.79
 267.14   58.57
 269.53   48.09
 269.54   57.00
 269.55   51.42
 270.64  123.89
 271.48   53.40
 272.09  140.45
 273.49  145.44
 276.10  100.09
 279.28   61.56
 279.43  103.14
 279.58  121.45
 279.61  137.82
 280.13   70.17
 282.26   72.75
 282.87   98.57
 284.31   64.96
 288.40  130.41
 289.65  136.02
 290.71  149.43
 290.85   69.21
 290.94  141.85
 291.05   99.41
 291.29  125.18
 292.23  130.55
 293.21  206.03
 293.36   67.35
 293.55   72.11
 293.74  101.54
 293.96   98.13
 296.85   20.78
 299.81  173.09
 301.46  124.62
 303.25  173.36
 306.01  127.46
 306.88  187.24
 307.81   11.34
 307.94   21.09
 310.48  190.81
 310.67  120.35
 313.34  119.95
