   7.46  163.64
   9.70   85.54
  10.90  182.69
  12.55   61.23
  14.04   65.32
  14.52   84.88
  16.41  182.98
  16.78   24.50
  16.87   31.13
  18.39   27.06
  19.09   70.97
  20.27   73.70
  20.32  182.37
  21.12  101.14
  21.46  146.98
  21.85   25.37
  22.50   75.95
  23.04  202.89
  23.16  149.37
  25.53  182.03
  27.54   26.97
  28.97   81.92
  29.77   23.85
  32.89  198.88
  33.54  170.38
  34.41  164.41
  34.43   67.12
  34.44  173.95
  34.85  164.55
  35.66   45.76
  36.19   63.39
  37.83   21.55
  39.14  174.66
  39.50  194.92
  42.15   20.37
  43.29  175.33
  43.53  166.41
  43.99  165.77
  44.34    8.34
  44.38   16.82
  44.41   11.94
  46.15   86.63
  47.10   39.66
  47.11   39.21
  47.43  156.92
  47.70  185.81
  47.85   45.50
  48.13  181.62
  48.61   67.35
  49.00   55.27
  50.41   59.95
  50.99  190.18
  51.20   15.50
  53.42  175.35
  54.42   66.76
  55.09  183.24
  55.74  187.45
  57.67  179.99
  59.87  170.11
  59.88   64.04
  62.29  196.48
  66.04  182.24
  67.66  165.06
  68.13   11.50
  69.71   66.15
  69.76  189.73
  71.00   61.90
  71.06   57.13
  71.53  135.24
  71.73  198.53
  73.71   59.75
  74.50   44.88
  74.68   10.01
  74.99  137.59
  75.01   54.03
  75.80  180.74
  77.12   57.12
  77.32  192.62
  77.44  139.33
  77.59  197.75
  77.82   66.38
  79.29  182.78
  79.41   44.08
  79.66  188.90
  79.75  195.35
  81.06  142.62
  81.33  168.42
  81.52  143.30
  82.07  176.14
  82.62  193.86
  83.48   61.00
  84.83   71.07
  85.68  190.36
  86.30   46.91
  86.57   20.02
  86.92   19.74
  87.06   18.42
  87.09   58.41
  87.46   14.88
  88.43  193.93
  88.80  186.06
  90.26   45.67
  90.47   67.05
  90.55  185.40
  90.77  175.55
  91.05  166.85
  91.70   42.20
  92.08  189.64
  93.31  168.46
  93.64   53.04
  93.84   44.81
  95.30   36.84
  95.81  168.44
  96.02  162.10
  96.37  172.01
  96.42  187.85
  97.08  156.27
  97.30   61.69
  97.81   41.73
  98.30  146.13
  98.50   79.50
  99.24    7.49
  99.67   58.42
 100.91   29.20
 101.32  169.51
 101.43    9.64
 101.67   81.03
 102.10   49.80
 103.03   88.49
 106.46   54.11
 109.57  168.50
 109.68  160.15
 111.39   55.49
 114.02  172.31
 117.00  157.16
 117.57  179.55
 117.59  170.71
 118.06  163.15
 118.89  160.50
 121.19  185.85
 121.35  175.63
 125.29  167.23
 126.35   54.06
 126.81   64.89
 127.13  172.99
 127.73  184.55
 128.58  154.92
 129.94  169.31
 130.05   66.64
 130.21  159.17
 131.03  156.37
 132.96   58.24
 133.12   54.65
 134.09   64.46
 134.33  167.45
 137.74   61.33
 139.88  164.39
 140.87  141.62
 144.67  149.27
 146.91  160.15
 149.29  157.52
 151.70  150.24
 151.94  150.14
 152.50  170.54
 152.67  164.28
 154.45   62.48
 158.46  153.74
 159.94  166.48
 161.08  203.57
 161.16  200.88
 161.23  208.50
 161.79  167.38
 162.04  149.15
 162.50  160.42
 164.67   67.58
 165.09   17.98
 165.24   55.91
 165.49  149.65
 166.14   24.54
 166.74  188.42
 167.11   76.18
 167.34   76.88
 168.22  205.95
 168.44  155.02
 170.07   56.07
 171.09   61.21
 171.29  207.97
 171.61  153.52
 171.93  204.93
 172.91   58.81
 173.18  156.52
 174.91  157.42
 176.87   63.70
 176.93   63.77
 181.19   59.45
 182.97  159.97
 183.12  165.17
 183.86  161.81
 184.15   63.98
 184.47  174.89
 184.73  169.99
 185.16  178.87
 187.07  194.07
 187.17   64.06
 187.54  173.38
 188.42   56.98
 188.94   34.26
 189.05   33.64
 189.82   63.93
 190.27  192.88
 191.49  186.74
 191.53  171.78
 192.22  104.60
 193.14  199.70
 193.34   52.65
 193.48   40.96
 193.75  196.26
 194.70  172.06
 194.87   63.75
 195.41  189.37
 196.38   99.60
 196.87   61.07
 197.62  122.54
 197.77  175.00
 199.00  158.60
 199.67   64.12
 200.78  171.91
 201.46  169.01
 202.18   76.79
 202.47   59.16
 202.58   76.49
 202.83   48.05
 202.91  164.96
 204.10  151.84
 205.17   74.08
 205.59  178.25
 206.55   57.55
 206.63  167.28
 207.40   74.52
 207.97   68.30
 208.16   29.42
 208.79   42.45
 209.36   47.99
 211.51  156.91
 211.74   37.41
 211.89   51.55
 211.92   45.31
 213.54   59.24
 213.55   43.82
 215.58   32.53
 215.59   61.87
 218.54   58.50
 219.25   33.04
 222.18   60.76
 222.25   51.03
 222.81   64.72
 223.98   57.96
 224.65   35.35
 225.22   53.29
 225.36   63.95
 225.70   99.92
 227.46   57.30
 228.12   32.78
 228.40   51.79
 228.62  127.20
 229.03  112.51
 229.32  110.44
 229.45   63.87
 229.68  117.40
 230.00   49.82
 230.16   41.43
 232.03   45.78
 232.62  106.26
 233.70  101.86
 233.90   34.84
 236.38  142.03
 239.09  104.40
 239.16   57.01
 239.40   28.77
 239.94   51.79
 240.60   59.88
 241.27   52.60
 243.29  145.23
 243.30  126.08
 244.73  141.12
 247.43   99.87
 247.67   62.15
 248.04   52.56
 248.04   57.74
 252.08   43.09
 252.13   55.35
 252.16   55.26
 257.02   45.26
 257.03   53.03
 257.12   60.82
 258.08  139.88
 258.16   36.17
 259.78   49.34
 262.23  150.24
 263.27  107.58
 263.91   62.79
 264.06   53.49
 264.62  103.68
 264.70   88.00
 265.21   80.47
 266.25  109.69
 266.70   56.39
 266.93  133.99
 267.16  146.90
 268.19   66.83
 270.26  100.12
 270.72  121.03
 273.11   75.46
 273.49   29.46
 273.91   59.12
 274.49   63.06
 274.59   66.09
 275.44  116.04
 275.50  156.05
 276.27   31.88
 276.46   57.00
 277.55  107.79
 277.69  156.72
 277.78    8.96
 278.74   12.59
 278.88  161.05
 280.67   59.54
 281.46  121.54
 281.48  137.97
 283.44   61.78
 283.50   66.33
 283.76  109.86
 284.18  157.02
 284.25   73.27
 284.32  103.53
 284.35   70.03
 284.47  129.43
 286.03  127.03
 288.89   10.94
 289.45  164.18
 289.71  152.54
 289.73   54.58
 290.20   61.91
 291.28  158.23
 292.32  113.03
 292.77  150.05
 292.79  107.78
 292.80  101.27
 293.08   51.85
 293.89   11.80
 294.93  117.20
 295.25   54.42
 296.04  122.16
 296.48   65.86
 299.12  132.04
 299.81  118.99
 299.89  101.85
 299.98  175.66
 300.25   58.96
 300.67  113.81
 300.97  137.79
 301.46  155.99
 301.82   65.52
 302.03   67.09
 302.41   56.92
 302.91  184.02
 303.79   63.43
 303.92  117.59
 304.14  149.91
 304.87  115.28
 306.32  100.77
 306.97  178.68
 308.09  185.51
 308.20  174.79
 308.82  183.98
 309.34   66.75
 309.42  154.49
 309.59  144.89
 310.75  135.92
 311.57   59.72
 316.31   55.90
 316.37   64.19
 316.52  104.48
 316.70   43.05
 317.52   36.50
 319.75  116.56
 320.22   82.60
 320.32  129.04
 320.71  100.35
 321.27   83.63
 321.46   68.12
 321.51   68.12
 321.72   63.53
 322.25  113.24
 322.36   11.14
 322.37  106.70
 323.40  109.51
 324.41  151.99
 324.85   61.28
 325.42  100.20
 326.15  145.79
 327.15  106.69
 327.50  156.20
 328.28  143.35
 328.48   59.21
 328.65   43.16
 329.49  183.43
 329.68  150.27
 331.93   55.73
 332.80   53.14
 333.25  212.34
 333.34  157.49
 333.37   60.63
 333.54   70.79
 333.82  143.45
 334.19  145.84
 334.35   26.56
 334.35  178.67
 334.76  151.48
 335.27   22.05
 335.92  190.72
 336.09   70.95
 336.62   56.03
 336.70   61.72
 336.92  209.01
 337.01  194.29
 337.04  198.40
 337.53   28.36
 337.59   68.55
 337.90  148.68
 338.36   80.67
 339.34   62.70
 340.58  142.80
 340.73   53.23
 340.97   23.19
 341.50  197.65
 341.59  191.17
 341.74  197.70
 341.94  148.81
 342.32  160.73
 342.59  206.81
 342.75  157.76
 342.95  187.26
 343.14  206.25
 343.18  193.49
 343.66   67.77
 343.80  179.59
 343.85   24.23
 344.62   71.97
 346.09  165.19
 346.09  139.75
 347.01   22.51
 347.17   25.46
 347.20   29.59
 347.62  191.94
 348.01  186.08
 348.45  172.36
 348.61   42.09
 351.07  138.07
 351.11   13.15
 352.36  187.72
 353.52  133.97
 355.02  183.70
 355.51  107.28
 355.99  137.18
 357.59  157.56
 358.50  109.13
 358.95  121.77
 359.50  103.23
 359.91  132.64
 360.26  137.52
 360.26  185.00
 363.96  183.57
 364.98  135.11
 365.31   31.50
 366.40  185.22
 366.50  172.48
 366.71  119.19
 366.87  108.71
 367.24  139.74
 367.37  114.54
 369.95   32.60
 370.99   35.29
 371.22  136.60
 371.99  168.00
