   7.10  161.82
   8.99  147.26
  24.91  162.13
  26.42  157.66
  27.47  159.60
  27.73  166.32
  29.01  155.34
  29.36  162.13
  32.69  163.78
  34.70  137.87
  35.14  154.26
  35.98   95.04
  37.50  146.55
  38.49  132.51
  38.80   81.87
  38.94  132.03
  39.01   76.03
  41.66   38.98
  42.74   36.18
  46.19   20.35
  46.54   33.61
  46.56   78.25
  46.85   27.67
  52.26  149.18
  53.11  138.70
  67.88   27.47
  68.69   69.53
  75.10   69.90
  75.49   22.27
  76.08   63.36
  77.77  153.10
  78.25   65.38
  78.54  148.02
  79.64  153.76
  80.80   23.38
  81.13   46.37
  81.67   75.59
  83.74   60.88
  84.51   19.51
  84.90   25.09
  86.61   21.61
  90.60   60.97
  93.32   19.67
  93.72   67.66
  95.31  173.35
  96.94   18.64
  97.57   56.65
  98.90   15.09
 102.26  183.17
 103.29   35.80
 103.89   43.69
 104.84   65.66
 105.02   58.19
 107.48   15.94
 108.32   37.76
 110.99   68.25
 111.43   55.35
 112.58   36.80
 115.65   11.85
 115.97  184.05
 116.24   63.11
 116.68   67.54
 119.38   38.60
 120.08   50.68
 120.30   57.64
 120.58   61.43
 122.14   36.01
 123.49   63.95
 125.17   61.92
 125.99  177.31
 128.71   39.76
 129.35   40.53
 129.47   63.32
 132.71   59.77
 133.70   48.20
 141.10   61.95
 143.50  164.14
 147.49   66.89
 149.46  152.41
 154.86   62.15
 156.47   59.14
 157.88   62.15
 159.49   57.76
 161.14   22.95
 162.85   32.82
 163.31   58.97
 163.42   74.52
 165.55   61.45
 171.16  152.46
 172.39   60.73
 179.38   56.97
 184.69  196.58
 190.57   98.76
 191.64  135.10
 193.11  164.36
 194.10   70.11
 196.52   77.33
 201.70  133.42
 206.09   99.30
 206.12   99.32
 214.95  154.99
 216.52  146.92
 218.48  127.04
 219.00   32.30
 219.14   95.47
 220.26   37.24
 221.52   50.42
 222.34  150.58
 223.21  156.01
 225.88   40.01
 227.70  146.79
 230.26  156.10
 233.84  155.85
 234.60   92.66
 235.84  138.17
 238.66   95.50
 242.56   94.25
 242.78  163.85
 242.99  103.28
 245.96  110.54
 260.71   92.26
