   8.94   44.01
  13.23  140.24
  13.70   83.48
  14.72   52.03
  14.91  135.20
  15.16  135.52
  18.39   78.59
  18.42   48.77
  18.47  143.80
  18.68   79.51
  18.80   79.48
  19.06   42.93
  23.16   42.74
  24.18   36.42
  26.70   46.63
  28.04  127.86
  28.31  135.11
  28.35  123.28
  28.37  142.44
  29.79   38.39
  30.53  129.86
  30.78   35.01
  31.14   41.91
  31.22  122.83
  31.75   45.90
  34.27  124.03
  34.40  129.22
  35.30  111.97
  36.75  122.52
  36.89   46.07
  37.95   89.76
  38.34  138.80
  38.69  136.06
  38.78  142.02
  39.64   80.26
  39.66  117.15
  41.62  106.91
  41.81  183.33
  42.00   54.01
  43.07  124.26
  44.12  181.60
  44.82  184.59
  45.13  140.36
  45.84   39.13
  45.99   32.18
  48.56   96.50
  50.38  114.57
  50.99   41.16
  53.12  123.72
  54.41  142.86
  55.58  159.71
  58.30  169.63
  59.17  129.12
  60.84  121.11
  62.50  170.37
  62.99   35.50
  65.12   40.15
  65.70  129.77
  66.31  126.04
  66.62  126.47
  67.08   39.23
  68.05  132.23
  68.23  144.54
  69.20  112.12
  70.42  134.37
  70.87   82.69
  71.44   71.36
  71.54   66.68
  72.32  159.29
  73.26   34.90
  73.51   43.18
  74.49   78.74
  74.69   82.88
  74.70   33.15
  74.90   36.99
  75.74   26.92
  76.79   30.03
  76.97   40.15
  77.50   49.94
  78.34   66.42
  80.28   43.10
  82.52   45.88
  82.81   46.48
  84.01   40.60
  86.08   67.85
  86.51   84.06
  86.82   41.74
  88.06   72.25
  90.21   25.68
  90.38   25.49
  90.58   65.00
  90.64   64.94
  91.40   40.44
  91.62   34.70
  93.31   48.15
  93.60  147.74
  93.78   30.09
  93.95   39.43
  95.39   22.60
  95.48   22.63
  99.20  148.03
  99.93   31.77
 100.72   20.72
 101.29   43.02
 101.36   89.23
 104.22   41.09
 104.30  133.39
 104.37  149.01
 105.04   82.95
 106.65   34.95
 108.84   42.87
 110.59   69.43
 110.63   64.37
 111.44   18.53
 111.85   51.50
 113.34   82.35
 114.82   34.72
 114.93   17.37
 116.23   78.27
 116.83   83.66
 119.29   35.65
 119.33   19.17
 119.70   31.70
 119.89   30.78
 122.20  154.05
 123.64   85.32
 124.05   34.16
 124.13   41.21
 125.27  153.58
 126.73   83.29
 127.11   34.60
 127.20   32.01
 127.52  152.45
 127.53  156.48
 129.36   84.68
 129.47   65.28
 132.04   41.76
 134.41  154.58
 134.95   66.22
 135.53   33.79
 136.04   39.85
 136.27   30.96
 137.24   88.10
 137.60   83.11
 138.52   42.42
 140.88  148.72
 143.06   84.12
 143.27   31.57
 145.88   42.29
 151.75   28.33
 153.06   33.24
 153.99  160.51
 155.67   88.72
 155.68   31.42
 155.79   82.42
 156.22   57.26
 156.34  157.00
 156.35   70.29
 157.03  148.33
 157.09  165.63
 157.31  158.39
 157.82   42.15
 158.17   35.55
 158.27  164.51
 160.22  143.49
 161.17  146.77
 161.43   31.56
 161.67  162.00
 162.09   89.18
 162.62  149.47
 162.81   59.87
 163.14  100.30
 163.76  166.15
 163.86  107.43
 164.55   71.15
 164.59  140.95
 166.03  143.61
 166.95   85.39
 167.46  158.84
 167.69  157.46
 167.93  166.25
 169.15  107.26
 170.81   35.02
 171.70   91.30
 171.96   31.17
 171.99  146.13
 172.90   21.83
 174.08   31.11
 174.66   65.25
 176.00   39.53
 176.42   33.61
 178.04   84.04
 178.31   36.63
 178.46   76.05
 178.57   76.19
 178.88   72.37
 179.50   43.33
 181.50   66.12
 181.76   62.54
 181.84   72.02
 183.53   82.95
 183.67   74.41
 185.46   72.52
 187.02   39.46
 188.11   87.49
 188.89   76.62
 189.36   73.43
 191.14   79.99
 193.41   67.46
 194.14   53.63
 195.04   43.03
 196.59   84.59
 196.72   31.16
 197.77   45.38
 198.01   82.23
 198.10   90.98
 198.80   87.98
 198.96   35.09
 199.96   77.61
 201.12   58.26
 202.27   39.63
 202.44   42.41
 202.54   45.89
 202.54   30.84
 203.76   37.54
 206.02   25.04
 206.65   90.41
 207.46   44.62
 208.30   44.32
 208.91   85.89
 210.16  153.66
 210.99  108.28
 211.54  141.42
 211.93   84.59
 212.59   86.40
 213.25   41.68
 216.37  102.18
 216.87  148.55
 219.51  167.68
 220.00  161.22
 220.51  152.30
 221.71   89.37
 227.28  162.09
 230.11   43.48
 235.25   87.29
 235.41   89.85
 235.79   60.84
 237.69   43.93
 238.74   66.12
 240.72   40.67
 241.01   37.07
 243.37   44.49
 245.17   61.64
