   7.69   42.44
   8.76  154.97
   9.70   25.98
  10.15  194.74
  10.88   60.30
  10.91   53.92
  11.37  107.66
  14.87   25.46
  15.29  128.83
  16.29  159.51
  17.41  139.02
  18.21   27.61
  18.91   58.57
  19.56  107.20
  20.35  196.82
  21.39  111.94
  21.42  115.56
  22.15   76.18
  22.59  103.05
  23.66  160.21
  23.97  160.33
  24.75  153.14
  25.51   72.52
  25.79  139.39
  25.83   77.18
  26.72  115.95
  28.29  109.33
  29.30  154.62
  29.49  142.87
  30.42  148.42
  30.52  160.83
  31.35  127.03
  32.01   57.02
  33.27  160.45
  33.30  139.08
  36.49  139.01
  36.63  132.49
  37.73   57.49
  38.95  155.59
  39.65  118.90
  44.13   54.99
  44.71   70.72
  45.26   49.62
  45.44  101.72
  47.17  131.34
  48.48  102.21
  50.74  110.60
  51.49   49.14
  53.11  108.12
  53.14   26.99
  53.59   98.34
  55.77  110.42
  61.91  110.26
  61.98   52.34
  65.95   81.23
  67.46   10.36
  68.54   26.06
  69.01   19.39
  69.04   55.30
  69.59  109.56
  69.63  192.08
  71.44   96.69
  72.69   37.37
  74.55   54.97
  74.61  109.63
  76.34   47.82
  76.44   94.41
  77.26  100.86
  77.95   52.48
  78.29  159.35
  79.55  187.27
  80.14  185.89
  81.06  155.79
  81.11   54.82
  82.72  183.73
  84.73  154.35
  84.87  157.92
  85.27   82.17
  87.33  196.05
  88.01  101.02
  88.86   54.45
  88.87   54.42
  88.95  136.82
  89.21    9.90
  89.42  153.28
  89.54  133.60
  91.89  157.99
  93.01  116.79
  93.97  195.24
  95.04   54.45
  95.47   70.87
  96.08   81.06
  96.38  112.98
  96.84   68.57
  96.89   71.67
  97.01   90.52
  97.16   85.86
  97.22   78.28
  97.33   94.59
  97.57  100.38
  97.58   97.32
  97.65  103.54
  97.70   25.42
  97.74  107.99
  98.15  155.86
  99.26   70.11
 100.65  111.97
 100.71   54.42
 101.00  105.31
 101.77  194.51
 103.18   64.11
 105.44   77.44
 106.50   52.06
 108.63   21.07
 108.65   53.09
 109.15  157.02
 109.41   53.47
 109.91  162.78
 109.98  112.75
 111.31  149.75
 111.60  141.43
 126.26   35.24
 126.36   29.59
 126.47   23.79
 126.54   52.95
 128.94  101.02
 129.40  111.10
 129.74  114.92
 130.46   58.93
 132.12  167.29
 133.50  113.30
 133.58  123.63
 133.86   69.00
 134.22  175.86
 134.65   48.24
 134.67   42.69
 134.89   55.90
 136.28   26.88
 137.49  110.98
 137.80   59.81
 139.64  153.04
 141.72  161.32
 143.26  130.95
 143.58  156.10
 144.77   56.31
 146.35  110.09
 146.72  160.00
 148.75  158.47
 153.28   57.01
 153.57    8.61
 155.75  213.52
 158.72  159.07
 158.73  213.25
 161.35   57.69
 161.90  113.12
 162.52  155.57
 163.01  149.54
 163.37  157.30
 163.94  161.92
 165.75  110.21
 166.02   59.51
 169.84  211.63
 170.56  156.69
 171.50   61.09
 172.77   57.74
 176.85  109.09
 178.57  162.79
 179.08   59.93
 179.13    8.37
 179.16   56.75
 180.26  112.46
 181.54  155.94
 185.11   56.45
 186.28  109.41
 187.90   60.16
 189.29  187.27
 191.69  153.50
 193.88  168.28
 193.90  108.65
 195.08   55.72
 197.25  108.10
 197.40  104.07
 198.81  128.35
 198.86   75.65
 198.99  139.22
 199.04  145.65
 201.34   58.74
 201.78  151.87
 202.36   56.72
 202.73  154.32
 203.18    8.77
 204.51  120.21
 205.72   57.97
 206.52   61.32
 207.42  166.44
 207.82  190.81
 208.31   46.61
 209.28  103.65
 209.61    9.83
 209.72   55.35
 210.50   91.06
 210.57   61.45
 211.12   13.35
 211.21  107.34
 211.64  153.86
 211.78   79.59
 212.48   97.83
 213.67  150.82
 213.98  183.90
 214.14   14.00
 214.71   60.95
 214.72  189.30
 215.47  130.62
 217.02   14.68
 217.51   11.51
 218.74  106.79
 218.96  109.48
 219.54  101.61
 220.13   62.26
 221.23   55.53
 221.39  163.12
 221.56  188.14
 223.85  105.67
 226.28  130.63
 227.44   79.14
 227.90   17.00
 228.16   58.41
 228.57   59.32
 228.69   55.04
 229.00  145.87
 229.23  104.02
 229.31  153.63
 229.81   89.21
 230.03  128.75
 230.73   43.43
 232.50   16.97
 233.11  119.78
 233.81  181.65
 234.84  162.52
 235.11   63.68
 235.41   31.14
 235.91   18.90
 236.02   57.69
 236.12  145.03
 236.45  198.78
 236.47  109.49
 236.93   15.36
 237.55  104.59
 238.31   88.17
 239.88    8.78
 240.04   13.45
 240.68   37.19
 240.88   46.71
 240.93   51.60
 241.18   56.48
 241.47  100.65
 241.50   95.47
 241.53   90.55
 241.61   85.91
 241.69  139.34
 241.71  134.52
 241.73  105.28
 241.81   80.74
 241.89   23.51
 242.28  188.23
 242.49   67.50
 244.08  149.66
 244.27   59.82
 244.81  104.72
 264.10   24.79
 264.36   62.95
 265.55   21.43
 266.86  205.81
 270.05  160.92
 270.46  156.31
