   7.22   80.27
   7.24   55.38
   9.25  119.97
  10.86   75.50
  12.14   93.70
  12.60   50.59
  12.62  197.25
  13.81  120.58
  13.90   75.07
  15.27  100.28
  15.59  199.12
  15.78   82.46
  16.12   55.05
  17.19  110.30
  17.37   13.63
  19.14   20.14
  19.17   78.74
  19.26   95.17
  19.34   16.70
  19.84   55.24
  20.46   57.66
  21.43   18.80
  21.63   28.45
  22.37  163.87
  23.24  107.80
  23.69  115.23
  24.56   61.92
  25.25   58.74
  25.93  109.05
  29.35  113.68
  29.70   35.85
  31.19   61.47
  31.84  109.31
  31.99  117.12
  34.63  113.45
  35.09  106.47
  35.75   97.87
  36.10   81.31
  36.52  173.75
  37.34  160.83
  37.61  172.37
  37.97  106.88
  39.47  114.27
  39.78  105.89
  39.84   94.96
  39.94   54.35
  41.73   77.30
  42.07  176.58
  42.69  172.06
  43.06  166.96
  43.45   84.20
  43.75  113.55
  44.12  148.90
  44.73  107.56
  45.61   45.96
  48.08   38.85
  49.46   87.76
  49.61  173.38
  50.26   42.57
  50.38   17.87
  50.49  160.04
  50.82   98.43
  52.67   20.36
  52.80   93.27
  52.95  166.87
  53.16  158.70
  53.23   41.25
  53.39   32.54
  53.45   54.44
  53.84  158.15
  54.26   82.87
  54.50  110.34
  54.54   97.96
  57.72   36.78
  57.85   31.91
  58.62   53.12
  58.67   26.69
  60.97  107.64
  61.06   23.95
  61.20   88.51
  61.21   81.10
  64.34   84.93
  66.62   42.88
  66.82   51.67
  66.91   30.49
  67.55   37.81
  69.51  114.71
  69.95  105.39
  69.99   99.21
  70.27   51.02
  70.46   41.01
  74.02   52.32
  74.47   40.08
  74.77   31.97
  75.34   23.22
  76.38   71.63
  78.33   53.00
  79.34   97.23
  80.52   22.98
  80.99  117.70
  81.43  174.54
  81.96  163.49
  82.42  159.90
  82.85  173.14
  83.15  162.81
  83.61   56.06
  84.32   49.93
  84.87   22.58
  84.97   38.22
  85.09   26.14
  86.61  108.86
  86.72  155.71
  86.78   49.06
  86.90   78.51
  87.24  110.23
  88.00   87.34
  88.24  168.04
  88.61  169.30
  90.59   76.20
  91.80  167.23
  91.92  114.55
  93.78   76.71
  94.40   93.92
  95.89   57.96
  95.95   51.44
  96.07  111.83
  96.35  115.85
  96.98   84.86
  97.46   25.14
  97.63   54.72
  98.39   42.39
 100.01   52.93
 100.43   82.53
 104.29   70.66
 106.39   36.72
 107.39   25.65
 107.70   54.78
 110.32   51.85
 110.69  128.22
 111.27  169.62
 111.35   35.21
 112.09  132.37
 112.68   82.95
 113.46  104.43
 113.91  172.52
 114.12   61.65
 114.21  123.80
 114.39   72.63
 114.44  112.55
 114.53   94.90
 115.38   58.14
 115.82   43.70
 116.47   88.34
 116.52   34.88
 116.82   28.97
 116.85  107.41
 117.21   27.89
 117.94   65.17
 118.62  128.67
 120.32  114.56
 123.77   55.05
 125.72  114.41
 128.50   55.83
 128.99   69.07
 130.79  114.38
 135.90   56.57
 139.07  114.43
 139.74   56.41
 140.50   77.27
 141.12   98.98
 141.94  101.14
 143.27  120.94
 143.29  125.88
 144.79   57.07
 145.34    8.61
 146.66   60.22
 146.71  111.41
 146.74   60.20
 147.66  152.66
 147.95  146.79
 147.96  121.22
 148.07  140.48
 148.25   54.67
 148.27  113.93
 148.49   64.99
 148.56  128.51
 149.00  109.24
 149.06   96.40
 149.40   83.93
 149.43   77.83
 149.95   71.59
 150.10   47.05
 150.26   40.75
 150.41   62.66
 150.60   29.03
 150.62   35.34
 150.87   23.31
 151.00   17.10
 151.16  154.24
 151.40  121.11
 152.35  133.41
 152.40  125.08
 152.49  108.99
 153.53   73.92
 154.12  133.14
 154.23  158.37
 154.32  141.37
 154.64   32.92
 154.71   26.63
 154.71  124.41
 155.00   98.33
 155.71  117.59
 155.73  106.05
 155.79  120.74
 155.80   40.62
 156.08   61.53
 156.56  129.79
 156.63   84.40
 156.64  136.98
 157.53  162.71
 158.51   45.81
 158.82   74.73
 158.86   67.69
 159.10   93.11
 160.63   64.91
 160.92  126.43
 161.38  170.11
 161.66   89.55
 162.44  130.37
 163.04   70.74
 163.27  149.74
 163.64  174.14
 164.15   64.06
 164.43  163.31
 165.02   74.39
 165.19   93.37
 165.30   59.67
 165.90  184.53
 166.34   54.22
 167.69  177.33
 168.22   65.60
 169.73   62.05
 169.83  191.45
 170.20  191.25
 170.45  114.47
 171.11  181.34
 171.35   47.77
 172.60  158.70
 173.14   61.59
 174.40  165.64
 175.91  149.82
 181.63   91.35
 182.09  115.36
 182.19  150.46
 182.42  114.98
 182.50   52.45
 185.72   52.98
 185.88  148.90
 186.85  155.49
 186.88  141.70
 187.18  160.73
 187.18  202.24
 187.44   67.02
 187.60  166.84
 187.80   61.92
 188.98  148.55
 189.25  178.73
 190.15  154.10
 195.80  165.71
 196.41  165.64
 202.85   95.87
 203.41  138.41
 205.27  137.86
 207.07  204.62
 208.47  156.64
 208.49  169.18
 208.91  169.72
 209.03  169.93
 210.79  134.04
 212.93   95.06
 213.47  129.00
 214.21  134.21
 215.66  124.36
 216.33  132.52
 218.55   79.94
 219.33   98.23
 219.40  201.52
 221.06  188.78
 223.67   81.90
 223.91  189.20
 225.69   87.78
 226.36  104.56
 226.80  163.45
 227.14   98.14
 227.37  189.09
 229.43  186.87
 229.73   80.38
 231.78  103.26
 232.30   99.90
 233.13  153.26
 233.81   86.32
 235.27    8.65
 235.41  178.83
 237.02   81.26
 237.14   94.47
 239.95  186.11
 240.59  170.03
 241.01  165.42
 241.39  160.08
 242.14  172.94
 242.78  111.27
 242.86  173.48
 246.37  120.20
 247.86  128.70
 248.08  189.17
 249.64  111.51
 251.38  136.75
 251.49  172.07
 251.75  187.81
 259.26  185.34
 263.71  170.61
 263.72  183.67
 267.39  154.37
 267.62  167.75
 270.59   45.12
 275.59   60.92
 291.72  161.95
 291.73  156.62
 292.18  159.19
 292.22  159.16
