  11.86  211.57
  35.54  114.15
  37.54   71.01
  37.69  109.41
  42.58   68.09
  44.64   72.04
  45.45   36.43
  46.25   71.26
  46.64   68.06
  49.69   33.94
  49.97   26.87
  53.75   71.55
  57.05   38.86
  64.43  107.05
  70.93  172.77
  73.51  144.58
  75.85  175.90
  77.31  176.59
  81.13  170.80
  81.55  210.33
  83.54  212.45
  85.46  144.33
  90.68  106.31
  93.19  211.99
 108.87  136.06
 114.22  213.45
 116.93  211.38
 119.68  104.78
 124.10  105.95
 125.23  128.52
 126.79  107.49
 126.94  159.25
 129.00  155.56
 129.90  162.10
 130.03  105.83
 133.32  161.78
 134.33  161.18
 137.30  160.88
 137.73  165.10
 138.26  158.25
 139.20  117.45
 154.85  166.01
 155.91  114.36
 156.46  114.49
 161.71  174.64
 171.49  115.09
 172.64  213.44
 178.44  183.60
 178.63  113.35
 178.89  206.85
 179.21  174.56
 180.26  178.02
 182.05  118.11
 184.22  162.02
 184.81  106.95
 185.97  109.16
 189.83  107.89
 192.97  108.09
 194.59  118.11
 197.78  112.93
 202.03  117.30
 205.58   75.70
 205.79   74.33
 206.58   65.44
 207.27  113.30
 208.30  148.14
 217.44   97.60
 218.47  116.98
 221.98  136.24
 222.01   65.21
 226.84  212.17
 228.70  188.33
 230.49  182.03
 236.21  178.70
 240.42  183.93
 240.90  187.66
 248.27  194.33
 248.79  184.93
 248.87  208.53
 250.82  122.40
 251.34  186.63
 251.35  200.22
 251.72  189.96
 253.63  203.25
 253.70  123.79
 254.64  192.10
 255.32  187.03
 256.86  190.52
 262.17  196.73
 265.57  195.52
 267.56  178.48
 270.53  180.09
 272.42  171.87
 273.52  195.53
 273.96  172.55
 277.58  168.32
 281.00  165.13
 291.57  186.31
 300.99  177.93
