  18.32   90.65
  18.51  179.82
  24.17   82.54
  24.45   87.44
  37.53  123.08
  40.30  123.82
  65.54  119.43
  67.03  121.51
  93.87  174.99
  94.31  175.39
  99.11  174.21
 106.06  119.04
 106.08  119.26
 114.24  109.15
 162.43  178.66
 169.28  181.80
 180.64  178.90
 184.13  163.23
 184.96  155.91
 187.08  157.75
 190.91  108.55
 194.06  179.29
 194.10  108.43
 194.18   26.92
 194.42  195.29
 194.79  158.58
 194.80  144.10
 195.07   67.39
 195.54  104.45
 196.49   26.86
 196.57  151.51
 197.80  183.73
 198.25  184.06
 199.60  103.67
 200.23  102.16
 200.60  112.90
 200.70  191.94
 201.09   16.57
 202.28   21.65
 202.66  181.87
 205.86   59.52
 206.41   17.59
 207.85  187.48
 209.61   15.29
 210.26   78.15
 212.71  159.98
 212.71  186.86
 212.76   17.94
 213.54   61.51
 213.58   57.01
 214.91   93.39
 216.89   97.82
 217.76   53.23
 217.91  190.63
 218.56   60.43
 219.68   12.60
 220.03  190.15
 220.89  117.82
 221.74   60.16
 221.94  102.48
 222.17  166.09
 223.62   14.71
 223.67   99.11
 226.68  122.91
 226.79  122.59
 226.88   14.09
 227.87  194.95
 228.87  164.01
 229.11   97.92
 231.24  106.36
 232.29  165.48
 232.77   52.74
 233.54   93.61
 234.04  100.98
 234.98  135.71
 235.36   94.71
 236.44   34.70
 237.14  157.95
 237.56   96.85
 238.08   98.39
 238.46  161.48
 238.50  204.02
 238.62  195.55
 239.64  211.88
 239.99  149.60
 240.49    9.33
 242.75   52.19
 242.93  198.51
 243.39  124.48
 244.55   25.55
 246.39   10.74
 246.69   96.42
 246.98  192.63
 248.55  124.06
 249.58  143.21
 249.80  116.28
 251.33  169.09
 251.92   47.08
 255.34  120.23
 255.59   54.95
 256.57  202.06
 256.60  152.52
 256.71   36.91
 257.01   45.10
 257.18   94.55
 258.96  154.46
 259.83  200.55
 261.83   45.66
 261.84   88.96
 262.55  119.81
 262.58  152.86
 262.90   96.24
 263.11   40.43
 263.79   41.08
 264.39  195.83
 264.41   49.60
 264.48  154.41
 264.57   90.48
 265.22   37.86
 266.01   87.56
 266.14  200.34
 266.17  204.24
 266.58  153.56
 267.29   51.01
 268.14  190.45
 268.42   87.21
 269.88  155.81
 270.57  119.63
 271.24  155.21
 271.81  201.05
 272.18   93.74
 278.17  117.58
 278.31  152.53
 278.58  102.37
 279.56   52.66
 279.64  165.82
 280.78  124.42
 281.15  176.55
 281.35  176.45
 282.02  180.93
 282.28   41.76
 282.56  180.09
 282.63   49.34
 283.05  115.92
 283.62  157.49
 284.19   99.55
 285.46   90.08
 285.51  125.15
 286.38  201.11
 286.76   91.60
 287.30   38.08
 287.30  161.36
 287.82   60.20
 288.21  106.40
 288.31  101.77
 288.34  153.04
 288.52  194.48
 288.58  147.19
 288.88  140.84
 289.09  110.87
 289.18  129.55
 289.36  205.01
 289.37  135.06
 289.52   92.72
 289.62  171.91
 290.35   48.58
 290.35   61.80
 290.39   40.00
 290.65   13.76
 290.71   35.21
 290.71   68.36
 291.60   55.46
 291.63   23.33
 291.86   21.24
 292.43  188.16
 293.05  115.31
 293.29  172.81
 293.57  195.75
 293.64  178.70
 293.96   83.81
 294.15   77.56
 294.28   71.88
 294.38   65.17
 294.39   44.02
 294.53   59.75
 294.56  164.35
 295.05  188.62
 295.15   35.54
 295.18  168.75
 295.42   29.97
 295.71  202.71
 296.25  162.38
 298.52  177.25
 298.65  165.14
 298.77  182.38
 304.02  160.61
 307.45  154.69
 311.50  191.30
 314.07  174.80
 315.95  154.21
 318.02  170.03
 318.80  157.41
 323.65  165.28
