  14.94  119.81
  18.75  130.86
  20.75  120.57
  25.92  128.42
  27.53  119.45
  28.24  128.06
  33.86  113.66
  40.20  115.67
  43.21  110.33
  44.87  116.64
  45.43  108.52
  46.42  101.24
  46.50   98.17
  46.78  111.46
  48.82  116.53
  49.75   96.93
  52.86  160.85
  52.96   98.46
  54.21  118.07
  54.78  101.36
  56.43  121.59
  60.05  118.98
  60.06   97.97
  63.14  116.17
  64.48   98.11
  64.65  123.64
  65.83  119.33
  70.57  126.67
  74.61  120.86
  77.04  116.37
  80.39  118.98
  81.42  164.94
  83.01  134.93
  83.84  121.38
  84.74   89.56
  85.74   83.29
  87.12   75.41
  87.32   86.51
  87.64   80.27
  87.80   60.29
  88.02   67.90
  89.59   57.48
  91.67   87.95
  92.08   75.68
  92.53  123.73
  92.65   58.35
  93.31   62.62
  93.39   74.92
  96.33   83.84
  96.77  123.52
  97.18   58.52
  97.24   63.76
  97.31  126.36
 101.31   86.67
 101.50   79.29
 101.88   72.25
 101.97   58.83
 102.66   66.20
 103.87   75.41
 104.04   68.27
 105.88   14.45
 107.07  121.66
 107.69   71.23
 107.93   10.79
 109.06   15.80
 110.67  114.65
 114.27   74.77
 115.06   55.35
 121.62  138.90
 121.86  122.66
 122.95   64.72
 123.20   64.01
 123.80  139.00
 123.98  118.43
 124.08  171.42
 125.07  139.15
 125.11  171.57
 126.25  115.76
 128.06   55.53
 128.32   72.98
 130.01   53.49
 132.54  130.12
 134.63   13.26
 140.71  128.86
 141.02  123.98
 150.10  130.63
 156.93  120.80
 159.89  173.47
 160.19  124.27
 160.20   81.20
 161.02  128.09
 162.20  208.82
 162.26  140.98
 162.31  131.22
 163.59  195.40
 164.03  125.34
 165.68   66.60
 167.83   69.59
 168.06  133.31
 168.20  192.81
 169.88  150.71
 170.28   58.59
 170.89  132.49
 172.99   56.59
 173.03  149.13
 173.22   81.59
 173.47   64.67
 190.49   81.77
 190.75   75.80
 191.58   85.52
 191.67   49.00
 192.32   73.11
 193.14   50.09
 193.51   70.55
 193.56   78.49
 201.39   87.67
 201.67   73.20
 205.64   15.42
 206.51   44.46
 210.54   15.98
 213.10   95.41
 215.78   92.70
 216.20  175.44
 217.89  155.78
 218.14  152.59
 218.83  147.05
 218.95  129.85
 219.00   92.54
 219.29  147.39
 219.55   80.04
 220.42  125.50
 221.07  174.01
 222.45  130.74
 222.61  176.67
 223.19  136.86
 223.24  149.50
 223.56  146.21
 223.57  211.97
 224.45  125.76
 224.47  154.41
 225.08  163.53
 225.10  171.13
 225.46  164.82
 226.29  144.74
 226.34  107.52
 227.84   66.42
 228.75  187.18
 229.25   16.88
 229.49   17.39
 229.67  176.86
 230.30  124.11
 230.71  173.71
 230.96   78.73
 231.03  109.42
 231.23  146.67
 231.35  129.76
 232.06   91.51
 232.24   51.82
 232.54  153.63
 232.74   91.65
 233.06  103.01
 233.30   87.33
 233.69   61.54
 233.92   77.95
 236.07  147.68
 236.21  167.92
 236.30  127.48
 236.60  103.67
 236.67   95.22
 237.19  117.24
 237.28  122.22
 237.33  113.44
 237.50   72.28
 237.56  142.86
 237.95  134.32
 238.72   61.70
 239.02   75.35
 239.53   65.00
 240.10  157.38
 240.34  113.60
 241.03  136.71
 241.32  100.72
 242.10  143.29
 242.19   66.12
 242.28  165.75
 242.37  107.42
 242.54   94.26
 243.94   73.98
 244.36   71.51
 245.16  114.95
 245.25   71.26
 245.26  179.97
 245.81  110.70
 246.10   61.52
 246.60  141.28
 248.07   76.43
 248.31   95.44
 248.92  108.95
 249.26  175.24
 250.16  160.72
 250.20  133.12
 250.60   90.89
 250.63  102.26
 251.28  143.22
 251.31  107.05
 251.45  137.19
 251.76   69.05
 252.44  156.28
 252.49  176.33
 253.27   91.89
 253.46  114.77
 253.49   79.69
 254.67  183.34
 254.73  179.49
 255.29  142.53
 255.74  134.50
 255.77  176.73
 255.78  183.83
 256.00  190.59
 256.24  101.05
 256.26  101.04
 257.17  115.71
 258.45  143.58
 258.72   86.14
 258.92  136.64
 259.78  106.96
 260.28  140.88
 260.55   97.00
 260.70  133.73
 263.10  169.96
 263.33  113.94
 263.85   84.06
 264.75  106.77
 265.42  169.85
 267.09  115.97
 267.27   80.12
 268.43   84.56
 268.78  107.25
 269.24  167.44
 269.40  105.19
 272.10   88.16
 272.56  159.86
 272.93  172.21
 273.00  115.02
 273.33  143.43
 275.89  116.85
 277.27  175.50
 279.05   93.04
 279.29   97.13
 281.98  132.97
 282.64  128.22
 283.20  155.12
 284.01  112.74
 285.43  103.53
 285.43  126.26
 285.92  166.88
 288.58  135.87
 290.55  158.24
 293.65  158.78
 293.71  155.89
 293.82  100.67
 295.30   97.10
 298.14  203.99
 298.70  162.66
 299.00  109.21
 299.32   99.25
 299.36   21.97
 299.40  161.51
 302.29   95.45
 302.43  107.07
 305.44  104.10
 307.03  107.36
 308.14   91.57
 308.25  112.48
