   9.15  155.34
  10.95  158.86
  14.94  162.58
  17.33  168.89
  21.96  171.73
  27.34  168.96
  28.01  178.48
  31.75  179.93
  35.21  178.50
  37.83  182.53
  44.20  185.47
  55.24  186.11
  60.66  186.66
  65.73  182.60
  70.52  145.85
  70.52  139.32
  71.36  181.14
  74.72  154.57
  77.99  180.57
  78.29  142.01
  81.65  179.32
  81.85  167.85
  83.30  146.77
  84.43  181.60
  84.66  159.81
  86.50  154.88
  86.76  165.93
  86.86  162.31
  89.35  162.00
  93.94  198.37
  94.76  139.20
 102.57   34.96
 112.58  154.46
 113.08  168.06
 113.67  151.44
 114.32  156.53
 121.98  161.17
 122.54   23.22
 122.55  146.21
 122.58  142.12
 124.79  173.51
 125.72   25.80
 129.39   26.55
 129.47  171.00
 132.29   33.76
 134.51  152.97
 135.27  149.63
 136.64  178.75
 138.14  144.67
 138.78  166.70
 140.79  144.71
 142.03  172.01
 146.89  168.80
 147.97  145.30
 150.38  151.02
 154.66  147.97
 156.07  151.70
 156.14  211.05
 156.85  159.56
 158.85  186.91
 159.51  157.84
 162.76  155.02
 165.41  184.72
 165.95  152.90
 167.64  175.48
 168.12  181.61
 169.15  186.45
 169.27  162.30
 170.07  189.42
 171.38  152.76
 172.45  158.55
 173.49  142.32
 182.18  171.06
 186.40  211.50
 211.33  134.71
 232.55  120.23
 236.01  132.36
 236.03  160.79
 237.77  129.41
 241.48  129.95
 241.85  127.79
 243.79  132.56
 247.14  121.87
 249.16  127.37
 249.62  152.02
 250.95  133.92
 262.42  127.63
 277.13  134.57
 277.36  131.88
 278.51  138.60
 280.89  133.19
 281.30  128.54
 285.94   99.45
 286.93   94.20
 287.27  102.18
 296.62   93.36
 300.41   24.65
 303.18   29.03
 303.66   20.44
