  20.29  139.48
  21.37  115.65
  21.58  108.46
  22.23   76.27
  22.94   83.84
  23.35  167.10
  23.41  146.67
  23.54  120.66
  23.55  128.71
  23.60   67.83
  23.69  135.66
  23.79  154.80
  23.86  113.77
  24.47   59.74
  24.58   43.60
  24.62   52.74
  25.09   92.92
  25.11   98.27
  25.14  104.57
  25.48   86.28
  25.68   82.53
  25.72   28.22
  25.83  191.10
  26.89   66.31
  27.03   61.40
  27.21   58.16
  27.24  129.32
  27.43   50.81
  27.50   91.05
  27.82   74.23
  28.05    7.09
  28.52   30.26
  28.63   26.46
  28.93   19.30
  29.31   42.26
  29.49  146.98
  30.06   69.16
  30.43   61.89
  31.10  182.91
  31.21   31.79
  31.41  129.65
  31.52   51.44
  31.92   26.76
  32.47   19.92
  32.60  150.95
  33.55  145.46
  33.69   66.94
  34.72  101.12
  35.72  129.65
  36.08   69.24
  36.08  170.79
  36.10  178.32
  36.43   62.31
  36.46  189.10
  37.11   51.77
  37.53   32.16
  37.71  166.54
  38.59   20.29
  39.47  129.83
  40.17   98.96
  40.38   35.01
  41.24   23.41
  41.62   62.36
  42.07  168.61
  42.20  155.22
  42.82   51.85
  42.95  161.30
  43.87   32.35
  44.31   66.89
  44.62   20.76
  46.07  101.52
  46.48  135.50
  46.52  145.07
  47.28   62.55
  47.60  126.91
  48.06   51.51
  48.60  131.77
  48.66  135.76
  49.27   66.85
  49.95   32.34
  50.18   27.03
  50.72   20.32
  51.08   16.27
  52.31  129.97
  54.05  155.62
  55.13   32.00
  56.04   20.73
  56.54   15.48
  57.21   35.39
  58.82  191.44
  59.76  118.52
  60.17   31.26
  60.56   27.07
  60.72  113.59
  60.77   99.43
  61.00   20.54
  61.43   14.92
  62.82   35.79
  64.60  129.96
  64.89  115.49
  66.12   31.92
  66.66  107.28
  66.80   20.43
  67.08   15.53
  67.30  109.82
  67.87  166.99
  68.35  190.29
  68.59  104.49
  68.62  180.49
  68.73  160.08
  68.85  133.06
  69.28  185.42
  69.34   22.77
  69.41  179.33
  69.79  178.68
  70.21  172.34
  72.06   20.68
  72.48  117.32
  72.90  183.34
  72.94  175.82
  73.42  109.92
  73.88  107.26
  73.97  123.89
  74.46  161.39
  74.63   35.96
  74.78   99.84
  75.22  157.94
  75.63  131.94
  75.69  115.73
  76.13  111.83
  77.14  125.77
  78.11  191.99
  78.12  159.55
  79.11   18.07
  79.18  163.27
  79.26   21.84
  79.30  157.29
  79.35   63.51
  79.66  174.31
  80.24   99.90
  81.28  117.16
  81.75  119.10
  83.01  124.90
  83.59   36.93
  85.73   39.49
  86.49  174.11
  86.86   16.64
  86.95  143.41
  87.61  178.32
  87.78  125.18
  88.30  122.49
  89.57   53.31
  89.64   68.37
  90.32   37.37
  91.07  134.44
  91.91  178.02
  91.97  140.28
  92.49  168.30
  92.61   83.30
  93.29   64.07
  93.47   23.36
  93.62   17.58
  93.70  128.76
  94.20  112.15
  94.83   58.83
  95.58  137.47
  96.50  159.19
  96.58   37.96
  96.60   26.25
  96.66   54.23
  97.12   20.52
  97.61  193.09
  97.78   77.74
  97.96   73.99
  98.31  102.73
  98.84  170.53
  98.85  111.34
  98.89   64.26
  99.19   99.61
  99.20  108.43
  99.21   40.64
  99.65   30.44
 100.07   23.92
 100.10   91.59
 100.12  128.02
 100.17   94.84
 100.30   18.85
 100.33   84.72
 100.58   81.05
 101.24  159.92
 101.26   45.34
 101.92   60.81
 102.76   74.02
 102.83   38.36
 103.02  181.41
 103.28   26.93
 103.82  187.63
 104.24   78.95
 104.59  144.01
 106.08   47.54
 106.21   39.97
 106.74   36.12
 107.24   19.78
 108.11  168.61
 109.08  172.57
 109.98  126.94
 112.21  133.76
 116.51  142.36
 118.15  138.04
 119.18  133.67
 120.02  141.18
 120.81  143.43
 122.22  146.09
 124.07  150.79
 124.37  144.41
 131.77  127.81
 132.19  154.58
 135.14  138.78
 135.61  107.79
 136.47  118.18
 137.29  145.82
 137.37  112.28
 141.06  116.36
 142.62  129.12
 143.21  156.40
 144.83  152.26
 145.85  123.77
 146.07  150.48
 148.84  115.51
 149.37  108.51
 151.64  141.54
 151.81  160.75
 152.79  124.24
 153.31  117.08
 155.49   99.32
 155.91  169.79
 156.08  184.35
 156.68  197.26
 157.17  147.56
 157.41  154.12
 157.52  117.03
 157.73  118.36
 158.03  137.89
 158.66  122.55
 159.23  188.08
 159.56  128.36
 160.53  176.26
 161.87  172.00
 161.97  139.78
 162.45  131.12
 162.57  188.35
 163.11  174.68
 163.63  167.31
 163.93  157.58
 163.95  133.61
 163.95  166.96
 164.56  195.87
 166.79  143.35
 167.24  189.21
 171.60  130.61
 172.20  198.38
 174.76  135.81
 176.02  181.58
 178.15  182.77
 178.17  195.42
 178.46  204.39
 179.65  201.34
 181.79  152.07
 182.38  165.25
 183.14  199.48
 184.18  146.91
 185.14  186.42
 185.43  166.52
 187.09  202.63
 187.71  187.68
 188.10  180.86
 188.53  206.78
 189.05  167.88
 193.35  162.71
 193.65  153.33
 196.67  139.20
 198.18  165.83
 199.06  144.96
 205.27  139.15
 206.18  147.54
 210.09  131.90
 210.35  138.31
 213.37  151.59
 214.93  191.71
 215.37  142.39
 215.89  166.53
 216.39  201.31
 216.68  157.36
 216.76  153.09
 217.23  157.18
 218.03  172.82
 218.78  191.22
 219.30  145.16
 219.61  169.67
 220.10  203.43
 220.58  168.79
 220.82  157.91
 221.19  176.88
 222.60  198.96
 223.93  209.91
 226.24  177.28
 227.12  208.91
 227.97  175.22
 230.11  207.41
 232.08  159.39
 232.28  176.50
 232.68  200.95
 232.69  204.72
 233.00  204.81
 235.60  202.01
 236.11  209.95
 239.76  200.02
 240.17  207.59
 243.05  158.46
 246.12  141.83
 246.94  145.26
 249.03  132.25
 249.88  163.40
 251.49  182.10
 251.53  172.85
 251.70  141.59
 252.82  134.58
 253.53  186.11
 255.01  173.16
 255.02  208.37
 255.10  168.41
 256.23  182.49
 256.95  159.71
 259.23  153.05
 259.54  144.31
 260.34  182.42
 260.37  135.64
 260.44  187.27
 260.75  156.10
 264.56  177.67
 266.27  204.62
 267.12  207.03
 267.34  179.53
 269.64  175.34
 270.77  206.12
 272.03  204.08
 272.68  144.21
 274.00  181.18
 275.06  155.58
 275.84  162.54
 276.80  152.46
 277.36  148.93
 278.62  164.60
