  13.80  150.89
  18.75  150.59
  22.05  139.05
  24.01  151.85
  24.50   98.71
  24.58  104.85
  24.86   98.21
  25.44   91.23
  27.16  126.32
  27.18  112.43
  28.41  124.70
  35.50  161.27
  35.63  147.02
  37.67  157.63
  38.72  163.26
  41.03   77.53
  49.51  146.02
  51.14   22.22
  51.29   75.99
  54.31  158.99
  58.64  139.55
  60.82   89.83
  64.79  120.98
  65.30  108.71
  65.78  121.95
  65.98  150.00
  67.31   81.22
  68.03  127.65
  70.10  148.67
  72.96  131.45
  73.43  150.77
  73.71  146.30
  76.31  149.62
  77.22  135.62
  77.34  135.94
  77.99  151.85
  82.53  175.29
  83.83  169.32
  83.84  139.94
  84.00  177.67
  84.49  138.80
  84.66   85.18
  84.94  137.53
  84.95  148.67
  85.20  136.76
  87.11  183.12
  88.30   94.88
  88.58   74.55
  93.17  147.66
  93.50   73.01
  94.99  165.45
  97.08  193.93
  97.70   83.53
 102.30  200.01
 109.99  208.12
 113.51  143.06
 115.63  204.56
 121.90  201.64
 122.16  205.06
 126.14  195.19
 128.76  200.71
 129.08  159.58
 131.24  202.67
 135.92  153.45
 137.90  157.29
 139.12  149.79
 145.62   37.39
 150.49   26.51
 162.37   93.36
 162.87  159.12
 163.04   68.85
 163.13  152.99
 163.57  127.31
 163.90  135.52
 163.98  131.94
 164.04   52.33
 164.65  109.63
 164.98   90.46
 165.01  128.24
 165.03   53.48
 165.29  147.26
 165.35  116.60
 165.69  116.74
 165.85   78.74
 166.35  140.07
 166.46  153.52
 166.80   85.08
 166.91   85.56
 166.96  134.42
 167.23   41.07
 167.90  123.52
 168.14  150.40
 168.22   47.39
 168.32  136.59
 168.47  127.05
 168.64   63.60
 168.72   75.77
 168.96   81.62
 169.57   85.25
 170.00   96.54
 170.14   86.79
 170.19  117.10
 170.33  111.91
 170.92  125.48
 171.00   71.80
 172.28  109.07
 172.48  129.64
 172.86   63.71
 173.08   80.66
 173.10   58.58
 173.25   42.90
 175.51   69.37
 176.01  110.66
 176.75  133.82
 177.01   87.34
 177.23  146.77
 177.36   38.22
 177.38   66.46
 178.00   71.15
 178.07  113.01
 178.07   75.01
 178.22   91.32
 178.63  127.26
 179.94  142.22
 180.12   51.62
 180.14   82.52
 180.28  147.84
 180.37  143.51
 180.65  105.51
 180.91  127.99
 181.46   42.21
 182.42   63.85
 183.92   53.73
 189.59  136.34
 192.11   51.69
 192.90   85.87
 193.00   82.52
 193.17   44.26
 216.06   80.77
 217.47   43.45
 220.05   75.52
 221.76  116.73
 246.29  147.67
 253.16  146.53
 253.50  149.85
 254.51  162.96
 262.79  151.47
 264.36  152.70
 269.36  143.56
 270.44  143.11
 270.60  163.51
 275.97  152.72
 278.86  142.73
 279.41  159.44
 282.09  166.37
 282.45  118.90
 282.59  162.19
 283.46  133.13
 284.28  173.13
 284.59  160.30
 285.70  163.51
 286.13  119.59
 286.48  156.19
 287.07  133.93
 288.07  147.15
 288.57  168.52
 291.17  128.88
 291.98  123.22
 292.00  117.22
 292.90  144.88
 293.09  137.76
 293.36  158.49
 294.58  119.62
 294.66  176.26
 296.47  162.54
 297.20  153.42
 298.27  170.44
 298.73  165.92
 298.96  146.12
 300.43  168.14
 301.24  137.68
 302.48  165.78
 303.79  158.49
 303.94  132.24
 304.27  128.76
 304.73  178.78
 305.65  146.92
 306.32  174.16
 308.05  158.59
 308.11  179.10
 308.23   94.49
 310.46  137.33
 311.43  117.01
 311.68  133.21
 312.82  139.41
 314.45  118.65
 315.48  178.25
 316.93  142.97
 317.15  113.08
 319.59  178.21
 320.20  200.58
