   9.06  167.43
   9.09  161.48
   9.41  208.51
   9.44  156.36
  10.10  205.87
  11.75  153.97
  13.62  161.72
  15.27  207.07
  19.57  203.85
  21.86  165.49
  27.55  171.08
  29.41  160.33
  29.94  194.41
  30.23  176.50
  30.26  209.87
  32.89  161.97
  33.40  196.66
  33.63  199.94
  34.06  191.80
  36.06  164.03
  36.09  152.92
  36.26  166.47
  36.57  192.08
  38.62  195.37
  38.81  161.89
  39.79  188.03
  40.48  184.60
  40.51  194.72
  42.07  201.94
  43.36  212.89
  43.88  175.69
  44.47  160.53
  44.59  167.77
  44.60  168.20
  45.63  153.92
  46.85  180.38
  49.34  149.81
  50.90  151.55
  51.98  146.70
  53.15  154.47
  54.33  180.39
  54.38  210.40
  54.64  161.07
  54.77  210.40
  54.92  207.71
  54.95  160.98
  56.47  148.66
  59.44  181.03
  60.47  112.47
  62.42  141.58
  62.98  158.06
  63.04  206.06
  66.15  181.79
  66.34  107.01
  71.56  160.83
  71.57  125.65
  71.74   15.56
  73.71   91.53
  76.30  148.17
  76.93   49.14
  78.78  162.77
  86.40  106.77
  87.65   72.08
  88.64  134.66
  89.40  116.04
  89.57   73.28
  89.61  105.97
  90.56  111.22
  92.18  115.42
  94.33  159.60
  94.39  183.13
 101.61  121.74
 102.88   86.41
 103.17   62.19
 109.18  162.11
 114.18  178.92
 116.57  164.90
 118.52   68.40
 118.84  174.84
 119.59  167.14
 120.61  164.26
 121.57  171.35
 122.16  197.25
 123.03  191.23
 123.63  199.54
 125.15  195.65
 125.79   68.89
 127.02   66.05
 127.91  190.57
 128.63  197.99
 129.27  174.37
 130.67  189.52
 131.72  200.09
 132.44  181.32
 136.77  195.25
 138.36  175.84
 145.12  180.83
 152.05  197.18
 156.00  193.87
 158.67  179.00
 166.68  189.98
 168.50  193.91
 169.02  190.97
 171.07  128.80
 171.68  188.62
 179.60  199.81
 180.28  192.12
 181.19  173.26
 181.51  181.95
 184.56  191.31
 189.77  153.34
 190.75  178.06
 192.70  169.36
 193.49  116.02
 195.96  117.73
 196.40  150.97
 197.42  177.89
 197.68  188.30
 200.15  155.22
 201.55  187.34
 202.08  177.30
 205.82  186.14
 207.53  175.28
 217.41  183.37
 220.55  100.58
 221.44  102.05
 224.83  182.10
 228.35  181.40
 230.99  164.01
 231.02  180.86
 231.59  190.38
 232.95  171.84
 234.92  188.58
 236.56  115.65
 237.36  145.62
 237.92  114.18
 239.78  147.67
 240.86  148.51
 243.52  179.37
 248.37  184.90
 248.91  179.11
 251.02  182.34
 251.75  158.55
 251.88  158.52
 251.99  167.06
 253.71  178.75
 256.42  161.40
 262.32  151.39
 262.73  157.04
 270.08  164.92
 270.38  180.15
 271.98  176.79
 272.39  155.66
 273.30  162.66
 274.39  159.05
 275.01  175.72
 275.11   28.68
 275.56   24.89
 275.75  171.93
 276.12  166.59
 276.69  163.07
 277.37   67.43
 277.67   22.53
 278.89   29.39
 279.32  162.88
 279.39   64.55
 279.44  167.59
 279.57   25.49
 279.60   70.60
 280.04   74.99
 280.31   39.34
 281.11   61.76
 281.84   74.26
 282.14  136.79
 282.16  114.94
 283.87   38.60
 283.93  165.36
 285.31  142.99
 285.78  168.06
 286.29  158.15
 288.09  154.36
 289.34  194.80
 289.41  197.97
 291.25  188.56
 292.29  193.33
 293.08  154.22
 294.28  160.08
 295.32  162.40
 298.89  160.93
 304.49  188.04
 308.22  212.68
 310.78  185.29
 310.95  210.96
 311.82  213.62
 313.96  149.57
 317.20  210.12
 317.39  178.60
 317.82   31.61
 318.26   77.81
 318.95   35.12
 319.01   68.51
 319.57  211.13
 319.69  104.45
 319.76  107.66
 320.01  110.51
 320.50  134.46
 321.42  148.21
 321.44  206.24
 321.51  147.74
 321.81  209.35
 323.98   45.76
 324.15  174.99
 324.94   76.64
 324.95  207.40
 326.08   41.10
 326.19   71.09
 326.48  203.14
 327.52  205.69
 331.32  179.96
 331.75   38.97
 332.08  179.23
 332.09  171.21
 332.91  183.37
 333.08  202.20
 333.73   80.04
 334.82   73.04
 335.57  111.30
 335.83  172.78
 336.36   39.99
 336.48  168.34
 336.72   43.39
 337.42  144.27
 337.48   75.70
 337.50   43.40
 337.86  202.67
 337.95  139.33
 338.02  179.18
 339.89  175.20
 340.45  202.17
 340.61  141.17
 342.36  203.99
 343.07  200.52
 343.45  197.54
 350.97  191.72
