  16.45   97.56
  16.68  165.68
  17.49   95.39
  19.19  176.57
  20.15  172.98
  20.38  114.99
  20.61  100.67
  20.80  156.75
  21.17  109.10
  21.24  167.16
  21.38  138.20
  22.90  160.82
  23.25   80.55
  24.31  107.89
  24.48   63.57
  26.01  143.03
  26.02  163.05
  27.24  172.26
  28.69  144.44
  29.67  150.24
  29.80  160.89
  32.54   85.81
  34.72  154.30
  35.27  179.32
  35.36   71.46
  37.19  176.11
  37.26  138.67
  38.07  152.96
  38.42   85.93
  38.67  159.35
  39.80  143.70
  40.76  155.18
  41.92   70.04
  41.99  160.48
  42.63  150.63
  42.68  150.39
  43.30   81.63
  43.78   73.51
  45.03  157.54
  46.02   85.89
  46.28   76.66
  46.39  145.93
  46.51   81.55
  47.00  188.91
  47.89  153.33
  49.37   75.48
  50.44  188.03
  50.90   77.18
  50.96  189.80
  51.48  149.33
  54.57  194.99
  54.97  147.46
  55.41  155.27
  56.32  151.37
  58.41  192.39
  59.09  116.29
  59.34  115.89
  62.33  143.53
  63.13  148.94
  63.32  159.30
  64.38  157.45
  65.37  196.76
  66.53  154.98
  66.74  135.59
  67.07  131.48
  67.08  165.03
  68.46  121.32
  69.25  206.71
  69.86  149.06
  69.93  155.80
  70.55  119.21
  71.63  115.74
  72.47  157.49
  72.92  162.57
  72.92  145.05
  73.17  127.87
  73.22  135.16
  73.53  159.77
  74.21  142.00
  74.53  147.06
  74.58   99.51
  74.62  112.24
  74.95  166.99
  76.15  117.64
  76.39  155.83
  76.55  132.89
  77.68  153.20
  79.15  158.50
  79.37  120.41
  79.53  143.80
  79.72  132.66
  81.74  155.13
  82.24  139.03
  84.06  126.78
  85.45  105.81
  85.85  107.48
  86.22  147.90
  86.32  151.70
  86.72  119.06
  87.43  131.96
  88.11  142.76
  88.98  106.06
  89.23   64.10
  89.62  124.72
  89.94  175.49
  89.97  171.83
  90.38  155.17
  91.52  114.82
  91.72  132.50
  91.72   62.60
  92.70  105.45
  93.81   84.38
  93.96  141.23
  97.22   97.27
  97.26  140.17
  97.30   71.76
  98.08  146.72
  99.31   65.75
  99.43   74.80
  99.78  123.76
  99.81   70.31
  99.82  105.34
 100.93  100.29
 101.33   88.16
 102.30   79.23
 102.59   74.64
 102.75  148.82
 103.48   93.43
 104.21   73.30
 104.43  177.45
 104.44  140.53
 104.45  177.46
 104.65   83.24
 104.79  159.12
 104.87  190.47
 104.95   78.26
 105.37   98.22
 106.29  156.35
 106.57  182.41
 106.70  195.15
 106.79  138.67
 107.07  105.00
 107.29  159.43
 107.71  164.24
 107.77  149.21
 107.89  192.60
 107.96   99.12
 108.35   77.51
 108.99  151.84
 109.17  140.64
 109.69  105.41
 109.93  130.16
 110.96  104.58
 111.43  144.96
 111.51  209.90
 111.70  109.25
 111.75  109.53
 112.17   77.03
 112.96  155.53
 113.37  106.61
 113.76  152.93
 114.19  124.57
 114.44  149.87
 114.72  111.57
 115.41  129.55
 116.31  117.18
 117.51  134.26
 117.87  179.58
 118.03  129.00
 118.48  124.89
 118.91   85.37
 120.37  119.95
 120.45  149.58
 122.07  152.21
 122.12  152.43
 122.28  161.14
 122.51  106.08
 124.44  108.40
 126.10  160.65
 126.55  103.60
 127.14  126.66
 127.91  139.49
 128.37  143.41
 128.50  134.76
 133.15  119.83
 133.40  131.85
 133.84  140.33
 136.96  136.92
 139.90  154.88
 142.78  130.24
 145.72  126.87
 146.70  112.48
 146.75   98.81
 151.57   96.64
 155.49  173.36
 157.03  109.85
 159.85  103.09
 160.30  121.47
 160.67  177.12
 161.01  168.95
 161.07  123.98
 164.56  101.94
 168.79  178.17
 169.23  105.84
 171.99  112.07
 173.26  108.02
 174.89  134.60
 177.01  132.31
 177.37  185.04
 177.89  129.35
 182.58  188.93
 182.83  198.25
 183.14  130.61
 184.14  175.58
 185.10  202.90
 185.99  133.22
 186.11  169.06
 187.54  136.95
 187.64  164.93
 187.69  202.57
 187.96  175.94
 189.12  159.53
 189.31  184.60
 190.39  151.17
 190.70  139.13
 191.09  163.75
 192.44  160.01
 192.66  142.89
 194.27  128.44
 195.11  148.70
 196.33  158.05
 197.20  207.93
 198.71  146.57
 199.54  168.70
 199.84  151.98
 202.08  135.46
 203.73  212.44
 204.28  113.48
 204.35   60.44
 204.41   14.24
 204.50  142.47
 205.23  185.65
 206.01   88.72
 207.12   17.68
 207.59  108.40
 208.26  134.10
 209.40  133.31
 209.88  147.99
 210.62  145.25
 211.34  140.92
 212.44   83.46
 213.20  189.47
 213.21   13.45
 213.28  132.86
 213.76  158.67
 214.04  136.39
 215.05  194.40
 215.84  112.43
 217.13  141.11
 217.86  202.99
 218.37   13.03
 218.53  124.63
 219.90  135.34
 220.76  194.99
 221.50  208.41
 222.86  113.02
 223.15  109.38
 223.27  153.85
 225.36  134.95
 226.54  131.66
 226.60  109.47
 226.61  140.55
 227.16  114.56
 228.13  148.66
 228.61  182.95
 230.72  110.58
 231.97  113.98
 232.54  179.32
 233.28  172.38
 234.69  154.72
 235.03  168.54
 237.74  137.66
 238.64  135.00
 245.56  142.45
 251.01  119.67
 251.26  134.93
 253.38  106.29
 253.83  112.54
 254.92   12.88
 255.11  142.23
 255.34  131.66
 256.03  104.81
 256.04  107.85
 256.87   57.52
 257.07  113.97
 257.78   14.08
 257.90  128.32
 260.08  105.13
 261.01   12.85
 261.99  131.56
 262.08  121.72
 263.24  129.77
 263.59  115.50
 263.77  160.95
 265.26  108.37
 265.41  204.50
 265.55  103.61
 266.98  145.83
 267.26  160.78
 267.51  176.09
 267.92  138.74
 268.73  115.41
 270.38  146.22
 270.49  206.63
 270.50  108.05
 270.51  209.89
 273.47  198.89
 274.09  192.64
 274.22  206.69
 274.24  144.57
 274.34  172.03
 277.98  190.68
 278.03  141.97
 278.06  204.28
 278.84  209.43
 282.46  207.15
 282.81  191.72
 283.32  141.57
 284.87  209.64
