   7.46   82.65
   9.57   94.23
  10.56   51.48
  10.78  101.91
  10.93  116.19
  12.05   98.04
  12.63   34.86
  13.32   85.32
  13.53   25.89
  14.76   88.98
  14.83  127.76
  16.36  113.25
  16.52   29.93
  17.23   71.39
  17.41   78.47
  18.86  202.76
  20.33   85.06
  20.46  113.24
  20.47   73.38
  23.87  117.78
  24.32  126.59
  24.69   74.14
  25.27  200.15
  25.39  113.45
  26.80  182.51
  26.89  196.90
  28.54  118.18
  29.45  134.02
  30.13  179.90
  30.18  113.86
  31.17  124.07
  31.47  119.70
  33.39  138.04
  34.95  183.20
  36.22  126.91
  37.15  137.35
  38.78  123.35
  40.44  140.23
  40.94  185.37
  41.36  115.14
  41.81  180.86
  44.05  169.07
  44.10  148.82
  44.26  185.26
  44.58  127.23
  46.28  179.41
  46.37  176.19
  47.36  115.81
  48.43  168.66
  49.25  123.71
  49.50  163.77
  50.51  187.20
  51.33  130.83
  52.11  139.34
  55.30  187.87
  55.95  137.54
  58.06  123.67
  58.46  188.15
  62.98  127.47
  64.37  130.10
  65.59  183.89
  67.96  127.87
  69.22  124.62
  70.80  130.31
  72.54  180.20
  84.61  129.98
  88.44  125.30
  88.49  186.50
  89.27  128.30
  91.47  137.95
  92.82  197.53
  96.29  186.59
  97.59  184.53
  97.59  190.37
  98.69  166.69
 100.77  124.27
 100.93  190.31
 101.00  133.33
 101.32  124.80
 102.79  138.16
 105.61  165.96
 105.98  190.93
 106.08  127.25
 106.10  181.44
 106.25  196.44
 107.83   20.14
 107.93   29.65
 108.40   20.81
 109.05  139.52
 109.59  131.98
 110.90   51.62
 111.05  145.45
 111.27  125.37
 111.28  163.76
 111.60  169.77
 111.84   39.94
 111.90  124.83
 112.15  139.58
 112.45  141.81
 112.97   25.16
 113.87  136.06
 114.43  137.11
 115.84  122.06
 115.93  132.38
 117.17   30.14
 117.59   21.43
 118.95  194.12
 119.09  129.36
 119.15  139.07
 120.16  135.45
 121.61  142.94
 122.34  131.25
 123.55  141.14
 123.60  165.65
 124.01  193.94
 126.27  196.40
 126.30  161.58
 126.93  128.70
 127.27  118.39
 127.65  147.62
 129.25  113.54
 129.66  172.82
 130.21  160.68
 130.79  195.26
 132.10  177.78
 132.33  124.21
 133.16  114.60
 133.27  137.31
 133.31  101.61
 133.82  119.72
 133.92  156.58
 134.54  141.43
 134.77  187.18
 135.27  194.15
 136.47  198.57
 136.88  124.28
 137.50  116.75
 138.18  143.25
 139.10  174.64
 139.18  144.24
 139.81  120.05
 140.71  171.34
 141.87  120.39
 142.86  115.79
 144.32  137.02
 144.83  128.48
 145.81  116.91
 148.32  160.90
 148.64  204.50
 150.30  116.25
 150.65  170.83
 152.02  129.92
 153.22  112.54
 153.53  135.89
 157.22  114.28
 158.48  127.08
 159.25  184.77
 160.31   53.15
 160.73  107.20
 161.51  115.88
 161.75  207.13
 162.42  126.81
 162.63  109.33
 167.40  121.46
 167.43  114.41
 169.09  130.21
 171.80  129.32
 172.52  121.28
 172.98  112.43
 174.90  123.81
 177.37  129.88
 178.02  124.10
 179.41  212.87
 179.58  115.82
 180.53  108.28
 182.24  149.48
 182.59  113.51
 183.90  128.57
 187.72  124.26
 188.41  128.53
 189.06  123.70
 189.65  152.61
 189.70  105.34
 190.03   36.67
 190.48  121.78
 190.65  114.78
 192.62  203.59
 193.55  104.00
 193.68  113.45
 193.70  127.65
 195.57   99.89
 196.05  105.89
 196.23  162.08
 197.18  131.66
 197.67  152.89
 197.84  129.99
 198.06  122.24
 198.20  144.22
 198.25  157.57
 200.70  117.30
 201.02   38.56
 201.73  119.68
 202.63  126.74
 203.56  150.22
 204.45   99.55
 204.48  110.77
 204.73  119.72
 205.16  167.42
 206.35   40.38
 206.67   31.19
 207.86  129.95
 208.17   98.34
 208.60  101.79
 208.91  107.10
 208.94  125.75
 209.39   36.31
 209.98  133.82
 212.01   99.83
 212.53  103.81
 212.60  128.77
 213.37  166.91
 214.59   97.85
 215.65  199.69
 215.83  129.38
 216.17  138.35
 219.38  171.41
 219.97  164.74
 226.07  175.39
 227.59  150.40
 228.96  205.18
 229.76  171.72
 230.94  163.22
 233.42  204.96
 233.73  159.87
 235.31  180.87
 236.03  157.92
 236.70  171.20
 238.04  160.70
 241.46  176.75
 241.79  180.39
 242.14  161.64
 242.87  189.90
 243.09  158.86
 243.29  171.41
 243.49  190.30
 244.01  178.31
 244.36  164.58
 244.93  175.04
 246.44  161.97
 247.77  172.75
 248.36  164.92
 248.99  176.61
 249.22  159.49
 249.29  176.75
 250.40  162.91
 251.33  188.12
 251.67  165.69
 252.23  173.65
 252.24  181.97
 253.68  177.91
 254.15  163.53
 257.49  174.57
 257.88  160.54
 260.40  166.97
 260.45  151.27
 261.05  163.95
 261.96  175.35
 263.90  200.55
 264.64  173.33
 265.22  164.86
 265.25  171.18
 265.86   83.65
 265.98  177.59
 265.98  178.98
 266.05  200.04
 266.72   89.79
 267.14  205.11
 268.53  164.78
 270.05  168.21
 274.41   83.85
 278.00  198.43
 279.57   53.68
 281.16   82.08
 285.27  148.64
 288.60  146.35
 299.94  191.27
 307.92  149.45
 308.08  144.58
 315.77  153.30
 318.86  144.04
 319.65  166.90
 319.97  173.45
 320.70   75.84
 320.99  179.33
 322.39  184.26
 323.61  154.68
 324.44  179.56
 324.88  189.89
 330.81  198.15
 330.92  202.02
 331.66  182.75
