  14.74  175.84
  15.39  163.25
  15.62  148.43
  15.89  171.27
  17.44  110.62
  18.10  103.58
  18.15  196.28
  18.52   69.64
  18.53  164.37
  19.17   69.89
  19.36  132.56
  20.92  175.71
  21.08   17.08
  22.01   87.23
  22.10   83.77
  22.84  128.23
  22.96  118.77
  23.18  139.76
  24.61   66.43
  24.77  132.21
  24.93   60.90
  25.59   99.06
  26.65   83.89
  26.80  125.28
  26.95  118.31
  26.97  124.83
  27.65  193.91
  28.06   58.98
  28.72   15.37
  29.15   63.61
  29.30   87.51
  29.47  158.36
  29.53   24.85
  30.16  149.60
  30.19   76.27
  30.50  189.11
  30.50   90.39
  31.25  164.02
  31.88  119.78
  33.20  127.99
  33.65   64.78
  33.90   58.27
  34.18   82.53
  34.61   82.42
  34.69  103.35
  35.06  110.58
  36.12   66.50
  36.18  189.02
  36.20   59.24
  38.39  107.69
  38.43  179.03
  38.61  107.55
  38.74   65.73
  38.87  100.65
  39.06  112.34
  40.00   60.76
  41.34  115.93
  41.93  109.59
  42.09  102.12
  42.37   84.19
  42.40   81.00
  42.63  111.62
  42.85   72.94
  42.96   66.94
  43.24  177.65
  43.37  201.38
  43.37   61.62
  44.04   64.74
  44.53  201.58
  45.15   82.04
  45.20  104.03
  45.45   77.80
  45.47   85.96
  45.73   58.79
  46.05  113.19
  46.92  136.64
  47.05   70.53
  47.22  116.57
  47.68   73.66
  47.81  143.47
  49.94  199.36
  50.40   92.22
  50.72  136.07
  51.00  192.02
  51.39   60.15
  51.56   69.53
  52.51   74.51
  53.44   66.26
  54.09   71.94
  54.50   99.55
  54.62   87.10
  54.73  137.22
  54.81   71.97
  55.59  143.37
  59.28  206.41
  60.08   61.43
  61.28   76.82
  61.32   84.63
  61.41   92.55
  61.53  141.72
  62.58  144.67
  64.63   68.96
  65.28   79.66
  65.42   87.52
  67.94  157.60
  70.43  170.06
  70.60  116.17
  70.85  152.24
  71.34  146.15
  71.41   95.00
  72.12  154.69
  72.39   70.07
  72.98   62.62
  73.00  130.68
  73.89   64.30
  74.54  119.49
  75.48  162.72
  75.68  115.63
  76.72   76.41
  76.81  139.93
  77.05  102.73
  77.55   89.90
  78.18   85.33
  78.33   68.29
  78.47   56.49
  78.54   56.17
  78.59   71.01
  79.38  159.40
  81.36  148.26
  81.84   83.82
  81.88  152.46
  82.41  169.02
  82.46   59.62
  82.76  171.72
  83.41  100.42
  84.54   77.62
  86.18  188.83
  86.27   79.94
  87.01  152.41
  88.02  201.12
  88.22  201.15
  88.26   45.99
  88.53   95.71
  89.17  179.24
  89.18   36.54
  89.52   91.16
  90.93  171.19
  91.26  182.05
  91.28   75.36
  91.86  204.04
  92.38   42.88
  93.10   82.87
  93.34  193.92
  94.15  183.23
  94.41   64.94
  94.59   99.10
  95.55   59.83
  95.56   88.09
  95.76   61.55
  96.98   91.35
  97.79   79.88
  99.50   73.16
  99.79   33.85
 100.07   74.27
 100.48   93.51
 100.82   82.35
 101.03   77.58
 102.67   17.65
 104.61   70.52
 104.69   90.32
 105.08   75.65
 105.09   84.14
 105.22  166.20
 106.85   81.15
 108.10   98.20
 108.18   87.19
 108.33   76.47
 108.33   72.57
 111.15   62.74
 111.35   69.36
 111.98   90.02
 112.85   79.30
 113.22  155.61
 113.25   74.47
 114.48   63.00
 114.91   94.38
 115.53   31.46
 115.90  135.72
 116.52   82.80
 117.90   98.46
 118.28   91.44
 118.34  155.83
 118.36  151.27
 119.06  148.48
 119.19  115.33
 120.85  142.96
 121.39  174.48
 121.88   60.92
 122.57  102.52
 122.74   94.10
 122.84   90.72
 122.91  157.18
 123.90  114.74
 124.76   66.31
 125.01  104.33
 125.08  162.32
 125.78  171.67
 126.39   81.42
 126.79   89.83
 127.18  139.13
 128.05   85.54
 128.19   99.48
 128.24   99.90
 128.48   76.78
 128.68  147.50
 130.10  166.41
 130.40  152.95
 131.98  161.45
 132.90   77.06
 135.18   93.38
 135.39  145.81
 135.64   80.50
 136.19   91.49
 136.60   62.47
 138.43   98.37
 138.45  145.06
 139.15   81.34
 139.32   68.62
 139.50   76.97
 139.51   77.09
 140.01  149.99
 140.79  144.37
 141.28  130.14
 141.91   79.45
 142.14   96.22
 142.51   39.74
 143.30  187.18
 145.00   70.74
 146.07  149.42
 146.11  182.48
 146.85   54.83
 147.28  164.38
 147.64   77.09
 147.65  143.07
 147.65  139.13
 147.88  153.14
 148.21   86.61
 149.12  152.05
 149.27  146.44
 150.62  182.94
 151.12  164.49
 151.18  176.76
 151.54   68.38
 151.84  171.21
 151.88  156.63
 151.93  155.55
 152.05   99.37
 152.30   58.46
 153.39   72.24
 153.49  151.88
 153.71   54.98
 153.92  146.00
 154.71  181.71
 154.76  134.37
 156.97   68.11
 157.87  138.98
 158.59  172.19
 158.63  142.23
 158.68  116.68
 158.81  144.11
 159.18  147.68
 160.34  212.08
 161.65  158.28
 161.94  168.00
 163.27   70.78
 163.83  101.63
 164.51   76.50
 164.54  149.23
 164.77  135.57
 165.38   95.47
 165.64   80.92
 165.93  167.61
 165.98  145.71
 166.07   54.12
 166.11  174.46
 166.21  200.77
 167.99   98.89
 168.29   93.98
 170.90  189.51
 170.90   94.52
 171.98   66.47
 172.17   79.36
 172.29  140.68
 172.35  101.98
 173.20   74.72
 174.27  153.85
 174.35   55.21
 175.03  157.91
 175.10  191.76
 175.96   79.32
 176.28   99.56
 176.74  166.64
 177.16  143.92
 179.11  190.06
 179.65  155.91
 179.70  107.59
 180.81  119.78
 181.11  166.04
 181.42  170.56
 181.91  132.76
 181.99  143.36
 182.04  181.92
 182.25  193.14
 182.38  121.06
 182.75  146.20
 184.60  153.83
 184.72  164.01
 185.09  136.03
 185.11  123.67
 185.67  174.58
 185.72  140.47
 185.98  144.02
 186.00  161.27
 186.37  188.16
 186.75  177.72
 186.95  165.80
 187.21  183.28
 187.43  199.04
 188.26  146.08
 189.71  171.31
 190.43  186.94
 191.00  117.49
 191.73  126.88
 191.79  109.58
 192.53  137.14
 195.13  108.84
 195.18  165.61
 195.36  130.84
 196.01  144.19
 196.08  182.71
 196.39  124.15
 197.40  178.01
 197.72  188.67
 199.89  164.94
 201.08  160.94
 201.20  155.25
 201.30  175.64
 201.39  117.80
 203.83  135.56
 203.90  153.44
 204.19  145.93
 205.76  175.89
 206.36  127.54
 208.82  148.22
 215.11   21.97
 217.00  124.91
 219.68  116.23
 219.72  146.65
 220.16  121.49
 220.40  190.10
 222.38  115.07
 223.21  172.11
 225.47  121.30
 225.53  124.92
 230.40  119.41
 230.47  117.44
 230.58  146.49
 231.68  130.54
 232.86  134.36
 235.48  122.05
 235.96  174.47
 236.53  125.66
 237.58  117.28
 237.63  113.24
 239.07  107.99
 240.80  145.89
 241.49  172.76
 243.27  154.06
 244.51  115.40
 245.13  131.30
 246.31  173.03
 246.96  136.06
 247.34  193.48
 248.30  149.21
 249.06  112.55
 250.64  153.26
 251.05  143.03
 251.57  190.95
 252.91  187.48
 253.14  180.56
 253.67  194.40
 256.57    9.46
 256.89  155.43
 257.08  163.47
 257.18  197.73
 257.42  135.02
 257.45  130.04
 257.50  168.07
 259.09  188.38
 259.64  161.67
 259.69  199.35
 259.87  157.33
 261.63  141.71
