  18.22  131.42
  19.48  142.22
  20.03  143.37
  20.93  153.99
  24.58  141.09
  24.91  137.61
  28.68  132.21
  29.59  148.59
  33.15  138.49
  33.52  138.91
  33.60   69.85
  34.68  132.49
  39.37  162.54
  39.55  130.87
  46.24  123.82
  47.71  141.92
  49.56  213.08
  50.37   84.76
  50.41  202.76
  50.58  202.77
  51.56   89.99
  51.56   86.80
  52.02  126.18
  55.90  136.61
  56.89  151.88
  60.69  123.42
  63.63  159.03
  63.69  164.73
  64.76  146.71
  65.08  140.96
  65.12  137.24
  68.59  130.90
  68.59  145.90
  68.59  140.03
  68.99  136.50
  69.79  125.55
  71.35  133.47
  71.86  143.20
  72.11  146.70
  73.52  133.26
  74.40  152.92
  75.00  130.12
  75.01  136.78
  75.18  201.73
  75.29  144.18
  75.54  147.11
  77.04  204.45
  77.11  147.59
  80.17  134.59
  80.35  129.07
  81.43  204.78
  82.01  143.66
  89.09  144.40
  91.18  136.03
  92.54  133.33
  93.95  128.21
  95.07  213.41
  95.70  161.77
  96.73  135.84
  97.71  157.18
  99.02  148.42
  99.05  145.19
 101.93  142.32
 103.66  134.23
 104.86  139.41
 105.98  200.59
 106.13  130.01
 106.40  120.95
 107.04  151.49
 107.61  112.73
 108.16  137.11
 109.13  134.53
 110.31  143.84
 112.10  155.42
 112.55  114.44
 112.85  131.41
 113.68  147.09
 114.78  127.54
 115.09  112.01
 116.27  142.59
 116.43  123.64
 117.16  132.03
 117.46  117.39
 117.51  124.25
 121.07  136.14
 125.14  138.37
 126.67  123.05
 127.08  131.73
 128.57  133.11
 130.22  138.18
 130.97  127.82
 131.83   63.98
 132.50   65.03
 133.18  143.54
 134.23  140.49
 137.87  115.02
 139.26   64.96
 139.41  145.28
 140.73  141.97
 140.87  111.77
 142.04  132.65
 142.32  114.59
 143.52  125.79
 143.61  121.92
 143.61  128.48
 144.24  112.49
 144.88  132.23
 146.59  117.85
 146.83  109.39
 147.46  112.46
 148.57  134.59
 149.95  144.45
 150.87  137.41
 151.59  147.78
 151.99  125.26
 154.38  143.07
 157.51  125.83
 158.00  134.25
 158.25  144.52
 159.52  161.84
 159.84  125.84
 163.89  127.43
 165.52  156.60
 171.64   67.90
 172.40  114.99
 172.60  118.14
 172.82  146.91
 173.07  138.00
 173.57  123.67
 174.21  162.55
 174.61  141.58
 175.19  151.19
 175.37  128.00
 175.37  123.83
 175.38  155.30
 176.09  133.96
 176.97  144.24
 177.25  144.19
 178.01  124.77
 179.70   97.26
 180.20  152.95
 181.40  156.04
 181.45  129.21
 186.07  153.09
 189.61  156.95
 190.77  137.39
 194.25  156.41
 195.97  145.54
 199.88  114.41
 201.65   67.53
 202.13  137.32
 203.45   71.73
 203.81  146.06
 207.78  153.63
 208.73  140.38
 211.79  122.90
 212.08  146.69
 214.99  142.76
 217.05   96.02
 217.85  141.18
 218.83  146.49
 224.83   93.70
 224.93  137.12
 226.00   98.50
 226.03  130.37
 226.95  164.72
 227.48   90.25
 228.46  146.53
 228.93  142.79
 232.52  142.51
 235.07  109.54
 235.38  163.63
 235.82  158.88
 236.06  148.83
 237.13  138.21
 237.56  145.53
 240.42  149.76
 241.50  156.19
 244.12  145.14
 245.20  142.66
 247.98  130.02
 249.97  148.64
 250.63  153.04
 253.83  140.46
 257.43  143.99
 260.28  141.20
 261.21  122.62
 261.82  133.05
 262.51  145.25
 267.48  126.44
 285.93  119.01
 286.34  119.51
 304.37  148.80
 307.28  154.42
