   9.35  143.05
  11.87  132.71
  13.03  143.95
  13.20  151.52
  13.45  138.71
  14.74   63.09
  15.62   25.56
  16.39  147.29
  18.39  157.73
  18.44  151.07
  19.01   24.34
  20.31  161.70
  20.41  141.38
  20.50  161.76
  20.61   33.81
  21.08   26.63
  21.44   65.54
  24.93   34.49
  25.33  149.53
  25.90  165.85
  27.00   20.95
  27.12   62.95
  27.12   37.94
  27.41   26.83
  29.05   65.37
  30.96   32.81
  31.02   59.86
  31.98   62.21
  32.26  149.06
  32.84   39.67
  37.46  149.01
  39.50   26.71
  40.81  131.33
  41.04  145.59
  41.18  166.35
  42.37  134.80
  42.71   63.89
  42.82   59.54
  43.10  171.64
  43.18  143.78
  43.59  115.65
  43.98   28.27
  44.43   60.61
  45.69   14.34
  46.32  120.29
  46.65  144.78
  46.71   19.80
  46.79   31.88
  48.26   62.83
  48.81   11.52
  49.22   29.00
  49.44  150.40
  51.59   15.31
  52.53  170.59
  52.80   29.27
  53.04  112.79
  53.45   39.92
  53.53   16.35
  53.90  151.58
  53.99   57.85
  54.95   25.34
  56.28   18.87
  57.89  115.98
  59.10   62.02
  59.49   26.68
  59.79  118.75
  62.10   59.34
  64.02   22.85
  64.89   59.40
  67.99   10.46
  68.42   61.42
  68.73    7.77
  69.74   58.35
  69.75   43.99
  69.76   52.51
  69.95   35.49
  70.25  152.83
  70.76   29.61
  71.09   53.72
  75.68   40.29
  76.51   57.52
  76.82   20.24
  76.90  156.10
  76.99   52.65
  77.48   11.29
  78.43    6.98
  78.73  120.79
  80.13  150.34
  80.36  153.37
  80.44   23.81
  81.52   57.41
  81.76  117.06
  82.02  116.64
  82.49   60.19
  82.87   53.71
  82.97   47.34
  83.41   29.04
  84.54   33.42
  85.04   44.81
  85.34   26.52
  85.58   50.74
  85.82  119.49
  85.82   20.47
  88.78   36.26
  88.80   29.18
  88.86  149.83
  90.37   17.82
  90.53  180.88
  92.51   23.13
  92.57   59.44
  92.71   50.86
  92.99   33.62
  94.67   16.08
  96.55  142.61
  96.65   59.39
  96.75   56.16
  97.22  185.12
  97.50   51.35
  97.55   25.22
  97.70   18.32
  98.44   53.57
  98.88   51.46
  99.53  152.38
 100.57  132.81
 100.89  136.87
 100.94  103.24
 102.35   58.88
 102.43   46.45
 104.50   59.03
 104.92   56.01
 105.31   44.26
 105.63   58.74
 107.10  151.25
 107.89  164.40
 109.14  141.85
 109.52    9.34
 112.32  150.33
 112.49  178.10
 113.49  113.00
 114.33  163.32
 115.90  180.11
 116.43  166.68
 116.64   50.95
 116.79   51.45
 117.02  175.24
 117.27  106.73
 118.84   32.11
 119.98   23.18
 120.40  124.12
 120.75  152.90
 121.78  152.47
 121.88  122.40
 122.54  151.99
 123.58   48.65
 126.14   50.16
 127.03   26.90
 127.06   10.40
 128.68   19.93
 128.92   51.52
 131.10  110.98
 134.40   52.50
 134.73   58.40
 134.73   23.29
 135.40    9.70
 136.98  102.46
 138.89   24.41
 138.96   28.68
 140.41  185.18
 141.55   20.80
 142.47  123.12
 143.35  113.98
 143.76  107.11
 144.91  119.65
 146.41  102.57
 146.69   14.53
 146.75  123.77
 147.77  153.77
 148.35  162.28
 148.77   18.23
 150.45   58.18
 151.13  105.12
 152.36   30.60
 153.59   53.95
 153.62  154.34
 153.67   54.36
 154.90   21.43
 155.17  118.13
 156.44  152.18
 156.55   40.17
 157.25   48.04
 157.36   52.72
 159.71   34.40
 160.25   40.25
 160.38  120.70
 160.71  175.23
 160.72   49.87
 160.73   45.51
 161.00  169.22
 161.36   55.50
 161.36  153.55
 161.55  174.64
 161.55  146.40
 162.37   20.42
 162.87  111.79
 163.12  142.05
 163.60  110.26
 163.92   39.83
 164.28  169.09
 164.68  179.12
 164.89  165.47
 165.03   47.71
 165.07   52.68
 165.98  175.24
 167.19   31.26
 167.26   16.55
 167.93   41.48
 168.01   55.45
 168.09   50.17
 168.24   44.85
 169.40  160.07
 170.01  164.95
 170.18  185.56
 170.65   22.47
 170.77   37.28
 170.77   40.24
 172.25  155.99
 172.88  156.49
 173.17   55.81
 173.66  171.97
 175.33  154.39
 175.81   59.04
 175.95   34.62
 175.98   24.86
 176.14   29.65
 176.39   22.18
 179.01   55.29
 179.13  154.97
 179.63   52.53
 180.37   16.60
 180.47   32.89
 180.60   42.55
 180.91  108.18
 181.50  153.77
 182.78   22.59
 183.02   13.25
 183.63   16.35
 183.67  189.33
 183.98  110.32
 184.57   57.53
 184.70  119.58
 185.27  122.84
 185.50  157.26
 185.83   48.59
 186.37   38.85
 186.71   14.80
 188.26   48.93
 188.32   54.47
 192.46  157.41
 193.16  156.97
 194.17  106.29
 196.66   54.46
 198.03   45.31
 198.19  109.79
 199.22  138.97
 199.40   40.31
 201.25  113.20
 202.41  120.22
 203.50  105.55
 204.52   53.88
 209.87   48.87
 210.41  120.19
 210.43   51.81
 210.64  104.98
 211.23   54.95
 212.19   37.47
 212.45   33.51
 214.63  112.91
 215.21   49.33
 216.10   32.64
 216.66  116.78
 217.06   41.63
 218.23   47.55
 218.52   34.66
 218.64   55.49
 220.02   41.94
 220.51  126.70
 220.66  116.56
 220.90  116.77
 221.84  157.35
 224.02  104.96
 226.93  157.49
 227.36  118.98
 228.20  156.74
 230.36  161.96
 230.89  119.18
 233.91  155.77
 234.82  157.33
 235.07  175.59
 237.11   32.63
 237.22  161.30
 238.31  158.27
 239.61   37.43
 242.67  158.64
 244.60   37.24
 245.49  163.06
 246.92   50.97
 247.20  117.61
 247.23   12.21
 247.87    9.04
 249.46   50.12
 249.65   46.69
 250.07   45.86
 252.76    9.81
 254.69   56.96
 255.09   17.39
 259.90   59.44
 264.35   28.14
 265.23   58.36
 265.55   11.38
 265.80   18.85
 265.98   61.82
 271.41   61.50
 276.04  167.20
 277.34   49.34
 281.99  165.60
 282.03   34.43
 282.61   59.76
 282.61   38.56
 283.43   45.21
 284.86   30.99
 284.90   51.92
 285.58   63.13
 285.65   57.21
 285.79   37.30
 288.79   60.27
 290.17  153.36
 290.29   37.91
 291.09  159.21
 291.23   52.97
 293.70   43.88
 293.86  173.73
 294.97   26.90
 295.48   34.14
 295.63  141.39
 295.71  148.65
 295.85   38.44
 296.41   65.34
 296.62  170.57
 296.88   54.13
 297.76   61.58
 298.06   62.57
 298.38  145.85
 298.90  154.87
 300.84   36.56
 301.25  164.45
 302.67   20.52
 302.82  171.99
 303.17   63.57
 306.28  151.76
 309.38   63.16
 309.68   19.38
 311.15  163.15
 312.45  160.24
 312.47   23.03
 313.76  150.31
 316.86   24.60
 318.68  143.00
