   7.51  139.16
   8.07  147.07
   9.14  144.54
   9.34  179.96
   9.54  196.39
  10.44  139.43
  11.43  149.18
  11.71  141.40
  11.91  211.49
  14.64  119.29
  15.11  212.21
  15.60  148.23
  20.38  154.54
  23.59  186.33
  24.08  159.49
  27.65  212.85
  28.18  116.40
  31.33  115.80
  36.55  109.09
  38.77  114.47
  41.75  109.20
  42.02  162.16
  43.59  165.39
  43.97  112.88
  45.06  176.04
  45.78  188.44
  45.83  170.56
  47.09  115.12
  47.20  187.00
  47.31  164.39
  49.63   93.50
  49.64  121.68
  50.47  173.75
  50.80  127.88
  50.82  173.68
  51.04   61.76
  51.11  194.81
  51.42  117.00
  51.52  176.51
  52.38   97.06
  53.40  103.68
  54.53   94.37
  54.67  120.68
  54.76   59.29
  54.91  125.44
  55.21  170.29
  55.30   85.62
  55.66   55.44
  56.00  169.90
  56.17  122.31
  57.67   62.12
  57.82   74.98
  58.31   81.70
  58.64  109.10
  59.03   91.02
  59.16   63.94
  59.21  140.07
  59.21  112.64
  59.52  115.69
  59.55   86.74
  60.57  105.07
  62.30  116.24
  63.99  101.49
  64.91   90.31
  65.46  144.16
  66.00  108.40
  67.82  113.07
  68.13   79.63
  68.86   87.04
  69.05   83.34
  69.26   71.50
  69.26  129.89
  69.45  118.25
  69.71  132.55
  71.18  162.77
  71.65   81.30
  72.34  102.83
  72.47  134.85
  73.76  106.75
  74.05  105.38
  75.00  113.60
  75.11  212.08
  76.19  116.87
  76.20  120.63
  76.41  101.55
  77.04   85.65
  77.40   80.03
  77.93  150.52
  78.96  210.53
  80.03   64.83
  80.77   81.41
  81.12   71.11
  82.31  104.05
  82.40   62.18
  83.09  132.07
  83.16  154.97
  85.44  176.77
  85.75  109.04
  86.41   81.58
  88.01  112.55
  88.53  135.65
  89.21  155.12
  89.32  107.95
  91.07  102.28
  91.11   82.11
  91.50   86.21
  92.64   91.36
  92.97   91.64
  93.36  108.37
  94.34  124.69
  94.96  160.27
  95.16   95.24
  97.03  153.09
  97.26  151.73
  97.61   92.10
  98.33  111.01
  99.29   89.24
  99.33   79.46
  99.99  105.37
 101.49  154.74
 102.48   98.28
 103.13  110.63
 103.24   67.42
 103.72   58.16
 104.01   19.91
 105.02   84.83
 105.34  105.16
 106.03   97.46
 106.21   88.91
 106.48  164.15
 108.17    9.37
 108.42  131.82
 108.72   99.75
 108.94   62.32
 109.14  123.49
 109.68   88.77
 110.34   27.60
 110.85  152.92
 110.90  143.89
 111.22  135.24
 111.29  101.99
 111.40   96.64
 111.69  125.81
 111.78   69.66
 112.04   86.33
 112.78   16.67
 112.89   61.42
 113.49  112.51
 114.90  107.52
 115.60  128.96
 115.91  123.86
 116.14  139.18
 117.62   74.62
 117.90  169.21
 118.07   95.39
 119.13  152.46
 119.24   82.72
 120.70   55.08
 120.83   59.24
 121.18   91.36
 121.59  128.51
 122.44  118.37
 122.86  139.27
 122.93   98.03
 124.39   78.91
 124.42   58.81
 124.59   29.79
 125.03  100.32
 125.04  117.21
 125.45  106.51
 125.66   31.84
 125.77  128.79
 125.90  123.96
 125.94  161.32
 126.74   73.80
 127.97   23.35
 128.83  122.27
 128.88  117.36
 129.32   21.74
 129.90   64.62
 130.73   78.82
 131.00   59.96
 131.05   30.55
 132.04   75.83
 132.20   94.38
 133.87  105.45
 135.54  113.08
 136.33  109.10
 137.01   90.01
 138.21  113.47
 138.61   85.22
 140.92   37.69
 142.50   93.95
 143.30   80.09
 143.52   76.36
 144.42   62.85
 144.82   43.58
 144.96  114.72
 146.04  100.71
 146.12  132.61
 146.17  144.14
 146.70   40.91
 146.98   45.75
 147.04   73.73
 147.89   90.67
 148.41   79.22
 148.60   41.62
 148.73   60.65
 149.42   55.09
 149.42  128.50
 149.47   74.93
 150.77  142.95
 151.36   25.28
 152.09   81.89
 152.23  136.21
 152.35   74.08
 152.78   25.81
 153.36  136.29
 153.91  114.24
 155.51   52.06
 156.22    9.49
 156.40  107.20
 156.77   73.22
 156.77  159.31
 157.75  130.00
 157.96   60.99
 158.82  138.17
 159.13   52.79
 159.65  126.74
 159.99  130.28
 161.60   81.60
 161.85   28.10
 162.08    7.44
 162.35  123.02
 162.49  152.95
 162.97   37.10
 163.12   61.86
 163.13   90.29
 164.25   71.63
 164.70   64.02
 166.13  118.94
 166.36  129.44
 166.75  151.46
 166.96  125.63
 168.86  153.34
 169.80  132.57
 170.91  141.69
 170.96   61.86
 171.70   69.31
 172.28  124.15
 172.57   83.50
 172.60   92.96
 173.09  119.72
 173.81  120.41
 173.87   85.16
 173.93   28.11
 174.58   51.93
 174.78   29.69
 175.41  151.14
 175.57   36.91
 175.69  126.53
 176.53   83.85
 177.03  117.47
 177.20  133.13
 178.02   94.74
 178.36   52.95
 178.59   70.98
 178.92  132.24
 179.47  150.68
 180.05  113.46
 184.97   78.54
 185.13  133.39
 185.16  146.46
 185.73   71.16
 187.15   94.40
 187.76  141.20
 188.17   79.67
 188.24  129.99
 188.95   49.66
 190.02   78.19
 190.18  150.55
 191.33  126.13
 194.58  141.02
 194.62  123.53
 195.71  173.63
 196.44  151.76
 196.59  135.55
 196.80  195.47
 197.29  126.15
 197.53  160.19
 197.63  130.49
 197.81  138.54
 199.53  133.97
 200.22  178.74
 200.29   65.18
 200.46  182.78
 200.98  174.25
 202.47  123.10
 202.95   93.41
 203.38  194.92
 204.72  169.03
 205.38  184.92
 206.37  186.46
 208.07   66.81
 208.09  117.20
 208.56   92.77
 209.64   41.99
 210.03  146.65
 210.27   60.74
 210.59   64.54
 211.54   70.60
 212.20   58.21
 212.20   78.72
 212.77   84.28
 212.91   90.48
 213.31  187.41
 214.41  154.10
 216.91   83.95
 217.19   48.77
 217.85  148.63
 218.24  175.21
 218.69   77.84
 218.90  165.93
 218.91  101.49
 219.64  157.98
 219.83   93.01
 220.43  120.06
 220.55   81.88
 223.36  106.22
 223.44  164.72
 223.45   93.60
 223.49  171.96
 223.95  118.42
 224.11   80.34
 224.59  181.35
 224.95  149.33
 227.16   99.67
 227.65  158.05
 227.72   76.52
 227.88  113.21
 227.99   96.78
 228.00   92.49
 229.46   82.89
 230.06  146.61
 230.08   98.81
 230.42  127.23
 231.35  104.10
 231.99  135.46
 232.43  144.66
 232.44  160.12
 232.81  130.82
 233.89  105.66
 234.08   95.92
 234.99  142.03
 235.08  157.07
 235.24   41.28
 235.45   49.26
 235.52  161.36
 235.65  172.60
 235.67  134.46
 236.42  101.84
 236.56  211.46
 237.11   74.76
 237.48  114.76
 237.51   93.48
 237.57  102.74
 237.67   98.52
 237.73   79.41
 237.79  154.11
 237.98   88.35
 238.70  163.50
 240.26   84.25
 240.40  106.45
 240.90  121.08
 241.26   96.10
 241.62   74.36
 241.67   60.29
 242.19  166.43
 242.93   77.37
 243.12   90.75
 243.58   91.70
 244.04   82.51
 244.34   56.66
 245.08   66.43
 245.12   98.16
 245.15  131.58
 245.98   98.90
 246.20  116.61
 246.68   87.11
 247.51   40.33
 248.91   83.93
 249.56   60.31
 250.24  161.01
 250.28   75.67
 250.50   76.85
 250.69  150.86
 251.21   86.79
 254.41  108.68
 254.50   97.51
 254.78   89.29
 255.45   88.79
 257.99  109.24
 258.59  159.97
 259.28  104.12
 263.44  141.91
 264.95  194.30
 265.62  145.60
 266.17  159.27
 266.18   99.08
 266.95   36.29
 267.14  149.55
 270.69  156.25
 271.71  116.50
 271.96  159.25
 272.36  150.80
 272.70   96.98
 272.74  129.19
 273.18  102.60
 273.37  154.61
 274.03  123.37
 274.96   93.86
 276.38  158.68
 278.59  156.83
 279.60  146.41
 280.24   95.65
 280.39  165.72
 280.84  121.24
 282.63  125.51
 283.22   98.41
 284.15  128.39
 284.72  157.28
 285.07   95.36
 285.46  161.45
 286.61  121.01
 287.00   88.52
 287.18   34.37
 288.15   60.57
 288.97   66.06
 289.25   45.27
 289.80   37.77
 290.13   68.88
 290.94   63.32
 291.64  121.53
 293.01   90.44
 293.77  137.33
 293.87   47.00
 293.95   71.12
 294.02   92.88
 294.37  182.27
 295.20   66.14
 295.46   74.36
 295.83  122.04
 295.87  112.86
 296.48  117.17
 297.84   96.98
 297.88   69.30
 298.83  132.20
 299.04   90.61
 299.41   50.96
 300.51   83.91
 302.82   46.31
 303.30  133.24
 303.48  116.92
 303.59   73.90
 304.00   70.20
 306.39   90.74
 306.70  136.36
 306.82   70.55
 309.95   51.97
 310.62   76.61
 310.65  137.33
 310.77   55.38
 311.62  123.15
