   9.81   56.88
  10.56  107.87
  10.87   14.57
  11.31   67.87
  11.47   93.76
  12.55   87.23
  13.58   84.18
  14.62   72.02
  14.75   48.39
  14.97   77.86
  15.01   56.55
  22.45   21.53
  23.05   95.76
  23.17   84.88
  24.31   42.40
  25.27  211.64
  25.45   86.94
  26.31  106.91
  26.56   94.47
  27.50  109.63
  27.87  104.45
  28.37   84.85
  28.42  104.49
  29.01   58.10
  30.43   88.21
  30.62   94.17
  33.03  105.71
  33.13   94.45
  33.46  105.79
  36.35   90.89
  37.41  109.93
  39.95  146.31
  40.05  132.21
  40.41  129.96
  41.33   76.48
  41.62   83.96
  42.27  134.37
  42.38   99.09
  43.65   96.22
  44.04  150.92
  44.55   90.71
  44.88   87.83
  45.64   71.29
  46.09   99.04
  46.19   73.97
  46.92   85.06
  47.04  132.95
  48.39   90.86
  48.49   94.25
  49.39   79.73
  49.52  147.98
  49.78  105.61
  50.77  114.62
  50.81   99.08
  53.41  101.14
  53.49  118.57
  54.94  140.45
  57.29   84.38
  59.11   82.30
  59.22   96.17
  60.71   75.95
  61.80  120.51
  65.37   59.00
  68.69   74.85
  70.66  114.97
  73.87  122.48
  73.91  211.69
  74.97   60.78
  75.06   77.42
  75.07  112.14
  76.44   80.50
  76.74  118.74
  77.98  110.41
  79.35   92.86
  81.66   78.92
  82.51   70.61
  84.57  105.01
  84.82   66.74
  87.20  113.73
  88.51   85.94
  89.11   83.82
  89.40   46.77
  89.48   80.20
  90.59   42.29
  92.11  103.99
  92.63   65.05
  93.32   92.78
  93.63   85.26
  96.34   80.65
  96.91   67.53
 101.26   87.14
 101.86   93.83
 102.78   81.58
 104.45   92.92
 106.36   94.08
 107.48   75.23
 107.74   74.27
 110.33  105.68
 111.38   49.87
 111.47   72.99
 111.60   55.41
 111.70   81.38
 112.00   47.32
 112.03   93.39
 112.38   70.82
 114.00   89.42
 114.55   49.39
 114.57   45.73
 117.94   46.77
 117.99   88.15
 118.14   65.66
 120.06   79.63
 120.14   52.96
 120.22   65.84
 120.45   79.58
 121.09   46.15
 123.68  112.50
 123.74   58.84
 124.25   47.76
 124.45   47.26
 124.54   55.76
 124.96   75.64
 125.10   86.95
 126.97   42.69
 127.28   94.11
 128.43   89.02
 130.26   86.89
 130.88  113.10
 130.93  105.74
 131.42   44.16
 131.63   92.50
 131.86  106.36
 135.00   92.76
 135.16   91.04
 135.81  108.12
 137.67  118.48
 138.42   91.80
 141.21   94.49
 144.09  109.00
 146.76  111.67
 151.95  111.43
 158.35   94.28
 165.99  108.06
 169.60  120.19
 170.38  164.06
 171.85  120.02
 172.11   89.14
 174.89  210.48
 180.03  132.52
 180.29  101.44
 182.25  110.39
 183.69   69.24
 184.31  117.24
 184.65  168.32
 186.67  133.81
 186.69  102.14
 191.48  176.99
 191.63  194.41
 192.34  184.12
 192.99   99.12
 194.37  118.18
 195.74  168.24
 196.70  124.47
 196.87  115.82
 198.24  102.87
 199.39  206.56
 200.94  125.50
 202.06  204.43
 202.20  208.28
 203.34  129.56
 204.35  125.81
 204.71  176.46
 205.53  127.77
 207.93  199.41
 208.48  165.58
 209.27  194.48
 210.59  202.63
 212.26  167.93
 214.08  165.54
 214.50  162.68
 215.87  203.49
 216.65  175.90
 217.36  193.82
 218.59  169.98
 219.23  164.54
 219.69  156.51
 220.30  204.02
 223.47  206.50
 225.51  183.10
 226.67  162.99
 226.72  167.66
 230.63  180.19
 232.95  185.83
 232.96  162.94
 233.34  159.51
 234.41  139.47
 234.50  146.22
 234.72  168.10
 236.90  130.11
 236.93  184.61
 237.22  174.75
 237.94  175.82
 238.54  180.75
 239.03  188.19
 239.44  164.39
 239.87  188.16
 241.15  161.61
 241.98  182.55
 242.60  188.18
 243.61  158.25
 244.70  188.47
 245.34  152.95
 246.01  164.06
 246.81  181.57
 251.89  181.34
 253.17  178.60
 262.90  165.19
 265.42  121.70
 265.75  181.08
 266.42  177.84
 267.49   63.75
 273.80  172.68
 274.68  171.80
 275.63   86.63
 275.94   79.24
 277.49  179.78
 278.36  122.39
 281.81  110.04
 282.70  114.91
 284.39   88.65
 284.74  125.21
 288.39  123.61
 292.78  122.20
 294.64  119.96
 294.81   44.97
