  42.63  146.46
  42.85  141.68
  44.68  150.23
  48.21  152.79
  48.36  152.90
  49.49  145.10
  49.84  149.25
  50.03  148.72
  50.37  154.15
  51.85   26.05
  54.30  152.13
  63.86   10.67
  70.80   62.42
  71.27   76.59
  73.54   49.86
  75.26   44.90
  75.40  145.25
  77.14  169.31
  79.64  171.51
  80.12  126.20
  82.63   50.69
  85.33  140.56
  86.46  140.75
  86.74   79.54
  86.82   60.41
  86.96  153.01
  87.24   32.20
  87.27    9.40
  87.78   19.93
  89.44  134.68
  90.12   30.62
  99.94  141.53
 100.09  141.53
 100.78   66.93
 101.36   53.07
 102.11   13.69
 102.52   43.65
 105.53   40.51
 106.38  148.90
 106.52   49.41
 106.67  123.59
 108.80  185.88
 109.54   38.49
 109.91  143.93
 110.73   45.09
 112.81  120.54
 115.40   52.73
 115.44   81.25
 115.69   58.40
 115.74  127.19
 115.91   30.10
 116.36   58.60
 116.52   11.86
 118.55   28.61
 119.03  124.91
 119.42   27.74
 119.57   84.17
 119.79   80.41
 120.25  183.86
 120.28  131.80
 120.97   69.07
 121.27   31.67
 121.37  127.47
 121.41  123.15
 121.69   61.92
 124.01   64.83
 124.04   24.64
 124.45    7.51
 124.87   32.46
 131.81  187.74
 131.96  151.89
 132.79   61.15
 134.06   64.10
 134.53  124.56
 134.83  165.32
 135.08   54.95
 136.72  168.53
 137.70  130.46
 138.03  191.78
 142.34  204.03
 145.44  207.19
 147.67  169.28
 148.07  177.79
 149.95  172.21
 149.95  203.73
 153.61  173.08
 153.86  173.77
 154.13  132.03
 154.80  129.08
 156.57  205.51
 157.03  178.92
 167.09  123.38
 167.75   58.15
 168.25   63.49
 170.60  209.79
 172.43  211.90
 172.87   30.75
 174.90   36.73
 179.27  137.95
 179.85   35.42
 181.19   28.82
 182.02  123.66
 182.05   21.92
 182.94   38.11
 186.35   34.88
 186.55   39.64
 186.69  157.96
 189.15  136.60
 190.53  130.83
 191.00  154.63
 191.89  122.03
 192.83  157.87
 193.45  141.10
 193.52  147.91
 194.01  140.77
 194.36  152.54
 195.49  149.87
 197.51  153.82
 198.09   64.87
 199.97  139.28
 205.04  141.94
 205.06   41.88
 205.94   59.03
 205.99   31.05
 206.02   49.76
 207.03   71.24
 207.15   67.04
 207.56   47.10
 207.59   34.17
 207.61   39.85
 208.01  135.83
 208.14  141.01
 208.41  105.49
 208.90   54.51
 209.14  166.98
 209.71   59.70
 209.88  142.03
 210.11  154.72
 210.14   38.34
 210.14   31.77
 210.73  102.87
 210.88  105.73
 211.50  130.75
 211.98  118.68
 212.13   57.46
 212.25   66.81
 212.79  159.66
 213.57  171.14
 213.66   42.44
 213.78   45.76
 215.10  147.14
 215.52   59.17
 216.41   28.83
 216.93  106.52
 217.85   75.37
 219.24  167.24
 219.43   32.88
 221.19   92.91
 222.64   31.89
 222.66   67.82
 222.70   26.17
 223.26   61.51
 223.62   61.30
 224.10  156.63
 224.16   50.22
 226.07   65.62
 226.26  144.53
 226.32  187.57
 226.43  161.89
 226.91   41.67
 226.92  114.18
 227.21   72.44
 227.30   34.93
 227.52   47.51
 228.50   67.67
 229.52   60.31
 229.54   36.82
 229.91   52.12
 229.95  104.04
 229.99   49.74
 230.20  154.47
 230.71   49.04
 231.67  168.46
 231.88  151.28
 232.05  157.60
 232.52  162.14
 232.61   71.07
 234.63  109.77
 234.94  149.49
 235.19  104.36
 235.49  109.23
 236.35  137.03
 236.87  152.30
 237.06  132.13
 238.28   45.13
 239.13  112.28
 239.40  117.13
 239.48  160.98
 239.69   91.13
 240.45  175.17
 241.00  148.67
 241.03   26.19
 241.11  110.29
 243.80   28.06
 244.06   28.88
 244.38  156.22
 244.57   86.47
 244.83   31.00
 246.37   38.27
 252.88  157.71
 253.16  101.36
 253.57   82.98
 253.95  168.88
 254.48  110.74
 254.80   72.60
 255.46  139.55
 256.27  161.19
 256.47   94.78
 256.71  104.08
 257.70  145.11
 257.83   89.20
 260.33   91.42
 260.44   87.01
 261.99   68.82
 263.84  160.72
 265.18   95.26
 267.31  144.01
 271.55  119.92
 272.00   94.20
 272.63  140.14
 272.76   67.61
 276.99  150.91
 277.40  145.98
 277.59  128.32
 279.66  111.64
 281.10  144.45
 281.41  154.37
 282.09  139.39
 282.74  115.91
 282.88  126.76
 283.18  158.21
 284.26  143.83
 285.18  140.42
 287.45  102.60
 287.68  105.16
 288.73  143.18
 289.14  146.29
 290.95  139.88
 292.34  201.96
 294.73  133.88
 296.12  137.44
 297.54  127.20
 298.56  134.03
 299.69  158.22
 304.91  134.41
 305.42  137.48
 305.74  127.01
 305.98  156.65
 307.48  154.52
 308.81  120.60
 309.05  106.50
 309.09  157.57
 309.50  157.45
 309.96  146.81
 313.36  106.58
 317.22  106.79
 328.98  160.10
 331.44  125.47
 331.69  107.55
 333.36  159.94
 333.79  143.16
 336.27  121.43
