  12.38  137.08
  14.40   89.14
  14.50   84.39
  15.50   94.17
  16.67   52.84
  19.28   66.86
  20.61   53.82
  25.73  126.83
  28.28  160.84
  33.94  155.67
  39.39  126.57
  39.53  153.98
  39.77  161.65
  40.99  173.78
  41.19  124.89
  42.63  125.97
  42.66  130.58
  43.73  120.59
  45.05  151.07
  47.49  147.52
  48.60  156.26
  48.93  126.15
  49.39  171.85
  49.66  115.91
  50.02  151.53
  51.98  163.34
  52.50  159.25
  53.67   29.68
  55.18   79.04
  55.35  164.59
  56.19  136.62
  57.95  124.89
  58.46  162.27
  58.65   39.38
  58.69   44.50
  58.93   49.78
  58.97  119.95
  59.29  165.40
  59.80   52.36
  60.87  125.79
  61.53  156.91
  63.02   51.53
  63.66  123.17
  65.15  145.06
  66.41  131.99
  67.56  126.15
  72.18  142.62
  74.16  141.44
  76.17   38.23
  77.85   41.52
  79.51   61.20
  79.76   51.25
  82.30   47.59
  82.52   69.95
  84.58   64.86
  88.10   46.98
  88.77   69.18
  90.67   40.44
  90.75  134.44
  91.66   52.86
  92.75  163.37
  92.91   45.13
  93.69  119.45
  93.76   64.54
  95.66  157.37
  97.27  118.40
  99.36  121.20
  99.94   65.35
 101.85  118.47
 103.92  160.03
 103.97   68.69
 104.53  126.67
 105.57   39.38
 105.84  120.69
 106.20  157.48
 106.41   62.72
 107.75  160.33
 107.82   64.53
 107.89   53.47
 107.97  135.14
 108.00  131.45
 109.47  191.19
 110.75  139.57
 111.42   62.41
 111.65   53.91
 112.02   38.76
 116.29  140.42
 117.82  135.39
 119.86  137.61
 123.21  135.89
 124.21  110.18
 124.23  137.59
 125.42  160.69
 126.22  112.87
 126.80  136.78
 126.82  136.75
 127.26   13.67
 129.15   48.88
 129.55  137.04
 129.59   55.52
 132.25  111.24
 134.16   44.22
 134.32  173.99
 135.66   33.14
 135.75   48.79
 135.87   48.83
 137.90   27.85
 138.92   30.10
 139.53  154.16
 140.27  157.65
 141.30  174.96
 144.54   62.33
 145.55  114.35
 146.61  165.38
 147.26  126.67
 147.60  114.52
 149.83   34.60
 150.03  142.22
 151.12   47.05
 151.57  148.52
 155.32   82.64
 155.37   49.90
 157.71   78.92
 158.47   39.05
 160.63   83.87
 161.69   40.36
 162.18   46.69
 162.37   10.67
 163.48   88.98
 163.50   39.56
 165.57  126.66
 166.59   90.56
 167.21  156.44
 167.63   38.27
 168.64  154.64
 169.83  145.39
 170.46   76.79
 170.89   94.65
 171.63  101.48
 173.35  105.47
 174.61  125.81
 175.17  160.81
 175.30  146.06
 175.48  101.17
 175.76  122.08
 176.26  150.63
 176.64  128.01
 178.71  115.82
 178.86   97.38
 180.80   65.00
 182.11  107.30
 182.36   11.55
 182.71   91.05
 182.91  111.38
 184.52  137.10
 185.24   91.48
 185.45  151.41
 185.50  125.79
 186.20    7.03
 186.20   77.90
 186.53  132.03
 188.53  154.26
 188.61  129.26
 189.41  116.57
 189.42   68.10
 190.19  145.78
 190.53  163.10
 191.04  106.81
 192.25   37.04
 192.57  151.50
 192.84   74.27
 193.05  147.78
 193.17  120.64
 193.27   46.28
 193.29  130.00
 193.44   46.33
 195.25   98.54
 195.83  113.95
 195.93  152.83
 196.81   34.64
 197.07  159.62
 197.07  149.66
 197.73   57.33
 198.38  122.38
 199.84  129.57
 201.52  139.06
 201.57   46.79
 201.94  148.60
 202.63  155.94
 202.68  109.37
 202.83   43.10
 202.91  154.51
 203.05  109.03
 204.48  159.79
 204.55   50.47
 204.61  140.13
 205.63  149.25
 205.68   32.01
 210.47   10.13
 211.07   12.81
 212.72  125.22
 214.57  158.90
 217.04  189.82
 218.32  190.12
 218.85  178.05
 220.20  172.85
 222.80  168.13
 226.35   37.33
 227.27   23.78
 227.60  190.42
 228.26   47.81
 228.43  142.77
 228.82   41.81
 228.83  175.84
 228.87  163.81
 229.06  126.29
 235.41   48.38
 235.45   11.95
 236.56  154.04
 236.60  176.26
 239.41  170.91
 239.44   49.58
 240.77  163.98
 241.83   10.38
 245.25   40.92
 245.34   13.12
 245.74   45.27
 246.27  172.33
 247.57  166.26
 248.05   28.41
 248.71   50.14
 250.78  176.83
 251.57   41.17
 252.99   14.56
 252.99   52.91
 253.81   50.44
 254.76   59.41
 255.33   43.97
 255.99    8.74
 256.07   12.52
 257.33   61.93
 258.37   72.86
 259.14   15.40
 259.43   53.36
 260.37  119.83
 260.83   14.53
 261.08   56.09
 261.56  123.40
 261.93   65.42
 262.62  128.34
 263.14  113.67
 264.53   50.52
 264.71  125.08
 265.33   54.06
 266.69   61.12
 267.00  110.93
 267.99   62.67
 268.44  125.33
 268.60   16.49
 268.82   50.82
 271.11   60.83
 271.84   52.64
 274.54  179.42
 274.59  132.23
 275.48  153.27
 276.07   39.74
 280.20   43.00
 280.62   43.10
 280.86  134.72
 283.75   58.73
 284.34   22.17
 284.91   11.53
 285.10  138.32
 286.05   38.51
 286.31   52.41
 286.49   64.80
 287.61  113.59
 288.31   62.49
 289.87   18.00
 289.93   56.24
 290.89  140.06
 291.08   63.69
 292.85   15.40
 294.79   42.11
 295.27   54.12
 295.36   48.47
 295.89   13.97
 296.16  141.93
 297.52   51.57
