  14.87   46.68
  15.77   34.85
  16.37   60.66
  22.00   14.04
  24.47   17.82
  26.85   15.92
  33.51   39.81
  34.62   14.04
  40.37   12.27
  40.71  141.84
  41.30   51.95
  45.41  184.56
  46.16   13.95
  48.14   48.07
  49.06   52.28
  49.76   43.31
  50.45  210.15
  53.66   53.44
  56.67  202.12
  57.17  201.39
  57.53  142.23
  58.65  189.50
  60.34  128.30
  60.35  192.79
  61.53  183.21
  63.55  178.33
  63.60  185.52
  65.04  181.50
  66.06  199.67
  66.64  125.62
  67.53  113.36
  67.75   17.42
  69.06  177.80
  69.52  190.52
  69.78  171.96
  69.98  129.54
  70.36  185.44
  72.65  196.79
  73.33  202.53
  74.33  193.39
  76.38   57.04
  77.85   50.65
  78.72  129.58
  78.95  184.27
  79.08  139.33
  79.22  187.51
  79.29  190.34
  80.57   52.12
  81.05  112.54
  81.95   59.64
  82.29  122.09
  82.44  189.29
  82.47  135.06
  82.80  181.93
  85.12  102.52
  85.84  131.90
  86.44  112.90
  86.48   61.10
  86.71  163.12
  87.29  141.04
  87.91   27.51
  87.97  189.04
  87.99   15.83
  88.08  116.04
  88.22  109.32
  88.41   22.67
  88.79   58.04
  90.86   79.63
  91.10  112.09
  91.25   76.68
  91.35  191.98
  91.43   10.68
  91.45   35.01
  91.66   29.87
  92.56   91.97
  92.62  184.40
  92.63   81.95
  93.21  107.23
  93.57  194.58
  93.90   79.46
  94.47   35.00
  94.63  190.85
  94.95   57.53
  95.51  120.13
  95.72   40.01
  96.02   93.98
  96.32   13.77
  96.62   29.93
  97.03  109.88
  98.57   89.72
  99.02  110.33
  99.10   96.73
  99.64   15.27
  99.71  107.74
  99.96   36.62
 100.64   25.88
 101.10   68.76
 101.28   50.70
 101.31   32.97
 101.79   12.37
 102.08   92.78
 103.03   89.14
 103.45   16.82
 104.03   42.91
 104.22    6.96
 104.76   28.47
 105.19   51.35
 105.46   43.54
 105.98   77.02
 106.16   59.00
 106.75   17.78
 107.56  197.63
 108.06  190.51
 108.29  137.51
 108.97  139.78
 109.42   36.67
 109.55   65.12
 109.82   17.85
 110.30  203.61
 111.07   16.04
 111.08   80.18
 111.22  120.67
 111.54  128.95
 112.48   35.45
 112.62  134.92
 113.29  197.68
 113.42   57.13
 113.55  121.23
 113.96   66.11
 113.98  131.08
 114.10  193.58
 115.08  105.42
 115.92  138.81
 116.41   53.48
 116.52   83.64
 117.04   11.18
 117.58   17.46
 117.91  103.29
 118.25  201.69
 118.52   65.71
 119.29   69.50
 119.39   14.48
 119.70    8.49
 119.72  106.69
 119.73   34.60
 119.92   39.84
 121.08   44.27
 121.20  104.32
 122.09  138.66
 123.51  197.44
 123.55  125.36
 124.64  102.17
 125.26  172.37
 126.04  120.82
 128.69   99.87
 129.58  124.37
 129.85   93.59
 130.05  111.52
 130.78   83.55
 130.97  195.98
 130.97  167.89
 131.19  150.88
 132.00  198.60
 134.74  148.18
 134.77  200.21
 136.25  204.01
 136.34  171.94
 136.40  162.11
 136.87  138.38
 137.18  169.80
 137.26  178.87
 137.49  110.64
 138.94  163.24
 139.42  114.25
 140.72  132.59
 141.06  142.05
 141.79  149.43
 142.03  159.55
 142.38   72.98
 142.67  105.14
 144.17   71.94
 144.62   85.43
 145.30  115.12
 145.54  145.62
 145.63  136.08
 146.59  122.79
 146.93  209.39
 147.13  153.06
 147.52  161.33
 148.74  117.79
 148.98  111.16
 149.20  182.98
 152.07  116.31
 152.94  179.27
 153.62  206.86
 153.77  105.43
 154.23  156.05
 156.68  125.98
 157.06  129.91
 157.83  162.76
 158.03  152.33
 159.19  139.11
 159.38  139.26
 161.27  124.67
 161.41  175.20
 161.65  167.94
 161.82  112.84
 161.87  148.97
 161.95  186.95
 162.71  211.96
 164.75  135.39
 165.20  169.07
 169.59  171.34
 169.69  166.10
 169.72  156.83
 173.43  208.56
 176.28  130.20
 178.39  126.25
 179.00  175.62
 181.17  167.45
 184.24  136.84
 186.16  111.45
 197.21  159.96
 197.23  121.88
 199.63  116.70
 202.51  166.12
 203.33  172.71
 203.39  109.11
 204.47  141.86
 205.29  159.68
 207.84  170.58
 208.80  164.97
 211.76  172.38
 213.14  160.10
 214.36  119.01
 216.25   66.84
 219.71  174.09
 224.14  120.08
 224.79  127.99
 226.13   91.97
 226.92  102.95
 229.07  119.71
 231.65  164.94
 235.05  106.33
 236.99   99.61
 250.55  166.64
 256.95  179.21
 257.46   93.05
 258.90   98.31
 261.85   92.16
 263.44  113.20
 264.03  144.01
 272.81   96.28
 280.08  154.54
 280.63  103.76
 283.01  104.24
 285.62  110.23
 286.99  113.50
 287.26  118.96
 293.27  129.51
 297.05  143.22
 297.90  140.70
 298.74  145.77
 301.28  137.72
 303.65  132.63
 304.20  113.84
 305.02  132.89
 305.44  140.03
 305.90  122.84
 307.39  145.64
 307.54  146.22
 307.54  141.98
 308.65  117.20
 312.79  107.72
 316.07  142.14
 316.39  110.86
 316.99   97.80
 317.84  136.80
 318.81  142.53
 318.96   99.86
 323.51   95.01
 323.71  136.17
 323.77  123.31
 329.37   61.38
 331.62   97.40
