   8.58    9.50
  10.03   41.93
  11.03   30.28
  12.99  127.26
  13.06   41.37
  13.25  124.00
  13.44   28.03
  14.98  163.43
  15.50   13.96
  16.69  125.49
  17.06   46.12
  17.76   16.73
  19.57  132.51
  19.74   21.36
  22.85  123.76
  24.30  127.55
  27.12   42.51
  27.90   49.54
  28.02   39.61
  28.39   95.82
  28.80   51.48
  32.10  130.15
  32.81  105.53
  32.85   32.21
  34.14   36.98
  34.20   53.88
  35.03  135.56
  36.15   43.02
  36.30   34.38
  36.92    9.76
  37.38   55.78
  40.95   94.32
  41.21  124.61
  41.40   82.60
  41.52  105.68
  41.86  136.66
  42.01  127.19
  42.17   57.42
  43.60   91.44
  43.76  103.09
  44.97  132.42
  45.39   58.63
  47.19  131.12
  47.57  122.84
  49.70  105.98
  50.56   61.29
  51.62  103.42
  52.40   96.96
  52.89   43.07
  54.01  153.76
  54.46   83.85
  57.96  126.31
  58.32  104.88
  58.81  135.88
  59.01  100.46
  59.82   24.42
  61.07  123.09
  61.22  106.14
  62.62  102.66
  63.20   97.11
  64.01  124.71
  64.10   90.85
  67.20  128.31
  68.14  102.68
  70.52  154.14
  71.76  134.62
  72.43   96.85
  73.39   85.33
  73.75  104.54
  73.97  132.30
  75.79   80.91
  77.28  147.69
  77.82  135.13
  82.07  105.26
  82.11   95.75
  83.63   61.40
  84.37   38.22
  84.74  117.98
  87.35  104.78
  87.60   44.31
  88.50  107.00
  88.59   60.87
  88.66   34.09
  89.49  115.12
  89.50  126.13
  89.61  137.00
  89.86   22.03
  91.33  101.96
  91.66   28.49
  91.68   67.14
  92.80   96.59
  93.52   57.85
  94.27  131.99
  94.67  109.06
  96.64   20.91
  96.78   47.27
  97.83   33.53
  98.36   21.46
  99.18  148.50
  99.29  128.90
 100.33   51.82
 100.83  138.74
 103.14   36.11
 103.28   48.77
 104.33   85.08
 104.45   60.93
 104.51   21.46
 104.98  103.28
 105.44  115.14
 105.72   57.35
 106.37   38.70
 106.56  122.59
 106.99   49.85
 107.74  138.27
 108.05   94.35
 108.30  124.46
 108.52  140.88
 109.32  168.52
 109.97  102.52
 110.28   49.75
 110.30  166.89
 110.33   60.09
 110.41   60.14
 110.42   53.67
 110.43   38.02
 110.85  136.04
 110.98   57.49
 111.58  165.43
 113.08  112.62
 114.33  102.81
 114.59  121.57
 115.20   57.15
 116.26  133.12
 117.13  156.78
 117.95  145.01
 117.96  115.28
 118.96   39.73
 119.02   60.69
 119.05   99.16
 119.29  165.32
 120.38  168.75
 121.07   36.36
 121.25  125.29
 122.23  171.67
 123.74   97.73
 123.82  123.73
 124.15  102.97
 124.36  145.93
 124.55   92.54
 125.31  114.95
 125.43   57.26
 125.87   39.03
 126.40  128.30
 126.74   95.30
 128.60  142.16
 128.77  130.35
 129.75  103.03
 130.18  122.83
 131.24  134.98
 131.78  128.49
 132.18  138.23
 133.58   36.58
 134.02   57.88
 134.09   41.42
 134.60   50.23
 135.25  147.58
 135.34   33.81
 136.09   29.39
 136.75  103.02
 136.77   97.38
 137.57  133.53
 138.70   57.98
 139.71  155.79
 139.89  135.40
 140.46  108.77
 140.63   95.56
 140.87  106.12
 141.10  141.04
 141.15   81.90
 141.29  158.53
 141.32   67.41
 143.44   40.00
 143.67  152.99
 144.93   97.44
 145.05   91.12
 145.10   61.64
 145.21  150.76
 145.41  140.67
 145.58  144.85
 146.40   37.50
 147.12   58.94
 147.19  135.41
 147.31  121.40
 148.31   22.38
 149.09  119.33
 149.57   34.73
 149.68   29.38
 150.23   42.44
 150.45   96.30
 150.64   68.39
 151.95  108.49
 151.98   92.13
 152.31   46.38
 153.32   53.01
 153.40   97.46
 153.96   58.87
 154.34  139.48
 156.44  106.93
 156.94  106.10
 157.17  136.35
 157.79  127.26
 158.41  119.69
 166.86  145.81
 168.75  118.91
 170.28   95.24
 176.81  150.49
 177.40  146.77
 178.30  131.70
 180.59  115.00
 182.38  131.09
 182.85  134.70
 187.91  121.22
 189.78  129.65
 190.94  150.41
 193.77  125.27
 194.43  133.00
 195.53  126.35
 196.95  114.05
 197.08  155.81
 197.38  119.35
 198.64  132.35
 198.70  123.49
 200.02  111.58
 200.23  141.29
 201.15  119.54
 204.11  121.34
 204.80  126.43
 205.06  118.59
 206.55  194.11
 209.49  181.86
 210.91  132.13
 213.50  191.46
 213.57  120.85
 215.38  179.53
 215.41  118.57
 215.99  146.37
 216.07  122.91
 216.37  127.83
 217.00  182.89
 217.14  176.62
 217.61  121.16
 217.64  185.87
 219.09  172.09
 219.14  142.06
 219.67  111.74
 220.20  121.95
 221.15  167.07
 222.00  176.29
 222.40  111.03
 223.32  108.30
 223.95  160.54
 224.12  137.12
 224.81  175.78
 225.07  113.22
 227.97  136.25
 228.36  116.24
 228.70  145.04
 229.72  120.98
 231.48  194.43
 233.38  152.03
 233.53  109.55
 236.40  112.33
 236.62  143.14
 238.41  149.17
 238.75  152.14
 238.98  130.96
 240.08  116.46
 240.55  120.94
 241.96  209.76
 242.00  135.02
 242.32  139.20
 242.44  116.08
 242.84  206.47
 243.11  126.23
 244.50  138.57
 244.78  121.48
 245.57  116.43
 246.82  136.70
 247.03  127.36
 248.99  201.84
 251.92  148.07
 252.16  199.62
 254.19  211.82
 255.63  203.44
 257.16  132.74
 264.34  160.28
 267.68  155.76
 268.61  157.37
 270.29  141.96
 270.53  141.98
 270.76  161.50
 270.81  161.43
 270.93  145.70
 271.65  135.62
 275.77  154.42
 276.98  166.86
 277.14  131.60
 279.44  151.64
 282.14  143.58
 282.37  151.37
 283.70  157.53
 283.74  174.28
 285.97  161.31
 289.30  174.40
 290.49  167.97
 290.59  188.56
 291.27  128.45
 292.23  197.64
 292.99  199.33
 292.99  180.52
 294.35  175.76
 295.87  154.17
 296.35  150.68
 298.17  147.12
 299.11  161.46
 299.60  127.14
 299.93  160.80
 300.06  129.39
 303.65  117.87
 306.18  187.05
 306.36  124.69
 307.02  107.00
 307.15  192.64
 308.17  192.32
 309.30  170.94
 309.49  121.56
 309.60  203.63
 309.83  127.88
 310.11  191.63
 312.08  116.18
 313.68  146.99
 315.75  123.64
 317.36  110.87
 318.43  143.98
 323.83  115.18
 325.64  102.89
 328.34   91.15
 330.09  148.05
 334.80   98.61
 334.85   98.59
 335.15  117.96
 335.39  163.88
 335.92  107.65
 336.16  168.04
 339.29  149.97
 340.17  112.80
 341.16  124.35
 341.42  109.51
 344.51  151.12
 346.25   75.65
 346.59  126.14
 346.60  161.87
 347.06  100.58
 347.62  123.23
 348.78  167.21
 349.91   61.89
 350.81   83.36
