  13.68  123.32
  21.52  208.32
  42.00  207.88
  45.88  199.69
  48.40  182.86
  51.35  135.57
  53.19  124.46
  55.08  169.26
  56.79  165.75
  59.02  122.21
  67.88  115.75
  73.12  132.35
  83.25  207.43
  85.42   75.47
  96.75   76.10
 103.93  155.57
 107.73  134.85
 122.50  151.45
 123.83  152.94
 136.65   12.93
 149.51   11.48
 149.68    8.48
 155.06    9.16
 158.64   10.94
 185.99  123.71
 186.38   94.64
 188.23   90.98
 189.08  100.95
 191.45  154.46
 195.06   87.70
 197.44   91.85
 212.74  149.69
 219.50   90.48
 229.59   13.88
 237.18  108.76
 243.20  144.69
 246.90  124.71
 254.49   99.74
 256.58   97.81
 270.61  139.41
 272.80   81.72
 276.86   81.85
 301.10  123.11
 301.22  136.29
 308.25   71.33
 312.77  125.48
 313.69  122.41
 314.09  135.44
