  46.03  106.17
  69.35  155.60
  70.06  197.91
  73.99  112.63
  74.90  198.49
  74.98  155.96
  76.47  187.17
  76.72  196.05
  82.28   63.71
  85.87   64.98
  88.06   76.08
  88.99   81.68
  90.22   69.89
  94.04   91.23
  94.40   65.24
  95.43   81.99
  95.70   74.07
  97.44   64.82
  99.11   85.72
  99.44   85.59
 101.13   57.59
 101.61   65.01
 102.04   61.07
 102.96   62.38
 104.10   80.31
 105.19   85.62
 106.15   69.18
 106.60   63.71
 109.25   69.40
 110.58   77.09
 110.74   59.04
 111.42   56.39
 112.40   54.67
 112.87   71.63
 113.42   77.87
 113.94   38.00
 115.19   63.24
 116.12   69.25
 116.29   73.92
 117.01   45.26
 119.78   69.39
 122.17  194.38
 122.89   71.43
 123.27   51.08
 125.31   81.63
 126.76   73.63
 127.24  194.36
 127.38  191.58
 127.43   49.23
 127.55  154.02
 127.59   50.39
 129.85   66.65
 130.29   59.51
 130.57   73.35
 130.72  140.64
 131.16   81.83
 131.94   77.92
 133.12  183.10
 133.18  149.58
 133.38  189.72
 133.56   68.71
 133.56   65.06
 133.59  193.17
 133.73   46.05
 133.89  141.98
 133.95  155.90
 135.17   87.07
 135.23  145.73
 136.12   50.13
 136.26   84.66
 138.01   65.21
 142.51   48.57
 144.47  168.47
 146.45   39.09
 147.04  146.89
 147.97   56.37
 151.26   89.92
 152.03   38.89
 157.63  145.54
 160.62  141.10
 165.29  131.88
 167.94  129.13
 170.03  186.86
 171.61  145.86
 176.40  143.48
 177.96  145.78
 178.66  157.33
 179.37  136.26
 181.15  132.72
 185.72  132.25
 191.27  102.82
 193.41  158.00
 194.44   90.03
 197.01  163.88
 197.28  157.66
 197.62  187.68
 199.51  150.25
 201.71  126.55
 203.08  133.27
 203.89  193.90
 204.46  124.55
 205.83  177.71
 206.90  137.27
 207.65  130.32
 209.01  158.45
 209.97  190.53
 210.44  124.20
 211.61   85.20
 211.99  158.79
 212.41  150.27
 212.52  133.95
 214.95  139.31
 216.50   96.14
 216.73  135.35
 217.98  123.93
 218.17  121.04
 220.37  196.10
 220.85  196.49
 222.82   98.36
 223.35  188.05
 224.95  181.29
 227.28  158.76
 227.79  195.63
 228.22  106.27
 228.37  126.21
 228.48  110.45
 230.90  108.81
 231.69  142.04
 231.70  102.82
 231.81   88.33
 231.87  115.54
 232.05  130.62
 232.13  193.98
 234.95  110.76
 235.31  110.96
 235.87   91.26
 235.91  101.62
 236.03  194.61
 236.16  139.49
 236.20  107.41
 237.43  143.46
 238.90   76.03
 239.76  153.28
 240.49   59.33
