   7.24  118.36
   9.50   99.66
  12.54   83.22
  13.15  136.84
  14.04  140.86
  16.90  137.47
  17.36  123.63
  19.50  140.68
  22.51  177.28
  23.85  190.45
  24.14   34.45
  24.73  147.68
  25.53   42.03
  25.89  156.40
  26.14   30.95
  26.15   11.45
  26.41   14.35
  27.19   97.80
  27.81   94.31
  28.45   35.09
  28.86  181.67
  29.62  162.34
  29.66   13.47
  30.77   54.02
  31.11  185.68
  31.90   92.01
  32.06  160.82
  32.51  213.43
  32.97   39.09
  33.67   73.95
  33.68   55.77
  34.02   34.42
  34.09  154.60
  35.25  164.06
  36.15   37.28
  38.38  118.85
  39.28  166.20
  39.48   73.56
  39.56   34.70
  39.57   59.17
  39.68   16.81
  40.81   55.40
  40.81   46.43
  40.96  213.57
  41.23  124.27
  41.84   34.49
  41.86   54.83
  42.04   30.66
  44.57    7.50
  44.70   45.28
  45.11   29.06
  46.49   50.29
  47.27   54.48
  47.36   36.89
  48.58   21.35
  49.51   44.37
  49.65   63.37
  49.76  132.56
  50.09  162.33
  50.80   68.32
  51.39   32.30
  51.51   25.57
  53.05  160.55
  53.84   51.31
  55.31  164.33
  55.39  123.61
  55.81  164.25
  57.62   53.15
  57.82  154.77
  60.49   49.73
  62.48  144.49
  62.92  157.39
  64.43   34.60
  64.51  153.28
  65.64   22.37
  69.41  150.00
  70.55   31.79
  71.96  160.57
  72.78   41.42
  74.62  145.90
  74.97   48.27
  77.75   26.55
  79.66  137.33
  81.52   32.10
  81.75   26.27
  82.45  145.65
  83.49  134.46
  84.21   50.62
  84.48  137.09
  84.59   38.46
  84.74   42.46
  84.88   25.12
  85.50   34.58
  86.06   52.75
  86.70  142.87
  87.50   50.36
  87.53   40.54
  87.64   47.79
  89.50   44.76
  89.88   26.71
  90.50  140.67
  92.51   34.94
  93.94   39.60
  95.77   45.83
  96.32  148.53
  96.55  170.23
  96.92  170.54
  97.04  164.50
  97.40   16.56
  97.51   41.45
  97.62  131.80
  98.80  137.30
  99.21   49.01
  99.36   20.58
  99.39  145.67
 100.14   14.49
 100.58  172.55
 101.68  139.61
 101.88  152.86
 102.64   46.34
 103.71  144.03
 106.07  148.07
 107.09   48.40
 107.99  143.51
 108.02  143.37
 108.52  163.57
 108.98  148.74
 109.93  165.16
 109.95  159.40
 114.03  142.14
 114.59  158.43
 117.55  137.49
 117.87  158.18
 118.39  153.83
 118.57  140.68
 119.17   50.85
 119.58   11.35
 120.39  132.89
 120.70  151.16
 120.77   45.13
 121.29  129.24
 122.27   47.33
 122.51    9.39
 122.88   55.33
 122.94   56.02
 123.12   28.59
 124.38   41.44
 124.55  145.77
 125.73  132.21
 125.73   37.56
 125.87  156.02
 126.99   23.38
 128.10   46.38
 128.72   30.65
 128.88   11.06
 130.94  140.70
 131.27  152.46
 131.33   18.03
 131.73   46.58
 131.73  143.38
 131.95   11.08
 132.06  133.40
 132.09  156.42
 134.44   22.96
 135.00  152.31
 135.03   34.45
 137.98   19.81
 138.59   46.00
 139.44   36.01
 140.06  137.28
 140.89  154.64
 141.78   42.71
 142.43  165.08
 144.75   31.00
 145.24  138.38
 145.26   45.93
 146.72   40.09
 146.79   12.96
 148.06  172.12
 148.64   41.57
 150.55   27.96
 151.58   39.54
 151.76  141.23
 152.10   24.52
 153.84   45.42
 154.74   18.26
 154.88  149.88
 154.94   63.45
 155.54  213.52
 156.15   45.66
 157.10   65.79
 158.39  139.60
 158.48   45.54
 158.72   92.34
 158.84  139.39
 159.37   20.04
 159.80  213.05
 160.00  152.02
 160.60   87.95
 161.16   44.67
 161.18  146.66
 161.28   41.64
 161.41  142.05
 162.42   17.99
 163.66   22.55
 164.01   25.59
 165.61   42.66
 165.62   31.48
 167.19   18.91
 167.43   26.82
 167.69  144.43
 168.17   82.56
 168.36   35.37
 170.63  147.68
 171.32   86.46
 171.33   38.98
 172.54   83.36
 173.58   45.03
 175.21   82.75
 175.82   62.23
 176.15  146.09
 176.37   83.66
 176.40  150.92
 176.65   65.15
 176.93   29.96
 177.14   40.91
 178.22   91.47
 179.29   62.61
 180.88  143.49
 180.91   93.98
 182.53   32.92
 183.79   40.10
 184.51  153.57
 185.02  149.11
 186.12  147.57
 186.20   35.31
 187.57   43.72
 188.98  145.42
 189.02   16.84
 189.93   31.34
 190.08  149.07
 190.72   40.38
 191.91   18.72
 193.01   26.58
 193.58   30.46
 194.29   34.83
 194.49   34.92
 195.46  146.03
 198.06  154.86
 198.63   24.23
 198.81  141.46
 199.48   14.17
 200.09   38.87
 203.33   43.50
 204.53  147.02
 204.61  164.14
 205.84   38.79
 206.08   12.01
 206.87   16.88
 207.51   22.17
 209.13  155.33
 209.16   32.00
 209.70   43.43
 209.85   19.38
 209.90   39.13
 210.33  163.12
 210.46   51.85
 211.10  140.68
 211.53   26.24
 212.38  143.61
 212.92   35.48
 213.78   16.89
 213.98   46.66
 215.55   16.99
 216.34  151.95
 216.71   40.43
 217.22   28.70
 218.89  138.12
 219.40   39.02
 219.94   32.92
 219.98   39.09
 221.10   40.56
 221.44  138.55
 222.73   34.99
 223.30   43.19
 224.19   18.78
 225.57   21.50
 225.94   16.53
 229.52   39.15
 229.90  124.30
 231.63   19.05
 233.26   35.35
 234.96  126.61
 235.54   16.87
 235.87  142.85
 236.38  138.59
 236.80   28.76
 237.10   33.30
 238.05   41.02
 238.20  141.74
 238.25  141.65
 238.95   15.44
 240.27   70.22
 240.44   83.67
 240.47   43.68
 242.76   15.85
 243.31   40.88
 243.64   85.49
 243.91   30.56
 246.45   72.39
 246.48   17.29
 246.95   81.16
 250.23   84.80
 250.34  139.09
 251.04   84.64
 251.14   31.68
 252.11  124.85
 252.40   19.11
 253.16   76.75
 253.22   25.71
 253.86   96.99
 255.98   19.16
 257.40   32.13
 258.78  129.49
 258.95    9.72
 259.56  160.24
 260.65  131.47
 260.83  144.61
 261.76   70.07
 262.25   83.94
 263.05  141.61
 263.41  147.94
 263.48  154.26
 263.70  115.10
 263.81  113.06
 264.85  110.26
 265.66  135.52
 266.76   33.76
 268.13  165.05
 269.44   11.82
 269.52  114.18
 272.22  133.32
 272.56   45.25
 273.02   15.92
 274.59   41.80
 274.98  139.73
 275.58   17.59
 276.69   45.48
 279.55   45.54
 281.44   43.36
 282.13   41.91
 282.62  167.64
 284.39  133.54
 284.73  133.50
 286.05  165.83
 289.48   55.84
 290.33   46.43
 294.47  147.79
 295.02   46.64
 296.91   44.44
 298.23  151.94
 298.29  150.77
 298.94   47.21
 299.23   50.46
 301.06   43.85
 301.99  143.11
 303.93  139.77
 305.34   47.58
