   6.74   57.91
   7.86   64.98
  10.50   56.15
  12.13   66.10
  12.64   63.06
  13.08   57.96
  14.85  188.82
  16.76  174.94
  16.80  174.99
  17.30  181.56
  19.66  175.90
  20.36  156.24
  20.69  103.19
  20.71  201.71
  21.02  201.83
  21.50  159.37
  23.32  188.66
  24.11  174.53
  25.46  152.19
  26.33  130.42
  26.71  180.78
  26.72  157.73
  27.90  180.24
  30.59  130.51
  30.73  175.68
  33.34  131.98
  33.40  165.22
  36.21  130.52
  38.98  193.18
  39.07  154.70
  39.61  128.72
  40.12  170.35
  40.96  151.49
  42.58  144.56
  42.62  143.90
  42.73  168.90
  43.40  149.99
  46.07  192.18
  46.25  169.21
  47.34  128.64
  49.29  147.28
  49.86  156.46
  51.07  194.95
  53.53  130.25
  53.80  190.14
  55.40  129.15
  55.49  192.78
  59.16  188.46
  59.71  130.37
  59.74  172.99
  61.77  198.63
  62.15  198.44
  62.16  192.64
  70.05  174.16
  73.02  130.03
  75.59  132.12
  76.67  181.26
  76.75  170.20
  77.05  181.20
  77.53  174.74
  77.75  129.89
  78.75  149.01
  79.40  162.39
  79.49  172.69
  81.47  181.28
  81.98  191.78
  83.79  156.80
  83.99  153.58
  84.62  191.31
  85.45  189.77
  89.08  182.79
  89.41  182.60
  89.95  149.07
  92.02  201.45
  92.85  151.13
  95.95  153.47
  96.10  176.11
 106.51  133.43
 107.93  191.21
 110.41  133.19
 112.66  189.62
 112.79  200.66
 115.25  208.20
 116.65  133.32
 118.18  203.57
 122.05  132.95
 124.95  205.35
 127.16  130.48
 135.30  205.88
 135.69  130.96
 139.33  187.31
 140.06  188.23
 140.66  130.35
 143.91  166.51
 144.79  178.27
 145.14  163.10
 145.98  152.43
 146.53  170.72
 148.62  145.85
 150.30  150.25
 154.48  170.87
 156.83  160.49
 156.99  179.89
 159.90  133.41
 160.69  184.35
 161.01  130.93
 161.58  143.33
 161.67  178.74
 163.31  150.87
 163.98  173.55
 164.55  192.03
 164.75  142.20
 165.36  129.12
 167.08  190.70
 167.23  125.00
 168.50  139.47
 168.84  187.99
 169.43  192.33
 169.63  192.90
 169.84  169.71
 170.22  179.54
 171.25  118.63
 171.71  130.17
 172.19  142.18
 172.35  125.96
 173.58  172.26
 174.30  201.97
 174.77  191.46
 175.64  124.49
 178.12  137.95
 178.25  188.67
 179.38  187.40
 181.07  133.19
 182.38  149.51
 185.10  154.35
 186.54  160.96
 187.24  139.65
 189.70  162.69
 191.03  147.47
 208.56   97.82
 212.82  148.20
 218.35  150.18
 219.01  140.66
 224.89  133.93
 225.84  134.67
 226.54  100.43
 226.81  104.27
 228.00  103.38
 228.65  139.08
 230.93  156.57
 232.43  162.83
 233.20  129.10
 233.24   97.17
 233.33  139.22
 234.65  157.18
 235.17  123.30
