   8.67  142.98
   9.46  139.20
  11.56   75.02
  11.69  147.51
  12.62   69.87
  12.80   27.97
  15.17  130.20
  16.02  125.00
  16.25   26.87
  17.81   43.33
  18.30   34.48
  19.10  106.52
  19.75  122.68
  19.90   37.68
  19.98   94.03
  20.02   37.92
  20.33  139.28
  21.39   32.00
  21.50  185.86
  21.79   91.08
  21.85   57.52
  22.24  144.29
  23.04  127.68
  23.76  159.81
  23.93   64.75
  24.27  116.95
  24.52  133.21
  24.93  187.62
  25.17   90.47
  25.26  139.09
  26.25   23.92
  26.27   85.48
  26.40   45.94
  26.96  166.66
  27.10    9.08
  27.13  185.91
  27.32  126.78
  27.47  148.49
  28.07   63.20
  28.18  190.16
  28.38  112.99
  28.39  175.29
  28.46   51.96
  28.83  116.95
  28.87  180.78
  28.90  187.58
  28.98  120.46
  29.01   66.03
  29.50   90.03
  29.56  134.94
  30.43  126.85
  30.71  156.01
  30.85  156.17
  31.03   33.86
  31.30   51.83
  32.31   64.01
  32.58  189.76
  32.82  131.88
  32.92   56.72
  33.00  172.10
  33.12   21.01
  33.15  148.17
  34.60   61.37
  35.51  160.81
  35.57  143.73
  35.65   86.16
  35.95   66.10
  36.80   20.79
  37.73  171.02
  38.45  175.48
  39.00  166.82
  39.33   57.99
  40.42   54.89
  40.69  112.53
  40.87  188.95
  41.56  141.75
  41.70  171.31
  42.02  149.46
  42.54  116.59
  42.95  146.00
  43.26   60.70
  43.34   18.99
  44.03   67.82
  44.25   65.14
  44.54  111.54
  46.55  176.51
  47.20  163.90
  48.32   91.43
  49.90  188.44
  50.90  117.49
  52.98   61.42
  53.49  181.32
  53.95   61.13
  54.36   98.41
  54.42  113.52
  54.94  148.29
  56.79  160.90
  56.83  146.55
  56.91  153.17
  57.77  106.80
  57.97  181.76
  58.00   94.52
  58.04  137.58
  58.25   88.64
  58.59  181.67
  58.64  124.75
  58.70  141.61
  58.76  116.46
  59.39  111.63
  60.95   96.04
  61.41  158.96
  61.51   90.70
  62.70  151.69
  63.10  165.70
  63.63   99.26
  66.84  145.21
  67.68   59.71
  69.59  140.25
  69.89   62.03
  70.60   97.39
  73.80   99.73
  74.38  134.90
  75.68  168.74
  76.76   19.43
  77.27   11.12
  78.68  167.90
  78.72    8.19
  79.23  165.89
  79.83   67.18
  80.89   10.45
  81.09    7.45
  81.33   58.01
  81.54   88.37
  83.67  172.38
  83.94   99.07
  86.84   71.04
  87.09   57.27
  87.33   28.87
  88.87   38.36
  89.01   99.16
  89.28  172.78
  89.55   87.89
  89.83   89.03
  91.67  163.73
  93.07  172.83
  93.31   98.16
  95.05   44.91
  95.08  163.91
  95.21   56.04
  96.04  163.69
  96.25   92.94
  97.77   98.57
  98.26   89.19
  99.80   61.85
 100.19   92.93
 101.27   86.34
 101.81   98.19
 101.99   53.21
 102.98  164.11
 103.01   50.76
 105.93   97.67
 106.29   58.74
 106.51   55.60
 107.42   86.23
 107.95  187.54
 109.42   89.00
 109.89   60.44
 111.90   98.40
 113.18   55.19
 113.51  173.78
 114.21   58.29
 116.31  164.75
 116.55   53.09
 116.88   48.64
 117.61  173.91
 119.06   85.64
 119.87   51.26
 120.09  185.97
 122.10  164.90
 122.74   51.88
 123.06   99.49
 124.16   85.81
 125.29   51.34
 126.54  174.49
 127.77  164.12
 128.54   57.17
 130.67  174.53
 131.01   99.09
 131.45   50.24
 131.66  137.47
 131.76  132.33
 131.85  160.87
 131.91   53.75
 133.82  190.53
 133.88   97.11
 134.10  167.53
 134.11  186.72
 134.27   47.11
 134.38   51.02
 134.79   94.26
 135.61  128.91
 135.63   98.92
 135.83  174.73
 137.40  182.89
 138.03   95.43
 139.65   39.30
 139.87   53.88
 139.97  174.95
 140.26   43.50
 140.95   98.10
 141.50   89.17
 142.35  190.39
 144.13   94.40
 145.25   51.84
 146.25   36.35
 146.28   54.91
 146.30   47.19
 147.04  192.98
 147.94  160.98
 148.02   52.14
 148.04  177.50
 149.37  148.03
 154.51  191.57
 155.82  147.21
 157.44  181.61
 158.95  162.33
 160.54  201.46
 161.68  160.25
 161.86  196.80
 162.85   43.98
 163.42  186.81
 163.49  168.58
 164.20  165.76
 164.28  147.25
 164.81  190.42
 165.16  155.70
 166.17   46.66
 166.49  149.37
 167.42  198.16
 169.85  191.92
 170.17   43.80
 170.49  150.78
 170.59  121.57
 170.71  118.37
 171.04   41.10
 172.10  155.93
 172.20  172.92
 173.27  190.70
 174.52  186.77
 175.10  196.21
 175.12   88.48
 175.79   64.86
 176.45  155.88
 176.85  161.57
 176.98  166.06
 181.21  103.16
 182.30   49.76
 182.38  147.41
 182.88   65.14
 183.14   91.10
 183.30  107.14
 184.03  151.65
 184.80  151.06
 185.36   54.06
 185.55   33.74
 186.64   85.99
 187.43  181.53
 187.67  100.18
 187.73  181.86
 188.91   45.72
 190.26  101.89
 190.86  124.87
 191.05   50.60
 191.33  164.86
 191.41   45.42
 192.20   53.81
 192.50   94.30
 192.70  118.49
 194.84  120.92
 195.42  107.57
 195.46  111.71
 195.95  141.14
 201.70  174.87
 201.94  158.30
 202.80  154.42
 205.43  109.80
 207.64  155.62
 209.16  117.80
 217.05  123.61
 219.24  106.51
 246.03  116.00
 247.55  117.06
 247.97   54.74
 250.25  207.52
 255.13  205.93
 255.24  117.15
 262.15   82.98
 266.14  150.24
 268.12  202.83
 274.59  181.48
 275.60  183.41
 275.94  184.10
 276.57  206.99
 276.72  206.88
 276.73  117.30
 279.02    7.82
 288.78  190.23
 295.17  192.05
 296.44  100.29
 300.31  203.84
 300.51  115.93
 301.57  116.82
 305.37  128.99
 308.34  109.26
 310.79  116.30
 315.79  120.90
 320.56  125.98
 322.08  128.52
 329.59  129.02
 330.55  115.76
 331.04  119.23
 331.33  133.14
 334.58  124.87
