  10.39   41.49
  10.97   37.86
  11.03   28.70
  13.03  201.43
  13.64   21.75
  14.20  185.28
  14.71   29.23
  14.79   41.70
  14.79   31.40
  15.03   25.10
  17.45  187.26
  17.58   39.33
  19.55   42.37
  19.64   25.97
  20.26  184.28
  21.66   39.41
  23.96   42.34
  24.06   30.99
  24.06   27.05
  24.49   21.64
  25.91   30.69
  26.09  179.41
  28.00  175.99
  28.40   22.92
  29.17  137.84
  29.98  185.06
  30.79   30.07
  30.79   99.70
  30.97   39.54
  31.09  180.98
  31.28   43.17
  33.53   25.00
  34.87   87.07
  34.98   32.02
  35.27   23.89
  35.99  195.66
  36.24  187.03
  36.32  201.40
  39.86   46.98
  40.62   25.85
  40.68   80.22
  41.01   26.57
  41.72   22.25
  41.89   94.38
  42.35   44.30
  42.45  105.10
  42.55   34.42
  42.64  110.70
  43.11   40.40
  43.16   73.35
  46.03   24.29
  46.50  104.64
  48.02   45.12
  48.12   72.29
  48.14   81.30
  49.27   96.55
  49.78   26.53
  49.83   36.50
  50.10   42.34
  50.27   76.96
  50.43   75.06
  50.45  109.74
  51.47  100.39
  52.00   45.70
  54.34   81.88
  54.55   23.80
  54.55   38.58
  54.98   42.72
  56.43   73.27
  57.06  176.14
  57.17   64.87
  57.29   68.57
  57.87   94.54
  58.81   58.95
  59.52  112.76
  60.56   70.20
  60.73   97.05
  63.45  113.46
  63.72   45.82
  64.16   59.22
  65.70   43.53
  65.74   97.07
  67.82   46.23
  68.05  107.04
  68.22   64.87
  68.30   38.58
  68.31   32.53
  70.00   53.32
  70.96   42.91
  72.47   94.33
  74.50  160.98
  74.93  100.04
  75.32   44.64
  75.45   47.32
  75.47   59.76
  75.87   98.66
  77.79  184.83
  77.90  168.67
  79.22   40.58
  79.60  172.21
  79.89  165.09
  80.20   66.41
  80.57   73.49
  80.86  105.62
  81.06  177.21
  81.27  169.86
  82.04  162.39
  82.38  167.72
  82.48   48.19
  82.94   44.39
  84.89  159.96
  85.10   69.89
  85.33  196.82
  85.45   98.88
  85.79   78.31
  86.28  205.65
  86.81  176.83
  87.12   95.70
  87.82  100.27
  88.12   45.91
  88.37  190.73
  89.57  204.22
  89.88  204.45
  91.25   99.23
  91.36  100.02
  91.39   49.47
  91.83   61.66
  93.49   47.23
  94.10   89.12
  94.93   95.03
  94.98  174.17
  95.22   25.21
  95.63   24.69
  97.34  160.11
  98.22   83.27
 103.08  177.12
 103.47   50.93
 104.07   80.02
 104.13   41.76
 105.54  178.07
 106.07  182.15
 106.86   47.43
 106.92   94.24
 107.48  174.99
 108.23   52.19
 110.73  179.57
 111.27  182.99
 111.59   52.54
 112.40  171.94
 112.77  186.37
 114.90   51.03
 116.25  162.90
 118.08   51.35
 118.96  178.23
 119.98  186.32
 120.44  158.58
 121.78  145.84
 122.67  201.96
 122.95  196.52
 123.15  150.19
 123.63  189.99
 123.88   52.15
 124.62   92.78
 124.67   12.26
 125.04  124.33
 125.21  199.33
 125.42  124.66
 126.23  115.50
 126.45  118.47
 127.10   84.54
 128.17  157.49
 130.21   92.48
 132.23  203.56
 132.94  166.08
 136.53  195.59
 139.14  185.83
 144.42  210.98
 145.75  193.08
 151.32  183.82
 152.05  151.67
 156.93  195.59
 157.78  174.20
 159.09  174.42
 159.94  180.52
 160.34  191.67
 160.58  180.51
 160.82  159.14
 162.18  172.93
 162.80  199.95
 165.68  162.52
 167.25  120.20
 167.47  124.72
 167.91  148.97
 168.48  213.33
 169.72  143.20
 169.81  143.09
 172.35  191.36
 172.77   80.98
 173.73  171.94
 173.99  160.43
 174.14  143.03
 174.67   65.84
 175.52   86.01
 176.17  205.70
 176.77  192.42
 178.29  115.93
 179.65   99.59
 179.83   58.16
 180.20  132.00
 180.63   92.47
 180.83  102.56
 181.15  107.67
 182.14  113.40
 182.40   86.63
 183.79  171.02
 183.94   95.94
 184.09   64.64
 184.12  130.52
 184.60  201.44
 184.65  137.49
 186.48   90.91
 186.68  106.75
 187.00  204.07
 187.43  137.61
 187.43  212.44
 188.37  118.71
 188.47  127.19
 189.08  165.16
 189.21  210.94
 189.75  130.70
 190.20  115.72
 191.39  206.07
 192.83  195.00
 192.91  101.41
 193.41  148.31
 194.19  143.74
 194.85   96.40
 194.90   92.56
 196.45  192.15
 196.50   25.27
 197.16  105.78
 197.65  188.88
 200.34   55.29
 201.73   87.47
 201.95   83.20
 202.24  190.32
 203.83   49.10
 204.23   72.75
 204.88  184.85
 205.42   53.00
 205.64   81.36
 208.05  207.10
 208.87   47.79
 209.52  186.13
 210.18  136.34
 211.25  179.66
 214.01   85.85
 214.44   50.25
 214.74  124.69
 215.77  126.31
 216.50  117.05
 217.84  208.98
 219.46  158.74
 219.51  185.75
 219.58  114.01
 223.20  156.67
 228.29  103.98
 229.30   48.22
 229.81  110.71
 232.11  191.98
 232.14  123.67
 232.59   15.77
 232.79   43.34
 233.15  109.88
 233.93  134.35
 234.05  122.11
 234.36  143.39
 234.42  116.88
 234.61   83.94
 234.96   66.22
 235.49   80.69
 235.56   29.93
 236.37  187.69
 237.19   27.81
 237.71  113.09
 237.89  176.20
 240.62  109.66
 241.07   38.39
 241.31  175.21
 242.43  128.62
 243.65  103.15
 243.73   32.60
 243.96   88.31
 244.25  117.20
 244.45  126.07
 244.51  164.69
 244.58   31.66
 245.61  182.11
 247.22   71.07
 247.52  126.82
 247.71   83.15
 247.84  190.20
 247.96  138.80
 248.27   33.03
 248.61  161.51
 248.69   29.98
 248.71   62.22
 248.97  157.99
 249.20   61.78
 249.62  143.03
 254.66  134.93
 255.42   30.14
 256.19  152.33
 257.82  187.08
 258.16  161.19
 258.70   55.07
 259.42   65.12
 260.79   29.20
 261.50  143.94
 262.75  204.75
 263.56  187.47
 264.34   57.21
 265.99   20.75
 266.54   15.67
 266.65  185.18
 267.68   29.10
 267.99   28.72
 269.29   57.88
 269.64   22.93
 270.38   16.46
 270.60  141.94
 271.83   48.13
 273.68   11.06
 273.70  165.58
 273.89   21.41
 274.38   82.46
 274.60   43.55
 274.74  170.15
 275.30  182.21
 276.03   49.24
 276.03   23.64
 276.08  161.92
 277.33  127.57
 277.39  208.37
 277.67  132.29
 278.43   57.77
 278.45  104.93
 279.09  142.62
 279.13  184.86
 279.82  159.88
 281.16   99.89
 281.65   97.01
 281.68  190.23
 281.94   88.72
 282.02   83.06
 282.09  132.30
 282.15  139.24
 282.24  163.37
 283.11  110.63
 283.54  105.96
 283.89  156.97
 283.92   58.87
 284.17   85.43
 286.52   55.30
 286.61   54.91
 288.58   21.39
 288.68   60.06
 291.69  100.67
 294.77   61.92
 295.71  212.45
 298.54   79.35
