   9.93  201.13
  16.08  181.20
  16.87  185.53
  31.50  147.91
  33.08  145.12
  37.14  141.39
  37.71  195.96
  47.49  151.34
  50.54  105.41
  51.41  108.80
  52.16  168.29
  52.22  183.28
  52.58  176.96
  53.24  145.96
  53.73  195.61
  55.10  181.22
  56.75   94.58
  57.79  189.17
  58.21  131.50
  58.27  131.95
  58.97  208.12
  59.03  112.64
  59.22  205.14
  59.41  178.14
  60.25  113.85
  60.38  183.25
  61.26  192.58
  61.69  200.65
  62.39  141.96
  63.19  180.27
  66.15  107.33
  66.90  102.62
  69.41  127.20
  69.77  114.06
  69.84   30.78
  70.55  179.39
  71.68   91.07
  73.17  177.66
  74.11  170.14
  75.01   28.94
  75.21  173.66
  76.16   93.36
  76.21   66.12
  76.46   33.60
  76.85  117.01
  77.04   36.88
  77.53   21.52
  78.22   61.64
  78.52   31.19
  79.22   19.21
  79.41   47.50
  80.38  175.50
  81.28   13.55
  81.44   42.80
  81.88   52.87
  81.97   97.83
  82.56  116.73
  84.08  173.34
  84.67  199.11
  85.02   58.24
  85.70   30.68
  85.98   45.50
  87.81   51.55
  87.83  106.03
  88.56  193.76
  88.65   26.58
  89.85  195.01
  89.94   60.16
  90.05  181.22
  90.17  194.74
  90.60  213.03
  91.30   45.21
  92.92   39.10
  94.78  173.28
  95.09   57.14
  96.82   61.51
  97.16   55.16
  98.55   51.78
  99.55   91.42
 100.16   73.54
 100.75   60.94
 101.11   65.33
 101.66   49.49
 102.39  174.99
 102.67   31.08
 103.12  162.99
 103.29  170.02
 105.07   57.30
 105.44   61.66
 107.50   13.57
 107.91   30.11
 109.98  170.53
 111.14  201.62
 111.32  167.54
 111.42   59.87
 111.67   50.56
 111.72  162.32
 111.75  175.56
 111.94  193.56
 113.33   46.74
 114.48  188.51
 114.96   33.49
 115.66   59.27
 118.19  159.32
 118.64   40.15
 118.87  163.73
 119.37  194.49
 121.64  171.89
 123.27  157.50
 125.19   52.40
 125.26  201.11
 128.42   50.89
 129.00   48.22
 129.91  144.56
 130.32   39.04
 130.53  199.19
 130.53   96.23
 131.95   57.14
 133.24  158.76
 133.46  155.36
 133.55   42.77
 134.75  211.98
 136.54  160.55
 136.80  154.97
 137.31  199.41
 139.08  194.68
 139.55  190.16
 140.68   15.54
 141.25  174.95
 142.32   47.38
 143.04   12.90
 143.06   52.24
 143.23  163.77
 143.42  124.70
 143.62  171.44
 144.68   63.28
 144.78  156.85
 145.47   57.84
 145.85   15.60
 145.91   42.99
 147.34   42.08
 147.73  149.56
 148.06  168.27
 148.57   59.23
 148.78   55.39
 149.55   17.36
 150.51   43.19
 150.63  169.32
 151.23   63.70
 151.68   60.59
 151.82  157.98
 152.74   16.86
 152.93   59.48
 153.48  167.95
 154.24   63.78
 155.73   92.19
 158.49   42.50
 158.89  167.29
 160.46   86.49
 161.39   82.53
 161.43   60.69
 162.11  139.87
 163.89  208.93
 163.90  157.71
 166.32   38.27
 166.93  155.94
 168.41   76.54
 169.41   56.24
 169.60   46.29
 170.62  197.33
 171.53   40.44
 171.62   82.96
 173.05   51.45
 173.17  208.58
 175.39   64.67
 176.44  208.80
 177.03  157.89
 177.71   92.77
 178.15   61.81
 180.67   57.41
 180.94   60.05
 181.78   64.96
 186.44   75.70
 187.82   61.78
 188.36   87.18
 189.36  166.41
 189.96   39.29
 191.43   45.11
 191.49   44.80
 192.51  164.17
 193.71   15.84
 194.32   42.59
 194.52   69.93
 195.31  165.53
 196.27   11.42
 196.43   95.49
 197.72   91.17
 198.01   16.70
 198.37   42.90
 199.37   21.24
 199.80   64.13
 200.43   95.71
 202.67   43.47
 203.15   59.36
 203.26   18.04
 203.40   96.07
 204.06   22.57
 204.74   67.16
 206.64  192.08
 206.68   62.30
 206.78   45.75
 206.96   64.98
 208.81   60.24
 209.03   10.70
 209.58   67.63
 209.87   43.21
 210.00   18.05
 210.48   98.95
 213.60   60.59
 213.64   44.93
 213.66   44.92
 213.78  102.68
 214.47   50.16
 215.23   51.51
 215.59   57.94
 216.42   65.03
 216.75   68.88
 218.41   50.19
 218.81   61.46
 219.23   69.22
 219.95   94.05
 221.70  173.46
 221.99   59.19
 222.08  163.90
 222.12   49.05
 222.39   66.24
 224.36   22.24
 224.65  169.56
 224.83  110.17
 225.05   64.85
 225.21  183.59
 227.47  186.83
 227.71  133.92
 228.60   51.19
 228.73  178.63
 228.90  130.07
 229.53  147.96
 231.06  154.32
 231.45   65.62
 231.79  188.04
 231.88  112.83
 232.03   65.76
 232.39   61.29
 234.42  129.82
 234.94   66.46
 234.96   55.29
 235.64  155.57
 237.58  187.73
 237.77   11.68
 237.77  122.12
 238.90   70.58
 239.24  162.08
 239.61  106.85
 240.00  162.18
 240.14  175.63
 240.76  123.53
 241.02   19.33
 241.21  187.05
 241.89  182.53
 241.98   72.01
 242.10   71.98
 242.64   14.99
 243.45   95.93
 243.63   55.53
 244.05   61.43
 244.39  114.70
 244.84  186.47
 245.11  178.60
 245.15   29.27
 245.29   69.97
 246.28  120.33
 246.92  189.25
 246.98   61.25
 247.19   73.12
 248.29   55.79
 251.15   63.38
 252.03  120.75
 252.64  124.77
 252.73   31.03
 253.13   98.22
 253.27  179.13
 253.88  157.43
 254.41   73.79
 254.46  184.92
 254.78   64.52
 254.80   70.03
 254.94   57.53
 255.23  195.22
 255.84   84.43
 255.96   48.25
 256.77  175.52
 257.45   72.96
 257.89   71.87
 258.04   62.66
 258.21   58.28
 258.23   65.32
 258.62   34.70
 259.34   74.77
 261.79  143.24
 262.04  160.86
 262.26   55.51
 262.68  132.78
 262.93   65.17
 262.93  179.70
 265.57  162.99
 266.46   53.35
 267.77   10.79
 268.29   75.92
 268.75   79.53
 268.80   79.37
 269.62   63.04
 269.88   37.16
 272.37  193.18
 273.15   62.86
 273.39   57.40
 273.87   38.35
 274.12  176.94
 274.43  125.72
 274.64  161.63
 277.45   27.44
 277.71  129.00
 277.87   58.37
 278.35   36.47
 278.35   75.02
 278.35   24.93
 278.49  176.64
 279.09  173.44
 279.48   65.02
 279.79   30.58
 279.82  179.25
 281.38  108.17
 281.79  189.96
 282.58  188.55
 282.78  181.92
 282.98   41.16
 283.61   78.28
 283.89  172.36
 284.86  185.02
 285.49  203.79
 286.44   19.36
 286.88   75.79
 287.37  125.39
 288.11   62.94
 289.06   40.65
 289.08  191.28
 289.34   19.91
 290.32   43.68
 290.86    9.04
 291.04  173.89
 291.06  104.06
 291.34  193.17
 292.08   65.41
 292.50  122.65
 292.71   44.29
 292.98   30.45
 293.25  153.22
 295.25  170.36
 295.75  120.16
 296.26  112.63
 296.86   70.90
 299.35  182.91
 299.56   26.82
 299.87   46.47
 299.94  120.27
 300.17  104.28
 300.90   78.90
 301.07   39.41
 301.45   73.14
 302.77   65.66
 303.60  101.73
