   6.94  178.04
   9.17   59.70
   9.58  158.66
  10.48   85.08
  13.21   53.19
  15.65  160.65
  15.73   88.35
  16.18  154.39
  16.75  144.29
  18.74   94.64
  18.99  102.14
  19.44   98.56
  19.64  145.06
  19.85  163.12
  19.98   80.01
  19.99   40.60
  21.07  149.62
  21.27   61.02
  22.10   67.17
  22.27   53.80
  22.59  169.80
  22.70   85.97
  22.97   81.75
  24.18  166.93
  24.38   63.05
  25.79   68.40
  26.02   52.86
  26.35   58.67
  26.85   88.32
  28.25   42.16
  28.75   43.29
  28.99   72.83
  29.07   48.18
  29.53   52.64
  29.76   45.16
  30.02   57.05
  30.33   78.11
  32.00   52.38
  32.16   88.63
  33.57   38.81
  34.12   49.46
  34.59   41.93
  35.15   83.86
  36.17   66.87
  38.14   91.27
  38.81   73.34
  39.08   54.08
  39.15   68.59
  39.63  132.86
  40.94   87.94
  41.38   82.28
  41.99  131.38
  42.74   49.09
  47.19   63.35
  48.78   43.24
  48.93   68.96
  49.32   82.52
  50.23   52.93
  50.58   52.56
  50.97  143.54
  51.68  134.10
  52.61  127.58
  54.57   88.18
  55.35  130.88
  57.48  124.57
  58.33  134.12
  58.70  127.61
  60.89   61.75
  60.90   49.25
  61.44   53.24
  61.45  128.51
  61.95  134.47
  65.04  183.95
  65.20   71.55
  66.20  126.04
  66.20   67.78
  66.26   68.46
  66.42   79.78
  66.53  133.42
  66.85   55.29
  67.33   64.49
  67.37   63.89
  68.81  136.69
  69.01   49.65
  69.67   63.00
  69.72  131.09
  70.16   72.46
  70.68   41.73
  70.91   91.62
  72.40   69.14
  72.57   83.00
  72.70   43.89
  72.86   65.36
  72.86   82.28
  73.44   40.25
  73.98  134.41
  74.48  128.24
  76.74   57.25
  77.06   73.17
  77.85  131.69
  78.10  133.24
  79.97  151.71
  80.29  129.23
  81.85   55.80
  82.08  134.78
  83.77   79.07
  84.68  137.00
  86.53  131.19
  86.99   62.83
  90.09  179.50
  90.83  175.12
  91.44  136.29
  92.31   67.13
  92.52   68.29
  92.84  146.55
  92.84   72.20
  92.95   17.21
  92.97  132.86
  93.50   78.32
  93.78  120.75
  94.40   54.55
  95.20   61.97
  96.13   52.13
  96.49   62.13
  96.88  123.53
  97.15   73.86
  97.28   78.72
  97.29   78.57
  97.33   84.48
  98.06   95.66
  98.56   94.08
  98.95   17.52
  99.10   72.67
  99.30  179.35
  99.61  135.06
  99.91   55.68
 100.15   17.13
 100.44   63.36
 100.46  125.81
 100.98   66.91
 101.65  149.35
 102.79   93.67
 102.93   62.41
 103.09   72.89
 103.17   88.57
 103.37   78.83
 104.14  178.74
 104.90  118.18
 104.91   76.56
 105.19  144.02
 105.96  117.48
 106.47  113.43
 106.72  137.08
 106.91  107.68
 106.95  181.46
 107.45  149.87
 107.83   73.38
 107.90   62.98
 108.93   55.47
 109.45  115.05
 109.68  117.44
 110.06  146.16
 111.01   59.72
 111.01  156.88
 111.09   58.01
 111.22   76.73
 111.57  187.19
 111.67  143.09
 112.75   62.90
 113.27   55.30
 114.08  180.58
 115.58   52.85
 115.70   85.17
 116.34  134.51
 117.20  156.05
 117.30  145.14
 117.36  139.53
 117.44   55.65
 117.97  125.80
 118.64  129.80
 118.93   88.11
 119.25   91.46
 121.27   64.55
 122.01   55.73
 123.36   58.62
 124.07   79.66
 124.69  105.64
 125.78  158.08
 126.23  138.43
 126.89   90.39
 126.95   68.75
 127.09  152.85
 127.50   85.11
 127.68   74.03
 127.93   63.06
 128.76  108.53
 130.39  140.69
 130.69   57.91
 130.89   92.53
 131.51  105.74
 131.79   80.58
 132.30  136.49
 134.47  151.71
 134.58   62.10
 134.61   78.28
 134.83  151.86
 135.20  109.30
 135.49  132.52
 136.01   86.90
 136.04   75.69
 137.23  194.15
 137.65  102.33
 138.07   84.43
 138.77   57.79
 139.07  106.93
 139.10  112.62
 139.68  147.16
 140.00   66.06
 140.07  132.30
 140.20   81.11
 140.58   60.84
 141.84   63.65
 142.16  125.00
 142.40  124.45
 142.69   74.62
 143.13  183.27
 143.94  179.79
 144.31  200.67
 144.48  200.63
 144.51   61.69
 146.07   90.89
 146.27   82.85
 146.34   76.21
 146.59   71.38
 146.73  129.40
 146.78  178.77
 146.81   67.71
 149.19  188.88
 149.40  132.85
 149.41   67.15
 149.54   62.21
 152.03  179.89
 152.76   70.82
 153.45   62.98
 156.39  111.33
 156.64   67.07
 156.73  131.93
 156.95  136.98
 156.95   62.73
 157.08  147.56
 158.76  165.45
 159.74   86.62
 160.26  173.40
 160.76   84.20
 162.41  135.23
 162.55  159.83
 162.57   59.57
 165.00  131.60
 165.31  177.10
 165.75  161.25
 166.52  168.26
 166.83  126.48
 166.98   69.52
 167.01   62.14
 167.09   69.88
 167.12  137.07
 167.20   61.75
 169.05  140.28
 169.36   86.93
 170.06   97.68
 170.34  177.31
 171.01  152.97
 171.13  135.59
 171.32  123.54
 171.38   73.86
 171.38   78.14
 171.47   70.88
 171.54  164.26
 171.78   64.36
 172.25   86.73
 172.39  128.44
 173.87   69.14
 174.11   91.43
 174.46   77.39
 174.71   88.23
 174.86  125.67
 174.89  120.92
 174.93   83.53
 175.05  138.92
 175.75  154.37
 176.22  193.21
 176.82  163.28
 177.59  128.50
 177.65  185.50
 178.21   64.71
 178.62   63.05
 178.73  212.81
 178.99   62.17
 179.45   91.08
 179.63   84.30
 180.35  124.64
 181.82  130.61
 182.04  159.03
 183.11  170.66
 183.12  104.68
 183.24  122.10
 183.73  163.98
 183.73  173.93
 185.89  107.54
 185.99  137.38
 186.05  107.48
 186.22   69.27
 186.88  162.95
 187.12  104.23
 187.48  167.19
 187.54   89.16
 187.91  182.89
 189.77  178.23
 190.26  114.34
 191.23  131.86
 192.00  161.08
 192.22  106.05
 192.51   83.97
 192.76  114.39
 193.12  190.56
 193.21  109.81
 193.31  118.57
 194.05  170.29
 194.25  167.00
 196.32  156.04
 196.66  190.00
 197.24  119.27
 197.60  133.05
 197.63   89.77
 197.73  128.06
 199.20   99.68
 199.34  185.64
 199.70  153.38
 200.15   67.02
 200.73   85.77
 202.35  126.03
 202.36  114.69
 203.59  151.03
 205.32   79.43
 206.13   73.07
 208.73  143.96
 210.61  100.62
 210.99  155.98
 211.00   64.65
 211.02  105.58
 211.84   66.71
 211.94   69.30
 212.43   96.23
 212.81  136.30
 212.86   88.05
 214.19   78.85
 214.66   60.41
 214.84   91.33
 216.48  156.16
 216.78   84.71
 218.02  185.74
 218.10   83.83
 218.28   68.27
 218.29   52.85
 218.79  138.66
 219.10   87.51
 219.91   58.46
 220.44   36.41
 220.52   47.43
 220.69   84.55
 221.74  157.46
 222.69   81.82
 222.98   76.45
 223.08  146.56
 223.16   65.70
 223.77  189.25
 225.42  159.64
 225.69   68.83
 225.78   83.42
 225.79  155.73
 225.80   65.60
 225.88   87.37
 226.15  125.34
 226.33   74.77
 226.82  137.10
 226.87   52.04
 227.27   99.82
 229.76  140.11
 230.23   48.96
 230.32   71.78
 231.59   73.61
 231.90   80.13
 233.37  153.12
 234.46  100.98
 234.99   77.49
 235.31   81.81
 235.78   63.41
 235.82  175.55
 236.08   89.42
 236.53   73.35
 236.59  179.47
 236.72   45.56
 237.51   79.56
 238.73   29.47
 238.76   47.98
 238.96   64.17
 240.94  163.18
 240.99  163.18
 241.01  146.13
 241.05   62.40
 241.07  170.69
 241.24  101.37
 241.79   78.65
 242.16   94.99
 242.66  174.61
 243.87   75.35
 244.39  147.08
 244.77   91.57
 244.97   80.37
 245.18  135.82
 245.28  177.25
 245.34   99.03
 245.89   94.84
 245.98  128.85
 246.36   79.96
 247.70  102.28
 247.74  149.03
 248.16  178.45
 248.50   73.99
 248.96   68.69
 249.11  124.38
 249.58  112.33
 249.94  117.06
 250.07  136.25
 250.74  154.31
 251.57   43.98
 251.75   76.65
 251.90  129.16
 252.00  159.93
 252.58   82.48
 252.67  104.17
 252.95  164.82
 252.96   93.19
 252.97   47.72
 253.90  175.84
 254.47   88.90
 257.14   41.73
 258.01  102.21
 258.88   50.63
 259.20  135.74
 259.36   64.24
 259.40   53.85
 259.54  166.52
 260.69   37.91
 260.72  164.63
 260.85   32.52
 262.17   67.19
 262.24  178.55
 262.63   90.73
 262.85  178.90
 263.06   74.62
 263.64   85.14
 264.14   34.83
 264.50  171.16
 264.70   39.09
 264.73  175.47
 265.49   11.77
 265.53   52.56
 265.77   76.96
 265.87  163.33
 266.04   91.11
 266.33  101.46
 266.64   64.31
 266.73   36.77
 266.82   69.44
 267.60  148.93
 269.38  100.35
 269.62   92.02
 269.81  155.15
 270.74  198.34
 270.74  198.15
 270.97  159.34
 271.16  179.42
 271.42   35.07
 272.43  139.22
 272.61   97.17
 272.81   76.31
 273.26   11.54
 273.62   90.63
 273.65  162.42
 274.24  109.87
 274.59  113.47
 275.47  142.19
 275.93   75.87
 276.03   33.75
 276.68   10.86
 278.61  158.13
 278.94  169.44
 279.18  173.63
 279.42  160.75
 279.51  150.98
 279.76  112.30
 280.64  178.95
 280.94   32.25
 281.16  179.10
 282.23  151.51
 282.61  149.62
 283.61   52.94
 283.89  112.94
 285.81  114.20
 286.09   30.77
 286.54  165.83
 288.40   51.16
 288.55   71.45
 288.92  170.46
 289.11  170.49
 289.45  151.29
 290.17  108.27
 290.85   68.19
 291.42  163.03
 291.47  103.00
 291.79   74.29
 292.58   85.13
 293.13   70.91
 293.46   28.69
 293.77   65.67
 294.21   47.12
 296.20  111.69
 296.63   67.49
 296.71   70.19
 296.73   85.09
 297.05   25.42
