  15.60  160.13
  15.84  160.19
  19.92  158.17
  20.27  162.54
  23.88   60.48
  28.67   55.09
  30.25   50.59
  30.62   34.28
  31.23   60.01
  36.51   55.29
  36.82   51.65
  37.14   91.76
  37.37   75.03
  40.16   60.76
  41.20  162.12
  41.35   56.55
  41.90  159.36
  47.66   65.87
  48.23   47.68
  48.45   36.30
  48.46   57.13
  53.24  158.17
  54.51   59.44
  54.54   30.19
  58.25  158.25
  59.33  155.54
  59.66   51.22
  60.01   50.20
  60.82   31.28
  61.00   63.05
  63.72   63.28
  64.77  158.09
  65.15  158.26
  68.22  175.42
  69.50  160.78
  69.54  174.47
  70.45  173.80
  71.24   55.80
  72.73  166.29
  73.79   53.79
  74.01   60.07
  74.58  162.93
  76.33   64.72
  79.54   10.47
  80.25  177.87
  82.54  162.26
  84.21   61.42
  86.96    8.59
  87.19   42.18
  87.24  159.59
  88.50   65.27
  89.48   61.42
  90.60   44.84
  91.30   65.57
  92.47   10.06
  92.54   10.06
  93.64   49.88
  94.10  157.50
  94.66  157.58
  94.92   66.81
  95.53  163.71
  96.72   45.33
  96.94    7.44
  97.52  156.39
  98.49  176.03
  98.62   66.48
  99.00  153.74
  99.10   53.22
  99.63   11.70
 100.27  166.24
 102.41   50.51
 102.80   62.54
 106.28   10.89
 107.17  156.69
 107.32   53.44
 107.44   53.46
 107.91   49.83
 107.93  140.65
 108.33   10.46
 108.74  170.10
 108.95  182.70
 108.97  179.91
 109.70   63.39
 110.64  154.18
 111.03   46.45
 111.17   50.60
 112.01  171.44
 113.13   61.73
 115.34   13.42
 115.88   64.28
 116.43  153.41
 116.89  128.08
 119.59   62.58
 119.64   54.06
 120.37   14.70
 121.73   65.15
 122.88   17.98
 123.01   81.79
 123.40  140.63
 123.54   47.91
 123.82    7.27
 124.52   62.88
 126.15   50.45
 126.29  153.93
 126.55   15.64
 127.02   49.91
 127.53  163.58
 127.98   46.30
 128.79  170.82
 129.27   70.51
 130.20   48.33
 130.57   16.93
 130.72   67.90
 130.73   18.24
 130.90   52.14
 131.21  131.89
 132.05  154.90
 132.79  172.90
 133.53   11.64
 133.91   14.30
 134.82   65.94
 137.72   12.98
 138.16   68.17
 138.32   18.26
 138.45   22.22
 139.55   63.03
 140.31   74.82
 140.54   30.04
 140.83   30.54
 141.80   19.25
 143.50  131.89
 147.02   73.20
 148.25   25.25
 150.20   19.24
 152.21  132.47
 152.92   27.11
 153.73   27.43
 155.08   17.16
 155.90  143.07
 156.79   21.82
 156.89  143.92
 157.61   71.01
 158.24   20.69
 158.81  112.91
 159.59   57.16
 160.44   27.29
 162.49   31.71
 164.15   64.60
 165.22   27.06
 166.71   69.86
 168.82   73.48
 170.32   33.52
 170.65   65.13
 171.10   68.61
 172.41   74.23
 172.75  134.05
 173.75   68.24
 176.24   73.01
 176.71   52.35
 176.90   76.69
 177.07  131.20
 177.56   32.86
 178.20   52.68
 178.54   98.25
 178.57  125.95
 178.88   20.68
 179.03   61.25
 180.19  124.60
 181.72   62.88
 181.97   57.91
 182.85  121.40
 183.55   84.39
 184.60   62.12
 184.84   62.15
 185.12  144.93
 186.80   65.44
 188.15   74.67
 189.46  148.60
 190.79   66.44
 192.63  146.44
 193.05  150.25
 194.19  147.85
 194.81   13.45
 198.53   41.50
 199.07   54.14
 200.11   74.94
 200.90   82.33
 201.30   66.98
 201.57   44.76
 201.74   73.62
 202.52   78.95
 202.89   71.11
 204.58   51.23
 204.85   18.06
 206.22   43.27
 212.31   69.76
 213.76   77.32
 217.81  130.49
 217.96  166.41
 224.08   79.71
 224.57  188.36
 225.23  148.23
 225.53  132.88
 225.70   89.42
 227.25  186.80
 227.30  153.73
 227.90  129.92
 228.35   90.07
 229.46  148.33
 230.60  158.56
 232.91  132.16
 233.79   83.44
 234.32  146.44
 235.46  141.68
 237.02  163.26
 237.39   99.62
 239.15  155.16
 239.17  155.25
 239.77  184.78
 241.56  187.31
 243.58  163.57
 244.41  158.61
 246.60  186.46
 249.65   99.27
 250.20  157.79
 252.10  162.04
 253.55  156.74
 256.67  154.60
 259.22  148.82
 261.46  143.69
 261.89  140.26
 262.30  166.32
 263.04  154.80
 263.86   57.82
 266.09   64.14
 266.71   59.40
 267.06  106.47
 267.96  159.82
 268.67   57.13
 268.88   21.00
 269.28   67.32
 269.42  108.25
 269.60   95.03
 269.61   87.94
 269.68   43.34
 269.86  162.29
 269.91   66.89
 270.36   42.94
 270.94  145.15
 271.31   98.69
 271.76   53.03
 271.91  152.30
 272.03  105.67
 272.86  148.75
 273.34  167.55
 273.78  161.67
 274.12  164.96
 276.18  103.10
 276.47   67.56
 276.65  150.62
 277.01  167.69
 277.22  101.07
 277.48  146.54
 278.44  139.90
 279.54  108.05
 279.87  167.44
 279.88   50.07
 280.04  152.97
 280.22   30.62
 281.09  151.74
 281.48  155.89
 281.92  105.98
 282.55  162.67
 283.94   94.94
 284.62   32.98
 285.96  158.82
 286.49  160.59
 286.66  103.51
 287.00  164.76
 288.31  149.36
 291.56  158.16
 291.85  155.16
 293.89   99.40
 294.58   67.03
 294.78  167.60
 295.68   27.77
 296.94   75.47
 297.65   93.83
 297.82   19.24
 299.52  113.85
 299.87   66.46
 300.21  158.17
 300.40   29.78
 300.64   34.69
 301.06  143.52
 301.78   82.98
 302.51   83.77
 303.14   93.92
 304.03   95.32
 305.48   71.34
 305.52   81.67
 305.62   77.43
 305.97   17.59
 307.30   78.63
 308.14  166.20
 308.37  120.88
 310.49  144.23
 310.97  107.22
 311.10  107.79
 313.40   79.90
 315.90   44.45
 316.60  169.46
 317.13  161.17
 318.32  116.38
 318.58   79.70
 319.55   92.06
 319.75   55.66
 319.79   70.08
 319.96   79.76
 319.98   85.13
 320.03   61.67
 320.03   75.67
 320.06   47.66
 320.08   30.14
 320.40   30.33
 320.53   57.01
 321.93   94.09
 322.07  146.94
 322.25  153.90
 322.28  145.12
 322.33  149.61
 352.98   72.09
 355.46   74.86
 356.69   69.68
 357.67  173.53
 358.51   32.80
 358.56   76.06
