  20.89  190.00
  22.04   77.85
  23.61  196.55
  32.03   68.08
  33.18   59.66
  33.57  110.42
  33.59   25.56
  33.65   29.47
  43.78   85.09
  44.42   76.13
  49.01   82.92
  57.32   84.13
  58.20   84.58
  59.47   85.20
  62.13   70.76
  62.69   29.28
  63.02   67.75
  63.61   85.95
  65.77   95.34
  69.81  165.29
  71.54   92.24
  74.72   87.19
  82.45   82.65
  83.06   89.02
  83.39  145.44
  83.75   60.75
  87.24   85.22
  89.77   91.98
  91.75   65.40
  92.10   79.38
  92.20   76.49
  93.28   50.46
  93.69   85.27
  94.43   24.56
  95.66   54.41
  99.14   84.58
 104.35  193.65
 121.61   79.93
 123.05   80.28
 123.68   86.58
 123.85   55.10
 126.61   82.77
 129.08   89.34
 129.53   59.75
 130.17   94.75
 130.22   60.52
 130.76   80.65
 130.88   76.00
 133.60   82.58
 134.22   49.85
 139.27   82.58
 155.64   79.61
 160.46  158.25
 161.82  158.80
 164.20  148.56
 167.99   78.53
 169.32  152.43
 169.86  146.34
 169.99   83.82
 170.25  150.84
 170.77   79.85
 170.88   49.83
 171.06   80.08
 172.03  142.34
 172.37   45.29
 172.83   85.94
 174.46   89.00
 174.97   55.82
 175.24   61.31
 175.30   56.06
 175.40  160.63
 176.39  145.72
 176.60   31.55
 177.48   10.10
 178.27  149.78
 178.32  174.85
 179.27  154.28
 180.30  135.35
 180.83  150.66
 181.37  146.10
 184.10  187.37
 186.27  169.17
 186.56  159.52
 192.25  164.83
 193.19  150.18
 193.30  133.44
 194.80  163.01
 196.36  134.69
 200.49  133.18
 205.65  163.09
 207.93  157.24
 208.32  131.80
 210.74  138.14
 215.59  159.73
 215.75  137.80
 219.27  107.81
 220.70  137.97
 233.32  151.93
 233.77  135.08
 241.65  160.50
 246.87  163.57
 247.42  133.77
 249.49  168.40
 252.41  138.08
 252.96  160.22
 256.01  166.76
 258.13  138.21
 261.18  170.03
 261.25  152.11
 266.30  186.57
 274.73  177.08
 275.94  190.10
 277.54  186.86
 278.89  174.35
 281.96  181.11
 282.68  176.79
 283.44  160.23
 287.01  138.29
 292.08  187.87
 296.01  190.45
 296.60  183.48
 297.68  146.79
