   6.91   36.12
   8.42  118.42
   9.17   32.34
   9.38  101.06
   9.47   34.67
   9.47   37.38
   9.77   40.85
  10.17  121.10
  10.87   59.11
  11.39   63.99
  11.47   72.82
  11.83   53.88
  12.04   31.13
  12.12   34.07
  12.40   38.14
  13.78   68.13
  14.84  136.36
  15.44   32.77
  15.56   39.43
  17.65  138.77
  17.80   86.10
  18.04  113.47
  19.00   33.02
  20.74   33.76
  20.83   84.09
  21.30  134.99
  21.68  128.83
  24.11   86.00
  26.54  100.43
  27.57   75.80
  29.95   59.08
  34.10  154.74
  40.87   85.94
  41.05  117.04
  43.61  109.29
  43.92  105.07
  46.06  102.59
  47.05   80.87
  47.96   72.96
  48.58  109.54
  48.75   86.12
  49.53   62.55
  50.05   50.51
  50.19  108.90
  52.37  108.29
  53.26   80.06
  53.62   48.71
  55.36   67.73
  57.06   23.46
  57.59  103.52
  57.73  103.34
  58.05   80.24
  59.91  121.96
  60.05   71.66
  60.37  128.99
  70.34   75.70
  70.44   85.92
  70.53   81.33
  72.55  119.71
  73.13   74.90
  73.29   79.55
  73.49   85.45
  78.03  142.99
  81.17  162.59
  84.42   74.84
  85.24   32.97
  87.03   68.12
  87.38   47.69
  91.96   72.33
  95.64   53.42
  95.80   49.66
  96.07   73.62
  96.30   80.79
  97.17   86.07
  98.53   52.62
  99.72   72.13
  99.99   83.74
 100.05   87.40
 101.29   50.55
 104.23   58.06
 104.24   83.54
 105.65   72.78
 106.13   86.67
 107.84   63.54
 107.94   68.04
 109.00   75.95
 109.00   73.52
 110.88   60.71
 110.93   60.14
 111.72   82.20
 112.40  136.64
 114.02   53.83
 117.08   52.72
 117.42   79.86
 118.03   58.38
 119.99   73.90
 122.34   30.52
 122.58   73.11
 124.66   88.67
 130.42   54.96
 130.48  159.85
 130.94  138.18
 131.47  142.94
 133.04   37.16
 134.72  119.85
 139.54   74.02
 139.64   77.41
 139.77   82.89
 140.24   88.39
 140.52   41.93
 141.73   43.11
 142.44   74.62
 142.61   77.51
 144.74   65.47
 148.02  122.93
 149.21   86.87
 149.54   64.88
 154.11   75.08
 154.25  103.46
 154.28  122.08
 154.84  125.56
 155.06   30.90
 155.30  107.25
 159.11   58.82
 160.85   28.44
 161.24   52.34
 161.26   33.50
 162.44   25.17
 162.56  121.95
 163.18  129.91
 163.61   27.36
 164.12   71.28
 164.19   74.51
 165.96   87.44
 166.92   65.04
 168.06   73.71
 168.12   84.55
 169.83  126.57
 170.72   81.03
 171.48   66.89
 175.71  175.44
 177.63  152.08
 177.65  130.72
 178.16   89.25
 179.23   39.28
 180.81  114.08
 182.35   77.80
 183.58  154.45
 183.82  130.10
 184.21  172.99
 186.83  155.02
 188.24  141.61
 189.06   16.47
 189.89  150.94
 190.40   83.00
 191.06   51.58
 191.86   21.30
 193.39  185.56
 193.93   76.22
 200.46   77.89
 204.42  156.29
 204.79   85.98
 205.50   56.61
 205.74  167.71
 205.75   26.92
 205.79   73.15
 205.95   37.77
 206.25  160.36
 206.37   30.04
 212.65  171.69
 213.48  164.76
 218.98  173.35
 221.36  162.63
 223.01  158.94
 226.42   76.28
 227.55   73.38
 232.51   72.69
 233.31  161.90
 235.74   66.74
 236.85   28.55
 239.68  164.32
 240.09   71.86
 241.37   29.55
 241.73   80.52
 243.86  164.41
 245.10  168.75
 246.58  169.67
 249.27   73.13
 250.47   32.85
 250.50  168.82
 254.39   70.55
 254.78  205.48
 255.20   31.47
 256.84   73.36
 257.72   34.86
 258.17  196.70
 258.78  202.58
 260.57  195.20
 263.19  207.88
