   6.77   45.74
   7.07  202.58
   7.42  193.84
   7.49  197.74
   8.90  133.08
  10.18  196.62
  10.39  149.74
  10.88  191.62
  11.37   44.93
  12.63   64.61
  12.71  152.81
  12.97   48.10
  13.17   51.86
  14.05  167.70
  14.76   63.01
  15.71   57.34
  15.73  146.82
  15.93  132.64
  18.12  189.90
  21.09  166.64
  21.42  138.42
  23.48  170.12
  24.49  162.88
  25.80   65.96
  26.24   75.87
  30.47  164.17
  30.98   82.67
  31.42  143.98
  33.24  184.66
  33.76  108.55
  33.96   68.60
  33.97   83.72
  34.50  163.18
  34.65  140.70
  39.17  146.26
  39.56  162.59
  40.09  161.17
  41.62  157.98
  43.24  161.25
  43.58  170.77
  44.38   84.84
  47.41  161.90
  49.29  158.02
  51.44   79.13
  57.56  161.70
  59.55  167.42
  59.92   72.32
  61.98  164.77
  62.86  169.67
  92.66  140.34
  93.09  135.14
  95.54  140.63
  95.58  137.19
  97.29  148.28
  97.56  148.05
  98.40  133.51
 105.52  151.73
 107.99  182.68
 109.60  158.07
 112.86  194.65
 115.68  119.99
 117.19  127.41
 117.59  123.10
 118.53  129.64
 124.52  109.66
 128.80  127.36
 133.10  131.56
 135.27  173.81
 137.84  129.18
 140.15  172.14
 141.61   79.38
 141.89   84.63
 145.20   74.68
 146.29   85.01
 146.42   76.38
 148.12  132.90
 148.22   73.33
 148.80   93.00
 150.02  106.72
 152.53  121.77
 153.74   98.94
 162.76  146.97
 163.27  157.02
 164.78  198.66
 164.85  203.09
 165.22  102.00
 166.40  154.45
 167.35  109.53
 167.41   97.36
 167.50   86.29
 167.56  176.21
 169.61  122.23
 171.12  132.44
 172.77  151.93
 173.55   98.73
 174.59  115.62
 174.92  136.98
 175.13  107.04
 176.53  110.28
 177.51   55.94
 178.44   92.13
 182.68  118.84
 182.70  114.63
 183.97  130.87
 185.18   49.73
 186.67  133.30
 187.46  141.15
 188.93   97.72
 189.32  131.05
 189.99   53.62
 192.06  105.61
 192.34  180.60
 192.66   96.65
 192.78   57.06
 193.61   64.57
 194.27  115.02
 196.07  107.85
 196.11   93.40
 197.88   63.36
 201.60   95.24
 203.53   64.49
 205.00  101.03
 205.00   36.64
 205.53  106.41
 205.59   96.58
 206.39  180.24
 208.90   38.35
 209.20  103.34
 209.25  114.81
 209.29   95.78
 211.44   92.89
 212.19  111.57
 214.72   93.05
 215.02   96.07
 216.68  116.30
 218.85  103.20
 219.04   37.85
 219.16  142.44
 219.45   93.80
 223.00  133.72
 223.45   55.99
 223.67   97.88
 224.15   64.92
 224.37  200.64
 224.93   38.35
 225.26   46.85
 225.53   55.42
 226.52   42.92
 227.25  121.20
 228.37   94.29
 229.26  202.49
 231.02   58.98
 231.75  109.42
 231.89  106.28
 232.96  106.30
 235.42  140.35
 238.37  134.16
 238.83  109.40
 241.54   67.93
 241.63  121.79
 242.04   58.85
 242.66  108.17
 244.12   64.54
 244.43  174.23
 244.46  174.13
 244.63  203.17
 244.75  123.67
 247.06   66.81
 247.19  117.47
 247.46   91.39
 247.84  109.50
 249.12  110.99
 249.92   85.50
 250.61  120.09
 252.18   67.42
 252.46  101.96
 254.01  143.58
 255.69  103.48
 256.28   63.34
 260.39  201.69
 260.55  109.18
 264.85  101.74
 265.83  102.98
 266.06   78.86
 266.45   99.41
 272.62  120.69
 273.16  128.53
 274.48  172.43
 274.83  133.16
 275.09  132.69
 276.40  138.59
 277.19  110.50
 279.09  107.50
 279.54  144.92
 280.01   84.64
 281.41  135.12
 281.51  135.98
 285.46   58.05
 289.64   73.95
 289.93  209.03
 290.09   35.26
 290.59  105.81
 290.95   88.95
 291.36   88.46
 294.28  169.33
 294.49  108.38
 294.55   24.69
 296.63   94.77
 297.54  166.31
 297.70  100.44
 298.04  100.46
 300.38  118.60
 300.68  200.53
 301.58  109.53
 305.25  140.70
 306.09  121.88
 306.75  126.24
 308.01  124.70
 308.38  193.00
 308.57   14.24
 309.17  116.89
 312.88  114.60
 314.32  122.37
 314.98  117.27
 319.38  128.16
 320.28   23.59
 320.85  119.78
 321.01  164.97
 325.27  134.39
 325.75  139.73
 325.84  163.91
 326.05  158.91
