   6.80   79.42
   7.27   82.56
   8.58   47.93
   9.54   73.56
  10.77   66.66
  11.00   50.29
  12.11   53.23
  14.44   64.79
  16.94   51.97
  17.77   70.40
  21.61   87.44
  22.30   69.60
  25.02   76.12
  25.22   84.83
  30.10   84.09
  34.31   78.44
  34.95   85.06
  37.39   88.11
  40.80   61.85
  41.08   74.58
  42.71   55.04
  43.40   49.96
  43.86   49.93
  44.47   83.41
  47.37   74.78
  47.55  191.34
  47.81   62.97
  47.84  195.89
  47.94  191.53
  49.05   88.60
  49.69   66.47
  51.17   82.06
  51.24  186.65
  51.95   77.59
  52.51   67.88
  54.25   53.39
  54.37   59.11
  55.32   64.26
  58.36   61.68
  62.60  180.46
  62.81  180.17
  64.56  190.63
  65.43   70.28
  66.95  194.89
  69.56  190.43
  71.90  184.83
  72.53   97.28
  76.06   85.14
  76.70  171.41
  76.73   63.15
  77.10  165.49
  81.27  175.12
  82.64  118.39
  83.43   99.99
  83.73   79.46
  85.60   70.77
  87.00   77.18
  91.01   76.90
  92.34  154.07
  92.75  161.88
  93.73   75.91
  94.06   65.90
  94.49   65.42
  97.24   79.32
  97.74  176.14
  98.06  149.51
  98.29   62.29
  99.18  172.07
  99.79   82.22
  99.92  161.55
 100.50  154.66
 106.86  155.65
 107.82  170.25
 108.81  159.30
 110.14  114.01
 110.59  110.54
 115.75  170.15
 116.30  185.28
 118.99  172.78
 120.78  178.73
 121.59  185.64
 121.98  185.58
 122.43  163.76
 124.72  172.56
 124.97  168.17
 127.99  163.99
 128.24  168.84
 130.56  166.20
 133.83  168.62
 133.86  164.65
 133.96  182.64
 134.08  146.86
 135.11  173.72
 138.13  186.76
 140.50  167.31
 143.77  166.08
 147.39  182.88
 147.97  170.79
 148.23  190.69
 148.27  187.13
 149.27  162.49
 150.15  163.95
 152.18  128.74
 153.08  178.80
 153.74  136.26
 154.81  182.76
 155.41  138.76
 155.73  176.27
 160.53  190.96
 160.72  172.99
 162.11  178.00
 165.12  199.95
 165.62  146.26
 168.56  191.49
 177.08  126.63
 179.74  111.70
 179.77  154.10
 180.07  119.56
 182.54  168.09
 183.90  156.77
 184.16  160.72
 184.49  140.50
 185.24  101.67
 186.41  168.79
 187.29  122.83
 188.78  102.13
 188.92  154.73
 189.63  136.01
 190.08  136.51
 190.37  109.55
 191.82  141.07
 191.82   99.58
 193.14  143.36
 194.97  120.08
 195.72  141.14
 196.10  112.52
 196.31  100.91
 197.12  127.50
 197.48  146.38
 198.60  142.80
 199.12  137.62
 202.07  150.14
 202.62  183.28
 204.08  111.04
 207.22  137.22
 209.57  144.00
 209.60  151.01
 211.30  118.96
 212.38  152.80
 212.50  127.19
 212.77  149.78
 218.04  137.13
 219.66  142.01
 219.81  146.47
 219.87  151.13
 220.06   69.57
 220.43   77.70
 221.40  136.41
 223.98   76.36
 224.89  151.43
 225.06  182.90
 226.03  139.16
 227.00  195.07
 227.30  179.65
 227.33  179.52
 227.37  175.00
 227.55  154.53
 227.92  186.07
 228.59  135.08
 229.07  168.92
 229.66   77.37
 232.15  174.54
 236.76  151.07
 237.01  156.21
 237.71  197.73
 238.77  177.46
 239.31  194.49
 240.94  151.08
 242.01  140.54
 242.34  140.54
 242.56  173.82
 244.49  160.92
 244.51  137.45
 245.83  143.35
 246.25  143.45
 246.89  177.28
 247.42  170.75
 247.59  155.54
 248.03  140.10
 251.39  149.52
 251.41  149.46
 252.05  145.10
 252.52  154.67
 253.02  140.13
 253.23  158.98
 255.55  163.74
 256.47  160.96
 257.90  139.90
 258.80  155.93
 259.14  135.20
 262.82  164.40
 263.21  139.59
 263.25  139.57
 266.48  167.65
 268.38  106.30
 268.85  106.06
 271.47   82.66
 271.67  164.37
 274.62  154.85
 275.42   83.67
 277.74   87.65
 279.40  155.74
 280.16   75.13
 280.81   96.19
 281.78   57.50
 282.13  114.38
 283.25  154.83
 283.54  112.94
 283.84  163.63
 284.15  148.30
 287.83  165.81
 288.01  141.23
 288.11  135.18
 288.22  149.83
 288.93  156.52
 288.99  178.54
 289.30  128.67
 289.50  101.84
 289.69   64.27
 291.49  108.54
 291.91  138.78
 292.14   52.26
 292.22  154.58
 292.80  125.43
 292.90  141.94
 292.93  151.78
 293.88  129.02
 293.98  112.41
 294.24  122.54
 294.33  165.39
 295.02   56.13
 295.49  139.57
 296.19  157.99
 296.35  133.56
 296.61  110.29
 296.63  127.03
 296.83  156.62
 296.94  142.24
 297.40  177.43
 298.37  180.00
 298.47  105.12
 299.95  135.91
 300.66  103.39
 300.99  157.02
 301.46  147.60
 301.51  129.19
 301.97  174.23
 302.25  116.44
 302.26  122.57
 302.73  161.42
 303.22  115.92
 303.53  126.11
 303.63  154.58
 304.25  109.57
 304.25  144.48
 304.65  137.41
 304.68  140.99
 304.99  134.08
 305.34  130.30
 305.54  176.94
 306.01  118.00
 307.23  106.93
 308.75  151.69
 308.85   10.69
 309.42  164.32
 310.78  107.65
 311.19  112.45
 311.98  172.59
 312.60  110.54
 313.21   26.26
 313.93   19.88
 315.36   19.59
 315.40   10.90
 316.69  108.79
 317.12   34.10
 318.37  121.71
 318.43   27.44
 318.72  106.03
 319.57  161.78
 319.79  157.83
 320.21  152.45
 320.30  171.43
 320.45  120.60
 321.71  167.92
 321.94  163.43
 322.12  106.27
 322.25  102.21
 323.11   23.22
 323.89   26.18
 324.28   85.90
 325.06  121.22
 325.66  115.67
 326.51  170.69
 326.73  161.48
 327.08   34.07
 327.13  104.93
 328.39   27.79
 328.75  110.91
 329.64  179.19
 331.78   16.38
 333.29    8.02
 333.43   10.23
 333.56   27.85
 334.42   25.43
 335.39  126.50
 335.52   21.51
 343.16   12.58
 369.01  195.51
 371.11  205.87
 371.70  197.73
 373.58  178.48
 373.77  132.03
 374.15  196.48
 374.15  157.54
 374.20  164.51
 376.62  116.33
 376.63  140.12
