   9.14  110.05
   9.63   93.59
  11.92  111.25
  12.78  107.19
  15.93  111.18
  17.11  102.97
  19.95  111.56
  24.76  115.20
  27.65  153.08
  35.58  150.61
  39.65  141.09
  41.97  143.12
  45.48  142.77
  46.64   72.15
  59.81  142.63
  59.91  146.01
  60.26  150.99
  65.08  161.06
  65.30  155.83
  68.19   75.24
  81.48   78.64
  86.32  201.29
  87.45  112.53
  87.75  141.17
  87.93  175.10
  88.04  117.43
  88.96  107.76
  89.28  204.26
  89.51  210.09
  90.35  171.23
  90.45  199.16
  90.47  151.89
  90.93  137.05
  91.13  166.83
  91.37  113.31
  92.65  120.32
  93.41  211.45
  96.04  207.81
  96.42  168.52
  96.54  154.41
  96.59  123.07
  96.99  212.00
  97.77  128.26
  97.79  155.09
  97.86  150.13
  98.02  137.88
  98.28  176.65
  99.44  168.94
 100.09  103.44
 101.54   40.78
 102.86   37.69
 108.66   45.03
 109.08   34.97
 149.53   78.59
 152.53   82.48
 155.82  109.50
 162.26  141.65
 163.58  147.36
 175.29  153.12
 175.41  130.24
 176.70  124.16
 176.80  166.84
 181.08  127.34
 184.47  133.14
 184.78  127.23
 184.86  130.82
 185.61  160.51
 186.22  138.07
 186.93  166.03
 188.52  126.89
 188.56  126.92
 188.76  124.84
 188.77  161.64
 190.24  129.89
 190.85  126.64
 191.08  147.98
 193.41  203.33
 193.44  155.83
 193.73  188.52
 199.75  110.28
 201.13  150.97
 201.71  113.53
 202.02  113.89
 202.91  109.30
 205.01  115.77
 207.28  150.90
 210.67  154.78
 211.73  155.94
 213.07  108.31
 219.00  126.49
 220.27  162.98
 227.21  187.52
 227.67  187.51
 229.41  179.33
 230.79  176.99
 232.30  174.26
 235.76  154.92
 238.89  174.50
 240.57  165.08
 244.89  175.58
 245.17  142.26
 245.21  149.33
 245.53  142.69
 245.55  167.50
 245.79  167.51
 245.83  110.49
 246.17  179.65
 249.73  177.94
 249.86  108.38
 250.26  172.94
 250.82  181.56
 257.56   98.34
 257.98  181.23
 259.02  178.48
 260.03  169.81
 272.13   88.48
 274.13   29.70
 274.67   36.31
 275.73  183.63
 282.60   28.57
 285.62   95.79
 286.73   49.49
 289.12   48.06
 289.78   91.23
 292.06   49.04
 293.30  132.18
 293.60   28.92
 295.19   93.42
 295.35   29.88
 295.60   52.32
 297.35   87.99
 297.48   47.44
 299.72   68.76
 299.97   86.00
 302.98   62.28
 303.57   58.78
 303.78   50.84
 304.68  123.31
 304.93  124.15
 306.31   30.76
 307.53   38.53
 308.02  191.08
 309.08   30.42
 309.15   95.60
 310.11  103.25
 310.30  102.51
 311.86  176.52
 311.87  184.41
 312.19   23.42
 312.51   26.21
 313.55   34.69
 315.08   19.41
 315.91  120.76
 316.04  190.38
 316.43  124.25
 316.61  130.28
 317.73  182.92
 317.83   16.13
 317.83  170.73
 317.84  135.66
 318.60   36.86
 319.92  133.46
 320.22  150.54
 321.03  155.27
 321.16  161.39
 321.93  103.89
 321.93  142.87
 321.98   28.66
 323.19  158.51
 323.29   19.64
 323.50   37.57
 324.11  163.32
 324.88  151.56
 326.24  149.42
 326.91  130.91
 328.76  161.61
 329.21  134.04
 329.26  176.99
 329.52  155.71
 329.73  155.66
 330.99   74.57
 331.71  130.77
 332.51  149.39
 332.59   63.06
 333.32  157.58
 334.61   27.48
 335.54   32.87
 337.38  164.63
 337.47   41.47
 337.56  161.79
 341.15   31.90
 342.16  168.40
 346.71  113.53
 348.61  102.94
 348.80  192.94
 349.64  133.83
 351.43  185.18
 355.05  163.95
 357.14  130.47
 357.15  174.40
 357.29  169.55
 358.92  199.72
