  10.53  153.79
  14.92  142.33
  17.79  170.45
  18.25  159.11
  18.93  173.10
  23.02  162.98
  24.94  143.77
  25.25  143.24
  26.01  124.19
  30.19  173.31
  30.34  119.42
  31.62  124.22
  32.18  142.47
  34.10  156.78
  34.16  174.04
  34.70  147.64
  37.32  143.21
  39.86  143.22
  40.59  123.66
  42.09  141.14
  43.53  152.11
  43.56  158.34
  45.49  140.86
  47.92  143.28
  49.75  147.76
  54.07  145.58
  56.71  150.16
  56.80  151.55
  57.07  151.26
  57.47  141.05
  59.76  157.24
  63.50  156.88
  63.90  149.54
  68.31  158.52
  71.17  157.44
  72.97  148.94
  73.40  153.61
  81.01  130.32
  81.43  134.89
  82.62  138.29
  91.82  153.87
  93.84  121.33
  96.39  129.66
  97.99  126.58
  99.98  137.64
 101.16  124.50
 107.41  121.78
 110.45  141.01
 110.76  140.96
 113.05  140.32
 114.89  112.62
 118.56  135.85
 119.09  142.24
 119.44  117.61
 126.44  139.84
 128.09  135.52
 129.74  115.50
 130.80  113.13
 131.17  141.70
 146.73  138.53
 153.36  146.45
 157.58  142.18
 161.10  132.96
 163.23  154.29
 163.67  134.03
 167.51  158.72
 167.80  159.29
 167.98  145.74
 168.44  139.41
 168.52  139.53
 169.16   53.10
 170.01   71.31
 170.75   68.15
 172.37  110.57
 172.60  136.45
 173.61   83.45
 174.96   58.90
 175.14   49.72
 175.85   72.26
 177.90   68.07
 178.10  140.32
 185.58   72.02
 197.20   71.37
 206.85  102.36
 208.71  193.90
 214.33   45.87
 215.19  131.89
 220.40  137.11
 224.72  102.71
 227.60   54.70
 228.47   44.89
 228.91   44.90
 229.00  107.24
 229.46  106.91
 229.55   77.25
 229.66   52.14
 231.16  169.14
 231.88   39.40
 232.26   13.58
 232.72  118.93
 232.88   48.45
 233.31  171.92
 234.53  212.42
 237.05   18.23
 237.24   23.91
 237.79  121.52
 240.58  189.27
 243.70  179.57
 245.38   18.02
 247.21  191.24
 254.74  167.74
 260.62   23.16
 260.72   26.48
 263.81   20.11
 264.07   27.60
 266.96   25.02
 267.15   17.10
 270.16   30.68
 270.42   27.37
 271.08   20.50
 274.53   21.16
