   7.72   97.47
   7.94  140.09
   8.09  203.13
   8.18   92.96
  11.01  206.92
  11.60  209.63
  11.71  144.97
  11.96  140.69
  14.27  204.89
  15.90  144.78
  17.11  159.64
  17.74   90.96
  18.17  200.81
  18.37  141.89
  18.83  158.71
  18.91  168.01
  19.69  117.73
  20.37  114.65
  20.79  139.38
  21.25   93.15
  22.33  165.53
  22.45  123.97
  22.58  204.22
  23.83  136.68
  25.51   96.03
  25.57   90.06
  25.72  207.40
  26.05  146.07
  27.68  151.88
  28.70  128.05
  28.95   97.37
  29.03   91.92
  31.73  195.72
  32.55  142.28
  33.02  129.13
  37.26  140.80
  41.45  146.50
  43.32  104.86
  46.12   90.28
  46.21  152.85
  51.36   98.48
  55.16  181.56
  55.37  181.54
  55.79  154.32
  57.58   95.45
  58.45  185.22
  59.88  160.13
  61.10  189.22
  64.77  188.71
  65.42  164.01
  65.61  179.17
  71.26   92.39
  72.70  188.70
  73.56   94.88
  74.73  178.28
  77.05   92.88
  77.37   97.79
  78.62  171.94
  78.92  171.75
  80.02   94.36
  88.39  107.97
  88.81  176.70
  93.06  132.95
  93.73  112.18
  93.94  112.43
  94.11  170.85
  94.23  150.63
  96.10  140.13
  96.73   82.13
  96.88  104.01
  97.17  168.63
  97.47  137.22
  97.95  160.93
  97.98   68.18
  99.17   62.77
  99.26  165.43
 100.01  171.95
 102.24  149.28
 104.96   38.01
 105.46   59.83
 105.83   65.50
 106.72   62.43
 106.84   57.97
 107.65  185.98
 108.04   36.55
 109.08   39.28
 110.27   34.24
 111.48   53.59
 111.48  117.54
 112.27   64.02
 114.21   72.26
 115.56   59.66
 116.05   42.65
 116.82   81.84
 117.82   40.04
 118.17  206.55
 118.78   57.87
 119.61   62.48
 119.69   88.53
 121.83  205.75
 121.98   91.61
 122.73  209.66
 123.79  213.20
 123.95   53.96
 123.96   82.49
 124.97   86.42
 125.85   55.29
 126.82   58.78
 127.21   46.49
 127.65   91.46
 131.42   87.26
 132.12   39.14
 132.45   58.29
 132.98   42.79
 134.37   48.46
 135.10   62.71
 137.22   46.14
 137.65   57.91
 138.48   36.08
 140.82   55.21
 142.68   40.97
 142.71   60.04
 144.65   56.17
 145.69   68.49
 148.14   60.76
 148.36   42.48
 148.41   65.06
 148.98   67.74
 150.48   44.01
 151.53   91.03
 153.30   88.18
 156.59   66.45
 156.84   76.20
 158.51   77.29
 161.94   51.89
 163.84   52.22
 163.88   97.74
 164.98   36.75
 165.28   45.60
 166.74   50.89
 166.78  103.81
 167.10   50.77
 167.27   33.76
 168.42   43.33
 170.50  102.17
 171.81   43.19
 173.25   79.39
 173.31  122.53
 174.28   78.29
 174.52   69.97
 175.22   53.30
 175.26   44.20
 175.61   75.50
 177.21   82.13
 177.28   73.16
 177.51  100.98
 179.24   95.48
 179.35   54.03
 179.75   40.34
 180.45  121.92
 180.64  118.04
 181.12   97.93
 181.90   67.03
 182.95   56.38
 183.13   37.12
 183.31   46.55
 183.65  120.26
 183.96  122.86
 185.40   40.70
 186.30  114.25
 186.57  110.53
 186.83  122.20
 187.25  133.42
 189.43   67.35
 189.97  123.91
 190.03  116.87
 190.14  111.35
 190.73   70.36
 190.75   54.89
 192.06   41.99
 192.08  133.03
 192.70  118.02
 194.82   35.99
 195.78   42.42
 195.94   32.77
 195.97   45.48
 196.43   94.46
 196.78  109.28
 198.92   29.36
 199.28  112.66
 199.45  107.28
 200.30   37.05
 201.09   31.66
 202.52   28.86
 202.61   89.10
 202.87   44.64
 203.80  118.01
 204.09  124.29
 204.17   73.43
 204.41  111.66
 204.63  100.17
 204.95   40.59
 205.64   31.66
 206.11   93.86
 206.34  100.54
 207.36  107.18
 207.48  120.52
 208.38   57.13
 208.63   46.41
 208.73   50.95
 209.39  105.96
 209.72  121.27
 210.16   36.05
 210.27  112.76
 210.42  130.71
 211.37   30.01
 211.63   39.81
 212.02   37.20
 213.86  100.71
 214.10   42.58
 214.38   55.17
 214.41   85.34
 214.58  128.88
 214.78  126.34
 215.02  118.49
 216.16  106.03
 217.11   56.57
 218.78   91.85
 219.02   50.69
 219.05   34.68
 219.37   99.47
 219.89  121.81
 220.60  118.55
 221.51  129.06
 221.76   41.16
 222.02  111.99
 222.72   49.00
 223.78   97.27
 225.02  118.62
 226.00  126.68
 227.48   50.19
 228.01   31.68
 228.18   35.27
 228.32  123.53
 228.47  114.76
 229.22   46.15
 229.43  141.96
 229.52  136.36
 229.58  103.26
 230.61   89.19
 230.66  121.43
 231.18   19.50
 232.56   37.96
 232.64   44.62
 233.39   95.49
 233.59  121.43
 233.72  127.06
 234.29   42.14
 234.57   30.13
 234.76   99.65
 234.93  105.35
 235.51   26.89
 235.66  115.89
 236.28  130.62
 236.47  109.60
 236.55  133.55
 236.68  120.54
 236.94  140.03
 237.11   48.09
 237.25  101.32
 237.54   17.09
 237.78   17.06
 238.43   96.64
 238.47   23.27
 239.76   52.34
 240.50  110.68
 240.72   13.97
 241.34  130.23
 241.92  140.66
 241.96   16.61
 242.07  130.12
 242.54   48.74
 242.99   35.08
 243.14  114.11
 243.41  134.05
 243.95  117.06
 244.99   94.09
 245.03   50.83
 245.96   83.39
 246.82   26.48
 246.94  102.83
 247.80  138.47
 249.03   12.28
 249.23   87.77
 250.90   38.84
 251.01  134.45
 251.09  111.97
 251.29  105.92
 251.90   89.74
 252.97   35.55
 253.39  126.26
 254.42  133.80
 254.75  130.96
 256.05  104.19
 256.28   43.04
 256.42   45.90
 257.09   25.89
 257.27   99.33
 257.70   31.78
 258.29   15.16
 258.69   22.25
 258.72  120.03
 259.78   51.01
 260.12   30.66
 260.95   27.06
 261.39   13.06
 261.93   17.93
 262.13   18.04
 262.40   42.32
 262.72   43.83
 263.04   20.29
 263.54   32.02
 265.28   39.12
 265.30   34.05
 265.48   22.55
 266.13   40.05
 266.14   39.82
 266.63   29.61
 266.74   43.70
 268.44  100.51
 270.17   38.20
 270.26   27.62
 270.51   41.98
 270.51  113.36
 271.19   32.74
 272.43   49.91
 273.46   28.63
 273.58   42.41
 273.71  110.65
 274.59   37.67
 276.52   49.56
 276.71  112.49
 276.74   41.13
 276.77  108.80
 277.36   26.87
 277.58   36.78
 280.12  108.24
 281.44   60.89
 282.67   43.15
 283.06  106.97
 283.59  134.49
 283.91   19.56
 284.55   61.65
 284.82   14.82
 285.22  103.16
 285.93  109.61
 286.73   39.81
 286.90   45.76
 287.07   64.66
 287.19   81.42
 287.33  121.64
 287.41   59.09
 288.00   20.22
 288.23  112.29
 288.31   14.99
 288.77   49.42
 289.01   71.58
 290.00  143.10
 291.62   23.15
 291.64   82.43
 291.73   49.63
 291.79  207.28
 292.20  203.20
 292.42   19.28
 293.04  146.28
 293.45  136.04
 293.82   12.92
 294.49  148.77
 294.51  135.24
 294.76  143.87
 294.93   90.65
 296.37   81.49
 297.28   19.85
 297.66   13.98
 306.31   21.06
