   8.35   30.50
  11.28   39.13
  13.02   32.57
  13.09   53.23
  13.20   42.11
  13.65   35.94
  14.36   19.91
  14.45   10.20
  17.58   18.29
  18.74   49.05
  18.80   23.46
  22.51  115.08
  23.07   53.36
  23.43   18.97
  23.96  117.40
  25.43   15.14
  26.02   55.88
  26.14   59.58
  26.56  119.33
  26.79   91.87
  27.64   12.50
  29.08   58.69
  29.35   93.23
  29.47   26.30
  29.68   49.65
  31.50   31.02
  31.82   90.22
  33.02   11.38
  33.36   20.06
  33.52   28.00
  37.39   90.63
  40.41   55.19
  43.68   67.89
  43.94   61.13
  44.61   73.81
  44.68   50.35
  61.36  147.54
  63.42  139.53
  68.88  154.91
  69.22  161.39
  69.44  167.13
  75.48  148.92
  81.58  156.13
  81.63  156.23
  84.88  156.29
  85.98  144.03
  90.84  161.11
  91.01  211.06
  91.09  186.71
  93.25  189.72
  93.51  193.23
  93.63  167.25
  93.63  196.32
  93.95  186.08
  94.11  160.57
  94.64  147.83
  94.87  179.40
  95.95  170.15
  96.66  175.84
 100.69  170.37
 105.37  156.77
 108.28  141.80
 109.38  176.39
 110.70  175.83
 111.30  187.57
 111.62  143.86
 111.93  146.37
 113.94  198.29
 116.97  146.32
 128.08  118.13
 134.19  105.93
 159.05   53.32
 159.74   42.55
 159.89   38.61
 162.34  109.39
 168.53   40.01
 168.68   44.42
 168.91  113.84
 171.40  159.51
 171.45  118.24
 171.70  191.30
 171.84  121.07
 171.85  126.99
 171.97   31.74
 172.02  113.45
 172.40   47.87
 172.62   47.45
 173.03   33.83
 173.85   35.78
 175.39  124.03
 175.77  156.80
 175.95  118.95
 176.63  115.27
 176.65  152.77
 179.14   83.58
 180.24  165.84
 180.30  168.49
 180.64  113.19
 180.79  156.45
 181.91  153.52
 184.23  159.47
 185.52  113.14
 186.68   89.87
 189.10  195.26
 189.26  195.21
 189.80  199.10
 190.41  114.31
 192.61  151.21
 193.67  124.32
 196.00  128.68
 196.96  118.47
 198.36  194.88
 199.88  190.15
 202.54  112.23
 202.97   89.95
 215.09   98.34
 216.30  211.83
 217.22  183.01
 217.39  179.15
 221.38  184.83
 224.16  182.92
 224.20  209.96
 224.30  110.60
 224.84  115.59
 224.86  162.31
 225.49  102.63
 225.66  178.98
 225.76  160.83
 226.60  205.12
 227.33  107.19
 229.72  133.40
 230.58  104.59
 233.04  146.70
 235.92  142.32
 236.43  111.12
 255.62   11.86
 269.01   96.98
