   7.39   55.22
   9.54   25.28
  10.92   36.53
  12.37   24.76
  12.93   30.58
  15.05   27.81
  18.69   72.11
  20.10   53.54
  21.12  114.74
  21.59  114.52
  23.92  103.05
  24.82   20.16
  26.43   92.52
  26.73  128.06
  27.22   52.52
  28.70   91.36
  29.72   92.40
  31.33   21.01
  31.51   75.38
  31.56   75.07
  31.86   67.03
  32.26   22.21
  32.32   94.75
  33.65   48.57
  34.73   52.87
  35.07   67.55
  36.13   69.11
  36.33   94.83
  36.45   21.90
  36.75   91.28
  38.00   18.63
  38.14   44.64
  39.12   21.64
  39.63   41.53
  40.20   52.52
  40.41   94.85
  42.48   41.43
  43.96  106.01
  44.09   86.17
  44.16   91.88
  44.45   30.44
  46.95   85.95
  47.09   31.23
  48.92   55.17
  49.54   77.35
  49.58   32.44
  50.48   35.94
  52.62   82.49
  53.01   89.91
  53.04   72.21
  53.39   90.71
  53.86   41.04
  54.25   68.06
  55.12   89.46
  56.82   36.50
  56.91   91.82
  57.69   67.20
  57.98   63.48
  58.86   33.42
  61.22   62.11
  66.23   87.40
  66.30   83.02
  69.86   51.16
  75.41   87.92
  76.24   64.28
  78.36   81.82
  78.91   45.33
  80.92   54.07
  81.78   23.79
  82.58   56.76
  82.67   51.35
  84.84   54.34
  85.17   19.73
  85.18  110.27
 117.75  118.93
 117.99  113.00
 119.39  104.46
 120.55  121.64
 120.69  107.64
 120.72  116.03
 121.05  136.85
 121.12  130.84
 126.75  123.28
 129.81  107.78
 133.58  123.30
 133.64  112.63
 133.80  138.23
 135.33  105.98
 135.80  193.80
 138.65   73.60
 140.71  106.55
 141.07  192.33
 142.27  139.56
 142.37  125.16
 142.40  134.83
 142.52  117.77
 144.03  114.32
 145.13  145.47
 145.75  143.56
 145.84  143.20
 146.09   35.46
 146.47  196.53
 147.53  178.49
 147.84  156.82
 147.88  134.68
 147.93  206.51
 147.98  202.40
 148.05  114.55
 148.11  126.04
 148.40  163.17
 148.42  148.69
 148.59  118.24
 148.63  141.25
 149.53  106.69
 149.82  138.36
 149.90  191.62
 150.75  185.89
 151.27  119.21
 152.96  210.97
 155.77  208.77
 155.95  106.99
 157.63  212.20
 161.37  181.63
 162.73  106.91
 162.81  112.70
 163.00  113.85
 165.14  139.88
 166.96  107.07
 168.66  211.60
 172.82  212.32
 179.22  112.08
 180.16  195.69
 186.71  112.27
 189.33  176.85
 189.95  172.06
 190.68  185.17
 190.92  109.06
 191.34  151.80
 191.70  165.61
 192.33  151.25
 193.26  205.00
 193.30  184.89
 194.13  173.58
 196.28  179.18
 197.26  156.03
 198.28  203.12
 198.63   78.98
 199.11  162.53
 200.38  150.82
 200.77  141.54
 201.08  159.61
 201.82  133.72
 203.94  179.29
 204.86  176.56
 205.25  128.20
 205.57  159.94
 206.08  181.48
 206.88  130.96
 208.37  137.17
 209.57  142.98
 211.89  131.19
 212.88  139.68
 215.14  142.53
 216.08  136.04
 216.18  166.49
 216.39  151.06
 217.64  110.47
 217.78   46.22
 218.60  162.00
 219.05  104.24
 219.28  150.31
 219.48  134.31
 221.56  130.88
 221.68  109.37
 223.10  162.95
 224.02  112.16
 224.17   79.40
 227.15   81.97
 228.02   83.09
 228.21  146.08
 228.65  119.35
 230.69  157.64
 230.90  164.38
 235.17   92.91
 241.61  156.45
 242.96  166.41
 246.94  186.31
 247.41   86.10
 247.49   82.49
 247.63  171.95
 248.16  167.05
 248.23  161.78
 248.24   76.40
 248.24  134.81
 255.79  195.64
 256.18  159.86
 257.40  104.33
 257.46  149.46
 258.36  185.28
 261.24  109.28
 262.59  160.45
 262.83   81.52
 266.21   79.37
 266.52  132.88
 267.63  184.21
 267.93  108.05
 269.53  149.56
 272.26  147.47
 272.70  177.53
 274.92  137.80
 275.66  168.40
 276.62  175.88
 277.29  164.85
 277.98  186.58
 281.18  188.29
 281.51  196.09
 281.76  196.10
 282.24  168.84
 282.91  201.03
 283.32  158.94
 283.50  199.62
 286.60  206.99
 286.77  184.51
 287.21  199.74
 287.25  152.33
 288.13  211.97
 288.17  202.90
 288.49  134.73
 288.62  195.94
 289.32  179.37
 289.48  189.74
 290.44  173.74
 292.59  183.22
 295.66  154.91
 295.66  145.19
 297.90  135.13
 299.52  139.82
 304.58  200.75
 305.81  135.11
 306.50  156.15
 308.33  137.55
 308.83  202.99
 311.06  142.84
 312.66  156.04
 324.11  166.91
