   9.87   63.11
  12.81   55.51
  13.88   62.77
  17.25   56.27
  18.82  203.32
  20.55   50.20
  24.41   57.26
  29.83   57.72
  32.19   64.01
  36.51   62.40
  36.53   62.80
  37.35   45.06
  37.62   44.83
  39.99   39.54
  41.95   48.07
  45.59   39.78
  59.24   46.62
  61.70   95.75
  61.99   44.66
  63.59   56.29
  66.08   23.62
  67.14   47.89
  67.14   44.07
  67.49   40.88
  69.44   69.80
  71.56   54.89
  71.86  105.21
  73.21   43.86
  75.37  213.05
  76.23   48.08
  77.11   97.79
  78.35   58.62
  80.31   93.48
  80.40  161.59
  81.07   16.50
  81.53  171.33
  81.76  106.69
  82.40   98.22
  83.44   89.45
  88.22   46.76
  88.62  159.11
  90.08  143.54
  90.71  111.78
  90.88  107.03
  91.65   87.04
  91.68   91.84
  91.87   96.32
  93.08  116.58
  93.29  120.80
  93.62   70.04
  94.97   20.29
  95.83  132.14
  96.34  133.52
  97.07  118.77
  97.23  170.27
  97.95  101.79
  98.43   86.97
  99.26   23.09
 100.17   12.03
 100.47  182.15
 100.57  122.97
 100.86  109.59
 100.93   99.73
 101.00  116.07
 101.39  174.40
 101.95  127.39
 102.26  126.46
 103.49  114.98
 103.66  111.98
 103.69  171.90
 103.74  107.21
 103.92   64.17
 103.99  102.71
 104.03  169.12
 104.07   22.56
 104.31   96.94
 104.51   92.11
 104.54  134.13
 104.66   88.11
 104.98   83.17
 107.35   94.98
 108.11   24.45
 108.76  185.85
 109.37   27.26
 110.03  127.89
 110.18  120.73
 110.19   71.39
 110.55  177.84
 112.04  103.04
 112.33   88.58
 113.80  127.87
 114.30   82.79
 115.03  181.76
 118.73  146.84
 119.01  130.59
 119.12  121.59
 119.23  113.37
 120.45  102.40
 120.67  177.09
 120.93  113.69
 121.14  171.84
 122.18  174.56
 123.48  148.47
 123.80  107.19
 125.67  174.58
 126.53  100.92
 126.72  100.29
 131.39   48.80
 131.45  124.24
 131.87  174.27
 132.30  146.29
 132.44  146.29
 132.52  162.68
 134.80   96.03
 135.11  173.11
 135.18  171.35
 135.62   83.50
 137.70   43.11
 140.02  173.75
 149.61  174.94
 160.49   33.12
 160.88  123.37
 166.53  120.31
 170.79  113.05
 172.55  112.40
 172.92  119.42
 178.06  112.45
 181.72  119.31
 186.84  116.17
 187.02  123.14
 187.15  186.85
 209.13  146.28
 211.50  160.48
 212.09  122.41
 213.10  122.63
 213.24   90.26
 213.63  137.68
 214.21   61.49
 215.42   82.45
 216.66   56.87
 217.04  113.10
 218.51   81.17
 219.92   51.68
 220.51   55.73
 222.79   80.59
 223.63   85.00
 223.90   52.51
 223.93   38.12
 224.82   82.00
 226.40   50.11
 227.71   83.77
 228.65   51.72
 229.22  119.03
 229.30   75.68
 229.85   80.62
 230.34   83.41
 231.02   66.22
 231.73   77.37
 234.29   76.20
 235.71  120.03
 237.39   80.39
 240.76   77.31
 242.55   41.42
 245.95   51.07
 246.01  134.29
 247.48   78.46
 250.02   76.95
 250.14   60.32
 250.67   49.79
 252.24  138.22
 253.05  146.63
 255.57  132.01
 257.74   84.10
 258.20   75.21
 258.25   70.52
 260.56   79.15
 260.83   36.62
 261.13   51.09
 261.52   71.91
 262.05   40.28
 263.04  131.22
 263.27   29.02
 263.60   94.18
 263.89   80.02
 265.46   40.20
 265.68  128.03
 266.59   34.57
 267.06  134.60
 270.26   51.73
 271.07  132.26
 271.63   74.99
 274.17  124.96
 275.02  131.77
 275.05   99.93
 275.25   59.40
 276.38  126.92
 277.34  106.66
 281.80  107.25
 281.83  107.07
 285.19  120.56
 285.52   73.12
 287.15  117.82
 288.93  173.33
 289.13  116.99
 289.99   64.90
 293.55  169.79
 293.74  108.93
 295.04  172.65
 295.74   80.31
 295.88  112.96
 295.88   84.58
 296.20  176.61
 296.39  185.30
 299.45  177.34
