   8.90  150.05
  11.41  142.92
  12.37  150.28
  13.32   71.50
  13.33  139.36
  13.66  176.43
  14.13  143.84
  14.45  164.69
  15.73  148.62
  17.92   72.05
  18.51   77.40
  18.92   83.89
  19.04  150.33
  20.00  136.53
  20.18  136.76
  20.95  131.88
  21.79  127.23
  21.80  154.83
  23.53  166.63
  25.34  128.21
  25.53  123.61
  27.48  132.21
  30.02  155.73
  33.16   40.43
  33.31  120.47
  33.75   89.27
  33.80  123.85
  35.36  100.70
  35.69  100.24
  35.91  151.11
  36.58  127.56
  37.78   14.99
  38.23   37.70
  40.43   38.69
  41.86   15.67
  42.36  119.09
  42.76  168.99
  42.83  175.63
  42.99  102.97
  43.42  178.34
  43.95  141.29
  44.01  146.90
  44.40   95.85
  45.52  104.54
  45.70   90.17
  46.11  134.91
  46.12  129.55
  47.16  115.05
  47.30  156.54
  48.12  159.41
  48.14   24.63
  48.29  123.24
  48.55   93.31
  48.93  182.19
  49.41   95.96
  49.43  176.40
  49.43   43.02
  49.53  151.40
  49.73  171.14
  49.95  146.03
  50.04  104.68
  50.08   26.47
  50.37   36.74
  50.90  108.82
  52.36  125.14
  52.72   29.73
  53.17   43.04
  53.34  128.83
  53.54   39.08
  53.61   96.33
  54.08  134.67
  54.53  153.00
  54.66   25.38
  56.38  107.75
  56.41   26.44
  57.40   39.52
  57.44   94.21
  57.51  158.22
  57.58  133.72
  58.61  176.61
  59.58  136.46
  59.77  161.87
  60.13  155.44
  60.57  138.84
  60.79   27.94
  60.85  129.09
  61.65  169.21
  62.47  131.10
  62.72  112.40
  63.11  102.78
  63.19  173.19
  64.50  104.42
  65.21  125.65
  65.48  154.96
  65.69  150.20
  67.27  112.84
  69.23  102.29
  69.24   30.21
  69.50  105.59
  69.64   29.48
  70.86   97.60
  71.36  165.01
  72.64   27.38
  72.65  185.10
  72.86  159.74
  73.04  144.64
  73.16  178.70
  73.33  178.82
  73.33  112.84
  73.69  117.55
  74.98  114.53
  76.13  164.64
  76.25   30.70
  77.69  169.24
  78.50  186.65
  79.12  162.07
  79.42  114.53
  79.59  165.76
  80.19   28.72
  81.73  150.34
  81.89   31.92
  82.01  155.79
  82.66  127.96
  83.73  102.15
  83.78  172.93
  84.37  114.64
  84.82  136.31
  85.07  169.35
  87.26   33.41
  87.77  155.77
  88.33   39.28
  89.52  176.81
  92.24  109.51
  93.16  170.63
  93.16  170.67
  96.35  148.48
  96.71  113.84
  98.26   96.11
 100.40   37.90
 101.02  110.54
 101.26  165.67
 101.50  154.53
 103.42  132.79
 103.82  105.47
 104.43   97.85
 105.32  159.89
 106.41  135.64
 106.52  154.83
 107.38  100.39
 107.66  126.10
 108.34  131.69
 108.59   20.22
 110.15   35.15
 111.35   31.44
 112.75  161.15
 114.69  159.62
 115.19  156.59
 115.83  116.03
 116.24   39.38
 118.77  163.16
 119.24  199.05
 119.59  130.06
 119.63  113.47
 121.31  107.22
 121.50  148.34
 122.04  110.74
 122.33   98.12
 122.90  125.32
 123.06  121.79
 123.11  116.03
 123.47  119.00
 125.03  162.12
 125.51  111.28
 125.90  116.72
 126.04  122.21
 127.47  173.06
 128.94  130.26
 129.60  126.11
 130.17  132.93
 130.86  168.87
 131.91  167.17
 132.61  131.46
 132.95  177.62
 133.17  167.21
 134.42  186.19
 134.70  116.79
 135.78  132.65
 136.33  130.21
 137.03  137.79
 138.28   35.46
 138.47   23.78
 138.76  126.84
 139.20  183.56
 140.93   37.17
 141.09  187.11
 141.33  157.99
 141.47  190.89
 142.00  175.09
 143.89  153.64
 144.01  114.13
 144.16  128.17
 146.14  186.11
 146.24   35.31
 146.26  189.83
 146.94   38.72
 147.94  148.47
 148.25  120.77
 148.64   43.10
 148.94  157.56
 148.94  167.82
 149.81  117.22
 152.23  209.97
 152.27  151.53
 153.15  127.05
 153.33  114.61
 154.32  156.94
 154.58  167.50
 155.24  124.70
 157.49  151.36
 158.07  126.43
 158.17  118.98
 159.67  167.87
 160.37  158.86
 162.84  150.47
 163.21  130.10
 164.68  158.32
 165.14  167.00
 167.33  159.67
 167.99  178.64
 169.20  152.42
 169.39  133.75
 169.41  174.07
 172.15  175.59
 172.16  162.23
 172.90  158.08
 173.77   39.59
 177.73  155.32
 178.88  182.63
 179.16  173.60
 179.61  116.73
 180.58   42.96
 182.10   39.50
 182.36  150.34
 183.00  168.14
 184.10   42.80
 184.94  173.48
 185.38   42.53
 185.89  167.38
 186.89  185.32
 188.19  181.03
 189.04  124.66
 189.50  102.77
 189.61   87.41
 189.65   88.41
 189.75  154.66
 189.88  164.78
 189.96   91.57
 191.28   72.48
 191.35  119.56
 191.58  145.20
 192.27   94.93
 193.76   99.34
 195.04   48.11
 195.83  146.29
 196.49  152.91
 197.82   95.33
 200.30   48.21
 201.53   49.53
 201.80  173.04
 202.23  114.64
 202.33   27.61
 202.34   28.59
 203.90  117.00
 204.18  105.85
 204.46   50.41
 205.24   95.35
 206.01   32.69
 206.03  113.64
 208.58  116.35
 209.43  167.20
 211.48  176.75
 211.73   37.98
 212.20   49.09
 212.44  120.20
 212.95   80.07
 213.50  123.01
 216.06  150.63
 216.30   50.81
 216.53  184.79
 217.16   50.31
 221.95  163.85
 222.14  181.34
 222.20  114.99
 223.37   61.19
 225.07   57.86
 225.87   88.44
 226.55  114.67
 227.17   23.67
 228.66  117.45
 229.58   82.76
 229.86  162.28
 230.02  123.27
 231.02  160.67
 231.17  113.51
 232.60   76.04
 234.72  115.73
 235.21  181.19
 235.97   86.99
 236.37  112.81
 239.83   47.28
 241.76   85.02
 245.39  141.22
 246.59   84.74
 247.27   36.73
 248.05   78.96
 248.38  115.03
 252.08  160.03
 252.41   21.20
 253.00   55.74
 254.79   44.50
 255.68   35.34
 257.98  111.38
 259.01  157.00
 259.28  157.34
 259.90  172.50
 260.01   36.67
 260.79   31.37
 262.17  168.96
 262.32   87.01
 263.48   52.04
 265.62   79.22
 266.42  125.32
 266.73  169.51
 268.24  116.92
 268.26  140.66
 269.37   90.35
 269.45  186.17
 270.01   85.56
 270.23   90.59
 270.28  168.91
 270.36  187.19
 270.66   78.72
 272.06  179.53
 272.11  129.29
 273.76   82.51
 274.06  155.66
 275.30  184.37
 275.46  160.42
 275.78   66.55
 277.13   66.91
 277.16   77.37
 277.65   88.51
 277.78  145.92
 277.90  186.85
 278.01  100.98
 278.05  104.71
 278.43   79.54
 279.45   70.92
 279.54   74.17
 279.88  184.64
 281.79   77.45
 281.92  211.73
 282.45  143.63
 284.26  159.43
 284.36  145.61
 284.51  141.52
 284.63   36.07
 285.95  198.61
 286.04   37.81
 286.46   94.07
 287.35   79.41
 287.89   76.71
 288.33   94.28
 295.54   94.36
 295.56   73.33
 296.09   78.46
 296.35   89.34
 298.08  145.66
 298.43  157.48
 298.48   69.83
 300.00  105.79
 300.30  153.03
 301.31   84.71
 302.34  157.68
 302.54   79.07
 302.57  167.71
 303.29  106.51
 305.32  109.95
 306.00  153.46
 306.09   89.16
 306.18   98.76
 306.31  158.95
 306.42   75.75
 306.75  136.43
 307.98   52.46
 309.19   50.42
 311.94  100.86
 314.23  170.82
 315.07  138.23
 315.93   70.93
 316.55   56.21
 318.14   86.24
 318.42  169.17
 318.98   72.69
 320.09  152.15
 320.43   80.60
 322.05  180.18
 322.72  155.41
 325.29   51.69
 326.35  166.45
 327.89  141.53
 330.15  171.38
