   7.49  197.06
   9.47   91.82
  11.51  129.10
  12.05  206.00
  12.54  131.72
  14.54  204.00
  16.00  167.18
  16.15  164.79
  18.21  204.47
  19.01  110.15
  19.59  164.81
  21.55  112.48
  22.09  128.38
  24.58  135.86
  24.75  165.61
  25.33  141.09
  34.13  127.60
  35.56  143.11
  35.84  125.22
  35.85  130.37
  36.49  110.87
  37.02  135.89
  40.78  129.85
  41.79  126.06
  46.37  167.47
  47.83  120.80
  48.95  116.93
  53.68  157.42
  60.18  198.13
  61.32  159.57
  61.84  181.33
  63.31  103.26
  63.33  105.82
  65.33  176.92
  65.71   86.04
  66.75  105.87
  66.79  116.89
  67.02  185.54
  67.90  178.83
  68.45   82.38
  70.03   89.48
  70.25  101.84
  71.08  158.22
  72.00  122.04
  72.98   94.26
  74.46  116.96
  75.48  198.65
  79.12   90.60
  79.19   99.94
  80.23   95.07
  81.14   94.07
  81.28  169.12
  84.42  130.38
  87.22  174.87
  88.63  141.86
  89.29  127.88
  90.82   88.62
  91.20  100.42
  93.84   85.34
  94.21  166.96
  94.26   84.97
  94.31  170.20
  94.80  127.98
  94.90  104.71
  94.98  121.55
  95.56  175.74
  95.88  105.51
  96.27  167.43
  97.31  133.49
  97.89  109.01
  98.55  178.32
  99.78  201.79
 100.12  169.98
 100.48  141.53
 105.00  108.41
 105.98  172.19
 106.35  118.95
 109.69  135.77
 110.22  111.61
 110.29  111.67
 111.53  182.70
 112.98  106.33
 114.33  145.53
 114.67  116.54
 115.58  131.00
 116.56  140.98
 117.25  136.13
 117.74  109.46
 119.93  129.21
 122.13  170.00
 123.26  132.40
 125.78  128.74
 126.99  185.90
 129.05  134.00
 130.10  120.97
 134.03  129.20
 138.49  158.23
 140.78  121.03
 147.19  124.48
 147.20  158.59
 151.99  154.22
 154.52  159.29
 154.57  166.33
 154.87  151.50
 154.91  165.43
 155.13  178.41
 155.70  130.01
 157.31  136.05
 157.75  166.96
 157.89  129.17
 158.27  158.77
 158.56  193.72
 159.09  150.44
 159.50  138.67
 159.80  163.42
 160.86  204.59
 161.38  141.03
 161.43  209.55
 163.13  143.41
 164.33  156.43
 166.00  201.75
 167.88  188.47
 169.34  144.61
 170.35  162.61
 171.45  165.36
 172.63  195.50
 173.54  173.95
 173.63  150.90
 173.98  155.13
 174.30  158.61
 174.35  184.17
 174.43  180.11
 174.55  164.15
 177.84  151.10
 178.20  166.62
 178.33  182.13
 179.08   64.36
 180.44  171.23
 181.48  185.28
 181.75   65.61
 181.95  147.94
 182.47  191.21
 182.51  172.24
 183.27   41.00
 183.45  194.74
 185.33   59.19
 186.20   51.29
 186.41   41.39
 189.42   85.78
 189.75  116.84
 191.47  178.41
 194.30   40.45
 194.48   71.67
 194.85   47.85
 195.19  201.29
 195.60  187.70
 196.60   45.02
 197.48   51.74
 197.88  170.26
 197.99   42.47
 200.04   48.72
 201.86  171.09
 206.67  147.80
 209.15  186.33
 209.66   57.60
 209.67  172.20
 209.98  185.67
 210.05  192.38
 210.24  192.32
 210.25   63.72
 211.82   70.20
 212.52   54.58
 214.72   58.03
 220.11   64.03
 222.44   41.55
 222.70  144.99
 226.64  169.13
 227.74   43.94
 228.00  159.47
 230.02   61.09
 232.08  201.88
 234.25  151.64
 235.05   56.36
 235.45  174.10
 236.58  204.69
 236.71   61.53
 236.75  167.51
 236.95   52.80
 239.71  172.04
 239.91  161.88
 242.77  171.80
 243.98  163.57
 244.05  158.32
 244.24  163.88
 244.57  141.16
 246.63  108.72
 251.01  110.19
 257.17  108.96
 258.77  120.63
 259.38  113.22
 260.07  120.91
 263.55  159.39
 266.73  157.66
 268.01  155.30
 268.71  161.10
 275.60  163.65
 280.43  204.70
 280.60  205.09
 281.46   49.10
 281.92  106.55
 282.06   71.31
 282.61   32.44
 282.81   55.85
 283.83   29.71
 284.45   50.07
 284.99  182.35
 286.40   37.66
 286.57   58.00
 289.37   45.45
 289.74  184.57
 290.28   48.48
 290.43   68.80
 290.54   53.62
 290.95  168.33
 292.89   41.72
 293.96  115.41
 294.74  169.71
 294.94  169.71
 295.12  186.36
 295.19   53.06
 295.21   29.70
 295.41   15.79
 296.13   61.47
 296.44   28.79
 296.79   33.56
 296.83   21.59
 296.99   44.81
 298.17   17.97
 298.97  171.68
 299.08   81.83
 300.37   52.35
 300.38   23.51
 301.25   61.52
 302.24   71.00
 303.49  143.96
 304.02  139.83
 304.03   86.76
 304.42  103.80
 304.51   13.93
 304.75   57.48
 304.85   44.81
 304.94   53.02
 305.15   88.08
 305.85   23.66
 306.99  110.37
 309.17   13.67
 309.84   64.00
 310.21   96.63
 310.66  138.48
 313.27   23.76
 314.31   23.91
 314.39   70.33
 314.66   36.52
 314.81  167.23
 315.25   24.13
 315.34  174.20
 315.67  141.62
 316.81  135.57
 317.05  123.30
 317.42   66.86
 317.57  176.59
 318.29   27.37
 318.56   26.56
 319.80   47.92
 320.41   58.09
 323.60  158.85
 326.31  138.31
 327.70  132.19
 327.96   12.58
 328.20  152.07
 330.45  133.85
 331.17  150.23
 331.59   11.84
 331.81  175.57
 332.69    8.40
 333.21  152.76
 334.08  189.57
 337.03  183.67
 337.24  113.67
 337.77  119.23
 338.25    9.90
 338.52  190.72
 339.03  105.81
 339.92  116.06
 341.34  172.49
 341.42  183.72
 342.78  119.56
 342.93  150.80
 343.81  193.35
 344.65  100.19
 344.95  190.60
