  10.58  206.03
  42.37  177.12
  47.90  177.29
  49.57  184.85
  49.77  180.67
  54.54   92.49
  70.72   68.80
  72.46   86.65
  76.52   88.81
  82.45  160.76
  83.83  153.91
  88.43  149.59
  90.14  138.03
  90.85  150.77
  92.82  159.47
  93.08   72.24
  94.39  156.47
  94.71  164.31
  95.22  188.27
  97.27  135.03
  98.88  155.78
 100.76  140.67
 101.09  117.49
 101.42  174.62
 101.63  125.11
 101.88   82.77
 102.98  136.47
 103.32  147.29
 103.53  151.71
 103.88  138.61
 104.22  143.04
 105.27  134.67
 106.19  145.71
 106.84  130.50
 107.24  167.35
 107.30  157.21
 107.45  121.60
 107.84  138.92
 107.96  147.00
 108.04  143.27
 110.30  187.46
 111.68  129.95
 113.53  120.26
 114.74  169.89
 116.65  165.75
 119.94   70.81
 127.03   16.30
 129.57  172.17
 130.50  165.92
 131.71   79.45
 134.70  143.08
 137.11  125.44
 141.24  149.72
 141.53  130.13
 143.14  116.33
 145.30  162.96
 146.73  151.83
 150.24  127.75
 152.94  135.89
 153.19  135.65
 154.04  135.20
 154.29  152.04
 156.28  125.72
 157.32  162.55
 163.91  167.45
 169.40  157.87
 174.94  132.29
 174.95  201.03
 176.53  154.91
 177.02  150.87
 177.70  162.84
 177.98  169.00
 178.32  136.46
 178.71  132.09
 179.20  194.11
 180.18  163.51
 180.29  203.20
 180.33  135.04
 182.92  136.18
 183.05  190.27
 184.10  163.45
 185.57  197.58
 187.60  187.07
 188.50  209.29
 190.60  191.69
 191.41  185.73
 192.07  205.53
 199.52  155.65
 201.35  137.64
 202.68  158.03
 209.40  185.58
 209.95  164.82
 212.81  176.94
 217.18  148.85
 217.46  114.42
 219.70  130.92
 220.63  141.15
 220.74  124.36
 222.83  135.66
 224.11  149.12
 224.92  128.21
 226.27  135.20
 228.93  173.67
 230.08  168.41
 234.80  124.51
 239.07  113.39
 240.48  123.33
 242.03  123.19
 245.70  177.07
 252.25  187.09
 255.86  184.95
 257.43  205.90
 262.97  154.49
 263.39  190.72
 274.03  205.82
 275.87  191.78
 279.56  198.47
 284.43  160.91
 284.99  122.32
 286.49  160.08
 287.46  144.60
 289.06  118.99
 289.14  134.98
 289.66  156.05
 290.98  164.96
 291.47  158.81
 292.54  150.58
 292.90  149.66
 292.91  190.00
 294.74  194.86
 296.17  190.01
 296.27  201.44
 298.93  210.84
 299.38  198.02
 300.41  204.91
 302.83  140.65
 303.21   83.43
 304.24  147.03
 305.99  115.89
 307.05  122.51
 307.39  129.87
