   8.32   79.05
   9.67  197.83
  11.10  169.31
  11.16  194.33
  11.30  179.33
  11.54   35.12
  12.22   48.81
  12.66   87.70
  13.42   45.63
  14.95   91.58
  16.93   95.69
  17.13   83.99
  17.32  193.43
  21.20   97.08
  21.77  101.01
  22.64  160.25
  25.37  162.36
  27.03  151.45
  28.71  102.59
  28.81   99.46
  33.23   35.93
  33.43   54.04
  33.45   63.92
  33.50   57.33
  34.82  156.79
  35.74  103.28
  37.09  105.90
  37.97   63.82
  39.07  103.77
  40.29  137.78
  40.86  133.10
  41.08   24.28
  41.51   64.00
  41.62  117.75
  42.00   88.59
  42.42  106.63
  42.49  151.18
  44.18   48.89
  44.42  104.37
  44.46  119.98
  44.49  101.55
  44.60  120.35
  44.87  146.60
  45.13   90.18
  46.56   38.27
  46.88  125.31
  47.64  118.14
  47.98  107.47
  47.99   89.23
  48.14   93.59
  48.38  101.80
  48.87  135.97
  49.22   83.80
  49.67   65.17
  50.92  112.75
  51.26  108.60
  51.64  149.39
  51.86   61.78
  51.99   57.56
  52.35  149.66
  52.38   47.50
  52.75   40.84
  52.78   72.67
  55.68  123.79
  56.42  133.19
  57.05  137.38
  59.58   43.45
  59.83   43.87
  60.63   38.98
  61.00   60.88
  63.98  135.63
  68.57   92.58
  80.54   59.86
  81.82  136.60
  86.03  166.70
  87.28  161.89
  87.63  174.05
  88.35  165.10
  88.77  159.12
  89.24  171.75
  91.10  204.16
  91.21  189.87
  92.21  165.44
  92.26  188.20
  92.55  132.84
  93.24  173.93
  94.02  176.67
  94.35  171.18
  95.76   66.20
  96.61  161.69
  97.38  203.74
  98.40  122.82
 100.57  203.07
 103.45  135.42
 112.97  138.38
 114.87   69.13
 115.18  162.44
 117.00  166.40
 117.18  174.33
 118.53  139.57
 119.72  123.84
 121.01  136.25
 121.34  132.82
 121.61  139.28
 123.13  209.58
 123.39  174.80
 127.20  163.85
 127.77  170.04
 133.42  137.27
 134.17   80.94
 137.53  180.55
 137.62  180.39
 138.88  157.77
 140.39  145.77
 142.84  162.47
 144.90  158.65
 145.32  149.26
 145.87  179.73
 146.73  139.28
 146.74  167.34
 147.47  133.55
 147.57   50.39
 148.26  168.63
 148.95  174.64
 149.85   49.70
 149.91  164.80
 150.59  133.46
 150.80  135.87
 150.93  169.09
 154.19  157.89
 154.99  191.18
 156.26  139.27
 156.59  178.65
 156.75  128.19
 157.54  166.29
 158.05   58.37
 158.07   51.70
 158.15  172.65
 158.16  154.09
 158.18  161.69
 158.61  109.17
 158.64  103.47
 161.33  167.31
 162.24  165.04
 164.07   52.05
 164.24  185.79
 164.30  133.10
 165.15  153.84
 165.47  169.15
 168.03  167.01
 173.33  186.53
 173.57  138.85
 173.78  169.15
 174.49  141.95
 174.53  141.79
 174.85   26.55
 176.31  167.08
 177.04   14.49
 178.45  135.03
 178.62  139.30
 180.58  126.73
 182.46  114.82
 182.91   99.58
 183.35  123.94
 183.55   72.94
 183.60  152.47
 183.92   96.99
 184.39   27.30
 184.43  145.40
 185.52  108.49
 186.26  104.88
 186.74  101.26
 186.74  162.78
 187.43  114.23
 187.64  125.51
 187.75   73.91
 189.26   78.19
 189.43  113.86
 189.64  144.90
 190.83  155.58
 191.11  162.31
 191.44  150.26
 192.12  133.37
 192.52  159.38
 192.56  104.30
 193.29   13.59
 193.39   98.81
 194.32  194.68
 194.63   73.94
 195.33   92.29
 195.36   57.31
 196.37  166.50
 196.51  164.05
 196.85  197.56
 198.00  145.69
 198.10  112.31
 198.96  109.08
 199.67  100.23
 200.96  130.36
 201.28  125.35
 201.46  165.39
 202.97   57.99
 203.04  160.30
 203.21  106.37
 204.13  157.67
 204.63   47.37
 204.83  113.89
 204.90  189.00
 205.27   77.53
 205.48  128.70
 206.16  134.88
 206.93  153.67
 206.95  134.75
 207.07   66.75
 207.25  186.29
 208.33  103.65
 209.23  175.88
 209.38  166.13
 209.56  141.62
 209.61   60.41
 209.66  171.76
 210.46  135.37
 210.50   44.98
 211.11   72.75
 211.19  120.90
 211.39  121.03
 211.55  126.13
 211.91  168.96
 212.11   69.49
 212.23  114.21
 212.34  158.68
 212.49  173.05
 213.11   98.39
 213.40   89.94
 213.45  150.65
 213.78  175.71
 214.14  187.29
 215.25   78.92
 216.01  158.09
 216.02  128.25
 216.40   74.23
 216.97   81.33
 217.27  106.01
 217.35   83.51
 217.59  154.02
 217.86   90.34
 218.00  161.65
 218.98  169.39
 219.48  135.03
 219.84  182.42
 220.05   79.27
 220.37  160.41
 220.45  187.76
 221.79  151.24
 222.12  133.08
 223.58   81.42
 223.58  171.32
 223.58   82.64
 224.33  135.86
 224.45  123.05
 224.53  102.59
 224.98  185.13
 225.53  164.49
 225.70  160.52
 225.71  128.40
 225.78  106.60
 226.61  170.76
 227.01  119.20
 227.11  113.68
 227.61   79.45
 227.94   16.87
 228.37   16.87
 228.51  160.83
 229.28  157.33
 229.67   93.77
 229.86  187.17
 230.05  169.75
 230.17  179.24
 230.86  131.61
 230.88  145.27
 230.89  173.17
 231.18  139.20
 231.79  161.96
 231.88  124.91
 232.14  182.87
 232.37  163.58
 233.14  135.66
 233.16  118.63
 233.44  199.70
 233.68  188.17
 234.48  128.06
 235.11  185.22
 235.36  100.88
 235.53  119.64
 235.59  140.97
 236.20  182.66
 236.29  195.41
 236.31  200.68
 236.75  126.87
 237.22  190.41
 237.94  187.54
 238.32  105.14
 239.41  159.19
 239.73  163.68
 239.74  195.05
 240.14  198.83
 240.20  184.10
 240.27  111.36
 240.85  136.28
 242.10  171.92
 242.33  105.14
 242.48  156.56
 242.59  162.25
 243.71  114.47
 243.79  123.76
 243.97  144.75
 244.59  210.03
 244.72  108.63
 244.88  185.41
 244.92  159.02
 245.23  197.03
 246.55  125.85
 246.85  162.43
 246.91  173.72
 247.40  194.81
 247.65  203.27
 247.66  182.25
 248.20  211.50
 249.92  166.29
 250.26  121.93
 250.49  156.51
 250.92  126.08
 250.98  204.11
 251.14  115.36
 251.30  142.08
 252.49  201.21
 253.04  151.74
 253.12  159.98
 253.16  159.65
 254.11  144.18
 254.56  210.58
 254.73  199.83
 255.24  135.58
 255.49  131.55
 257.22  183.18
 257.50  156.67
 259.53   18.41
 260.20  113.86
 260.29  156.18
 260.49  111.71
 260.84  174.00
 260.85  203.14
 260.91  159.01
 261.19  198.91
 261.94   24.93
 262.04  177.33
 264.11  137.51
 264.19  156.61
 264.55  160.65
 264.64  174.83
 264.95  202.99
 265.31  117.47
 265.85  112.42
 267.17  181.16
 267.44  140.06
 267.57  155.43
 267.91   19.28
 268.23  204.02
 268.89  130.60
 269.18  168.67
 269.29  162.26
 269.43  145.11
 271.77  120.55
 271.85  159.20
 273.56  124.30
 273.60  129.91
 274.62  180.77
 275.06  206.24
 275.63  114.98
 276.78  145.72
 277.63  172.12
 277.65  151.89
 278.07  137.45
 278.27  126.38
 278.46  169.89
 278.47  173.68
 278.78  146.36
 279.00  202.85
 279.16  183.25
 279.29  112.73
 279.40  166.49
 280.50  141.23
 280.52  209.84
 281.03  150.03
 281.39  125.09
 281.47  134.65
 281.55  206.40
 281.98  155.99
 282.96  145.98
 284.36  190.03
 285.30  186.50
 286.53   14.69
 287.80  179.67
 288.07  127.19
 288.26  152.03
 289.71  111.69
 292.83  144.63
 292.99  143.75
 293.29   22.43
 293.65  149.66
 295.90  141.46
 296.30  108.74
 296.66  108.67
 298.40   29.87
 298.47  112.55
 298.67   26.69
 299.56  189.68
 300.18  117.53
 300.26  126.23
 300.71  153.41
 301.07   35.96
 301.81  112.66
 302.19   16.66
 303.73  180.84
 304.37   24.28
 305.26  145.34
 305.91  205.81
 306.00  194.73
 306.06  200.34
 306.48  166.40
 306.55  172.09
 306.74  117.69
 306.95  138.50
 307.27  158.37
 307.49  141.82
 307.63  154.58
 308.09  169.57
 308.30  186.28
 308.36  124.80
 309.08  145.22
 311.01  163.95
 311.18  121.30
 314.94  154.00
 316.65  163.23
 316.73  157.04
 319.32  147.95
 321.59  171.14
 323.25  151.39
 325.72  131.03
 327.01  126.09
 327.90  119.71
 330.39   19.06
 331.41   29.89
 334.68  170.03
