   7.54  134.65
   8.11   44.31
   8.65   54.09
   9.10   86.79
  10.90   45.77
  10.97   43.11
  11.86  145.57
  11.86  133.68
  12.21   48.83
  12.45   53.95
  13.12   89.30
  14.06  149.47
  14.83  146.77
  15.30  130.16
  15.91   53.80
  16.19   75.73
  17.17   89.19
  19.57  148.08
  20.20   53.78
  20.25   40.43
  20.76   86.67
  20.83   36.27
  21.34   74.13
  22.87   53.42
  25.82  131.00
  26.36   86.71
  26.36  134.16
  26.64  140.42
  27.27  144.11
  28.39   53.25
  31.94   53.15
  33.12  145.99
  35.29   82.60
  35.51   74.32
  37.26   53.20
  37.29   79.77
  37.57   85.61
  40.33  142.00
  40.79  127.33
  40.90   80.87
  41.23  133.01
  41.24  132.92
  42.08   74.39
  42.09   86.94
  50.41  166.17
  52.14   52.81
  53.24   35.68
  58.89  123.86
  58.98   54.61
  60.11  119.09
  63.33   88.42
  63.93   43.53
  64.73   52.76
  65.87   40.46
  66.10   85.95
  68.06  136.88
  71.06   36.18
  73.39  113.05
  75.49   65.35
  77.52   86.06
  79.36   39.66
  79.92   53.56
  82.00   88.52
  83.31   85.90
  83.71   70.94
  85.32   46.83
  87.67   88.25
  89.45   80.94
  89.47   85.90
  91.05  120.27
  91.27   65.90
  91.78   52.68
  91.86   88.15
  91.99   83.58
  92.22   74.58
  93.71   70.34
  94.08   60.13
  94.42   81.14
  94.47   85.71
  95.00   55.01
  95.73  135.30
  96.80   82.86
  97.42   53.20
  97.65   21.03
  98.60   42.75
  98.65  135.71
  98.86   66.35
  98.87   51.62
  98.97  146.08
  99.09   73.24
 100.55  150.01
 100.81   84.26
 101.59   44.02
 102.02   42.62
 102.58  138.78
 103.16  142.96
 104.49   53.04
 104.98   78.27
 105.24   44.26
 105.34   74.28
 105.49  156.07
 107.87  130.55
 107.97   86.69
 108.00   81.21
 108.03  138.47
 109.04   42.93
 109.81   35.31
 112.04   37.56
 112.48   88.65
 112.76  138.28
 113.25   74.77
 113.31   74.64
 113.76   40.10
 115.39  146.21
 115.46   28.87
 116.58   86.32
 116.58  136.72
 117.31   45.82
 118.89   32.90
 118.97  149.03
 119.20  144.29
 119.46   37.06
 120.42   88.77
 120.70   84.13
 122.79   36.91
 122.91   81.68
 123.06   34.14
 123.07   86.65
 123.31   40.74
 123.88   57.09
 123.99   80.40
 125.98   70.33
 126.13   86.66
 128.02   61.88
 128.98   84.26
 129.79   51.27
 130.70   33.38
 132.82   52.48
 136.25  143.63
 137.29   61.10
 137.92  188.19
 138.67   73.32
 138.96  191.35
 139.08   98.55
 139.84   86.75
 140.05  109.52
 140.36   60.51
 140.85   51.96
 141.05   65.98
 141.09  149.23
 143.48   92.97
 144.73  110.16
 146.38   76.71
 147.04  182.90
 147.09  103.84
 147.21  163.16
 147.22  182.98
 148.64  110.00
 148.99  175.39
 149.43  116.69
 149.47   88.19
 149.74  187.79
 149.84  203.55
 150.15  157.46
 151.48  181.58
 153.23   98.97
 153.57  108.90
 153.76  204.01
 154.30  126.69
 155.53  206.48
 155.61  178.14
 157.20   99.79
 157.33  167.45
 158.83  172.25
 161.82  211.25
 163.49  169.90
 164.22  178.89
 165.61  126.27
 173.40  173.74
 176.57   40.64
 180.42  180.25
 181.65  177.09
 183.94  201.85
 186.09  139.62
 187.53  208.88
 189.40  198.14
 189.92  180.98
 193.74  149.90
 194.17  149.31
 194.63  125.03
 199.57  124.91
 201.71  198.36
 203.48  211.88
 209.22  193.24
 209.67  188.34
 210.77  171.22
 212.18  177.49
 214.32  186.70
 217.83  178.02
 218.24  172.77
 221.15   32.53
 222.19  124.10
 222.78  189.69
 226.05  184.58
 226.83  167.57
 228.84  200.82
 229.88  163.17
 232.78  202.18
 233.17  121.94
 235.85  126.75
 236.40   94.23
 236.42  203.51
 236.88  190.72
 238.95  171.92
 240.23  196.85
 240.81  207.26
 245.17  202.09
 258.04  212.16
 258.73  147.77
 264.18  210.91
 267.01  196.88
 269.10  212.19
 270.03   27.54
 273.40  213.13
 273.62   64.11
 275.40  198.82
 275.92   61.84
 276.67   63.83
 276.74  101.35
 277.75   83.56
 278.49  102.21
 279.29   89.12
 281.45   84.31
 282.27   56.76
 283.96   99.15
 285.06   46.71
 286.01   98.50
 286.95   36.14
 287.58   88.93
