  11.98   67.35
  12.56  136.51
  18.60  132.02
  20.74  133.85
  21.27  128.49
  21.49  139.54
  25.25   73.31
  30.91  126.75
  31.53  111.83
  33.54  118.87
  35.72  123.34
  38.66  139.76
  41.10  126.86
  41.49  132.46
  47.09  136.44
  50.20  133.50
  51.03  136.27
  53.02  139.46
  54.73   97.56
  55.33  100.77
  62.85   92.36
  63.23  104.17
  64.12  129.25
  71.49  110.52
  71.54   66.29
  72.24  119.89
  74.53   97.63
  76.43   83.73
  76.49   74.04
  77.07  134.68
  79.63   98.42
  88.14   72.56
 102.51   70.19
 103.15   89.97
 103.17   85.32
 103.25   94.47
 106.03   68.52
 106.25   95.93
 108.54  149.05
 116.88  150.59
 119.16   62.40
 120.23   98.43
 142.92  149.83
 143.17   94.64
 146.26   47.16
 146.35  130.91
 146.79   86.83
 147.51   94.47
 151.38   94.30
 159.96   93.80
 161.98   57.70
 162.58   93.83
 166.09   57.70
 166.73   93.35
 168.75   54.84
 169.32   95.51
 195.90  132.53
 199.94   68.53
 200.25   45.31
 201.38   47.55
 202.19   75.48
 203.59   71.96
 222.82  138.90
 223.37   70.82
 228.65   96.70
 246.81   64.96
 260.47   38.17
 263.44   32.35
 289.70   35.24
