  62.46  156.41
  63.68  102.94
  67.36   42.27
  69.09   97.89
 120.06  173.45
 120.88  140.90
 122.57  180.49
 125.24  175.04
 128.15  126.96
 129.91  122.90
 130.43  155.08
 130.50  138.23
 130.88  129.74
 131.47  176.37
 132.42   50.40
 133.09   99.57
 133.52  142.77
 133.71  126.94
 135.56  123.42
 136.38   43.02
 136.52   47.14
 137.08  104.01
 137.38   46.07
 139.52  174.19
 140.15  138.32
 147.80  162.28
 164.30  147.13
 165.87  148.65
 166.11  179.59
 207.67  148.62
 217.98  168.19
 219.32  171.81
 224.25  157.56
 224.67  170.30
 233.56  152.56
 271.86  146.92
 275.16  157.45
 276.51  163.03
 277.35  166.20
 279.59  154.23
 279.71  169.75
 282.37  163.72
 284.17  162.10
 293.73  135.24
 296.95  139.86
 297.40  139.53
 300.17  136.27
 301.05  140.52
