   8.75   66.47
   9.53   79.37
  10.52  169.84
  11.46  184.21
  11.52   49.32
  12.73  173.59
  13.45   67.95
  15.03  184.48
  16.79   59.99
  18.03  199.44
  20.24  198.09
  20.40  171.55
  20.75  190.36
  20.98  202.48
  21.36   57.35
  21.58  194.82
  21.71  162.07
  21.92  174.32
  22.35  200.38
  22.86   79.36
  23.62  185.74
  25.82  190.85
  26.02  188.14
  26.80   85.63
  27.32  124.91
  27.70  129.94
  27.94  163.66
  28.47  137.25
  28.78   76.66
  29.11  122.06
  30.63  187.19
  31.45  189.91
  31.45  162.99
  32.48   94.69
  33.28   42.65
  33.68   92.54
  34.96  162.79
  35.20   99.59
  35.36  202.88
  35.43  157.52
  36.00  176.90
  36.92  189.96
  38.24  162.83
  39.38  206.57
  39.81  187.96
  40.49  176.72
  40.96  168.36
  42.97  179.52
  45.06  176.97
  45.54   39.19
  46.27   88.76
  46.44  182.17
  46.51   91.97
  46.74  168.51
  48.36   94.02
  50.42  128.76
  51.63   46.13
  52.69   86.04
  52.76  169.98
  53.24   51.81
  56.04   50.05
  59.23  153.78
  60.16   55.67
  60.43   50.40
  62.90   70.80
  63.15  164.36
  64.00  173.50
  65.38  122.02
  65.72  127.56
  67.85  170.68
  68.50  145.80
  68.73  122.01
  72.31   54.13
  78.46  174.96
  79.26  211.44
  79.55  146.10
  83.21  181.53
  83.33  173.48
  84.52  192.23
  85.54  185.91
  89.87   96.82
  90.69   56.72
  91.51  181.96
  94.01   81.04
  95.43  184.23
 100.25   86.92
 103.07   73.90
 103.15   92.89
 103.30  179.84
 104.49   85.06
 105.72  191.26
 105.80   65.32
 105.90   91.14
 107.81   87.99
 108.13   81.22
 108.61   64.06
 111.04   61.80
 111.48  189.87
 114.08  181.56
 114.31  180.18
 114.80  173.44
 116.28  191.07
 125.40  185.99
 125.45   77.99
 133.72  187.77
 134.78   46.73
 136.44  189.66
 139.85  187.56
 139.98   64.99
 140.24   61.64
 141.06   66.39
 144.02   40.92
 145.10   79.07
 145.36  187.79
 146.36  198.58
 146.70   51.38
 146.79  193.60
 149.30   74.40
 151.00   81.25
 151.40   65.88
 152.69  127.34
 152.83  144.70
 153.02  199.55
 153.25  204.23
 154.73   75.10
 156.71  144.88
 157.30  133.24
 158.38  200.07
 158.69   37.47
 159.04  148.11
 160.27   39.58
 160.73  200.03
 162.61  152.01
 167.84   35.55
 169.33  176.84
 169.56  179.79
 171.69   36.75
 172.29  187.49
 191.23  102.09
 193.43   97.65
 193.68   97.64
 194.01   88.82
 197.98   91.69
 201.50   89.42
 202.21  186.31
 208.21   88.56
 208.71  100.29
 208.76  213.09
 210.72   85.76
 210.81  103.65
 212.66  180.40
 213.14  186.55
 213.26  189.54
 216.63  190.23
 222.01   81.54
 223.25   90.50
 224.80  104.74
 225.43  205.98
 225.64  201.46
 226.30   87.80
 226.47   84.60
 226.88  101.47
 226.97   85.89
 227.23   94.33
 229.42  205.88
 230.24  178.07
 232.35   96.58
 233.51  176.71
 235.24   80.79
 236.21   83.90
 236.24   93.02
 236.49   99.99
 236.73  178.55
 237.39  183.53
 239.41   81.31
 240.22  186.44
 241.06  167.85
 241.83  105.48
 242.72   78.90
 244.09  168.53
 251.99  164.80
 252.32   83.37
 254.15   99.24
 257.22   87.18
 258.00   94.55
 259.90   82.35
 262.12   90.77
 265.22   94.78
 269.96   90.82
 273.26   94.43
 276.27   83.04
 276.46   98.29
 278.05  163.73
 281.59  184.99
 282.61  167.71
 283.82  182.03
 285.99  184.45
