  10.38  195.70
  11.28  138.60
  12.22  130.08
  14.65  195.28
  14.96  195.89
  15.47  149.60
  24.76  150.62
  26.99  100.05
  29.67  101.73
  31.46  151.48
  32.73  146.72
  35.43  114.94
  38.17  182.70
  38.95  182.70
  39.51  161.18
  41.46  126.54
  41.95  189.62
  45.95  121.62
  46.03  185.08
  47.14  188.77
  52.52  190.07
  52.62  191.39
  53.97  132.15
  53.98  182.14
  55.74  186.23
  65.14  176.50
  68.16  183.22
  78.47  185.35
  79.41  166.30
  81.06  176.00
  83.65  179.45
  83.69  207.55
  83.97  190.27
  84.25  185.99
  84.34  201.41
  86.01  193.46
  86.65  197.73
  87.44  170.38
  90.23  180.61
  91.00  177.49
  92.04  183.31
  92.30  180.84
  92.31  195.92
  93.89  213.54
  94.88  189.70
  96.39  197.62
  98.23  200.84
  98.36  177.29
  98.36  183.88
  99.35  197.12
 104.88  158.09
 125.54  157.75
 132.14  160.12
 135.12  163.63
 136.44  160.91
 138.19  113.86
 138.26  119.86
 138.71  113.23
 141.06   78.51
 143.17   76.42
 143.24  191.18
 145.46  143.96
 148.98  170.18
 149.20  142.15
 149.29  174.28
 149.50   45.68
 149.72  196.58
 150.05   69.52
 150.79  138.42
 152.12   44.52
 153.29   47.26
 155.38   32.87
 155.63   36.02
 155.67  121.31
 157.37   39.20
 157.83   58.03
 158.13   48.57
 159.37   63.06
 159.66  123.08
 160.05   27.47
 161.05   50.72
 161.38   46.35
 161.58   43.72
 163.76   35.30
 163.98   49.17
 164.58   30.75
 164.99  140.65
 165.29   37.79
 166.68   63.27
 167.49  119.59
 168.39   38.47
 170.88   45.36
 170.96  123.05
 174.07   33.95
 176.59   60.42
 178.37  131.04
 180.45   84.34
 181.48   58.56
 189.03  122.76
 189.16  116.99
 189.61   73.48
 190.09  197.11
 191.91   74.87
 207.68  136.29
 211.10   72.21
 211.36  134.63
 214.68  138.54
 217.16  141.71
 220.95   61.49
 224.63  161.63
 225.98  156.40
 226.41   57.70
 226.70   11.53
 226.86   23.84
 227.55  172.95
 228.45  184.37
 230.77  152.99
 234.05   10.16
 241.58   10.55
 249.24   50.27
 250.81   18.69
 256.00   44.17
 258.36   10.36
 258.59   32.39
 258.88   44.76
 271.92   69.80
 273.51   72.55
 274.64   66.75
 290.94   72.90
 292.20   73.51
 304.00   30.94
 304.13   41.82
 306.16   45.06
