   8.55   95.43
   9.80   42.32
  10.97   47.47
  11.94   44.54
  13.57  114.90
  13.69   95.54
  15.38  210.45
  17.25  192.49
  17.56   90.96
  18.23   89.61
  19.49   94.70
  20.92  193.64
  21.96  195.17
  24.02  118.60
  27.16   51.20
  27.82   99.77
  27.90  120.34
  28.19  131.63
  29.45   96.91
  30.22  139.12
  31.09  188.81
  31.79  135.43
  31.92  130.08
  32.86   43.46
  33.62  122.23
  34.05  191.33
  34.73   49.46
  34.78   51.83
  35.02   55.65
  35.16   88.51
  35.55  143.61
  35.66  106.75
  36.58  184.98
  37.40   29.74
  37.44   58.65
  37.67  111.58
  37.74  188.33
  38.15   30.37
  38.29  133.10
  39.07  165.97
  39.29   84.25
  39.61  109.13
  39.73  175.87
  40.07  172.05
  40.43  190.46
  41.64  137.61
  42.64  102.68
  42.78  158.46
  43.73   81.07
  44.70  105.24
  45.02  151.01
  45.57  148.75
  45.75  141.02
  47.02   67.00
  47.07  180.62
  47.78   83.98
  48.05  145.59
  48.13  182.24
  48.90  108.16
  49.01   82.80
  49.22  106.07
  50.56  140.91
  53.24  105.16
  53.81  108.54
  53.82  167.96
  54.46   90.92
  55.75   43.24
  58.62   43.86
  59.52   32.73
  60.40   54.73
  60.81   48.47
  62.03   44.46
  62.78   83.74
  64.53   42.16
  64.86  130.13
  67.26  193.45
  67.65  105.24
  67.78   86.89
  70.01   82.62
  71.45  190.00
  72.73  173.68
  73.03  197.38
  73.20   83.06
  73.81  103.63
  76.40  105.00
  77.35  108.97
  77.79  197.81
  78.02  179.15
  79.09  201.05
  79.91  131.42
  79.95  106.58
  80.72  186.28
  80.77  186.82
  82.44   90.93
  83.49  170.99
  83.74  196.13
  84.25  107.42
  87.58   35.03
  88.80  106.56
  88.95   61.92
  88.98  135.24
  89.47  130.90
  91.47  137.38
  92.94  132.39
  94.33  131.01
  96.12  174.05
  97.69  128.50
  98.21  193.73
  98.62  203.06
  99.90  178.41
 100.80  119.05
 101.71  182.27
 101.90  176.17
 102.32  126.55
 102.92  188.10
 104.21  203.72
 104.37  179.03
 105.49  104.02
 105.70  155.26
 108.33  178.92
 109.31  183.13
 119.07  123.29
 119.17  130.80
 121.71  126.31
 122.25  164.41
 122.45  164.51
 126.80  118.51
 127.70  116.67
 127.72  116.82
 132.22  142.48
 133.60  120.58
 133.96  137.35
 135.10  146.66
 135.77  141.33
 135.84  139.46
 137.36  117.85
 139.29  123.19
 139.96  138.51
 142.68  149.58
 143.43  158.27
 144.63  118.22
 145.02  145.24
 145.28  159.05
 146.27  160.88
 148.16  143.39
 148.20  164.44
 152.82  150.24
 152.92  143.78
 153.95  156.18
 154.03  159.13
 160.05  157.44
 161.34  164.73
 162.90  137.35
 165.82  142.98
 167.03  163.92
 167.62  147.52
 168.00  115.68
 168.94  154.37
 169.68  139.65
 171.15  117.41
 171.41  150.39
 175.14  140.47
 175.86  127.84
 175.96  131.81
 176.65  151.55
 176.68  146.74
 178.32  149.00
 179.56  163.01
 187.12  203.13
 188.17   92.34
 188.38  205.83
 189.08  102.68
 191.21  104.23
 191.75  139.40
 193.99  201.12
 194.62  137.08
 194.78  162.29
 195.32   90.86
 195.74  164.85
 195.91  139.93
 196.09  149.74
 197.28  165.35
 197.86  159.05
 199.68  209.60
 199.87   90.90
 200.51  100.14
 201.46  105.39
 202.46  207.62
 202.87   95.29
 203.58  162.16
 204.84   97.89
 206.54  104.79
 210.97  157.28
 210.98   98.67
 211.23  160.92
 211.25  160.85
 211.75  137.25
 212.38  154.48
 212.38  154.59
 214.03   92.68
 214.31  103.20
 214.72  158.09
 222.41  154.86
 224.17  159.04
 224.83  211.63
 225.52  129.99
 226.66  164.43
 227.64  132.10
 230.52  120.29
 232.82  158.61
 234.40   92.22
 238.29  108.18
 241.59  168.99
 241.65  159.05
 242.86   98.26
 242.98  170.47
 243.19  163.80
 243.68   98.91
 244.68  172.99
 246.63  161.20
 247.01   94.27
 248.28  100.29
 248.56  188.33
 249.15  163.41
 249.81   96.22
 250.00   31.67
 251.20  183.49
 252.49   93.71
 253.29   34.62
 253.37  181.05
 256.43   37.99
 256.66  164.10
 257.37  185.27
 258.33  192.58
 260.69  179.07
 262.37   58.54
 263.72   52.88
 263.89   80.93
 264.17   43.77
 264.62   99.20
 264.98  183.64
 265.17   79.75
 265.40  176.14
 266.29   52.46
 266.72   96.48
 268.01  148.95
 268.13  105.06
 268.38   99.39
 268.54   61.40
 268.96   59.43
 269.37  183.08
 270.63   99.82
 271.28  154.28
 271.97  165.49
 272.44  161.09
 273.04   82.12
 274.67  180.27
 275.55  185.99
 275.76  178.38
 275.92   40.11
 276.15  112.55
 276.71  169.58
 278.88   53.92
 279.72   60.91
 280.25  184.81
 280.41   82.19
 282.08  171.75
 284.10   57.75
 286.58  185.45
 287.26   81.02
 289.46  181.39
 290.04  189.36
 292.24  178.98
 292.87  178.77
 293.82  183.89
 295.59  180.70
