  16.09   55.41
  16.67  132.92
  18.77   57.93
  19.26   90.63
  19.46   75.23
  19.47   78.90
  19.56   70.09
  19.81   84.11
  20.07   96.03
  22.39  179.69
  24.19   57.32
  28.73   54.44
  28.83  182.58
  32.25  183.99
  33.25  185.07
  34.59  118.03
  36.57  122.04
  36.93   87.43
  42.66   89.31
  45.27   56.44
  47.20   98.53
  48.04  180.91
  56.40   82.08
  62.71   81.77
  64.08  150.08
  64.93  197.96
  66.01  188.48
  66.55  184.91
  66.95   61.76
  67.43  158.35
  67.57  176.04
  67.65  147.16
  69.90  189.33
  71.64  161.60
  72.62  184.08
  72.71  204.82
  74.55  194.17
  74.64   54.03
  75.22  200.02
  75.37  158.92
  76.25  121.37
  76.66  190.22
  77.94  177.46
  80.46  180.62
  80.88  156.48
  80.90  187.06
  82.81  119.44
  84.86  205.71
  91.45  129.15
  93.55  126.02
  94.51  209.47
  94.84  156.60
 100.05  152.87
 105.19  155.25
 106.52  206.75
 110.62  178.74
 111.57  161.02
 115.45  160.71
 122.96  158.60
 123.57  197.50
 124.69  188.83
 126.59  183.92
 127.55  173.03
 129.88  164.14
 131.88  166.65
 133.10  191.85
 136.89  148.77
 138.36  174.54
 139.66  179.50
 139.70  169.73
 139.80  150.06
 140.08  196.85
 141.31  141.38
 141.55  146.48
 147.03  182.83
 147.06  137.26
 147.67  143.20
 148.13  144.96
 157.66  128.23
 157.70  128.38
 158.37  182.43
 166.42  130.34
 170.29  193.79
 170.93  124.84
 172.80  125.91
 173.65  133.11
 177.64  126.74
 177.91  197.20
 178.99  126.06
 181.91  195.63
 183.70  198.31
 184.32  125.82
 184.68  131.19
 186.64  132.55
 187.03  197.79
 189.15  142.74
 191.38  202.80
 192.51  145.64
 193.12  175.56
 194.71  134.21
 194.84  147.12
 195.69  169.91
 195.98  175.80
 196.57  136.84
 197.56  172.84
 200.78  169.57
 201.18  142.29
 203.05  211.46
 203.84  146.09
 207.20  147.26
 208.18  168.00
 209.48  203.19
 212.83  170.91
 223.12  164.80
 228.34  158.76
 234.68  148.67
 242.03  148.96
 244.25  164.24
 246.42  188.14
 250.81  189.38
 251.15  188.99
 258.10  151.44
 271.57  142.73
 276.43  138.22
 284.05   74.16
 284.45  143.67
 285.55  110.62
 292.70  124.52
 299.13  109.96
 300.36   59.63
 300.80  143.85
 301.62   87.89
 302.07   86.55
 303.34   96.84
 306.42   77.98
 306.93   46.49
 309.09   86.27
 311.07  102.37
 316.38  101.04
 324.82   59.79
 327.19  146.62
 327.31   90.68
