   8.31  153.93
  16.54  157.77
  18.19  152.34
  19.86  176.88
  23.60  178.21
  25.48  151.05
  25.92  188.38
  29.32  159.04
  29.48  185.63
  30.12  161.91
  30.38  180.18
  30.61  164.34
  30.92  202.17
  32.74  160.34
  33.34  149.84
  35.81  159.93
  37.12  193.07
  38.09  163.63
  38.60  200.93
  39.98  168.33
  41.93  170.29
  42.81   20.43
  43.05   79.03
  43.09   20.43
  44.16  208.72
  44.26  178.07
  44.32  193.06
  44.53   20.22
  45.52  167.99
  46.16   10.57
  46.32  190.99
  46.52  184.62
  46.63  158.54
  46.63   18.54
  49.15  199.05
  49.99  109.50
  50.01   25.68
  50.40  112.64
  50.42  132.35
  50.79  129.21
  50.81  209.42
  52.18  201.27
  52.47  187.85
  53.07  184.71
  53.51  167.15
  54.40  157.49
  54.59  166.11
  55.56  179.01
  55.90  175.13
  62.78  172.01
  62.83  209.73
  64.39  191.49
  64.43  167.78
  65.94  189.22
  66.83  180.21
  68.35  171.97
  73.84  163.43
  75.71  171.71
  80.52  164.84
  81.60  172.31
  83.58  160.19
  85.12  175.14
  86.64  212.62
  86.73   34.14
  87.03  155.12
  87.20   38.73
  87.47  155.61
  89.01   33.61
  89.53  142.20
  92.23  146.78
  92.30  148.13
  92.87  143.72
  94.36  141.06
  95.71   44.93
  95.78   37.72
  96.44  146.01
  96.68   52.40
  97.25   50.63
  97.34   42.36
  98.08  149.03
  98.28   47.55
  99.02  155.82
  99.17  150.07
  99.21   65.48
  99.35  140.72
 101.00   44.13
 101.12  152.16
 101.36   37.05
 101.46   27.36
 101.58   41.13
 102.49  159.16
 103.42   34.62
 103.71   91.80
 103.74   63.12
 103.91   55.32
 105.03  142.51
 105.61   37.68
 105.73  153.96
 106.08  159.03
 106.56  166.19
 106.98   42.24
 107.81   34.87
 108.29   83.43
 109.37   38.52
 109.78   31.27
 110.17  102.22
 110.62   79.96
 110.98  174.43
 111.33   55.94
 111.37   45.48
 111.47   89.04
 112.67   37.04
 113.46  171.04
 113.63   39.80
 116.54  169.50
 117.24   96.48
 117.38   30.14
 117.71   23.06
 121.42  161.71
 122.28   40.99
 123.09   94.21
 123.70  134.30
 123.99   53.69
 124.19  129.87
 125.53   96.91
 125.86   79.59
 126.03   58.75
 126.03   55.71
 126.45   85.97
 126.48  101.10
 128.43   60.84
 128.76   98.68
 128.97  125.26
 131.19   43.44
 131.39  117.48
 133.88   45.88
 134.42   42.76
 140.35   31.77
 191.81  136.25
 192.48  140.37
 196.93  144.76
 207.99  136.10
 209.48  140.01
 210.81  137.93
 218.92  136.81
 223.90  145.44
 224.23   62.26
 226.02  113.87
 227.61   65.16
 228.32   86.33
 229.12   92.51
 229.41  110.34
 230.74   68.60
 230.74   88.96
 234.31  139.18
 239.13  137.39
 252.74  129.51
 254.28  118.56
 255.62  141.40
 259.00   68.84
 262.07  107.87
 262.20   65.54
 262.57  108.34
 262.91   82.33
 265.57  125.83
 265.67  112.87
 265.89   62.32
 269.39  140.63
 287.82  134.50
 292.84  134.60
 300.60  133.48
