  23.75   24.07
  23.76   23.72
  23.99   40.33
  44.10   24.06
  44.80   39.12
  70.77   99.25
  94.02  133.64
  94.12  103.65
 131.46  189.89
 139.59  133.82
 142.62  113.26
 143.72  134.99
 143.77  188.06
 143.83   54.25
 144.28  124.92
 144.34  105.91
 144.39   54.12
 144.43   60.68
 144.49   66.29
 144.58   77.58
 144.71  184.99
 145.07  144.19
 146.98   83.20
 146.99   68.10
 147.08   63.65
 147.53   57.49
 147.94  139.54
 147.96  130.73
 148.15  146.61
 148.27  107.59
 148.41   75.53
 148.46  135.81
 148.59  163.78
 149.04   60.94
 149.44   66.40
 149.49   94.45
 150.35  119.97
 151.01   44.68
 151.09   54.64
 151.16   61.19
 151.55  148.19
 151.75  168.81
 151.89  136.00
 152.05  161.05
 152.43  157.40
 152.94   58.15
 154.59  138.84
 154.95  147.45
 155.19   61.58
 155.33  131.56
 155.49  130.04
 155.50   55.19
 155.62   64.42
 155.65  116.35
 155.94  156.67
 156.12   50.01
 156.25   73.88
 157.28   88.72
 157.62  112.33
 157.67  135.86
 157.80   99.57
 158.07   62.22
 159.06   50.11
 159.20  179.02
 160.35  138.27
 160.35  181.31
 160.39   65.04
 160.54  153.09
 160.62  130.21
 160.78  173.87
 160.92  130.79
 160.96  115.62
 161.55   59.37
 161.86  193.27
 162.03   56.13
 162.15  155.31
 162.82   62.58
 163.95  152.54
 164.12   46.44
 164.36   65.53
 165.34  129.54
 165.53  154.80
 165.95   94.63
 165.96  149.82
 166.01  118.98
 166.77   51.58
 168.01   57.42
 168.92  107.88
 169.17   60.54
 169.35   91.17
 169.87  122.42
 169.97   70.34
 170.10  101.28
 170.28  129.47
 170.50  149.08
 170.79  138.49
 173.76  101.74
 173.82  112.24
 173.85   73.48
 174.03  119.65
 174.15   65.34
 174.46  125.89
 174.75  135.65
 175.33  143.26
 177.66   64.67
 179.09  108.13
 179.31   86.46
 179.36   61.88
 179.44   95.68
 179.48   50.47
 179.92  138.54
 180.11   68.20
 180.36  117.14
 180.44  130.27
 180.56  147.92
 181.03   49.80
 182.23   73.26
 182.78  112.41
 183.07   59.19
 183.69  152.37
 185.19   62.61
 185.73  112.32
 186.21  131.24
 187.20  115.04
 187.31   97.47
 188.06  137.95
 188.29  149.24
 188.99  144.14
 189.62  112.26
 189.77  135.49
 190.24   66.68
 190.40  180.67
 190.62  186.93
 191.33  117.22
 191.78   69.01
 192.24  115.44
 192.72  129.89
 192.82  108.28
 193.93  137.73
 194.74   67.23
 195.97  129.37
 196.06  121.91
 197.84  122.17
 198.78   96.27
 198.80  115.32
 198.98  107.91
 202.23   91.31
 202.45   85.36
 202.49   68.68
 202.49  100.55
 202.56  111.75
 202.65   78.90
 202.67  105.46
 202.73  117.97
 202.97   91.70
 202.99  132.64
 203.30  176.51
 204.79  199.65
 205.11   71.13
 205.68  119.96
 205.80   96.95
 205.86  202.46
 205.87  187.22
 205.87  107.85
 205.87   86.67
 206.00   78.99
 206.05   82.86
 206.09  193.47
 206.10  102.63
 206.16  114.68
 207.07    8.37
 207.71  178.95
 208.01  178.98
 209.35   91.48
 209.39   69.45
 209.41  100.02
 209.47  111.58
 209.48   58.52
 209.52  105.67
 209.55   95.05
 209.56   76.76
 209.70   53.94
 209.78  117.35
 211.40  190.14
 212.53  107.39
 212.57  119.07
 212.64  103.17
 212.67   71.33
 212.73   79.66
 213.00  184.69
 215.43  104.97
 216.35   15.42
 219.12  172.36
 219.54  186.67
 229.84   86.49
 235.70  130.30
 237.01   18.61
 241.78  193.78
 242.42   16.49
 255.56  151.08
 257.72  147.67
 259.38  141.62
 259.52  155.95
 262.46  146.91
 263.64  194.90
 266.10  198.91
 266.34  198.71
 266.71  185.10
 266.76  159.76
 266.88  159.77
 268.33  191.68
 268.39  191.54
 269.54  155.63
 271.38  202.05
 272.00  141.58
 272.50  122.03
 272.55  145.82
 274.63  112.11
 277.58  137.08
 278.92  152.87
 279.06   61.77
 279.13   56.62
 279.61   42.54
 279.74  143.43
 281.48   66.91
 281.65   50.72
 283.98  144.85
 284.51  137.94
 284.94  149.63
 285.25  141.84
 286.39   69.95
 286.57   46.61
 288.93  144.53
 290.46   58.20
 290.95  133.68
 291.16   44.23
 292.37   69.55
 294.56  149.98
 296.53  140.79
 296.93   48.01
 297.31   61.85
 297.59   66.04
 298.25  108.16
 298.36  108.48
 300.20  158.02
 300.74   59.88
 301.00   53.54
 301.52  115.11
 303.03  144.92
 303.31  137.34
 305.16   63.69
 305.85  110.57
 308.50  158.59
 309.79  119.81
 311.83  154.25
 311.85  148.33
 312.62  152.32
 313.43  157.74
 313.49  114.69
 315.55  148.45
 316.99  151.49
 320.85  117.61
 325.54   98.70
