  11.71  186.95
  12.01  205.65
  13.46  202.45
  16.39  194.83
  20.12  194.50
  23.75  196.17
  33.13   48.44
  34.63   44.59
  35.98   85.63
  40.71   76.77
  42.76   83.09
  45.16   60.48
  48.00   52.97
  48.86   81.90
  50.32   51.92
  54.38   47.92
  56.68  200.92
  57.77  196.40
  58.53  203.07
  60.07   69.20
  60.43  199.40
  62.69   83.67
  63.93  173.55
  64.95   64.42
  65.72  190.71
  66.27   54.37
  66.35  163.55
  67.47  170.99
  68.41  176.98
  69.11   58.87
  70.26   84.24
  70.60  170.10
  70.74   54.78
  71.67   68.70
  73.21  173.74
  73.56   53.58
  73.95  205.83
  74.44   65.14
  75.81   88.40
  76.76   51.08
  76.77   60.23
  77.41  108.89
  77.74  190.28
  79.47  208.42
  82.68  187.96
  83.22  211.13
  83.90  204.21
  89.37  190.58
  89.81  209.78
  92.38  194.84
  97.03  112.78
  97.44  189.48
  97.54  146.86
 100.58  111.36
 102.50   85.20
 103.94  112.68
 104.10  113.27
 104.31  141.46
 104.43  146.19
 106.63  116.91
 106.98  110.38
 107.08  203.52
 107.10   29.91
 108.55   34.56
 109.89   98.83
 111.40  150.52
 112.04  117.36
 112.29  107.23
 112.37  125.66
 113.98  146.91
 117.30  123.11
 117.88  139.50
 125.35  106.06
 125.46  144.79
 125.66  100.22
 125.90  157.51
 126.21  160.55
 126.26  100.43
 126.42  150.41
 126.45  110.10
 126.71  106.66
 127.28   44.68
 127.61  107.05
 127.66   64.06
 127.83  202.41
 127.89  135.81
 128.06  140.24
 129.93  129.05
 130.54   95.56
 131.58   83.02
 131.98  114.20
 134.33   43.57
 135.04   88.18
 135.44   57.34
 135.62   56.96
 135.72   94.61
 135.75   94.25
 135.86   78.00
 136.80  136.46
 137.77   88.65
 137.86  145.27
 139.51  100.35
 140.27   52.06
 140.90  132.78
 140.92  129.70
 142.56   67.56
 142.85  144.23
 143.60  107.96
 143.72  130.01
 143.80  115.59
 144.21  183.44
 144.59  132.98
 144.87  110.96
 146.63  115.54
 147.97   51.16
 148.51  120.00
 148.88   76.44
 149.09   63.11
 149.24  149.51
 149.59  137.86
 149.76   97.09
 149.87  122.50
 150.25   68.91
 150.37   55.80
 150.55  178.81
 150.93   60.64
 153.66  132.98
 154.81   57.28
 155.83  128.89
 155.94   61.98
 156.01   68.72
 156.11  139.97
 159.28   59.34
 159.40  152.67
 160.58  166.40
 161.26    8.95
 161.89   78.57
 162.17   63.06
 162.87   59.62
 165.47  156.85
 166.08   54.26
 170.68   86.76
 171.48  131.53
 173.44  134.85
 174.55  133.46
 177.36  135.51
 179.97  108.05
 192.97  151.38
 194.38  147.61
 195.56  150.48
 200.01  154.05
 202.95    6.79
 203.55  145.00
 205.37  111.02
 205.39  156.01
 205.75  111.38
 207.51  159.23
 209.29  162.50
 215.10  183.02
 218.00  163.44
 220.18   55.74
 221.52  155.73
 222.55   58.07
 224.98  175.57
 225.87  161.85
 228.40  189.09
 229.60  159.07
 231.53  171.60
 234.56  167.05
 236.05  163.16
 239.34  178.00
 242.49  174.45
 248.23  178.26
 248.85  163.58
 252.43  197.09
 253.18  172.29
 257.55  140.20
 259.72  173.06
 261.45  153.01
 262.58  198.30
 265.59  154.65
 266.70   47.52
 267.30  119.58
 267.85  202.62
 267.93  119.12
 268.06  113.72
 272.40  172.58
 272.52  183.52
 274.52  137.25
 274.95  171.80
 275.35  158.87
 281.59  153.10
 283.29  180.28
 283.93  177.60
 287.40  170.51
 287.92  165.27
 289.04  165.06
 291.71  168.59
 295.38  171.14
 296.59  161.20
 296.69  157.17
 298.52  149.78
 298.52  165.61
 298.81  143.78
 301.39  152.65
 301.54  160.11
 302.81  142.72
 305.38  153.91
 308.04  160.23
 308.04  161.05
 315.56  163.08
 325.56    7.54
 326.84   11.74
