   7.85   67.36
  10.61  138.04
  12.05  141.13
  18.25   68.80
  19.15   78.10
  19.85   63.74
  20.07    8.05
  25.51   74.45
  27.72  146.44
  27.72   76.98
  29.23  137.64
  30.31  150.06
  39.94  153.84
  42.59  111.92
  43.14  154.59
  46.37  155.01
  49.25  125.73
  51.57  112.46
  53.09  155.89
  56.02  147.84
  56.76  110.11
  56.96   74.36
  57.30  110.01
  57.74  131.23
  58.56  121.16
  58.86  126.23
  61.41  137.73
  61.52  128.82
  63.03   78.02
  64.08  163.06
  64.25  116.60
  64.35  109.35
  64.68  164.07
  64.72  137.50
  64.73  137.38
  65.73   91.77
  65.96   82.00
  66.12  141.10
  69.22  125.23
  71.73   44.25
  71.90  135.84
  71.92  147.21
  73.91  137.57
  77.09   44.94
  78.75   47.94
  82.21  135.45
  82.67  139.42
  83.00   43.07
  83.99   45.45
  84.04  154.65
  84.80  148.97
  84.98  132.92
  87.22   50.67
  90.91  149.02
  93.89  133.09
  96.51   54.36
  96.52   41.02
  97.74   61.25
  99.97  136.15
 102.69   47.91
 102.96  141.52
 104.15  146.08
 104.70  145.82
 105.60  134.95
 105.77  121.37
 106.07  102.87
 106.10  121.56
 106.86  138.97
 108.31  148.94
 109.85  117.99
 109.93  114.40
 113.35  111.89
 113.80  101.80
 116.25  112.05
 116.89   94.13
 117.30  100.71
 117.61  142.54
 118.29  148.99
 119.95   66.24
 120.07  103.54
 120.85  142.82
 120.93   92.67
 121.17  126.64
 121.68  116.19
 121.86  189.40
 122.70  113.39
 122.85  116.68
 124.19  136.00
 125.91  113.09
 127.23  107.30
 129.00  188.59
 131.03  112.35
 132.06  145.52
 135.38   81.60
 135.39  173.61
 136.50  181.30
 141.78  187.82
 142.72  136.92
 143.64  133.96
 145.24   24.09
 146.60  153.27
 148.70  141.47
 151.11  137.30
 151.68   25.03
 153.59   32.91
 154.00  102.37
 157.97   26.59
 161.50  140.50
 162.70  136.75
 165.31  131.85
 166.24   91.44
 166.66   90.31
 169.90   69.08
 170.19  129.62
 171.64  132.49
 171.74  185.01
 173.29  126.96
 176.24  173.65
 176.96   74.20
 178.21  131.79
 181.05   17.61
 181.70  126.59
 182.82  135.28
 183.08  122.62
 185.19  153.20
 185.56  130.83
 185.63  130.54
 187.69  185.96
 188.12   64.36
 188.21  113.96
 190.42  143.41
 190.73  125.36
 190.83  125.20
 191.70  132.19
 194.72  157.80
 196.52  121.69
 197.92  162.08
 198.21  123.95
 199.22  164.84
 199.26  110.58
 201.33  160.00
 201.52   90.93
 201.77   85.22
 201.88   85.33
 202.88  170.99
 203.62  165.23
 204.15  129.92
 204.20  151.90
 205.27  103.06
 206.19  106.99
 206.42  125.51
 207.05   89.02
 207.21   55.17
 210.80  101.19
 211.06   33.62
 211.67   93.37
 212.21  170.34
 212.42   94.93
 212.49   94.95
 213.30  136.33
 213.56  163.07
 213.88  154.46
 214.21  148.91
 214.25   71.42
 215.86  157.87
 216.46  127.67
 217.85  100.94
 218.55  138.43
 219.90  115.73
 220.30  126.18
 220.93  111.03
 221.39  165.40
 221.39  157.79
 221.59  123.62
 222.37  194.48
 222.65  171.02
 222.95  106.08
 223.03  160.44
 223.56   84.27
 224.93  115.15
 225.85  136.54
 225.97  157.81
 226.01  132.92
 228.44  109.32
 229.67  127.26
 230.20  170.81
 232.11  138.81
 236.09  138.21
 236.73   51.07
 237.16  127.21
 237.65   48.26
 238.26  131.99
 243.11  134.48
 243.25  131.99
 246.02  197.78
 247.54  153.99
 248.87  195.39
 251.62  177.13
 252.23  190.53
 252.99  176.27
 253.08  193.39
 254.20  108.94
 255.30  153.16
 255.81  126.75
 256.32  155.61
 258.35   71.66
 258.39  173.82
 258.43  188.92
 260.83  138.64
 261.78  116.11
 262.14  134.46
 263.24  164.60
 264.55   68.49
 265.07  140.77
 265.23  140.06
 265.69  162.00
 274.71  178.03
 276.61  125.28
 276.91  173.03
 277.22  130.46
 277.88  138.25
 277.92  138.62
 279.63  127.73
 279.72  107.54
 279.86  111.40
 281.85  141.71
 282.20  154.04
 283.58  124.77
 285.87  117.56
 286.19  112.61
