  11.67  162.52
  14.84  167.94
  15.86   20.20
  17.14   20.39
  18.05  171.08
  21.81   70.30
  21.99  136.97
  22.74  147.55
  25.78  141.70
  25.97   30.95
  27.16  145.38
  28.54  187.33
  29.21  189.37
  30.53  172.47
  31.80   40.94
  33.75  168.08
  33.90  143.20
  37.00  145.20
  37.58   25.34
  38.09   88.06
  39.84   39.33
  40.97   45.62
  42.64   47.13
  44.07  188.20
  44.40  180.49
  45.03   32.70
  47.66   96.59
  47.88  138.98
  47.98   39.45
  48.06   39.89
  51.05  184.05
  51.08  141.97
  53.46  179.93
  59.95  111.39
  62.99  138.06
  63.83  145.87
  67.85  140.88
  72.35  138.25
  74.94  136.30
  77.62  139.33
  86.41  147.57
 100.96  139.74
 101.02  113.14
 102.27  135.11
 107.00  117.15
 117.22   93.75
 117.94  104.04
 127.57  108.29
 137.97   81.51
 138.51   76.53
 140.39   42.35
 143.46   32.21
 144.66   81.48
 145.12   73.76
 210.51  115.74
 233.88   40.01
 236.01   38.96
 237.43   38.23
 252.12   29.15
 254.62   95.90
 256.27   45.39
 261.17   47.10
 261.73   40.66
 262.69   78.77
 266.05   74.14
 268.27   45.27
 281.86   12.04
 285.23   10.78
