  12.45  101.14
  38.53   98.67
  44.46   95.71
  46.59   60.53
  47.64   66.28
  48.21   25.18
  48.25   18.55
  48.27   12.56
  48.77   57.52
  48.82   79.29
  52.54   97.36
  53.91  171.15
  55.56  186.09
  58.48   60.85
  59.93   17.60
  60.13   11.18
  60.55   59.56
  63.51   18.06
  72.14   58.95
  73.41   42.81
  73.42   40.29
  73.71   16.89
  77.63   14.68
  77.95   30.78
  77.96   30.97
  78.22   41.82
  78.52   20.40
  80.04   28.92
  82.21   19.55
  82.96   42.73
  83.27   60.84
  84.33   59.99
  85.90   14.20
  85.99   28.33
  86.79   58.26
  87.16   22.15
  89.93   20.12
  89.96   16.87
  92.24   16.75
  97.24   21.71
  99.17   17.82
 103.04   14.24
 108.63   78.74
 108.74   66.35
 110.97  212.42
 111.74   18.44
 112.07   14.02
 117.27   15.63
 124.77  193.91
 125.56  120.86
 126.47   21.91
 126.62  196.41
 127.88  203.20
 127.91  159.48
 128.02   19.57
 128.38   13.77
 130.58  122.09
 132.34  199.72
 133.04   17.73
 134.11  206.05
 134.12  167.88
 136.56   22.52
 138.09   65.56
 138.41   25.05
 138.53   20.10
 139.11   16.28
 140.92   63.35
 144.33   20.36
 145.13  155.61
 145.25   63.48
 145.51   21.50
 145.67   17.75
 145.89  112.05
 146.01   26.17
 146.94  177.79
 148.06  161.04
 148.55  151.51
 148.62   17.72
 149.98   27.47
 151.10   22.28
 151.58  169.38
 151.61   63.94
 153.06  170.60
 153.24   16.84
 154.16  140.63
 154.31   68.54
 155.65  138.04
 155.85  184.56
 156.70  183.22
 156.74  158.99
 158.41   25.78
 158.66  120.40
 158.92  115.66
 161.00   31.86
 161.56   62.44
 161.96   48.25
 162.87   37.08
 164.10   32.24
 166.64  178.20
 167.12  179.78
 167.15  188.70
 167.45   65.57
 169.80   30.87
 169.95   35.57
 172.99   32.72
 173.78  198.93
 174.27   97.69
 174.53  199.13
 175.22  133.36
 175.32  184.41
 175.64  187.46
 176.81   65.54
 177.86   35.31
 177.93  203.77
 177.95   20.92
 178.06  160.52
 178.15  200.83
 178.30    9.33
 178.58   28.84
 179.05  157.10
 179.99  188.61
 180.88   32.70
 181.13   65.44
 181.19  119.97
 182.34  176.12
 182.98  179.63
 183.95  188.41
 184.01  109.00
 184.53  188.06
 184.56   64.74
 184.69   27.42
 184.73   70.40
 185.12   18.23
 187.22   14.79
 187.92  169.17
 188.18   11.45
 188.23   21.43
 188.33  179.80
 189.20   40.03
 191.56   19.83
 191.69  188.63
 193.19   16.85
 193.74  184.53
 194.91   23.91
 195.03  168.48
 198.06   13.70
 199.74  179.01
 199.98  178.64
 200.62   35.04
 200.99  188.26
 202.20  168.70
 202.98  168.01
 203.38  174.73
 203.56  184.91
 204.35   33.16
 204.39   71.98
 205.01  168.38
 207.60   69.24
 207.99  174.86
 208.53  100.34
 209.12   75.02
 209.27   16.83
 209.47   39.06
 209.48  187.98
 209.81   33.45
 209.91  182.17
 210.27   26.16
 210.53   70.78
 211.27  174.15
 212.13   69.91
 212.48   21.98
 214.36  186.95
 215.57  179.45
 215.67   19.79
 217.99   35.04
 218.62   28.31
 219.96   46.56
 222.64   28.64
 224.76   43.26
 225.83   24.56
 227.49   34.97
 228.11   21.08
 228.98   29.60
 229.24   41.28
 231.52   20.92
 231.84   36.99
 232.15   17.66
 232.27   50.01
 232.88   41.53
 235.47   34.58
 236.69   47.38
 237.51   51.84
 238.27   42.72
 239.15  148.89
 239.39   18.77
 239.66   65.74
 241.63  105.98
 241.64   74.74
 242.04   53.33
 242.55   48.58
 242.75   38.03
 242.83   44.81
 242.88   76.07
 244.30  105.36
 244.90   24.70
 245.23  117.29
 245.83   43.11
 246.05   46.21
 246.47   47.65
 247.11   29.32
 247.41  107.19
 248.50  128.49
 249.78   43.03
 250.23   77.83
 252.18  106.23
 253.76   38.59
 254.02   74.57
 254.08   73.58
 254.52  104.77
 254.76   32.01
 255.55  170.50
 257.49   45.64
 258.54   28.30
 259.28   77.89
 260.05   40.76
 260.93   53.24
 262.07   76.52
 262.68   34.31
 264.02   98.48
 264.04  114.31
 264.05   38.66
 264.52  101.64
 264.62   57.24
 265.14   51.57
 265.71   46.00
 266.90  105.28
 268.30  108.24
 268.87   34.55
 268.96   40.64
 270.62   85.73
 271.47   59.82
 271.78  103.91
 271.83   52.48
 272.10   37.77
 273.81   47.52
 274.68   57.41
 275.01  125.56
 276.39   79.47
 276.45  116.14
 276.70   98.82
 277.76  126.15
 277.89   53.95
 278.11  168.75
 278.94  119.82
 279.13  146.65
 279.88  139.02
 280.23   82.67
 281.07   54.31
 281.08   68.38
 281.14  101.95
 281.20   45.87
 281.80  147.35
 281.90   43.29
 282.55  131.49
 283.17   51.38
 283.62  170.83
 284.65  142.75
 285.30   47.70
 285.32   44.83
 287.72   51.38
 287.98   55.00
 290.05   10.92
 290.88   85.04
 291.96   18.40
 292.01  140.22
 292.72  173.68
 293.37   83.83
 296.45   14.85
 298.45   49.31
 298.47   65.07
 298.59   61.25
