   7.31  172.09
   8.90  129.92
  10.06  172.05
  10.28   98.96
  10.31   86.33
  10.41   47.02
  10.53  139.81
  10.70  190.43
  10.71   42.24
  10.74   53.49
  10.79   14.73
  12.11  144.24
  12.60  154.28
  13.96  139.13
  14.84  203.40
  15.20   98.38
  16.28  105.11
  17.05  158.49
  17.87  170.94
  17.97  124.48
  18.04  210.84
  18.07   19.14
  18.53  195.02
  18.64   84.09
  18.98  128.16
  19.73   51.73
  20.11  126.26
  20.12  164.03
  20.72   37.87
  21.63  198.06
  21.71  129.04
  21.91  197.74
  22.14  194.18
  22.26  103.76
  22.66   88.90
  22.91   17.12
  23.06  165.59
  23.44  205.20
  23.92  207.75
  23.96   51.16
  23.98   12.13
  24.35  122.89
  24.54  107.11
  24.73   54.43
  25.01  117.41
  25.24  181.14
  26.21  114.72
  26.24   83.83
  26.48  201.02
  26.70   14.73
  27.85  167.68
  28.27  165.03
  29.38   49.71
  29.83   37.74
  30.63  116.70
  31.00   86.84
  31.09  113.18
  31.81   96.22
  31.92   98.96
  32.14   96.86
  32.50   18.43
  32.73  102.20
  33.61   14.56
  33.89   53.04
  34.04   53.32
  34.43   32.90
  36.93  109.83
  37.26   40.15
  37.29   81.78
  38.58   36.47
  39.02   63.06
  39.25   98.45
  39.33  116.43
  39.92  102.20
  39.97   47.80
  41.23   76.49
  41.27  109.69
  42.12   85.61
  42.60  195.08
  42.73   51.35
  42.73   31.91
  43.02   13.36
  43.06  120.83
  43.17  175.85
  43.38  141.38
  43.63   16.79
  44.55  183.55
  44.79   55.05
  44.83   49.11
  44.89    9.08
  45.05  124.33
  45.07   37.11
  46.12   79.77
  46.22  131.15
  46.22  119.66
  46.24   62.72
  46.44  108.87
  47.14    7.15
  48.08   68.02
  48.15   55.61
  48.57   58.50
  49.93   48.43
  50.43   34.09
  50.88   63.79
  51.14   84.15
  51.34   28.99
  53.09   24.31
  53.13  109.91
  53.30  105.51
  53.40   61.70
  53.64   56.63
  53.64   65.97
  53.66   73.87
  53.71   19.80
  54.15  113.00
  55.00  125.01
  55.13   29.85
  55.32   46.48
  55.41   15.56
  55.53   58.81
  55.55   42.75
  55.63   33.85
  55.79   37.07
  55.79   78.70
  56.01   68.36
  57.47  110.79
  57.98   27.82
  58.01   63.62
  58.15   40.86
  59.44   69.16
  59.54   75.30
  59.95   31.66
  60.72   74.29
  61.68  197.38
  62.13   37.08
  62.25   26.81
  62.78  193.24
  62.80  113.49
  63.15   81.74
  63.95  201.90
  64.30   30.93
  65.27   25.15
  65.93   67.50
  66.83   76.90
  67.76  124.25
  68.08   52.52
  68.55   25.69
  68.58   39.63
  68.72   62.54
  69.19   70.32
  71.30  123.56
  71.46  123.28
  72.96   75.88
  74.19   73.21
  74.43   98.38
  74.71   20.64
  75.29  129.94
  75.90  177.54
  76.15   25.81
  78.36   39.28
  78.37   38.82
  78.90   17.86
  79.24   67.65
  80.49   31.24
  81.14   99.05
  82.08   36.41
  82.54   39.32
  82.55   64.57
  84.32   72.80
  84.50   17.48
  84.93  194.13
  85.20  101.02
  85.93   71.88
  86.37   11.95
  86.61    7.54
  87.35  198.37
  87.57  115.29
  87.80   33.16
  88.18  181.30
  88.25  205.40
  88.50  201.48
  90.40  198.48
  91.08  196.42
  91.12   19.73
  93.43  130.25
  93.67  139.99
  94.82    8.26
  96.44   16.59
  97.05  122.11
  97.61  143.30
  97.66  149.85
  98.61  164.77
  98.82  100.12
  99.41   22.27
 100.55  185.53
 100.56  112.91
 100.88   68.45
 101.30   69.29
 102.05  180.81
 102.19  167.05
 102.51  176.29
 103.02  118.76
 103.11  162.05
 103.52  205.78
 105.20  186.70
 105.28  186.66
 105.51  186.19
 105.73  116.14
 106.59   13.23
 107.43   96.14
 107.70  166.36
 108.22   67.58
 108.74  140.06
 109.69   97.92
 110.76   49.50
 111.06  201.09
 113.63  154.93
 114.10  127.49
 114.53  191.01
 115.93  168.17
 116.31  181.97
 116.38  173.57
 117.93   87.61
 118.82   66.93
 119.03  182.25
 119.22  199.48
 119.48  189.27
 121.21  154.93
 121.79  180.36
 121.98   76.39
 122.18  207.16
 122.31  189.48
 123.40  188.45
 124.04  152.48
 124.06  205.08
 124.13  107.41
 125.02  182.27
 126.12   94.50
 128.35  199.73
 128.87   20.36
 129.63   14.71
 129.89  145.13
 130.42   66.44
 131.14  188.11
 131.25   10.94
 131.59   79.32
 131.60  112.34
 132.02  183.90
 132.43   63.50
 132.93   97.29
 133.83  139.84
 134.01  139.67
 135.19   28.45
 135.50   21.28
 135.66   34.64
 136.86  190.43
 137.10  128.25
 137.20   23.85
 137.85   66.88
 138.16   36.31
 138.24  196.25
 139.46   88.52
 139.50   49.90
 139.60  142.72
 140.47   34.92
 142.30  188.65
 142.45   25.25
 142.64   29.89
 143.26   32.67
 144.84   66.07
 145.85   69.51
 145.88   53.30
 147.15   58.29
 147.42   10.60
 150.62  143.94
 155.23   22.10
 157.41  146.71
 158.09   19.54
 162.24   35.30
 165.30   64.07
 165.62   65.04
 166.89   31.59
 167.46   28.35
 167.74  198.75
 167.91   34.90
 168.78  190.17
 169.87   13.64
 169.89   62.93
 170.15  153.03
 171.71  182.29
 171.72  213.51
 171.87  209.66
 171.88   68.57
 171.94    9.72
 173.42   63.97
 174.58   71.91
 174.86  153.04
 175.62  202.88
 176.00   56.45
 176.59   18.42
 176.71  190.98
 176.87    7.47
 177.72  199.70
 178.09  153.08
 178.22  199.70
 178.97   66.92
 179.15  193.68
 179.20   63.06
 181.58  156.11
 182.59   14.10
 183.31  194.09
 183.41  194.01
 184.67   59.49
 193.13  130.99
 193.30    9.06
 194.46  144.83
 195.28   61.87
 196.53  153.86
 197.72  148.54
 197.80   24.12
 198.06  161.80
 200.85   61.31
 201.76   57.59
 203.28   29.19
 203.49   23.93
 204.44   66.74
 206.18   18.55
 206.44   28.31
 206.60  212.23
 208.10   58.87
 208.37    9.16
 208.76   34.30
 209.30   39.78
 209.45  191.44
 211.94   11.46
 215.76   11.35
 216.08   64.99
 218.95   11.78
 219.34   21.75
 221.24   59.95
 221.59  166.49
 222.17  187.59
 223.13   29.24
 223.33  168.62
 223.67   62.92
 224.65  180.13
 225.34   34.81
 226.03  204.92
 226.19   28.97
 226.31  161.88
 226.93   62.78
 227.09   36.30
 227.39  188.60
 227.74  155.44
 228.57   46.93
 228.65   31.09
 228.78   59.89
 229.12    8.91
 229.21   41.78
 229.32  208.06
 229.69  166.42
 229.97   25.41
 230.45   44.24
 230.52   51.72
 231.33  173.30
 232.54  209.85
 233.85    9.88
 234.14   45.31
 235.87   55.78
 236.16  180.97
 236.60  162.23
 237.70   59.64
 239.86   23.53
 242.53   20.06
 244.72   14.94
 245.65   21.51
 246.67   58.68
 246.90   45.46
 246.96   21.29
 250.05   40.14
 251.56   56.99
 251.65   16.57
 252.07   27.09
 252.52   19.89
 252.59  171.59
 255.08   59.10
 256.21   51.53
 257.60   56.25
 260.02  159.21
 260.96  188.45
 263.19   20.64
 264.02  167.28
 264.52   27.59
 265.60   16.08
 266.20   57.71
 266.32   24.57
 268.23   59.88
 271.39   17.61
 271.60  167.27
 272.11   10.49
 272.84   14.54
 274.43   35.98
 275.77   16.81
 277.53  166.57
 278.19   59.45
 280.73   55.90
 281.54  176.79
 282.44  201.68
 282.47  166.99
 283.78  189.87
 283.86  198.92
 284.92   59.53
 285.07  182.43
 286.35  153.16
 287.89  185.62
 288.06  185.64
 288.43   55.63
 289.50  156.31
 290.10  175.08
 290.92  188.59
 291.20   53.00
 292.79  174.50
 294.84  168.71
 295.48  196.68
 295.55  185.52
 295.87  171.54
 296.47  165.66
 297.01  204.48
 297.33  189.03
 297.78  175.73
 297.97  158.93
 298.35  169.16
 298.90  172.76
 299.10  178.51
 299.31  184.63
 302.03  182.29
 302.70  176.64
 304.74  184.63
 304.84   14.61
 307.15  164.36
