   6.77   78.26
   7.23  128.05
   7.49   64.80
   8.37   59.21
  10.22   70.01
  10.24  148.68
  10.58   74.25
  10.67   64.63
  10.71  161.66
  12.90  157.81
  14.28   70.22
  14.71  133.81
  15.01   64.79
  15.13  138.34
  15.15  138.33
  15.36   53.96
  15.72   59.29
  15.77  131.80
  17.35   50.21
  17.39  152.82
  18.60   61.50
  18.63   56.99
  18.87   68.43
  19.97  141.92
  20.88  138.32
  21.38  141.27
  22.11   46.96
  22.17  154.49
  22.54   54.70
  22.86   61.19
  23.86   78.33
  27.04   74.85
  28.07   59.49
  29.98   68.90
  30.15   64.23
  30.35   78.55
  32.96   67.09
  33.60   64.14
  35.33   78.86
  36.42   64.41
  39.26   64.70
  39.72   73.23
  39.99   79.47
  41.30   76.56
  41.83   67.71
  41.95   61.98
  44.21   65.02
  44.91  141.84
  45.07   74.33
  47.74   64.45
  50.44   75.48
  50.81  135.74
  51.62  131.03
  52.92   70.35
  54.78  141.75
  55.37   64.80
  55.44  149.00
  55.55   79.01
  55.78   70.01
  55.86  152.84
  56.69  130.51
  57.47  137.67
  57.80  151.34
  58.29  133.84
  58.82  138.43
  59.53  130.47
  59.68  125.51
  62.00  133.11
  62.41  152.73
  62.97   79.55
  63.95   66.34
  64.73  150.88
  65.39   57.91
  65.86  131.20
  66.41  146.98
  67.02  125.60
  68.33  128.24
  68.33   75.18
  69.09   60.54
  69.29  133.96
  69.55  118.03
  69.91  146.50
  70.95  140.74
  72.63   52.15
  72.93   52.21
  73.06  133.09
  73.10   77.92
  73.25  113.76
  73.27  114.38
  73.53  146.82
  74.64  142.73
  75.02  134.98
  76.08  135.39
  77.63  138.52
  77.99  126.22
  78.28  115.91
  78.36  146.33
  78.70  142.41
  78.94  131.61
  79.21  148.81
  80.56   80.94
  81.76  144.83
  83.84  133.25
  84.09   96.30
  85.12  143.83
  86.33  130.99
  86.46  120.06
  86.91  136.48
  87.28  140.87
  87.72   44.69
  87.78   47.98
  88.42  145.15
  89.03  111.90
  89.95  148.67
  90.45   80.60
  91.54  128.86
  92.32  146.04
  92.45   44.19
  95.40  134.15
  95.59  128.47
  95.60  124.51
  96.85   48.07
  96.95  148.01
  97.56   53.75
  98.50   66.59
  98.58   78.67
  99.00  137.56
  99.93   52.31
  99.98  143.83
 100.01   55.11
 100.39   62.31
 100.88   74.13
 101.97   73.11
 102.10  100.64
 102.17   43.84
 102.38   47.94
 104.00   96.79
 105.20   78.10
 106.20   47.90
 107.19   74.87
 107.56   81.87
 107.77  147.56
 108.16  120.55
 108.22   46.94
 109.39   84.34
 111.41   56.49
 112.02   77.88
 113.48  145.79
 113.96   91.02
 115.90  145.72
 116.63  166.41
 117.07   17.08
 117.28  145.62
 117.91  166.19
 118.61  105.97
 119.05   81.18
 120.34  173.60
 120.70  176.14
 121.24  100.27
 121.88  160.03
 122.90   18.78
 123.43   98.63
 125.25  142.91
 125.49  165.05
 125.89  156.67
 127.05   65.95
 130.52  153.90
 130.96  148.25
 140.16  138.86
 145.16  148.02
 145.88  143.90
 148.16  178.76
 148.25  131.38
 148.57  182.15
 151.85  125.14
 152.01  139.82
 154.34  129.82
 155.44  117.77
 156.51  133.13
 156.89  165.87
 160.66  179.88
 165.09  180.96
 165.91  187.00
 168.19  174.00
 172.22  156.00
 172.64  128.28
 175.54  125.99
 175.75  125.97
 175.95  172.13
 175.95  164.04
 176.88  193.90
 177.25  157.97
 177.39  193.15
 178.69  130.61
 179.18  175.06
 183.06  168.86
 183.29  164.03
 184.79  166.68
 186.42  165.69
 186.64  169.10
 189.95  153.73
 190.43  162.19
 195.47  170.31
 196.46  120.17
 196.94   65.98
 197.52  124.02
 198.16   70.57
 199.31  128.89
 199.67  166.42
 200.07   67.38
 200.32  149.29
 203.19  121.80
 203.27  167.80
 203.59  128.41
 204.39  149.93
 204.41  154.70
 206.07  123.04
 206.89  166.71
 207.77  154.22
 207.84   39.21
 207.87  153.96
 208.22  139.53
 208.94  165.02
 209.19   57.79
 210.50  121.28
 211.68  143.75
 211.81  123.87
 211.83  118.29
 212.43   47.21
 212.52   50.45
 212.63  166.42
 213.35  157.37
 213.72  168.99
 215.18  121.75
 215.39   30.66
 215.42   45.67
 215.63  146.28
 216.18   30.60
 216.45  194.32
 216.61   42.36
 216.78  168.17
 216.88   53.96
 217.09   48.84
 217.41  188.32
 219.54  121.09
 219.89  165.39
 221.64   45.90
 222.37  160.06
 222.89   40.47
 225.89  173.98
 226.12   51.05
 226.46  138.77
 227.69  183.09
 228.96  164.86
 229.09  177.28
 229.22  165.02
 230.11   42.58
 230.98  159.45
 231.24  136.14
 231.69  142.63
 232.32   48.53
 234.38  144.05
 234.43  154.78
 234.62  147.89
 234.79  152.08
 238.98   41.32
 239.58   50.03
 240.06   46.98
 240.40  151.29
 240.78  164.12
 241.37  130.43
 241.49  154.67
 242.28   42.04
 245.43  152.00
 245.59   41.56
 250.99   39.40
 251.93   44.68
 253.53   49.11
 260.81   70.21
 261.22  150.29
 263.29   48.22
 263.45   59.81
 268.10   66.51
 269.76  145.01
 270.97  201.59
 272.45   41.40
 273.97   46.01
 274.45   23.10
 274.98  147.92
 276.32   39.97
 285.23  141.35
 289.71  162.06
 289.74  149.09
 290.62  160.38
 293.01  150.54
 294.16   65.77
 294.31  155.25
 295.36  145.84
 295.99   69.23
 297.03  151.93
 297.45   65.34
 297.75  141.35
 297.81  143.35
 299.93  153.35
 300.91  145.84
 303.30  149.16
 303.87  152.21
 307.01  146.30
 308.00  163.45
 315.95  162.91
 322.40   53.00
 326.00   39.86
 326.11   45.14
 326.25   25.90
