   9.30  120.87
  10.33  123.96
  13.71  109.44
  14.51   99.94
  14.91   80.99
  18.14   89.78
  18.18   93.40
  21.84   10.83
  22.04  102.61
  22.05   88.04
  22.11   91.01
  22.30   95.06
  22.54  123.94
  22.78  106.83
  25.09   85.94
  25.54   93.42
  25.89  120.07
  26.76  104.70
  28.04   95.03
  28.41  124.98
  28.50  152.90
  28.63   88.61
  32.10  115.25
  32.57  142.62
  34.31    9.76
  34.70  169.90
  34.94   86.92
  35.35  118.98
  35.70  105.53
  35.90   93.01
  36.07  137.06
  38.07  139.32
  38.41  175.65
  38.42  167.66
  90.39  122.73
  95.79  205.05
  97.20  181.46
  97.75  202.49
 100.16  205.09
 100.55  201.84
 101.80  185.38
 102.99  190.29
 103.07  124.81
 103.41  204.78
 105.45  213.41
 107.02  186.97
 107.77  118.50
 107.82  202.06
 114.35  199.35
 114.39   40.50
 114.52   33.43
 115.66  171.74
 116.86  194.79
 117.90  140.09
 119.32   26.55
 119.48  197.69
 120.61  212.36
 121.15  152.02
 121.47   80.54
 121.81   32.39
 123.05   59.96
 123.54   40.40
 126.00  157.90
 126.31  145.37
 128.17   51.27
 129.51   80.33
 131.23   81.59
 131.57   76.25
 131.89   32.14
 133.43   63.09
 134.20   40.93
 134.54  132.10
 134.56   49.57
 135.10  207.69
 135.16   62.49
 135.18  146.38
 135.49   24.88
 135.67   83.68
 136.38  114.79
 136.45   77.51
 136.60   77.52
 136.78  127.80
 137.85   88.24
 138.29  133.66
 138.57  141.42
 139.68   17.83
 140.92   49.85
 141.21   40.30
 141.53   72.46
 141.76  172.40
 142.05  147.01
 142.13   30.33
 142.85  137.60
 142.97   60.27
 143.15  145.87
 143.31   86.45
 143.34   80.10
 143.57   17.74
 144.66  114.65
 144.98   20.60
 145.58   50.29
 147.42   63.86
 148.17  105.25
 148.92   66.17
 149.28   99.11
 149.35   91.14
 150.89   88.97
 151.05   56.03
 151.14  141.71
 151.16  167.77
 153.48   26.49
 154.44   23.36
 154.48    9.06
 154.52   67.41
 156.55  153.59
 158.01   64.49
 158.26   73.84
 160.04   31.11
 161.66  166.09
 161.99   59.27
 162.31  121.84
 163.28   89.43
 164.51   83.91
 164.66  148.56
 165.31  141.69
 165.85   67.39
 167.10   43.28
 167.91   85.52
 170.12   43.33
 172.26   71.97
 172.57   85.89
 173.42   19.39
 173.75   60.78
 174.36    6.93
 174.48  165.10
 174.58   32.34
 175.35  170.55
 175.55  140.35
 175.91   77.68
 176.22  166.11
 177.53   30.37
 177.80   88.22
 178.04   38.61
 178.27   83.14
 178.37   19.01
 178.93  170.18
 179.76   66.47
 180.22   76.02
 180.40   40.28
 181.17   52.18
 181.20  181.29
 181.33  111.08
 181.66   48.08
 182.48  143.67
 182.90  114.06
 183.05  126.52
 183.07   36.85
 183.77   27.76
 184.04  137.44
 185.42  113.91
 186.35  115.33
 186.47  129.89
 186.98   50.84
 187.55   82.66
 187.67   73.37
 188.33   88.03
 188.61   37.34
 189.08   74.50
 189.15   84.82
 189.51   81.14
 189.93  193.55
 190.30  193.86
 191.75   60.43
 192.29   82.77
 192.55   95.25
 192.93   94.82
 192.95   86.23
 193.15  141.63
 193.20  190.20
 193.71   20.86
 194.14  156.61
 194.31   52.76
 194.59   11.44
 194.91   77.82
 195.35   44.26
 196.66   34.39
 196.75   39.98
 196.82   82.76
 197.25  203.40
 197.30   13.39
 197.42   67.45
 197.57  181.72
 199.72   20.28
 199.75  150.53
 200.01   48.08
 200.06   75.43
 200.15   84.04
 200.84   73.45
 201.18   35.45
 202.46   89.25
 202.82   86.26
 202.84   80.73
 203.02   36.33
 204.44   51.20
 204.64  144.42
 205.06   84.00
 205.46   43.87
 205.93   61.86
 207.23   54.87
 207.32  179.36
 208.57   30.80
 208.96  141.49
 210.29   45.49
 211.15   78.40
 211.17   86.50
 211.17   53.25
 211.96   83.31
 212.50   35.02
 212.73  144.92
 213.32   49.10
 213.42   54.90
 213.43  138.84
 214.07   11.21
 214.62    7.51
 215.54  146.42
 215.90   20.18
 216.37  161.55
 217.85    6.88
 218.09   11.72
 219.19  140.93
 220.45   18.22
 221.25   42.57
 221.71  143.92
 222.96  134.26
 223.65   44.70
 224.22   55.14
 225.53   53.58
 226.63   21.29
 227.21   89.61
 227.25  118.12
 227.63   25.07
 227.73   32.65
 227.91   37.16
 228.10  143.93
 228.82   56.11
 229.82  127.75
 230.81   41.07
 231.80   78.40
 231.84   47.98
 232.14   53.91
 232.22   26.27
 232.49  123.16
 232.82  209.39
 233.45  139.41
 233.61   37.45
 234.47  119.35
 234.86  128.18
 235.87   56.60
 236.87   43.14
 237.09   35.02
 238.07   50.04
 238.52   54.40
 240.26   50.80
 240.81  132.87
 240.99   88.79
 241.11   57.56
 241.69  140.18
 241.86  149.99
 242.05  130.49
 244.21   48.53
 245.25  128.66
 256.12   49.79
 291.95   94.49
 293.63   91.74
 293.73   96.10
 296.80  104.61
 307.02   68.63
 307.46   85.39
 307.95  123.06
 308.36  116.55
 311.19  210.40
 311.53  204.27
 312.63  136.46
 312.65  126.55
 312.95   73.02
 313.12   52.09
 313.45   83.90
 313.79  208.12
 313.97  196.01
 314.01  119.69
 316.07  127.40
 317.90  138.57
 317.98   48.07
 318.03  195.05
 318.09   77.02
 318.29   65.74
 318.62   56.34
 318.81  205.53
 319.25   75.34
 320.13  202.38
 320.65  111.18
 320.92  119.18
 321.20  135.70
 321.21   76.39
 321.49  143.28
 322.06  206.80
 322.13   66.64
 322.39  169.55
 322.41  177.82
 322.53  182.85
 322.94  199.92
 323.44  116.26
 324.02  138.26
 324.31   94.15
 325.03  132.32
 325.20  171.16
 325.65  125.50
 325.93  175.70
 326.07  182.01
 329.55  207.17
