  10.01  139.41
  10.50  128.63
  12.34  125.89
  12.41  141.72
  13.80  138.99
  16.74  133.34
  19.35  125.65
  20.86  150.44
  25.65  117.14
  31.13   65.31
  32.47  114.30
  32.72  120.80
  39.79  115.01
  44.03  108.23
  44.83  129.05
  44.91  149.41
  48.17  130.66
  48.98  152.19
  49.19  145.33
  49.40   95.16
  49.76   89.58
  51.21   93.26
  52.71   90.73
  54.96  150.81
  56.22  143.24
  58.88  138.15
  59.95  157.73
  60.58   88.54
  61.02  129.98
  61.26  116.50
  62.17  144.21
  63.97  136.70
  64.57  111.51
  64.57  164.98
  65.18  120.45
  66.58   83.06
  67.02   74.39
  67.79  174.12
  68.05  133.96
  69.35  116.90
  71.38  107.32
  71.57  140.24
  71.79  108.33
  72.00   77.87
  72.78  154.88
  73.56  146.85
  73.74   74.83
  78.05  135.79
  79.08  130.52
  79.84  151.64
  79.96  136.49
  81.44  156.08
  83.30  149.15
  83.33  149.22
  83.86  162.23
  84.72  162.20
  85.02  104.74
  85.02  115.45
  85.22  104.57
  86.36   97.65
  88.32  114.69
  90.71  138.74
  91.13   82.83
  92.13  126.94
  92.61  121.56
  94.64   82.29
  95.72   99.79
  96.15  109.60
  97.28  120.52
  98.31   86.83
  98.34  149.43
  99.39  141.30
  99.59  132.12
 102.00   92.31
 102.44  146.08
 104.89   98.48
 105.39  101.27
 106.84   96.54
 108.57  143.41
 109.82  156.12
 111.38  108.76
 111.48   71.35
 111.85  117.34
 111.86  148.01
 117.71   90.31
 119.19   95.40
 121.77  110.84
 124.85  124.74
 125.61  101.78
 128.19  130.93
 129.39  130.04
 129.87  101.96
 135.90  107.30
 136.22  103.87
 137.88  118.02
 139.08  121.47
 144.25  121.60
 145.36   99.03
 145.41  103.89
 146.18  130.46
 146.47  107.63
 146.85  118.59
 147.02  101.70
 148.17  137.92
 149.07   58.94
 152.28  122.24
 155.37  102.11
 155.57  130.79
 157.11   97.33
 157.29  117.11
 157.39   59.69
 157.55  123.04
 160.06   64.35
 161.39  145.35
 161.52  103.04
 161.71  123.50
 161.73  115.30
 162.33  113.66
 162.72   57.53
 164.48  106.54
 166.34  101.67
 168.30  123.46
 174.87  114.78
 175.04  118.75
 177.18  106.08
 177.70  115.98
 178.75  105.17
 188.27  115.19
 188.65  111.18
 191.89  117.15
 192.37   98.13
 192.66   98.55
 194.27  126.36
 194.52   88.83
 196.49  115.85
 197.94  112.24
 198.17  112.12
 200.22   99.11
 201.37  127.56
 201.54  116.77
 201.71  101.47
 202.07   97.80
 203.39   98.96
 204.82  103.58
 205.55  101.51
 205.68  131.14
 206.61  141.48
 206.93  154.38
 207.16  122.45
 207.85  115.70
 209.65  132.14
 213.86  131.69
 215.36  156.44
 217.88  160.16
 218.05  125.41
 220.95  118.09
 220.99  118.14
 226.76   45.56
 228.00  153.03
 229.47  111.02
 230.59  123.35
 231.91  115.07
 232.27  125.99
 232.82   46.41
 233.55  111.53
 234.98  128.39
 236.46  125.74
 236.85  123.24
 238.37  113.67
 238.87   43.75
 239.36  127.66
 241.35  117.65
 241.83  111.74
 242.88  127.44
 243.00   45.39
 243.24  125.21
 247.57  163.97
 248.05  122.55
 248.15   47.82
 248.75  116.93
 249.78   56.92
 250.35  114.92
 250.99  120.04
 253.24  121.79
 253.67  103.29
 255.23  115.43
 255.29  126.39
 255.98  204.54
 256.03  130.19
 258.50  122.96
 260.14  117.32
 260.73   62.42
 260.86  107.24
 263.12  101.74
 266.01  103.11
 266.62  205.12
 267.31  108.33
 267.65   60.43
 267.96   60.79
 268.38  201.16
 268.96  118.80
 270.16  101.15
 274.90  128.88
 277.04  114.26
 277.53  107.48
 280.73  129.50
 283.86  123.34
