   8.53  100.95
  11.91  113.65
  13.67  116.22
  16.77   99.86
  17.10  115.17
  21.97  135.23
  22.25  134.85
  22.44  148.46
  22.59  101.02
  22.99  100.90
  23.70  163.14
  24.75   42.00
  28.23   43.39
  31.46  115.98
  31.69   44.73
  32.70   99.24
  37.48   34.12
  39.47  117.26
  42.79   42.51
  44.53  124.22
  44.64   93.53
  46.42  113.87
  47.11   47.21
  48.30  123.30
  49.62  196.86
  51.99   96.15
  52.16  114.21
  52.40   41.64
  52.72  120.67
  52.89  197.09
  53.95  110.14
  55.23   94.14
  56.49  115.87
  62.51  111.52
  62.56  117.66
  62.66  152.29
  64.63  113.52
  65.86  117.30
  66.86   49.53
  67.28   39.48
  67.77  133.49
  67.81  106.82
  68.06  123.56
  69.31  113.89
  69.64  117.89
  70.22  117.66
  70.29  122.81
  71.33   36.73
  74.07  106.14
  75.55  128.42
  78.34  149.66
  78.54  134.32
  78.78  106.88
  79.56  159.93
  84.10  141.26
  85.08  132.93
  86.35  109.61
  89.08   94.08
  89.76   48.02
  89.78  118.81
  89.91  181.56
  90.18  184.50
  92.26  113.54
  94.68   49.55
  97.46  181.16
 100.38  116.83
 101.37  130.05
 101.44  182.42
 102.05  115.39
 104.43  123.85
 114.73  160.98
 115.08  168.83
 115.60  208.42
 117.47  178.91
 120.02  163.27
 120.93  125.67
 122.78  132.15
 123.45  160.59
 124.13  157.77
 127.70  194.58
 128.44  164.42
 128.71  194.37
 129.28  167.17
 130.96  190.36
 131.88  120.34
 132.02  210.51
 134.09  161.35
 134.99  212.36
 136.31  165.55
 138.50  113.26
 139.38  168.74
 140.16  136.73
 145.86  206.17
 145.98  167.77
 149.50  123.14
 150.11  204.85
 153.35  207.41
 155.82  138.14
 156.57  166.08
 161.98  123.16
 162.55  130.18
 162.93  136.77
 163.41  205.80
 165.58  126.93
 166.50  137.58
 166.85  120.49
 167.42  115.94
 167.42  130.67
 167.70  137.00
 170.28  137.31
 170.99  212.26
 171.29  140.35
 172.54  116.66
 172.67  120.40
 172.79  132.30
 174.70  210.94
 175.45  117.55
 179.94  124.59
 180.24  106.05
 180.43  102.47
 182.17  122.98
 184.26  130.66
 184.29  135.76
 185.04  121.90
 186.25  113.17
 187.41  137.84
 189.74  105.92
 190.43  121.20
 191.51  137.22
 192.65  111.24
 193.46  133.51
 194.19   53.52
 194.80  114.88
 196.46   37.62
 196.63  118.27
 197.12   38.22
 197.23  137.35
 198.81  103.83
 200.15  106.57
 200.16   63.32
 200.47   45.06
 201.40  147.58
 201.63  132.33
 201.79  137.94
 201.99  123.77
 202.19   96.59
 202.84   54.43
 203.59  107.78
 203.90  141.58
 204.61   51.07
 205.05  110.95
 205.74  125.76
 205.95   56.39
 206.38  116.72
 207.43  147.59
 207.50  150.98
 207.99   38.73
 208.93   63.91
 209.53  130.45
 210.67  105.92
 211.65  127.01
 213.46  109.96
 215.02  119.48
 215.41  116.31
 218.40  122.49
 218.53  115.64
 219.08  105.71
 220.26  130.16
 222.16  135.49
 227.01  122.91
 227.96  139.86
 228.08  112.72
 234.26  130.56
 234.61  123.51
 234.86  130.72
 237.33  108.18
 238.89  123.75
 242.88  125.74
 244.63  137.73
 244.97  119.63
 246.30  121.96
 246.43  113.68
 249.20  115.19
 249.23  117.49
 249.73  136.38
 251.23  132.92
 251.48  127.75
 255.42  127.29
 258.46  131.34
 258.94  117.36
 259.88  119.73
 260.93  124.04
 261.50  112.00
 261.81  133.90
 266.07  135.87
 266.71  141.69
 266.75  141.64
 269.21  135.45
 274.03  142.14
 286.97  143.56
 291.30   83.34
 291.94  139.52
 292.00  147.01
 292.06  135.32
 293.27  131.10
 294.67  149.30
 297.06   88.88
 297.34   88.90
