   8.42   83.64
   9.44   66.59
  10.86   84.51
  11.87  129.51
  15.20  143.39
  15.85   79.31
  16.33   13.08
  50.80  196.69
  52.10  191.90
  57.59  174.76
  58.69  171.93
  64.12  171.55
  65.89  180.37
  70.27  162.13
  72.94  153.19
  73.25  190.85
  77.53  144.39
  84.46  105.42
  85.24  105.78
  87.80  211.06
  91.25  104.16
  92.81  191.63
  94.90  180.05
  97.90  196.88
  98.20  183.49
  99.43  165.01
 100.90  185.96
 106.36  191.12
 106.36  168.22
 107.78   84.78
 109.09  193.65
 112.16  196.36
 113.01   82.77
 113.60  113.75
 116.21  197.00
 118.09  156.14
 118.56  163.68
 118.97  130.93
 121.07  204.69
 121.46  152.87
 121.81  144.64
 122.20  156.89
 122.46  142.40
 123.32  154.13
 124.03  133.62
 124.63  139.81
 124.74  134.85
 126.17  168.91
 127.80  157.53
 127.99  158.24
 129.30  144.11
 131.11  159.77
 132.03  157.22
 134.20   79.74
 134.99  126.97
 136.03   92.35
 137.04  114.80
 142.26  159.34
 143.67  153.49
 152.96  168.47
 164.88  197.50
 167.18  199.40
 167.42   81.43
 168.54   82.75
 169.03   83.35
 169.27  198.64
 177.54  193.86
 189.99  193.78
 192.67  189.63
 193.05  115.70
 193.64  156.33
 193.72  143.00
 194.33  147.24
 194.36  135.91
 194.38  129.30
 195.14  158.31
 195.44  139.37
 195.48  121.45
 195.65  154.03
 199.47  134.69
 200.29  151.56
 200.73  199.09
 203.31  137.49
 203.35  155.32
 203.42   50.21
 203.58   25.50
 204.00   21.13
 204.59  194.97
 205.41  144.84
 205.44  130.41
 205.47   17.69
 206.28   48.41
 206.90   21.22
 208.41   67.16
 209.26   18.65
 211.98  142.61
 213.40  120.04
 217.10  145.26
 217.54  151.27
 218.16  150.48
 218.34   71.46
 218.46  165.18
 218.61  140.85
 221.82  163.93
 222.18  139.68
 222.64  139.57
 222.84   75.10
 224.89   74.16
 225.06   70.36
 225.14  165.20
 225.88   69.77
 226.78   78.77
 231.29   42.36
 231.55  167.38
 232.04   35.88
 233.60    9.19
 234.20  165.15
 234.93  123.57
 240.88  132.16
 241.81  211.47
 242.09  148.75
 245.03  161.00
 248.85   57.19
 251.23  123.74
 251.57  141.49
 252.49  116.71
 252.51  156.57
 256.12  162.04
 257.67  203.46
 263.52  203.48
 302.07   59.57
 313.44   57.02
 314.24   57.05
