  11.13  196.64
  12.05  210.16
  14.17   14.09
  14.69  126.54
  14.72   53.03
  18.21  125.66
  20.65  128.27
  21.49  134.70
  21.97   50.79
  23.64  123.50
  23.67  146.38
  25.17  158.61
  25.28  123.13
  25.82  148.93
  25.84  128.07
  26.76  124.14
  29.73  195.50
  30.22  148.11
  32.05   15.00
  32.46   17.85
  34.73  196.63
  35.46  116.13
  35.67  138.20
  36.27   18.09
  36.38  139.09
  37.29   15.42
  37.45   10.07
  39.98   13.35
  40.50   57.57
  42.61   54.40
  42.61   53.92
  44.77  129.74
  51.72  171.16
  52.79   18.04
  53.01  171.56
  53.34   27.20
  57.53   26.81
  63.06   56.04
  63.15   56.80
  64.25  207.87
  64.43  113.47
  64.50  112.75
  71.16   32.70
  76.15  203.52
  85.03   58.00
  86.98  203.76
  88.12   55.81
  89.76  129.12
  92.29  122.03
  96.04   26.51
  99.45   29.46
 102.57   62.33
 102.71   61.97
 105.68   27.52
 105.76   31.31
 107.74  141.01
 108.72   57.62
 108.80   30.21
 109.74   40.91
 111.63   28.86
 111.66   33.04
 112.33   23.70
 112.70   36.50
 112.76  184.85
 113.06  160.44
 114.38   30.08
 117.81   17.52
 118.08   21.13
 118.84  121.94
 120.23  161.45
 120.92   71.09
 122.10  161.54
 122.22  147.59
 126.34  192.41
 126.68   23.70
 128.00   71.02
 128.13  194.57
 128.23   21.28
 128.74   40.42
 130.12  136.82
 139.86  161.31
 141.07  161.53
 144.29  158.84
 144.73  129.16
 145.41   57.34
 147.37  151.82
 147.53   69.59
 148.05  154.22
 155.76  128.78
 156.27   63.79
 156.98   69.57
 157.11   25.81
 157.78   29.66
 158.36   24.88
 160.36  143.73
 160.80  148.23
 160.99   27.32
 162.38   69.53
 164.35  128.43
 165.45  144.54
 168.56  183.20
 168.67  124.81
 168.82   28.22
 172.30  161.74
 174.04   74.16
 174.28  156.52
 174.72  163.67
 177.98   33.08
 178.08   71.48
 181.71   76.04
 182.68   57.31
 184.88  186.91
 186.58  177.03
 187.73   88.90
 187.92  141.48
 192.19  184.87
 192.21  184.84
 192.46  142.04
 207.03  149.23
 207.94  178.89
 213.82  170.78
 218.12  149.34
 218.43  160.51
 219.40  153.24
 224.16  146.95
 228.12  147.83
 228.94  154.68
 232.28  140.52
 241.62  140.35
 242.53  135.58
 244.79  131.87
 245.19  137.07
 253.15  129.90
 259.30  129.44
 263.34  206.79
 266.52  134.59
 273.58  139.65
 274.89  135.17
 357.04  141.49
