  23.94   93.55
  26.98   88.92
  29.06  108.91
  29.21  117.63
  29.26  114.90
  32.21  116.97
  32.39   43.55
  32.83  190.23
  33.44  130.54
  34.56   91.01
  36.84   89.18
  37.17   42.18
  37.87   43.02
  38.12   49.51
  38.21   72.50
  39.43  188.93
  40.10  139.50
  41.03  181.61
  41.07   68.55
  41.09   38.53
  41.24   63.90
  41.39   44.43
  41.95  181.17
  44.00   63.76
  45.91   86.70
  46.37   35.48
  50.82   80.00
  51.96   49.72
  56.26  195.09
  56.27   34.40
  56.28   28.45
  56.69   83.78
  56.76  193.85
  57.25   39.86
  57.27   54.09
  57.91   38.33
  58.60   84.59
  58.67   36.54
  58.77   63.05
  58.81   36.09
  58.87   78.18
  58.89   62.66
  58.96   56.89
  59.02   44.36
  59.09   29.31
  59.54  200.23
  59.92  207.26
  64.45  195.39
  70.23   25.07
  72.32   77.64
  72.69   63.50
  72.70   34.51
  73.24   23.03
  75.78   24.33
  75.79   24.39
  75.94   17.71
  76.26  208.59
  76.45  188.26
  78.66   44.54
  86.22   21.07
  86.26   67.47
  87.99  182.15
  89.12   22.48
  89.45   65.75
  89.52   22.56
  95.08   14.94
 100.91   11.37
 101.62  182.44
 101.69   47.11
 101.87   61.36
 103.33   13.86
 103.62   13.18
 106.55   62.42
 111.61  186.65
 113.67  187.98
 114.22  188.33
 118.50  172.17
 122.89  164.91
 125.38  160.39
 130.86   62.07
 133.38  110.47
 134.46   69.17
 136.39   85.52
 136.98  102.49
 137.40   83.78
 137.49   12.47
 137.57   54.38
 138.44   70.58
 139.54   26.84
 139.63   14.20
 141.28   67.88
 141.47   32.12
 141.50   52.70
 141.68   31.76
 141.68   71.87
 142.30  104.06
 143.14   93.27
 143.34  116.36
 144.60   69.65
 145.22  126.71
 145.40  105.02
 145.69  108.71
 146.04   64.33
 147.51   67.01
 147.81  102.47
 148.13   57.99
 148.26   55.13
 148.40   13.44
 148.43  106.73
 149.53   60.57
 150.47    9.92
 150.48   68.34
 152.36    9.12
 154.12   30.39
 154.45  108.36
 154.62   50.97
 155.12   45.39
 155.95    7.57
 156.66   86.86
 157.48  105.59
 157.48  105.80
 157.63  150.46
 157.79   59.55
 158.77  143.26
 159.64  150.87
 159.73  102.58
 160.06   49.63
 160.89  108.41
 161.48   64.47
 162.44  143.78
 163.41  151.87
 165.39   59.44
 165.45  100.16
 166.16  108.01
 167.90   66.80
 168.71  155.56
 169.21  114.57
 169.31  115.05
 170.02  107.53
 171.21   64.49
 173.25   41.89
 174.08  140.93
 177.05  106.83
 177.26  155.82
 178.18  100.10
 179.32   60.53
 179.58  104.68
 179.74  153.52
 180.90  110.26
 182.89  155.54
 183.35   45.22
 184.83  105.11
 187.85   47.12
 188.42  107.61
 189.48   36.54
 190.62  156.24
 193.55   37.16
 194.37  137.48
 195.66   82.32
 197.43  151.30
 198.52  105.22
 198.63   92.39
 201.36  154.81
 204.12  151.12
 205.94  110.17
 208.29   81.97
 211.10  106.88
 212.50   70.61
 214.18   84.96
 215.06   68.77
 215.40  101.21
 219.06   71.59
 219.93   84.50
 220.91  110.35
 225.16   76.20
 225.56  102.69
 226.14   67.90
 226.16   46.88
 226.69  180.85
 226.88  105.92
 229.11  164.68
 229.57  158.32
 229.69  103.41
 230.38   91.00
 230.48   50.34
 231.74   83.72
 233.31   91.71
 233.93  104.08
 234.86   40.38
 235.24   36.26
 235.52   22.91
 236.74  102.39
 238.95   90.04
 239.38  105.24
 242.97   96.92
 243.34  178.69
 243.43   96.54
 247.18   31.32
 247.40   31.76
 257.66  107.42
 258.75  103.49
 259.27  180.24
 265.80  100.31
 266.65   96.63
 270.60  181.64
 270.83  176.97
 277.89   36.63
 278.10   95.45
 279.28  111.82
 280.36   33.07
 284.28   32.32
 284.42   96.55
 284.66  111.77
 286.65  156.71
 288.68   90.33
 289.17   28.34
 290.43   24.79
 293.43   22.32
 297.64   21.42
 301.23  158.74
 302.92  106.74
 305.57  152.33
 310.44   97.51
