   6.93   64.95
   7.66   34.54
  11.05   12.07
  11.70   51.29
  12.00   75.24
  24.38   35.93
  27.95   55.28
  29.01  138.49
  29.99   97.44
  30.21   33.93
  36.08   44.86
  36.71   45.94
  37.56   44.90
  74.26   43.82
  80.26   32.15
  81.55   67.09
  81.98   57.63
  82.36   98.04
  82.90  108.92
  83.20  113.86
  83.28  117.63
  83.53  103.47
  83.66  125.55
  84.14  130.38
  84.38  138.23
  85.04   53.15
  85.85   39.57
  86.19  113.19
  86.45   80.74
  86.93   93.01
  87.18  119.04
  87.35  132.89
  87.37  175.96
  87.39  132.78
  88.01  207.72
  88.47  157.27
  90.49   96.94
  92.80  149.82
  93.78   60.09
  95.51   81.57
  97.07   63.89
  98.05   83.05
  99.33   59.86
 100.39  169.01
 100.48   68.70
 102.55   64.74
 104.03   91.12
 106.77   65.87
 121.34  105.78
 121.78  108.72
 123.21  100.21
 123.92  103.18
 125.44  104.22
 125.45  116.82
 127.52  124.12
 128.50  118.76
 129.70  100.57
 131.93  106.49
 132.14  118.05
 136.34  149.90
 138.24  153.68
 140.68   78.49
 142.85   88.31
 147.44  114.22
 150.08   96.18
 153.87   91.87
 170.21   62.01
 178.27   41.30
 178.93   65.25
 181.13  126.92
 181.32  127.28
 185.58  110.47
 185.94   47.67
 186.14  110.32
 186.57   34.61
 190.68   40.70
 194.68   40.92
 195.58  132.49
 197.33   40.44
 197.85  132.57
 198.52  112.77
 198.91  145.22
 199.98  109.92
 200.68   63.41
 202.19   31.11
 202.42  109.53
 203.67   40.26
 207.47  146.28
 208.16   39.84
 210.69  143.99
 210.85   99.43
 212.25   92.08
 213.09   29.60
 213.38  130.98
 214.84   98.16
 216.49  109.17
 220.57  116.92
 220.70   36.55
 220.91   40.09
 221.63   36.44
 224.20  105.11
 225.77   27.14
 225.84   75.59
 226.08   92.06
 226.21   35.75
 227.58  138.72
 228.00  104.98
 229.10  105.43
 230.44   35.77
 231.73  131.56
 232.66   35.41
 233.70  101.31
 236.99   59.63
 237.03   98.70
 237.60  137.94
 237.88  128.14
 240.13   34.22
 243.89  131.62
 245.76   92.98
 249.69   24.10
 249.92  128.87
 249.99  137.65
 250.60   58.53
 253.68   32.99
 254.13   56.92
 254.14   60.13
 256.35  132.56
 256.39   22.63
 257.09  104.29
 257.56   95.68
 257.90   95.64
 257.91  129.17
 258.06  137.15
 258.36  109.82
 259.10   81.01
 261.45  131.75
 261.50   58.27
 261.59  125.90
 268.11  121.44
 268.48  125.47
 269.88  124.24
 273.02  128.06
 273.19  114.02
 274.03  132.09
 279.71  138.35
 280.65   81.84
 281.58   80.77
 282.13  109.05
 282.81   94.91
 282.89  109.96
 286.23  131.87
 286.58   94.91
 290.42  129.61
 291.37  138.16
 293.02  114.62
 294.25  118.99
 294.95   98.35
 298.34  120.08
 302.63   94.14
 302.69  133.49
