  12.83   47.94
  17.44  102.46
  21.68  148.72
  22.13   97.65
  23.56   51.19
  25.22  143.19
  28.85  176.20
  32.88  181.01
  34.41   49.85
  36.45  177.15
  36.87  164.50
  38.57  170.92
  41.72   49.73
  42.11  164.86
  42.25  177.46
  47.49   62.78
  55.56   58.48
  56.59  113.42
  57.68  153.72
  58.08  147.40
  59.70  149.51
  60.26   73.92
  64.87  105.82
  65.09  196.90
  65.68    9.63
  66.68   62.59
  66.94   52.40
  68.13   12.21
  69.17   60.15
  69.74   65.95
  71.96   63.28
  72.89   41.08
  74.95   12.29
  76.78   15.71
  77.65   63.54
  82.35   60.94
  83.71   63.93
  86.62   66.66
  88.41  133.86
  89.20   64.33
  91.40  113.65
  91.47   67.14
  92.10   62.79
  93.83   64.45
  94.04  125.79
  95.02   29.73
 100.44  109.34
 102.88   29.12
 104.00   21.38
 105.34   33.91
 105.84   28.87
 105.95   68.17
 106.15   64.03
 106.53   64.52
 108.61   22.77
 109.04  115.86
 110.69   42.44
 112.33   39.45
 113.47   18.51
 116.39   62.65
 116.57   65.90
 117.08   40.05
 119.77   63.18
 121.61   20.01
 122.85   66.58
 124.77  107.71
 126.17   67.26
 126.61  109.81
 128.30   64.64
 130.53   21.29
 132.60   67.57
 134.08   29.68
 134.25   70.74
 135.37   64.70
 137.24   18.26
 140.85   68.72
 142.54   20.58
 144.26   17.39
 149.27  109.54
 151.38   13.78
 151.55   10.45
 153.09   69.87
 153.64   27.73
 153.64   22.31
 154.37   43.39
 158.23   12.45
 159.46   66.23
 159.57   28.57
 159.68   60.67
 162.19   70.60
 166.25   70.26
 167.04   24.64
 168.99   29.20
 170.87  154.62
 171.74  151.19
 175.88   70.38
 175.98  125.36
 176.73  210.08
 176.83   30.90
 177.73  129.19
 177.84  153.71
 178.45   72.52
 179.05   30.55
 180.58  211.24
 181.22  125.74
 181.56   72.09
 181.63   14.79
 181.80  207.71
 182.40   27.49
 183.77   13.13
 185.72  206.59
 187.20   68.88
 187.44  209.03
 188.60   24.14
 188.98   32.52
 189.04  117.52
 189.65  151.63
 190.52  206.00
 191.48   74.13
 192.68   76.92
 193.17   37.45
 193.66   27.02
 194.00   26.79
 194.01   50.71
 195.61   72.16
 195.72   75.73
 196.35   72.30
 199.74   50.84
 205.59   60.94
 207.55   63.45
 210.14   61.54
 210.86   65.89
 212.67   13.22
 214.54   80.51
 216.37  117.56
 216.38   65.03
 219.62   38.46
 219.81   61.45
 220.70   73.58
 222.56   25.88
 222.57   78.98
 223.43    8.99
 224.93   24.11
 225.70   27.17
 226.10   44.10
 228.23   25.58
 228.36   57.90
 228.46   64.93
 230.84   82.05
 231.43   61.79
 232.32   77.87
 233.17   14.48
 234.14  109.49
 234.79  116.50
 237.41  119.73
 237.48  108.30
 238.28   32.84
 238.31  126.71
 238.54   58.61
 239.30  110.42
 240.22   18.32
 240.51  123.49
 241.33  114.02
 242.91  128.93
 244.48   85.00
 247.39   80.89
 247.51   72.06
 247.71   85.82
 248.03   76.41
 249.28   65.36
 250.60   84.60
 252.23  116.89
 253.15  115.37
 256.13  106.84
 257.56   39.56
 257.64  119.55
 257.70  110.36
 258.22   24.56
 260.27  107.88
 262.39  115.91
 262.66  110.22
 266.38  109.29
 267.87  111.92
