  19.52  117.29
  42.97  169.55
  43.21  161.22
  45.16  163.49
  49.10  168.11
  51.60  108.22
  51.67  102.26
  52.21   20.88
  52.85  122.01
  53.60   73.64
  54.34   87.66
  56.46   35.45
  72.83  213.06
 127.42   31.29
 131.49   23.28
 162.42   34.11
 165.71   76.01
 173.21  133.87
 177.39   87.53
 178.15   10.80
 180.53   14.03
 183.68   74.05
 188.33  129.06
 188.94  114.65
 191.51   74.35
 197.03  105.63
 198.19   87.93
 198.65  121.10
 198.89   67.38
 203.57  120.79
 204.13  124.71
 207.41  104.21
 211.75  159.87
 240.42   77.76
