  12.87  167.73
  14.42  202.52
  14.69  207.87
  15.23  183.84
  17.41  174.29
  18.43  168.85
  20.10  175.22
  20.83  140.81
  21.96  125.04
  22.54  183.55
  24.46  208.01
  24.99  177.48
  25.16  166.77
  27.74  172.48
  28.10  145.35
  30.69  123.61
  32.31  124.46
  32.57  146.60
  35.15  145.05
  38.27  170.17
  42.25  144.90
  45.12  212.61
  45.37  166.17
  45.93  146.76
  52.65  117.66
  54.41   89.29
  54.68  125.47
  55.73  119.55
  55.78  115.53
  57.79  139.30
  65.31  165.00
  67.75   68.50
  72.88   53.90
  74.19  158.38
  74.32  153.87
  77.65   57.18
  83.28   70.99
  87.31  176.54
  93.10  157.11
  94.35  176.84
  97.67  153.40
  97.76   54.92
  99.97   52.17
 100.14   48.05
 100.55   51.45
 100.87   68.55
 101.15  157.47
 101.27   69.32
 121.02  168.19
 122.24   75.84
 123.42  169.68
 124.08  170.38
 124.38  150.27
 127.04   78.20
 128.62  167.67
 129.68   64.86
 129.86   57.91
 130.66   29.34
 130.80   19.01
 133.62   19.63
 135.50   17.55
 138.85   30.62
 139.07   13.32
 139.47   82.54
 140.84   10.09
 141.87  102.53
 142.22  150.39
 143.22  112.80
 143.27   80.08
 143.28   81.73
 145.67  107.25
 146.35  161.12
 148.10   31.48
 148.87   29.16
 150.09   66.00
 151.05  187.94
 152.06   84.23
 153.96   34.03
 153.99  160.10
 154.30   73.52
 155.78   84.36
 155.79   66.63
 156.39   52.26
 157.49   39.74
 157.50  159.60
 161.05   24.12
 162.14  113.04
 162.38   85.22
 162.61  112.34
 163.72  158.56
 164.11   39.32
 164.31   82.72
 164.98   87.11
 165.17   24.59
 168.60   27.74
 169.87   15.79
 170.09   21.46
 170.22   50.65
 170.28   47.34
 171.70   29.43
 172.21   18.43
 172.46  110.72
 172.59   10.16
 173.49   42.96
 173.51   79.53
 177.49   23.17
 177.76   78.32
 177.88  107.67
 178.87   84.78
 179.93   88.52
 182.07  117.59
 182.85   81.23
 183.76  144.77
 184.11  104.86
 184.28   47.72
 184.78   16.44
 186.72   40.81
 187.45   45.95
 187.50   48.76
 187.51   78.04
 187.63   72.85
 187.74   62.81
 189.26  148.91
 190.80   73.98
 207.56  161.89
 208.91  139.74
 215.57  196.08
 219.07  199.62
 226.88  168.93
 227.34  133.26
 227.73  168.48
 229.68  130.01
 239.54   35.65
 241.02   98.14
 242.76  139.05
 248.43   30.74
 249.14   61.19
 252.59   67.30
 252.75   75.24
 261.79   64.20
 262.94   65.62
 264.43   56.97
 270.49  120.87
 274.40   62.53
 291.11   26.31
 291.51   95.82
