  16.43   34.40
  20.79   90.54
  22.56  212.54
  29.47  213.43
  38.16  131.97
  38.32  124.99
  38.51  150.67
  44.62  145.60
  47.49   74.04
 115.98   65.54
 118.43  101.39
 120.23   62.70
 120.60  105.46
 120.92  170.57
 121.33  170.97
 121.74  166.15
 122.75  166.35
 123.27   84.92
 124.93  175.32
 125.86  103.50
 126.38  179.33
 126.66   70.53
 127.08  167.10
 129.45  104.70
 129.47   95.00
 130.96   90.80
 131.81  212.49
 134.58   71.04
 136.66  107.45
 138.80  168.63
 139.29  175.11
 141.27   89.15
 142.46   70.26
 143.79   41.28
 150.46  168.52
 155.25  112.48
 158.05  161.98
 166.88  151.93
 167.06  152.68
 168.35  158.93
 168.58  188.10
 170.59  157.11
 176.79  157.11
 177.69  161.17
 177.79  158.20
 178.12  152.46
 187.63   54.59
 187.68  148.89
 188.06   10.98
 191.95   53.37
 192.21   10.88
 194.76   50.30
 195.97    8.92
 198.22   48.99
 198.31   43.65
 200.09   47.13
 203.79  161.96
 203.96  156.69
 205.41   17.10
 206.16  160.07
 207.45  162.57
 210.22  172.25
 211.23   49.48
 211.32   15.13
 211.35  181.28
 216.03  159.06
 220.00  183.90
 222.29  174.85
 226.16   37.36
 227.01  175.73
 230.02  174.23
 230.52   20.29
 235.09    8.75
 238.78  199.07
 238.98   18.95
 240.87  194.62
 245.34  202.40
 246.29  183.94
 246.64   11.50
 248.46  103.39
 249.65  176.66
 249.66  162.33
 249.94  178.89
 250.03  199.28
 250.04  199.27
 251.38  184.07
 254.90  168.19
 254.96  201.22
 256.62  175.18
 258.69  185.49
 259.63  199.10
 260.79  196.05
 261.26   15.18
 261.65  191.16
 262.26  201.75
 263.48  195.86
 268.35   27.84
 269.77  200.58
 271.16   30.10
 273.99   29.14
 282.90   14.46
 283.79   28.98
 289.22  209.16
 292.45   26.19
 295.32  200.21
 295.37  206.18
 303.05  197.31
 303.29  197.34
 305.74  200.53
 305.97  193.86
