   8.96  137.44
   8.97  145.58
  11.63  129.74
  11.99  143.21
  12.85  125.13
  13.84  163.86
  15.00  136.76
  17.39   72.48
  19.55  172.59
  19.95  100.17
  20.38  168.16
  20.50  128.30
  21.18   80.54
  21.50  106.62
  22.03  132.45
  23.61  161.25
  23.77  143.92
  24.85  175.64
  26.77  140.44
  26.84  143.35
  27.14  146.09
  27.63  177.13
  28.42  177.82
  28.73   79.75
  28.81   85.23
  31.02  106.46
  31.16   82.40
  32.41  138.80
  33.08  166.84
  33.31  127.59
  33.61   93.03
  34.10  104.43
  34.55   86.82
  34.83   75.45
  35.11   79.94
  35.38  146.99
  35.40  147.04
  37.48   92.61
  37.53  128.04
  37.65  184.08
  37.86   92.87
  38.03  177.10
  40.00   69.52
  40.06  123.74
  40.34   84.72
  40.57  151.81
  42.90  146.04
  43.85   80.22
  45.48  172.30
  46.66   76.00
  48.78  144.94
  49.05   74.47
  52.44  144.96
  53.33  141.88
  53.44   76.77
  53.95   68.50
  56.69  137.37
  57.60   75.39
  58.33  157.22
  61.12  208.67
  61.46   76.31
  64.27   87.57
  64.53  160.01
  67.29  176.57
  69.19  169.26
  69.20   68.84
  69.82   98.74
  71.58  147.99
  71.76  136.03
  73.75  158.69
  75.44  120.65
  76.54  174.16
  79.55  158.75
  79.57  104.75
  80.04  113.29
  80.54  130.40
  81.81  119.31
  81.83  135.81
  82.25  153.98
  82.48  149.50
  83.75  137.67
  84.33  107.13
  84.60  158.62
  85.39  121.10
  85.96  100.41
  87.21  168.78
  87.39   87.11
  87.85  148.66
  88.40  185.10
  88.70  130.06
  88.71  105.26
  89.27   82.32
  90.90  103.49
  91.07   98.52
  92.33  147.75
  93.90  155.95
  94.01  127.60
  95.50   87.92
  96.79   95.94
  96.93  117.13
  97.03   91.32
  97.93  125.12
  99.18  182.39
  99.80  122.63
 101.65  128.18
 102.10  105.05
 102.45  101.65
 103.56  123.30
 104.49  151.47
 109.50  142.05
 112.22  147.11
 114.07  190.91
 116.92  188.26
 119.17  132.44
 121.11  188.62
 122.46  119.33
 122.61  148.03
 123.71  186.16
 124.56  151.39
 125.53  158.17
 125.64  155.47
 129.04  153.93
 129.87  150.29
 131.02  188.66
 131.80  138.06
 134.70  150.56
 135.75  158.82
 136.10  133.47
 137.80  145.58
 138.64  164.03
 153.14  164.08
 153.48  167.07
 155.23  143.13
 156.52  147.79
 157.23  140.64
 157.83  156.47
 160.22  149.33
 161.05  153.50
 161.23  139.25
 164.55  129.37
 165.41  128.05
 168.04  152.14
 168.52  131.83
 168.56  134.42
 168.82  183.56
 169.64  101.41
 171.96  147.23
 173.58  127.59
 176.66  140.30
 180.22  157.97
 185.55  122.24
 187.07  120.53
 191.37  132.77
 191.44  129.59
 192.22  140.90
 192.44  129.96
 193.00  139.43
 196.31  157.95
 196.59  136.81
 196.96  150.87
 198.59  147.23
 199.17  155.56
 200.09  144.20
 200.16  120.17
 200.53  139.90
 200.74  113.84
 203.17  125.82
 204.05  150.83
 204.64  138.46
 206.98  147.85
 207.33  155.07
 207.47  157.88
 208.46  124.20
 211.01  142.62
 212.35  127.01
 213.72  129.76
 217.57  134.26
 220.35  130.11
 221.80  161.31
 225.23  133.61
 225.66  129.44
 226.61  126.38
 229.30  130.38
 232.36  121.71
 233.26  133.27
 235.15  129.33
 235.72  123.73
 236.66  140.65
 237.96  137.58
 238.61  156.37
 239.44  149.55
 240.56  127.04
 242.36  148.55
 244.10  143.36
 246.91  157.65
 247.11  140.71
 247.38  134.32
 247.47  124.51
 251.01  149.54
 252.72  125.22
 256.40  118.25
 256.98  158.58
 259.38   85.39
 259.77   80.58
 260.59  116.33
 261.51  161.42
 261.72  123.50
 262.66   89.49
 263.12   89.90
 263.52  164.15
 265.34  147.28
 265.42  166.58
 267.50  164.30
 269.85  154.69
 271.14  162.91
 271.57  147.24
 275.17  147.25
 282.51  140.06
 284.92  141.64
 287.77  140.72
 293.35  111.30
 295.17  137.18
 297.86  116.46
 298.47  143.45
 299.37   89.53
 301.50  146.70
 302.13  114.44
 302.60  141.13
 302.74  153.82
 303.60   85.75
 303.61  120.49
 304.62  133.44
 306.44  159.46
 308.11  147.26
 309.64  149.69
 311.62  147.47
 312.64  120.91
 312.96  144.57
 314.34  153.28
 316.89  128.91
 324.73  171.95
 325.53  160.41
 325.81  160.94
 326.64  149.18
 329.25  157.09
 332.08  153.84
 332.49  114.72
 332.71  114.70
