   8.57  133.74
   9.43  163.15
  10.74  161.97
  12.53  181.36
  15.09  147.98
  16.00  181.30
  16.98   24.81
  17.19  165.99
  18.58  150.29
  20.12   15.73
  20.64   37.20
  21.00  166.03
  22.05   21.55
  22.41  197.25
  22.65  196.93
  23.14  102.92
  24.52   28.95
  25.04  141.37
  25.17  155.29
  26.78  154.57
  27.17  122.86
  27.23   32.36
  27.49  138.95
  29.71  155.95
  29.78   39.75
  30.78   34.88
  31.19  130.89
  31.62   44.46
  31.71   18.59
  31.87   25.38
  33.71  131.26
  35.83   22.60
  36.52   39.04
  36.61  149.69
  36.69   34.15
  38.56   26.35
  39.44   19.71
  40.12  162.13
  40.38  162.34
  41.57   23.84
  42.00   15.65
  42.88   31.95
  45.33   14.87
  45.91   29.14
  46.28  184.64
  46.94   40.12
  48.72  165.65
  49.53  178.25
  50.33  180.88
  50.54   53.93
  50.79  186.24
  51.82  189.16
  52.38  165.63
  53.07  168.75
  54.15  183.42
  54.39  178.02
  55.26  180.49
  55.73  165.56
  59.52  165.49
  59.53  177.29
  61.39  180.22
  62.69   16.83
  64.59  165.55
  64.79  177.47
  65.84  179.91
  66.01   14.95
  67.99   23.04
  68.41  185.09
  69.30   36.43
  69.66   26.23
  69.70   26.02
  70.23  179.43
  72.66  171.03
  74.09   25.49
  74.30   18.35
  74.44   28.62
  75.29   32.22
  75.34  176.14
  76.29  186.69
  76.96  170.26
  77.64  184.15
  78.22   27.19
  79.14  173.57
  79.22  165.49
  79.84  156.00
  80.00  182.08
  81.07   44.19
  81.32   37.02
  81.74   33.24
  82.66  102.29
  83.42   22.30
  83.87  139.91
  84.72  157.97
  84.93  140.91
  86.99   35.32
  87.11   43.45
  87.32   45.46
  87.88   42.45
  88.19  146.85
  88.41  146.85
  89.54  114.47
  90.68   35.36
  90.88  110.51
  91.08   25.51
  91.13  180.69
  91.89   40.75
  92.38  163.86
  92.64   62.95
  92.87   92.50
  93.55  111.39
  95.21   93.36
  95.57   48.43
  95.88  120.45
  98.63   29.41
  99.65  179.45
  99.90  166.99
  99.98  100.84
 100.21  123.96
 101.38   31.31
 101.40  156.42
 102.21   92.90
 102.25   64.40
 102.58  177.93
 103.30   64.18
 103.42   91.63
 105.50  102.20
 105.56  180.58
 106.97   62.53
 107.08  118.06
 107.56   41.93
 107.60  184.52
 107.73  117.67
 107.80   91.89
 108.45  116.73
 108.97  163.18
 111.27  114.82
 112.43   94.60
 112.65  102.35
 113.32   93.99
 113.39  175.68
 113.76  183.35
 113.76   39.55
 113.94   60.48
 114.73   99.52
 114.79  152.78
 114.82   60.87
 114.98  146.86
 115.55   82.90
 116.55   57.99
 117.10  103.97
 117.21   95.26
 117.27  166.64
 119.08   39.21
 119.35  114.50
 119.42  146.39
 120.17   43.74
 120.28   65.40
 121.41  173.66
 123.52   41.31
 123.82  146.33
 124.97  166.14
 125.46   96.52
 125.82   44.31
 127.40   99.74
 129.40  128.54
 129.83  153.84
 131.95  141.75
 132.16  100.39
 133.21  157.76
 133.97   97.38
 134.90  101.60
 135.05  142.96
 135.15  157.54
 136.98  144.94
 137.10  168.47
 137.59   98.79
 139.10  138.93
 139.68  149.41
 142.98  138.37
 143.07   96.10
 145.46  175.34
 145.47  171.67
 147.96  137.44
 148.03  154.72
 148.23  182.60
 149.10  108.44
 152.37  149.55
 152.64  131.85
 152.84  181.56
 152.88  142.01
 152.97  181.62
 153.36  117.04
 154.39  156.54
 154.40  162.78
 155.40  114.27
 156.47  117.48
 156.53  152.94
 157.20  127.90
 158.44  114.97
 158.59  124.98
 158.74  155.15
 159.33  148.17
 159.97  170.04
 160.08  111.41
 160.27  122.33
 161.23  119.43
 162.66  174.63
 162.78  101.50
 163.35  134.55
 163.80  117.19
 164.02  182.02
 164.31   26.52
 165.44  143.35
 165.47  114.19
 165.52  160.59
 165.97  153.26
 166.48  147.01
 167.42  110.55
 167.56  116.63
 167.96   34.56
 168.44  122.85
 168.48  163.07
 169.31  113.12
 169.88  125.35
 171.40   76.24
 171.66   26.47
 171.75  111.09
 173.17  186.72
 173.48  170.06
 174.24  146.96
 175.43  189.39
 176.19  159.99
 177.55  141.67
 177.81  185.62
 178.15   33.09
 178.82   53.83
 178.85  165.73
 180.35  188.65
 180.84   93.19
 180.93  169.05
 182.18  152.15
 182.22  185.95
 182.40  152.35
 182.56  114.41
 183.39  162.54
 183.43  135.46
 183.44  146.45
 185.36  142.44
 185.39  111.37
 188.17  134.63
 188.18  163.25
 188.43  134.85
 189.15   20.34
 189.17   92.14
 189.93  143.85
 190.01   98.84
 190.04  163.45
 190.09  139.36
 190.41  155.38
 193.07  146.09
 194.06  102.30
 194.53  164.83
 194.70  149.39
 195.01  135.14
 196.06  119.70
 199.26   91.86
 200.32  151.63
 201.03  158.32
 201.30  116.79
 202.14   98.13
 202.47  101.91
 202.47  125.99
 202.94  142.72
 203.29  147.68
 203.68   41.45
 205.01  157.88
 206.96   92.05
 207.65   94.93
 212.38  154.13
 212.88  134.41
 213.98   87.97
 214.63  105.93
 215.13  129.17
 215.90   95.85
 216.24   85.67
 219.24  139.81
 221.70  146.76
 222.75   97.94
 226.33  140.27
 227.23  151.45
 227.85  157.98
 228.09  154.81
 228.26  154.85
 231.33  142.69
 233.13  157.80
 233.20  148.35
 233.30  168.28
 233.79   94.68
 234.53  104.47
 235.37  137.13
 235.91   84.80
 236.67  149.97
 237.14  170.35
 237.17  160.19
 238.27  139.54
 239.09  100.43
 239.10   78.29
 239.39  100.63
 239.40  143.52
 240.65  141.30
 240.93  158.61
 241.26  164.87
 242.04   82.06
 242.49   97.86
 243.14  101.06
 243.39   78.98
 243.51  161.32
 244.52  107.52
 246.57   94.19
 246.64  158.95
 247.74   79.59
 248.49   82.24
 248.85  170.00
 250.30   97.97
 253.13  168.93
 253.83  102.84
 254.87  160.75
 258.43  141.12
 259.14  153.36
 262.33  102.50
 262.82  136.70
 263.43  152.99
 264.14  137.84
 268.23  164.71
 276.54   67.35
 279.41  155.83
 280.66   62.85
 280.68  101.69
 281.02  149.94
 281.56  146.13
 281.85   64.09
 283.54  104.47
 283.75  117.29
 283.89  121.69
 284.62  127.49
 285.15  142.10
 285.49   79.99
 285.70   74.69
 285.84  102.32
 286.34  152.36
 286.76   69.73
 286.83   63.99
 287.15  142.65
 287.88  147.98
 289.19  140.67
 289.61  145.30
 289.64  102.50
 289.97   61.98
 291.88  104.94
 292.99   62.12
 293.23  113.87
 293.85   80.34
 294.76  153.59
 295.59  111.66
 296.31  108.56
 297.01   97.91
 297.28  156.54
 299.22  161.87
