   6.78   94.76
   8.20   20.97
   8.99   76.73
   9.03   66.90
   9.59   58.91
  11.33   64.62
  11.69   22.91
  11.78   94.40
  14.71   61.93
  15.16  110.60
  17.19   64.27
  17.67   94.94
  18.57   23.76
  19.96   59.34
  21.52  129.38
  22.27  121.55
  22.93   95.01
  23.40   56.90
  24.14   24.57
  24.76   55.83
  29.13   52.89
  30.52   95.23
  30.98   22.87
  31.18   62.15
  32.04   56.78
  33.46   51.01
  34.00   91.17
  34.65  126.49
  35.13  192.73
  35.68   54.91
  36.86   60.18
  37.24   48.56
  37.24  128.82
  39.93   95.04
  40.40   26.11
  41.00   66.18
  41.07  112.13
  41.19  126.20
  41.88  109.71
  42.55   60.72
  44.12  112.64
  44.81  165.55
  46.14   65.76
  47.77   61.05
  50.02  128.66
  50.41   24.42
  50.59   73.19
  50.69   72.81
  52.12   57.07
  52.81   50.71
  53.14  115.27
  53.99   36.79
  54.58   58.85
  55.12   52.38
  55.48  123.92
  55.58  110.30
  56.56  103.02
  57.94   67.13
  58.87   85.08
  68.44   39.88
  69.02  129.42
  69.38   65.10
  70.34   93.21
  70.42   94.26
  73.33   87.38
  73.35   22.02
  73.64   89.76
  73.78   99.96
  75.75   21.29
  75.83  127.20
  79.92  128.68
  86.56   35.52
  86.59   23.99
  88.06   42.69
  89.93   93.13
  96.56   95.67
  98.00  125.30
  98.06   95.22
  99.55   46.06
 103.17   85.17
 105.89   46.37
 105.98   46.45
 106.27  127.68
 109.06  100.69
 110.15   96.13
 113.18   98.90
 115.60  101.77
 116.71   88.82
 116.90  108.38
 117.05   95.76
 117.17   69.42
 117.62   99.00
 119.05   99.90
 120.39   67.64
 123.33   49.59
 123.43   10.09
 123.48   24.90
 123.49   17.67
 123.70   68.41
 123.75  132.40
 123.76  100.60
 126.98   26.94
 127.50   99.95
 127.57   34.26
 128.00   34.79
 130.40   30.94
 131.47   99.38
 132.58  147.15
 137.66   95.67
 139.76  144.00
 142.71  145.56
 149.73  122.23
 150.17   28.61
 150.26   77.91
 150.31   63.05
 150.34   24.67
 150.35   18.66
 150.49   35.98
 151.94  123.06
 152.03  136.20
 152.37   51.86
 153.99  152.30
 154.40   36.92
 155.02   20.41
 155.85   96.98
 156.17  107.48
 156.48   62.02
 157.03   66.26
 157.99   44.99
 157.99   28.60
 158.21   24.97
 158.71   66.04
 158.84   19.28
 159.28  151.89
 160.59   72.21
 160.64  128.04
 162.48  100.20
 162.99   14.94
 163.07   63.77
 163.23    9.97
 163.31   10.25
 166.96   99.86
 171.92  137.75
 172.07  134.35
 174.35  124.17
 178.97  104.01
 181.11   98.75
 188.23   15.88
 188.93   98.24
 189.71   91.12
 191.59  134.10
 196.36  114.91
 196.47   92.93
 200.76   97.93
 209.38  123.32
 212.26   23.59
 229.80  116.50
 233.51  113.81
 237.07  121.96
 237.15  116.10
 247.67  113.90
 249.39  132.05
 252.44  119.92
 252.58  125.68
 254.10  128.29
 254.18  134.31
 255.63  112.14
 263.52  112.91
 264.32   99.13
 266.84   89.17
 267.03  100.64
 267.32   56.17
 268.00   93.96
 269.68   95.83
 278.81  100.97
 280.61   54.30
 281.28  135.73
 281.41   96.44
 287.27  104.40
 289.68   96.88
 290.29  102.52
 294.08  102.36
 297.10  105.28
 301.11  109.19
 301.56  117.40
