   9.83  170.48
  11.34   16.43
  16.85   15.96
  17.72   31.45
  18.29   98.67
  19.74   18.94
  20.71   43.72
  24.89   31.84
  26.47   37.76
  28.37   95.60
  35.11   48.50
  35.21  164.53
  37.72  157.52
  38.02   44.27
  39.50   80.78
  39.53   88.34
  40.45   92.94
  41.83  161.08
  42.06  166.96
  42.61   17.39
  44.17    9.88
  44.50   95.01
  44.87  164.06
  46.49  156.97
  48.00   83.67
  48.14   94.30
  48.82  153.64
  51.00   24.39
  53.31   14.26
  54.88   94.51
  57.68   16.91
  58.35   10.62
  59.29  154.44
  59.70  150.91
  60.07  159.64
  62.51   14.53
  62.71   14.42
  70.86  151.88
  70.91   92.82
  71.21  155.92
  72.32   64.23
  72.55   69.73
  75.20  152.62
  77.57   77.23
  82.51  153.77
  83.78   49.05
  83.82   43.31
  85.01   19.84
  85.99   90.09
  88.86   17.31
  90.79   41.02
  96.17   16.69
  96.31   21.59
  98.72   38.66
 100.40   22.65
 101.41  152.53
 102.95  149.17
 103.99    9.63
 104.12   12.59
 105.96   15.58
 106.00   40.57
 107.08   24.09
 107.73   10.64
 109.00   93.77
 110.82   13.40
 115.35   92.82
 115.47   41.61
 117.34   26.33
 118.63   25.65
 118.88   25.84
 119.59   43.18
 125.76  102.25
 127.16   39.99
 129.03   92.45
 130.84  153.88
 131.32   41.10
 133.67   70.96
 133.87   91.89
 154.07  147.78
 162.34  146.84
 169.47  138.46
 171.76   91.22
 172.98  144.64
 173.41   87.32
 179.29   89.90
 185.80  138.17
 199.65  135.31
 204.39  108.67
 213.26  132.74
 215.22  132.11
 215.44   52.53
 215.56   99.82
 217.42  123.59
 220.27  131.58
 221.21  137.29
 223.81  136.37
 227.58  165.27
 229.09  159.88
 254.48  172.41
 272.87   97.44
 280.82   86.75
 282.50  102.04
 284.48   93.15
 285.67   98.57
 286.74   95.48
 289.19  128.76
 289.64   87.82
 291.84  101.59
 291.86  110.18
 295.96   89.99
 298.97   96.30
 300.53   99.47
 304.58   97.10
 312.55  148.47
 313.29  144.15
 317.14   31.97
 318.23   29.18
 324.28   64.91
 324.40   70.67
 324.48   38.99
