  13.49   99.57
  13.93  111.28
  15.59  114.05
  15.79   89.88
  16.91  109.44
  17.27  116.04
  18.52  111.43
  20.31  106.78
  20.97   89.55
  30.03   82.99
  30.27   93.45
  31.87  109.07
  32.42  105.83
  33.42  101.89
  34.88  111.59
  36.30  105.87
  38.47  103.03
  42.35  115.81
  43.79  138.17
  45.92  129.61
  46.17  112.75
  46.20  119.46
  46.85  119.97
  48.15  125.72
  48.50  133.08
  50.79   81.17
  51.65  108.07
  52.00  153.79
  52.38   91.28
  53.26  152.54
  53.68   98.43
  55.33  149.16
  68.43  100.66
  71.73   90.55
  72.80   96.15
  74.12  162.93
  75.49   72.69
  78.06  109.76
  79.07   98.86
  79.67  104.39
  81.34  107.16
  81.63  101.57
  85.84  106.25
  90.57  113.79
  91.95   95.89
  95.05  145.10
  96.08  130.71
  98.58  143.26
 101.99  150.55
 104.14  146.17
 107.39  146.63
 107.40  155.42
 107.98  138.10
 109.38  107.30
 110.71  150.52
 110.88  161.10
 111.00  143.25
 112.38  129.72
 112.39   95.78
 114.85   98.08
 115.39  168.71
 115.65  131.55
 116.88  134.70
 121.78  147.33
 123.53  157.89
 127.08  127.36
 127.69  127.60
 132.64  167.61
 132.69  129.40
 134.52  124.55
 134.68  124.82
 135.89  155.98
 136.54  110.86
 136.74  131.88
 137.45  169.12
 137.63  147.57
 138.97  113.73
 141.24  123.86
 141.40  165.36
 145.26  110.47
 146.67  156.98
 148.84  161.10
 149.08  144.42
 150.00  169.71
 150.18  141.27
 150.29  116.55
 152.20  127.96
 152.59  116.61
 154.04  171.00
 155.21  186.07
 155.97  128.37
 157.85  143.09
 158.66  139.79
 159.61  148.62
 160.38  130.92
 160.50  191.29
 162.55  147.77
 164.58  120.95
 165.26  205.58
 166.24  109.00
 168.48  137.79
 168.94  193.29
 169.06  205.57
 169.44  109.08
 170.11  139.71
 170.16  139.69
 171.04  198.05
 172.45  211.71
 172.93  108.94
 173.38  134.93
 173.83  140.06
 174.19  192.98
 176.64  204.22
 177.42  204.84
 177.59  144.69
 177.60  191.02
 179.71  192.27
 180.10  169.95
 180.13  143.61
 180.41  163.92
 180.50  201.68
 180.91  167.65
 182.45  163.13
 182.99  196.10
 183.30  153.15
 183.50  116.15
 183.66  146.64
 183.69  140.40
 183.74  158.17
 183.94  167.48
 184.10  172.03
 184.27  159.09
 184.34  207.06
 186.80  202.22
 187.00  144.66
 189.02  207.49
 189.08  177.26
 189.29  161.80
 190.02  209.38
 190.80  176.55
 191.87  140.15
 193.46  111.68
 193.53  107.38
 193.66  155.90
 196.25  176.63
 196.88  103.81
 197.42  188.66
 197.81  146.72
 198.24  152.96
 200.15  168.60
 200.63   88.12
 202.15  189.24
 202.29  166.21
 203.03   89.77
 203.34  171.72
 203.68   95.82
 205.24  209.45
 205.27  204.02
 206.49  198.23
 206.89  168.64
 207.12   93.18
 209.88  172.10
 210.70  192.02
 210.92   98.95
 211.66   76.21
 213.98  171.91
 214.09   78.98
 214.48  206.06
 214.54   98.82
 214.62   79.48
 214.85   95.59
 215.49  185.64
 216.46   93.49
 218.14  174.11
 219.04  103.85
 222.00  101.54
 222.14  206.42
 224.04  108.10
 225.82  205.40
 228.22  100.00
 229.67  133.28
 229.98   98.10
 231.38  136.52
 232.67  110.64
 233.26  102.32
 233.87  126.69
 233.93  134.04
 235.33  136.40
 236.83  112.86
 240.77  103.24
 243.45  143.62
 244.43  133.60
 245.26  120.05
 245.61  121.62
 250.23  147.09
 250.45  110.02
 250.46  109.91
 256.64  145.82
 259.23   32.73
 262.70  160.12
 263.47   56.95
 264.72  154.80
 264.99  103.18
 268.64   29.65
 268.73   29.53
 269.93  153.86
 272.24  127.54
 272.75  143.13
 274.96  132.48
 275.22  123.24
 276.66  141.95
 277.08  152.11
 279.33  101.60
 279.44  124.13
 279.76   87.22
 280.19  145.40
 280.70  119.91
 282.96   80.15
 283.65  128.59
 283.91  149.97
 284.54  117.32
 285.26  127.96
 288.61  127.27
 290.38  124.96
 292.38  129.01
 293.19  144.82
 293.92  147.39
 293.99   90.04
 294.62   87.16
