   7.50  208.50
  13.99   92.93
  15.45   92.38
  26.88  122.16
  28.57  135.65
  31.99  118.46
  41.57  121.25
  54.63  206.25
  57.36  150.51
  57.48  213.71
  63.84  119.09
  68.70  152.50
  96.13  156.21
  96.90  194.47
  97.06  166.46
  97.45  202.61
  99.71  162.08
 100.42  157.99
 103.37  150.99
 103.69  157.62
 108.19  189.48
 109.11  189.94
 109.26  164.30
 109.76  163.18
 112.46  189.18
 116.66  162.13
 117.22  155.42
 119.72  159.87
 123.40  157.09
 124.00  128.43
 125.62  187.89
 135.50  129.62
 136.50  149.32
 153.13  124.51
 157.01  196.94
 157.18  196.03
 160.63  134.02
 161.03  128.18
 161.93  133.84
 168.11  138.55
 186.69  137.82
 187.88  125.56
 195.86  136.16
 202.83  138.99
 203.90  134.27
 209.23  137.49
 209.68  130.93
 222.24  121.00
 223.08  106.93
 226.83  111.90
 227.06  115.49
 230.89  119.63
 231.24  116.73
 231.49  112.11
 231.99   82.08
 235.68  121.91
 235.89   86.40
 237.71  116.92
 237.85  111.48
 238.29   89.59
 238.71  104.03
 239.67   81.89
 240.54  120.78
 243.50  108.38
 248.83  122.73
 248.88  117.33
 249.48   87.53
 249.86  109.22
 252.40  107.57
 252.56  175.10
 258.61  120.82
 259.47  114.03
 259.99   59.84
 260.65   60.49
 262.50  122.23
 263.70  106.67
 264.68  123.93
 265.85   85.66
 266.06  108.41
 268.00  117.17
 270.24  123.85
 272.02  117.46
 275.04  121.56
 277.10  151.99
 287.34  158.12
