   7.12  169.21
  12.51  151.57
  14.70  169.84
  17.22  109.02
  18.58  113.04
  18.92  112.64
  25.66  125.81
  30.94  171.07
  40.59  158.05
  40.92  149.70
  41.20  140.77
  46.05  149.24
  51.57  170.92
  52.56  173.59
  53.75  170.47
  58.95  163.68
  66.31  162.54
  66.34  159.72
  67.04  167.00
  70.37  152.33
  72.02  156.34
  74.04  149.32
  78.69  147.72
  79.56  142.83
  79.61  135.30
  81.39  148.51
  82.51  145.49
  89.19  149.11
  90.36  138.42
  93.88  149.77
  99.68  209.48
 100.08  204.44
 101.10  207.11
 106.78  205.42
 110.05   25.28
 113.78   26.21
 116.06   23.34
 118.22  173.75
 125.27   80.31
 125.40  189.56
 127.53   36.96
 128.96  192.37
 129.55   22.64
 129.92   31.46
 130.05  187.60
 132.57   25.03
 132.82  170.04
 135.36   25.25
 135.46  162.73
 138.83   37.73
 147.75  147.95
 147.86  144.99
 148.96  190.01
 149.69  181.75
 152.61  149.37
 153.12  152.55
 153.34   50.13
 154.18  196.21
 156.98  151.02
 161.79   49.71
 163.89   41.46
 163.98   37.77
 165.03   64.66
 165.92   49.20
 167.90   43.43
 167.97   62.08
 171.25   57.50
 174.49   46.52
 174.62   42.83
 174.99   42.55
 175.52   61.11
 175.72   70.20
 176.26   52.11
 176.90   56.83
 177.71   33.05
 178.16   74.33
 178.23  176.79
 178.29  116.49
 179.19   43.07
 179.50   48.84
 179.79   38.07
 180.47  151.09
 180.52  106.46
 180.58   41.65
 180.91   77.78
 182.18  115.74
 184.42  164.02
 185.50  175.42
 185.72   50.85
 186.06  110.05
 186.32  124.53
 186.57  120.29
 187.09  155.52
 188.16  154.62
 188.56  104.67
 188.88  117.62
 188.90   84.41
 188.91   73.26
 189.94   91.83
 191.49   98.52
 192.45  149.04
 192.47  163.01
 193.07   92.73
 194.56  135.25
 194.87  165.48
 195.94  161.94
 196.43  155.22
 196.45  164.48
 197.82  153.60
 202.29  141.79
 202.61  157.76
 203.18  191.89
 204.89  137.39
 207.21  200.25
 207.90  196.20
 208.54  164.86
 209.19  110.22
 209.52  204.45
 210.33  110.13
 211.49  207.73
 211.93  147.08
 212.39  186.72
 212.45   91.53
 213.06  156.36
 213.18  190.66
 213.23  205.16
 215.62  163.41
 217.47  157.81
 217.88  194.04
 218.98   85.69
 219.16  149.10
 219.36  148.91
 219.59  199.72
 221.27  177.61
 223.15  163.70
 224.61  203.57
 226.53  147.43
 226.57  183.90
 226.65  160.26
 227.32   76.34
 228.53  207.07
 228.99  164.55
 231.39  157.33
 232.89  139.18
 233.71  165.24
 233.73  150.12
 233.90  210.24
 233.98  160.60
 234.52  123.83
 234.74   76.13
 235.05   93.64
 235.15  186.65
 235.36   99.81
 236.27  157.13
 236.62  163.50
 237.59  182.00
 238.00   97.58
 238.68  154.43
 239.34  123.32
 239.44  127.53
 239.53  188.97
 241.84  149.47
 242.03  138.39
 242.46   88.84
 245.11  189.04
 247.19  154.74
 248.65  143.76
 249.48  147.60
 249.50  108.83
 249.57  102.96
 249.88  145.95
 250.11  182.70
 250.48  155.89
 254.56  179.13
 255.21  153.25
 257.76  100.09
 258.59  170.24
 258.74  139.56
 259.29  139.41
 259.51  153.08
 259.54  178.29
 270.06  155.26
 276.09  142.37
 279.72  121.35
 280.37  162.10
 281.77  189.87
 285.41  179.26
 285.73  122.84
 289.68  142.29
 291.31  193.01
 293.95  181.33
 296.16  193.21
 296.85  198.09
 297.67  189.42
 300.42  164.29
 301.39  191.57
 303.05  174.99
 304.80  195.34
