   8.81  114.50
   8.94  141.99
   8.95  134.55
  10.66  144.81
  11.56  151.17
  11.67  158.26
  12.53  202.90
  13.96  199.95
  15.99  108.97
  16.77  144.56
  16.79  160.32
  17.69  172.93
  17.89  202.95
  19.40  170.65
  19.99  160.25
  20.25  131.64
  20.80  173.01
  21.72  112.87
  22.03   41.35
  22.37  179.15
  23.38  171.19
  23.49  176.35
  23.52  163.51
  23.52  126.85
  24.22  202.66
  25.21   80.89
  25.38   80.67
  26.35  173.43
  26.40  123.90
  26.68  201.65
  27.96  134.50
  28.52  176.42
  28.57  204.48
  28.78  140.55
  29.87  168.75
  29.91  169.27
  30.10  164.72
  30.67  178.51
  31.42   81.12
  32.17  126.93
  32.36  155.69
  32.42   62.83
  32.67  135.89
  32.91   67.63
  32.98  204.76
  32.98  172.64
  32.99  152.10
  33.00   41.63
  33.16   73.88
  33.93   23.17
  34.12  143.41
  34.82   46.00
  35.14  148.76
  35.39   64.13
  36.28   61.45
  36.32   55.08
  36.66  166.54
  36.74  103.00
  36.78  107.65
  37.22   75.95
  37.87  206.02
  38.20  177.49
  39.21   89.39
  39.76  155.88
  39.98   94.12
  40.74   43.48
  41.17  202.64
  41.17  204.31
  41.29  121.71
  41.31  134.17
  41.32   74.49
  43.85  134.15
  44.44  116.33
  44.72  107.78
  45.12   26.34
  45.30   90.40
  45.94   75.18
  46.09  156.53
  46.40  129.71
  46.61  195.90
  46.75  153.00
  46.87   42.34
  47.35   97.98
  47.60  161.56
  47.80   19.72
  47.80  208.44
  49.47  105.81
  49.68  117.05
  49.93   24.94
  50.01  126.77
  50.16   36.69
  50.21  128.73
  50.86  192.96
  51.18  159.82
  51.25  152.60
  51.80   20.22
  52.06   73.37
  52.38  209.82
  52.54  113.52
  52.70  131.53
  52.85  107.57
  52.99  142.51
  53.16  148.66
  53.24   94.13
  53.40   27.77
  53.57   42.36
  54.43  167.77
  54.77  116.08
  54.82  145.89
  54.91  127.72
  55.63   33.78
  56.83  104.12
  56.84  117.94
  56.91  185.10
  57.76   98.59
  58.07   20.31
  58.25  157.19
  58.91   24.25
  59.31   76.54
  59.44  123.10
  59.69  113.29
  60.17   93.88
  60.41  190.11
  60.92   98.61
  61.21  136.61
  61.71   87.08
  62.05  136.68
  62.06   87.18
  62.41  153.71
  62.57   20.79
  63.03  113.27
  63.28  204.67
  64.06  149.50
  64.16   74.00
  64.50  104.22
  64.67  160.41
  65.09  144.30
  65.56  165.94
  66.88  205.54
  67.75   77.06
  68.70  100.59
  69.88  202.11
  70.67  144.86
  72.43  107.04
  72.94  188.39
  74.58  123.29
  74.93  177.40
  75.01   74.69
  75.17  147.94
  75.28  135.03
  75.30  153.86
  75.47  170.52
  76.00  173.97
  76.42  158.24
  77.24  180.68
  77.40  166.64
  78.55  172.84
  78.65  143.37
  79.92   76.69
  80.08  199.66
  80.29  186.90
  80.60  134.72
  81.30  105.60
  81.54  184.04
  82.12  141.08
  83.02  139.78
  83.92  133.27
  84.33  159.51
  85.33  186.10
  85.66  202.63
  86.37  156.30
  86.58  141.92
  87.03  162.00
  87.20  102.92
  87.25  103.30
  87.66  130.97
  87.75   79.96
  88.26   58.02
  88.42   66.76
  88.46  170.01
  88.70  129.22
  89.48  106.56
  89.89  113.75
  90.78   77.84
  90.99   86.19
  91.12  209.45
  91.42  204.89
  92.35   55.98
  92.85   64.57
  93.32  132.24
  93.32  211.71
  94.80  176.70
  94.93   87.52
  94.94  171.39
  95.11  160.35
  95.16   51.92
  95.61   82.04
  96.51   66.87
  96.82  142.46
  96.92   70.55
  97.56   55.24
  98.51  169.72
  98.93   82.18
  99.93  155.41
 100.54   62.76
 102.00   87.12
 102.24   46.49
 102.92  100.49
 103.26   94.01
 103.28   14.00
 104.67  132.26
 104.76  166.53
 105.35   89.24
 105.56  146.50
 105.88   40.35
 106.17  155.74
 106.19  171.83
 106.33  182.89
 106.37   79.83
 106.73   83.17
 106.77   13.83
 106.99   96.18
 107.41   47.22
 107.76   55.20
 108.90   87.90
 108.92  116.75
 110.77   56.01
 111.01   16.39
 111.17   97.17
 111.63  130.40
 111.86   47.66
 112.19   47.02
 112.83  101.78
 113.02  180.65
 113.94   75.37
 113.98   89.62
 114.27   56.28
 114.34  171.88
 115.02   83.48
 117.33   95.43
 117.56   71.85
 118.19  101.79
 118.43  151.93
 119.07  176.77
 119.15   54.09
 119.15   63.38
 119.99   79.35
 121.07  130.47
 121.26  173.56
 122.61   40.09
 123.05   53.84
 123.17   97.40
 124.34   20.60
 124.82  156.03
 124.90   89.28
 125.03  107.80
 125.60   74.50
 125.91  153.17
 126.32  122.44
 126.99  119.29
 127.29  178.92
 127.38   17.84
 127.43  174.01
 128.01   83.38
 129.03   96.68
 129.40   36.75
 130.00   43.50
 130.86   89.87
 130.97  162.90
 130.98   79.96
 131.28  152.79
 131.28   58.24
 131.57  102.60
 131.63   17.07
 131.98   75.93
 132.16  133.96
 132.82  122.90
 133.13  187.85
 133.73   80.24
 133.93   86.18
 134.08   38.98
 134.24  177.51
 134.34   55.98
 135.07   14.94
 135.19  131.27
 135.52   90.10
 136.24   18.88
 136.28  175.67
 136.45   73.24
 136.48   97.02
 136.74   73.39
 137.02  111.31
 137.13  124.14
 137.16  103.08
 137.37  154.35
 137.96   62.11
 138.69  163.57
 138.78   68.93
 138.87   38.02
 138.89  165.86
 139.26   58.83
 139.37   15.65
 139.41   67.62
 139.43  177.33
 139.69  107.43
 140.85   78.99
 141.32  138.99
 141.43   86.03
 141.43  161.00
 142.04   56.97
 142.42   31.14
 142.52   98.70
 142.83   71.75
 142.84  124.85
 143.28   25.55
 143.71   42.30
 143.91  155.59
 144.04  126.79
 144.91  181.50
 144.92  160.69
 145.44  109.07
 145.75  136.60
 145.89   89.47
 145.99   65.28
 146.42  189.04
 146.50   77.03
 147.27  192.24
 147.28  174.38
 147.69   94.92
 147.89  166.12
 147.97   49.90
 148.46  184.88
 148.78   21.28
 148.84  139.05
 148.94  158.29
 149.51   62.96
 149.52  112.27
 149.55  161.00
 150.13   52.45
 150.20   68.81
 152.36   74.54
 153.43   91.46
 153.85  137.94
 154.42   69.18
 154.73   29.99
 154.90   43.48
 156.14   56.68
 156.65  199.05
 156.71   20.44
 156.74   62.22
 157.31  199.35
 157.57   41.43
 157.90  145.59
 158.45  141.79
 158.81   27.01
 158.92   57.93
 159.18  114.48
 161.15   23.19
 163.36   60.57
 163.37  140.96
 163.53  157.67
 163.65  165.33
 164.67  152.49
 164.83  168.30
 165.12  112.18
 165.16   83.64
 165.36  195.21
 165.36  175.72
 165.92   86.10
 166.10  166.32
 166.32  172.46
 166.61  116.12
 166.84   77.58
 166.96  107.50
 167.45  107.77
 167.93   73.16
 168.27   66.31
 169.73  148.81
 169.87  144.94
 170.80  133.23
 171.15  188.52
 174.12   74.81
 174.17   71.04
 174.34  145.34
 174.92  174.51
 175.10  128.93
 175.72   64.16
 175.88   56.16
 175.95   96.27
 176.06   92.14
 176.71  110.38
 177.73   99.75
 177.85  163.26
 177.96  169.86
 178.11   85.75
 178.12  140.51
 178.22   94.24
 178.54   21.16
 179.15  191.39
 179.81  160.96
 179.85  133.05
 180.54   35.96
 180.58  111.24
 180.79  180.77
 180.85   88.19
 181.07  175.67
 181.22  199.55
 181.25  172.25
 181.34  202.95
 181.54   21.09
 181.72  170.42
 181.80  151.06
 181.88  147.52
 184.22  108.92
 185.27   27.45
 186.07   93.14
 186.21   97.80
 186.84   85.84
 187.44  205.08
 188.41   81.84
 188.44   90.56
 188.51  156.60
 188.55  179.81
 188.82  173.85
 189.25  170.01
 190.17  133.43
 190.33   87.62
 191.12   80.95
 191.61   43.62
 192.01  182.67
 192.36   97.22
 192.38   83.70
 192.51  115.73
 192.72   83.90
 193.05   55.40
 193.13  135.46
 193.35   41.63
 193.40  119.41
 193.67  212.81
 193.98  138.12
 194.00  139.83
 194.19  123.62
 194.51   51.00
 195.77   87.85
 195.78   82.05
 195.79   91.02
 196.12   48.94
 196.40   99.07
 197.00   29.81
 198.09   35.53
 198.54  136.33
 198.63  139.88
 198.75   60.43
 199.10  198.66
 199.40   81.08
 199.47  184.21
 199.55   43.72
 200.20   56.95
 200.41   22.30
 201.36  120.53
 201.39   61.99
 201.88  201.55
 202.38  150.25
 202.79   70.55
 203.31   29.45
 203.47    9.86
 204.20  173.23
 204.21   89.95
 204.33   20.64
 204.46  178.28
 204.52   44.17
 204.58  113.65
 204.94  133.58
 205.72  170.52
 205.80   16.82
 206.08   25.50
 206.35   51.46
 207.26   48.22
 207.53   90.08
 208.19  185.48
 208.52  115.19
 208.66  145.99
 209.23  129.40
 209.32   98.59
 209.58   35.17
 209.77   58.74
 210.21   45.44
 210.23  180.36
 210.73   83.88
 211.83   66.13
 212.25   26.70
 212.49   90.28
 213.06   75.45
 213.13  140.19
 213.16   81.06
 213.83  181.89
 213.99   33.60
 214.48   50.39
 214.52   62.40
 214.79   90.89
 214.92  171.79
 215.17  151.31
 215.91   79.19
 216.30  121.67
 217.07   56.20
 217.10  117.93
 217.12   71.89
 217.25  166.07
 218.07  154.17
 218.09   61.18
 218.30   64.53
 218.88  169.00
 218.95   99.71
 219.30   25.75
 219.40   75.18
 219.43   16.85
 219.66   95.37
 220.00  184.64
 220.14   95.97
 220.54  170.53
 221.05   64.77
 221.14  210.04
 221.75  166.28
 221.77   14.19
 221.85  166.30
 222.98  112.78
 223.85  174.95
 223.95   16.40
 223.99  173.00
 224.17  170.82
 224.63  139.88
 225.09  156.47
 225.26   65.49
 225.88  180.02
 226.00  166.81
 226.05   88.73
 226.50   92.87
 226.65  157.35
 226.94  173.15
 226.94  100.32
 227.13   16.25
 227.38  153.70
 227.41   82.13
 227.95  210.98
 228.08   55.76
 228.46  112.24
 228.51  176.43
 229.27  127.16
 229.58  113.05
 230.85  183.73
 231.08  171.43
 231.09   89.09
 231.19  187.43
 233.16  119.39
 233.90   70.49
 234.05  102.39
 234.84  176.69
 235.35  181.77
 235.98  169.59
 235.99   64.17
 237.32  166.32
 237.57   82.91
 237.62   97.14
 239.32  146.23
 239.59  103.69
 240.23   39.83
 240.28   74.12
 240.33   50.40
 241.12   77.95
 241.79  158.68
 242.19  158.27
 242.52  171.11
 242.61   92.37
 243.62  175.08
 243.69   89.28
 244.30   44.55
 244.69   84.55
 245.27  171.36
 245.34  111.66
 245.39   67.96
 245.64   68.09
 246.11   96.65
 246.36  188.82
 246.61   61.39
 246.68   21.01
 246.86  147.43
 246.89  119.47
 247.87   40.78
 247.91   37.78
 248.58  123.15
 248.60   45.42
 248.64   54.51
 248.71  105.52
 249.03   89.28
 250.24   73.96
 250.86   82.41
 251.44  102.13
 252.77   48.83
 252.85  184.99
 253.05   30.50
 253.89  188.17
 254.19  105.43
 255.42   72.86
 255.58   46.56
 255.79   30.13
 256.32   98.52
 256.89   27.53
 257.13  173.51
 257.21   48.91
 257.36   62.91
 257.44  127.68
 257.60   36.53
 257.88  154.22
 257.97   56.82
 258.78  204.85
 258.83  163.00
 258.93   85.36
 259.46  189.68
 259.53   83.42
 259.64   24.16
 260.20  147.55
 260.59  201.17
 260.85  147.81
 261.09   41.42
 261.15   99.34
 261.70  182.67
 261.76   30.83
 262.18  156.67
 262.45   94.32
 262.62  167.03
 263.02   47.69
 263.08   18.50
 263.21   17.83
 263.25   64.63
 263.85  129.51
 263.86   26.42
 264.16   87.09
 264.90   77.34
 264.95   55.30
 265.59   59.95
 265.77   68.28
 266.34  132.40
 266.47   29.75
 267.11   94.23
 267.23   89.71
 267.51  101.84
 268.50   72.71
 269.19   31.82
 269.57  213.40
 270.07   83.81
 270.10  209.91
 270.15   58.98
 270.76  206.88
 272.24   48.23
 273.82   22.32
 274.88   49.19
 275.05   74.59
 275.13   94.33
 276.21   61.90
 276.46   52.41
 277.40   80.27
 277.98  196.07
 278.03   57.84
 279.57  162.07
 280.13   22.42
 280.49  195.43
 280.93  153.79
 281.04  154.79
 281.51   55.61
 282.62   92.49
 284.16  152.67
 284.22  101.80
 285.33   76.79
 286.41  135.00
