   9.19   73.97
  10.17   15.46
  11.51   70.35
  12.49   11.63
  13.27   86.49
  13.68   62.51
  13.86  138.10
  14.24  144.91
  14.30   15.39
  14.67  164.20
  15.08  104.58
  16.69  161.55
  17.61  169.17
  18.10   50.62
  19.18  161.82
  19.24  138.29
  19.68   74.30
  21.67   59.90
  22.89  116.55
  23.10  166.97
  24.30  107.59
  24.55  139.15
  24.88  144.89
  25.02   69.01
  25.70  143.39
  28.22  172.91
  28.52   23.22
  29.42  119.54
  30.32   21.08
  31.30  121.23
  31.89  160.66
  32.18   54.33
  32.69  135.32
  32.75   65.50
  33.60  141.55
  35.73   86.98
  36.21   59.99
  36.36   56.94
  36.71   61.98
  36.74  169.76
  37.44  183.68
  37.90   90.10
  38.07   26.66
  38.28   74.45
  38.68  128.44
  40.02   68.40
  40.66  102.67
  40.94   11.99
  42.26   91.15
  44.61   66.69
  44.62  118.68
  45.18   86.85
  46.05   73.93
  46.46  100.40
  47.54   87.76
  47.84  207.09
  48.73  106.16
  49.04   91.28
  49.26  189.79
  49.63  179.29
  50.16  139.01
  50.53  133.64
  50.69   68.91
  50.78  201.17
  51.10  158.60
  51.30  100.20
  51.85   95.73
  52.35  105.27
  52.36   16.98
  52.76  110.42
  52.77  167.80
  52.83  144.11
  53.06  100.12
  54.03   72.82
  56.08   16.38
  57.37   56.56
  57.50   87.99
  57.88  107.99
  58.18   12.86
  59.38   16.64
  59.47  139.57
  59.66  155.96
  59.91   55.88
  59.99  190.74
  60.00   64.56
  60.04   91.63
  60.27   69.30
  61.08  113.08
  61.19  135.09
  62.39   16.73
  62.70  100.64
  62.74  113.66
  63.46   81.18
  64.65   67.54
  65.09  164.31
  65.14   96.00
  65.98   91.51
  66.08   16.68
  66.17  120.29
  66.61  165.42
  66.75  177.64
  66.80  145.48
  66.95   56.40
  67.52   87.44
  69.70  162.08
  69.74   72.81
  69.80  107.96
  70.95   75.47
  71.40   16.78
  71.49   81.07
  71.89   91.98
  72.09  143.55
  72.12   55.93
  72.23   77.82
  72.25  177.72
  72.26   19.43
  72.27  201.01
  73.15  195.08
  73.27  112.06
  73.31  120.90
  73.45   52.69
  73.86  162.57
  77.10  143.69
  77.12   91.55
  77.96   96.27
  78.24   55.40
  78.58  112.82
  78.74  103.06
  79.06  126.76
  79.29  101.26
  79.39   59.71
  79.42   65.20
  79.56   65.64
  79.79  178.50
  80.24   88.53
  82.44   50.04
  82.56   71.64
  82.85  110.08
  83.03   31.44
  83.60   30.98
  83.68  132.20
  84.10   92.20
  84.22   75.97
  85.13   69.15
  85.31  126.78
  85.42  117.47
  85.49   98.70
  85.73   78.50
  85.87   55.43
  86.87  151.68
  87.45   47.51
  87.53  180.75
  87.99  212.47
  88.17   63.65
  88.66   72.34
  89.06  136.98
  89.21   81.68
  89.42  154.98
  89.60  144.88
  89.64  171.55
  89.72   72.36
  89.89  170.99
  89.96   95.01
  90.05   22.45
  90.19  130.66
  90.38   61.06
  90.90  179.58
  91.20   20.10
  91.77  159.12
  92.15   88.72
  92.21  121.85
  92.90  101.42
  93.37  159.70
  93.75  126.07
  93.85   64.84
  93.89  194.85
  94.05   70.54
  96.05  166.38
  96.74  147.31
  96.93   86.83
  97.50   72.64
  97.69   58.47
  98.16  103.81
  98.73   76.59
  98.80   68.23
  98.84   94.30
  99.76  186.73
  99.77  180.84
 101.00   70.04
 101.32   81.05
 101.40  165.75
 101.55   20.28
 101.83  115.31
 103.47  103.21
 104.23  175.84
 105.03  112.43
 105.27  126.80
 105.96  154.20
 106.14   63.14
 106.70  115.28
 106.75  170.97
 106.90  103.02
 107.06   20.47
 107.14   73.05
 107.32  189.61
 107.32  138.70
 107.85   86.73
 108.58   22.78
 109.06   63.54
 109.18  134.07
 109.60  131.45
 109.71  164.43
 110.26  107.14
 111.19  172.81
 111.27  163.45
 112.75  119.97
 113.10   58.62
 113.48  166.40
 113.93  175.12
 115.06  154.62
 115.25  162.21
 116.13  172.51
 118.68  106.73
 118.94  177.52
 121.63   68.02
 122.79   21.04
 122.92  120.65
 124.12   74.82
 125.76   22.97
 126.41   69.11
 126.95   20.22
 127.92   81.24
 127.98   57.85
 131.21   69.52
 131.39   13.36
 132.69   50.73
 132.95   19.43
 133.88   22.06
 134.14   78.47
 134.67   43.16
 136.49   85.88
 136.53  102.76
 138.03  121.05
 140.67   77.31
 141.46   55.81
 141.75  133.69
 142.00  133.78
 142.05   20.31
 142.75   11.40
 143.30  180.97
 148.32   39.13
 148.52   50.85
 148.53   51.44
 149.74   60.56
 150.15  143.14
 151.28  182.47
 153.48   75.42
 154.62  175.27
 156.36   74.56
 157.25  171.22
 157.57  169.53
 158.86   77.94
 159.07  126.65
 160.69   14.25
 160.79  135.30
 160.90   72.00
 161.42  167.05
 163.01   40.25
 163.22   45.11
 165.01  138.27
 166.52   58.69
 166.88   62.25
 168.19  192.70
 168.61   39.72
 169.15   93.30
 171.23   34.44
 172.43   37.07
 172.50   63.64
 174.16   39.43
 174.18   44.96
 175.17  177.03
 175.99  169.27
 176.35   68.71
 176.64   37.51
 176.88   63.48
 176.91   55.50
 178.29  121.82
 178.33  193.24
 180.43   10.80
 181.73  127.10
 181.88  184.99
 184.17  169.86
 185.74  197.20
 188.67  183.48
 188.75  183.85
 189.28  111.31
 190.88   35.83
 192.49   98.84
 195.01   32.01
 195.21   24.90
 195.26  100.46
 195.42   89.08
 196.82  113.42
 198.48   94.07
 200.17  113.51
 200.62   52.29
 201.36   65.81
 201.37   42.46
 202.15   79.71
 202.27   84.60
 202.91  148.80
 204.07   72.87
 204.34   91.71
 205.27  131.10
 205.91  138.22
 206.22  138.03
 206.45   57.32
 206.46  182.58
 206.88  182.41
 207.27  171.42
 207.66  197.01
 207.91   62.61
 208.07   88.12
 208.23   74.86
 208.58   69.77
 208.74  131.50
 209.00   74.03
 209.54   85.94
 211.12  188.73
 211.56  199.12
 212.07  131.89
 212.28   79.56
 214.32  180.09
 214.77  189.28
 215.18  131.95
 215.27   80.77
 215.77  171.66
 215.81   54.76
 216.09   62.85
 216.45  110.02
 216.71  183.55
 216.74   92.12
 217.86  182.53
 218.05   50.27
 218.50  132.24
 218.54  190.72
 219.53   47.25
 219.94   58.72
 221.20   50.06
 221.57  182.42
 221.77   86.26
 222.23   74.21
 222.63   69.46
 224.15   62.96
 224.43   83.63
 225.26   28.58
 225.38  182.64
 225.82   47.13
 226.50   69.04
 226.73   80.20
 228.57   44.74
 229.06   92.21
 230.84   76.06
 231.05   46.40
 231.06   51.22
 233.30   73.84
 233.45   45.29
 234.42   94.99
 235.02   59.39
 235.67   53.79
 235.71   46.58
 236.12   82.76
 237.53  172.96
 237.95   76.51
 239.03   37.13
 240.23   52.97
 240.33   42.72
 241.44   49.76
 242.23   44.83
 242.42  204.38
 243.31  191.18
 245.24   52.78
 245.73  183.70
 246.28  190.05
 246.48  173.35
 247.49   81.99
 251.05  183.54
 251.07   51.02
 251.50   74.29
 253.62   73.77
 253.69   81.94
 257.14   40.41
 257.38   92.28
 257.66   47.95
 257.77   50.91
 258.25   77.58
 258.37   35.39
 258.66   73.98
 260.61   36.42
 261.72   50.81
 262.20   86.12
 262.74   82.34
 265.59   50.79
 266.39   75.94
 268.72   80.28
 268.80   80.30
 269.04   92.64
 272.56   73.03
 272.90   73.05
 275.75   86.65
 276.25   81.35
 277.32   74.12
 280.29   69.51
 283.29   37.10
 283.54   91.05
