   7.64  184.45
   8.20  184.15
   9.50  212.29
  11.04  151.01
  11.39  174.80
  12.83  143.03
  13.41  206.08
  13.53   96.82
  13.95  193.54
  14.45  149.02
  14.97  181.18
  15.20  166.36
  15.30   88.75
  16.57  191.25
  16.93   93.32
  17.07   71.66
  17.16   97.45
  17.59   60.36
  17.65   75.09
  17.69  109.91
  19.72  181.73
  22.92  113.77
  22.98   94.53
  23.07  193.15
  24.53  201.45
  24.62   71.81
  24.63  209.27
  25.78  165.00
  26.84  130.48
  27.70  142.47
  28.16   57.75
  29.63  165.13
  30.06   98.57
  30.10  198.38
  30.34  178.53
  30.35   11.90
  31.90  169.86
  32.03  131.17
  32.63  141.08
  32.81   72.66
  32.83  202.10
  33.11   14.30
  35.23  124.35
  35.86  131.79
  36.92  133.18
  37.74   59.90
  38.09   72.21
  38.44  121.43
  38.47  163.35
  39.98  155.60
  41.01  167.24
  41.10  109.55
  41.68   78.64
  42.23  131.56
  42.34  177.25
  42.44  170.80
  42.76   99.31
  43.10  112.82
  43.12   60.22
  43.83  180.72
  44.28  117.32
  44.34   92.86
  44.93  168.41
  46.52  208.20
  46.60  198.95
  47.28  163.84
  47.99  117.07
  48.21  125.43
  48.37  122.10
  48.46  141.16
  48.46  186.01
  48.70  145.21
  49.29  109.92
  51.05  188.28
  51.50  170.02
  51.99  126.46
  52.10  144.74
  52.20  184.03
  53.02  162.54
  53.27  157.80
  53.91  199.69
  54.56  132.79
  54.85   98.41
  54.96   98.13
  55.14  179.23
  56.89  131.20
  57.92  116.74
  58.69   92.81
  59.47   95.69
  60.10  137.03
  60.83  130.13
  61.07  148.03
  61.65  185.31
  63.06   92.66
  63.36  196.71
  64.31  134.05
  65.69   98.89
  66.10   93.35
  66.13  112.60
  67.29  167.64
  67.39  128.46
  67.40  125.40
  67.89  111.23
  68.51  156.04
  70.01  126.46
  70.54   98.77
  70.62  102.26
  71.10  173.11
  71.80  149.57
  71.95  162.92
  72.05  118.26
  72.20  123.06
  72.71  113.99
  74.05  126.44
  74.35  122.40
  74.78  157.75
  75.06  162.59
  75.47  100.42
  76.08   93.11
  77.38  170.27
  77.79  132.81
  79.72  125.67
  80.48  178.22
  80.65  104.58
  80.98  101.84
  83.11   94.24
  83.25  118.37
  83.36  137.24
  86.87  121.28
  86.91  126.41
  87.05   92.44
  87.99  131.64
  88.83  131.56
  88.88   79.53
  89.70  125.62
  89.79  141.25
  91.45  100.93
  91.77   82.93
  92.20  184.88
  92.46   97.31
  92.54  104.45
  93.51  182.22
  94.39  127.82
  95.48  158.06
  95.73  109.45
  95.89  138.38
  96.03  178.36
  96.04   81.69
  96.42   94.66
  97.71  105.58
  98.39  162.42
  98.42  116.74
  98.51  124.06
  99.07  198.28
  99.10   79.96
 100.05   83.24
 100.59   86.46
 100.97  104.96
 101.64  151.41
 101.77  188.80
 102.11  161.72
 102.11  136.05
 102.78  110.18
 103.26   84.03
 104.26  126.74
 104.37  150.71
 104.81  205.97
 105.19   79.53
 105.32  102.45
 106.63  138.23
 106.71  108.08
 107.43  148.02
 108.09  127.74
 108.12  188.80
 108.14  178.61
 108.21  198.63
 108.57  121.11
 108.62  156.87
 110.77  128.47
 110.89  193.73
 111.04  183.63
 111.33  108.33
 111.51   80.35
 111.74  209.95
 111.77  204.00
 111.83  122.80
 111.94   99.83
 112.89   96.82
 113.23  133.45
 114.35  165.39
 114.96  111.93
 115.09  152.36
 115.74   82.63
 116.43  159.36
 116.46  179.70
 116.88  149.70
 116.88  189.00
 116.89  198.56
 116.90  135.64
 117.35   93.19
 117.55  140.75
 118.99   98.74
 119.20  167.30
 119.29  155.69
 119.50  136.89
 119.54  132.22
 119.96  151.92
 119.97   93.71
 119.98  183.23
 119.99  156.96
 120.01  167.10
 120.02  146.35
 120.36  140.50
 120.45  143.50
 120.47  199.45
 120.53  191.52
 120.70   79.57
 121.01  105.78
 121.05  207.37
 122.78  135.60
 123.14  165.08
 123.29  155.50
 124.28  125.07
 124.60  201.24
 124.79   96.02
 125.25  192.10
 125.33  174.82
 125.43   82.61
 125.57   86.89
 125.69  172.45
 125.94  177.82
 125.95  206.69
 126.32  169.27
 126.58  121.54
 126.73  159.52
 126.88  199.25
 127.66  116.89
 127.87  148.80
 128.63  156.56
 129.06  112.03
 129.95   80.21
 130.22  115.00
 130.23  120.47
 130.82  196.29
 131.55   90.60
 132.21  173.90
 132.61  190.85
 133.01  169.25
 133.41  203.20
 133.98  141.15
 134.26   43.52
 135.30  174.24
 137.07   41.92
 137.55  200.36
 138.36  138.47
 139.06  209.27
 139.38  125.52
 139.94  196.42
 139.95  170.70
 141.17  148.36
 141.19  110.28
 142.64  207.80
 143.02  198.63
 143.37  166.07
 143.60  154.51
 144.12  125.95
 144.39  142.74
 144.42  114.96
 145.24  128.90
 147.96  150.37
 151.56  194.92
 153.00   75.16
 153.16  121.23
 153.93  125.78
 154.15  148.51
 156.47  122.81
 156.54  201.44
 157.32  205.00
 157.42  213.31
 157.76  118.38
 158.58  126.33
 159.55  148.83
 160.44   83.90
 160.57  129.59
 161.54  110.46
 161.75  162.04
 161.78  197.62
 162.08  122.38
 162.09  104.22
 162.25  170.85
 163.12   87.44
 163.26  207.87
 165.40  160.31
 165.54  108.12
 165.55  177.11
 165.56   76.40
 165.79  198.79
 165.97  183.15
 166.38  123.40
 166.84  137.78
 166.87  165.99
 167.16  206.50
 167.40  202.06
 167.45  202.16
 168.35  143.53
 168.46  197.51
 168.65  157.75
 168.90   93.33
 169.23  127.49
 170.94   86.85
 171.29  181.32
 171.87  138.94
 172.25   90.34
 172.29  166.07
 172.55  152.41
 172.71  180.81
 174.87   87.44
 175.17  125.63
 175.19  115.19
 175.75  200.16
 175.85  152.48
 176.51  196.44
 176.55  135.14
 176.78   89.87
 177.86  165.85
 179.31  198.92
 179.62  166.36
 179.65  134.85
 179.76  177.22
 179.94   93.80
 179.95  106.88
 180.17  194.33
 180.25  194.53
 180.29  111.69
 180.30  139.33
 180.67  154.19
 180.92   69.70
 181.49  128.93
 182.86  180.31
 182.95  141.65
 183.00  104.15
 183.13  141.22
 183.38  108.83
 185.69   85.08
 186.27  173.56
 186.38  105.85
 187.45  168.87
 188.43   86.77
 188.81   74.55
 188.94  129.79
 189.52  176.78
 189.80   99.86
 191.00  178.39
 193.26   69.20
 194.01  180.91
 194.26  133.66
 194.46  140.01
 195.26  148.08
 199.64   98.33
 200.57  149.50
 200.68   75.08
 201.20   68.59
 201.62   96.00
 207.96  132.13
 209.10  143.35
 212.19  141.99
 213.08  110.22
 215.84  147.57
 216.39   96.80
 216.88  115.75
 217.79  106.33
 218.13   85.69
 218.49   85.36
 218.62   38.25
 220.12   36.91
 221.62   98.56
 223.77   78.02
 226.33   73.54
 227.27   86.47
 228.40   70.60
 229.25   77.89
 230.48  119.73
 231.53   43.30
 233.06  130.07
 233.10  149.10
 233.23  117.69
 233.58  172.57
 233.75  100.06
 234.07  152.66
 234.21   81.70
 234.33   81.70
 234.77  109.34
 236.44   37.76
 236.50  160.14
 237.59   44.16
 237.86   69.82
 238.44   60.45
 238.96   35.90
 239.52   66.87
 239.55   40.00
 243.58   91.99
 243.99  203.04
 244.44   43.91
 245.84  154.08
 245.90   67.12
 245.97   78.72
 246.41   37.70
 246.61   37.48
 247.61   37.11
 247.72  187.94
 247.77   59.96
 247.93   54.48
 248.11   48.23
 248.21   90.02
 248.29   94.86
 248.79  139.09
 250.41  142.94
 251.88  212.94
 252.15  110.08
 252.49   58.67
 252.83   45.09
 253.57  105.66
 254.75  140.78
 254.95   52.41
 256.01  126.84
 256.41  139.14
 259.10  138.19
 259.33  209.89
 263.79   55.17
 266.21  128.82
 275.14  125.06
 284.52  127.08
 285.62  139.77
