   8.59  130.62
   8.66   16.37
   9.27  208.95
   9.30  152.22
   9.73  205.22
  10.29   49.88
  11.22  135.81
  11.31   71.40
  11.47  134.03
  11.60   34.55
  11.73   63.25
  11.91   57.53
  13.14   52.96
  13.34   18.76
  13.55   21.85
  13.64  164.53
  13.72  161.32
  13.91   13.69
  14.62  198.86
  14.96   43.65
  15.76  130.58
  15.91   23.90
  16.11  203.72
  16.52  207.88
  16.55   18.35
  16.98   13.92
  17.21   10.25
  17.57  139.95
  18.03  166.67
  18.75  123.54
  18.84   23.33
  19.06   20.17
  19.15   43.99
  19.24   69.05
  20.27  161.01
  20.67  208.48
  21.34  198.73
  21.44   35.49
  21.65   67.31
  22.04   23.94
  22.18  168.38
  22.51  203.72
  22.63   34.22
  22.74   64.77
  22.99  113.81
  23.17   96.43
  23.49   37.25
  24.28   60.17
  24.34  135.00
  24.64   74.03
  24.84   69.12
  26.06   32.73
  26.62   20.05
  26.68  111.18
  26.87  164.03
  27.73  187.27
  28.31  125.00
  28.91   94.98
  29.25   14.47
  29.41   53.03
  29.55  177.49
  31.38  105.53
  31.58  185.97
  31.70  203.96
  31.80   27.30
  32.22   31.15
  32.98   50.00
  33.54  164.03
  33.61  177.72
  33.78   58.53
  33.90    9.52
  34.04   73.07
  34.33  207.67
  34.39   17.29
  34.64   36.26
  34.75   77.84
  35.66  185.63
  36.52   57.48
  36.95   38.09
  37.37   12.87
  37.73  185.58
  37.96  105.63
  38.54   60.77
  39.31   20.67
  39.62   21.46
  40.19  204.51
  41.32  167.01
  42.08   77.60
  42.24  170.50
  42.36  207.86
  42.71   94.07
  43.46   66.69
  43.64   25.35
  43.74   72.87
  43.82   61.69
  44.13   44.43
  44.41  120.43
  44.79  106.00
  44.89   75.59
  45.04   69.18
  45.33   59.04
  45.54   63.81
  45.76  207.76
  45.80  107.31
  46.33   68.04
  47.76  181.97
  48.32  203.02
  48.40   70.14
  48.64  105.35
  48.74   96.25
  49.07   52.41
  49.40   45.41
  49.79   57.13
  50.60   63.20
  51.09   12.26
  52.41   23.20
  52.59  169.39
  52.68  124.91
  52.93   61.56
  52.95    9.96
  52.97   66.46
  53.05   73.40
  54.05   37.02
  54.94  152.73
  55.02   25.37
  55.11  204.14
  55.76  107.29
  56.43   67.50
  56.46  168.99
  56.91   41.97
  57.08  184.93
  57.15   73.16
  57.21   37.13
  57.33  133.71
  57.34  119.82
  57.35   10.04
  57.35  133.77
  58.17   18.99
  58.17   23.43
  58.86  105.37
  60.38  160.85
  60.58   36.47
  60.76   13.12
  60.95  171.61
  61.31  174.47
  61.33   17.50
  61.39  184.54
  61.54   58.37
  61.95   22.39
  61.96   35.27
  62.25   72.72
  62.30  107.45
  62.52   55.48
  62.88   67.49
  62.97   61.90
  63.49    8.81
  63.62   19.95
  63.86   15.38
  64.09  133.98
  64.35   67.75
  64.86  104.98
  65.04   45.50
  66.26  180.00
  66.48   69.11
  67.45  123.70
  67.74   57.02
  68.47   46.75
  68.56   51.12
  68.60   19.52
  69.33   61.38
  69.39  110.15
  69.70  201.79
  69.90   74.23
  69.97   14.95
  70.68   65.44
  70.78  181.97
  71.22  104.41
  74.38   56.06
  74.66   16.30
  75.07   59.53
  76.04   68.61
  76.91  104.80
  77.78   62.97
  78.09  153.04
  78.24  206.68
  78.26   72.42
  78.74   68.11
  78.81   68.38
  79.06   15.38
  79.08   20.21
  80.39   11.23
  80.92  169.80
  81.02  181.48
  81.50   16.72
  81.62  165.85
  83.28   10.21
  84.09  104.00
  84.41   45.21
  86.00   63.31
  86.07   29.90
  86.49   58.89
  86.55   67.94
  86.64  172.79
  86.89  112.65
  86.92   63.28
  87.00   53.99
  87.01   53.88
  87.21   72.40
  87.43   35.46
  87.86  104.14
  88.57   14.20
  88.67  181.24
  88.71   18.99
  88.82    9.20
  89.01  110.38
  89.12   95.32
  89.94   48.87
  90.01  106.14
  90.65  203.44
  90.77   68.79
  90.93  162.39
  91.65   73.44
  92.55  104.14
  92.97  120.31
  93.24   31.34
  93.47   71.53
  93.74  174.46
  94.68  173.03
  96.79  174.67
  97.37   44.32
  97.54  109.62
  97.70  128.63
  97.71   84.07
  98.15  209.72
  99.18   33.00
  99.22  103.29
  99.74  175.16
 100.80   93.04
 101.13  162.56
 102.03  165.51
 102.80   51.50
 104.90   97.13
 105.49   93.04
 105.68   28.81
 107.77  113.03
 108.59  206.20
 108.90   43.99
 109.06  174.40
 110.24   62.21
 110.52  171.41
 110.80  162.42
 110.84   77.92
 111.32   30.50
 112.28  165.96
 112.29   92.34
 114.94  106.54
 115.40  111.90
 115.78  103.41
 116.05   35.63
 116.24  138.35
 116.25   94.83
 116.42  183.38
 116.97  165.18
 117.89  129.40
 117.94  174.24
 118.31   77.18
 119.62   90.67
 119.86  170.55
 120.04  138.65
 120.57  123.67
 120.62  165.35
 120.64   91.45
 121.84  121.50
 122.04  182.85
 122.64  103.38
 123.01  172.94
 123.65  129.20
 125.30  174.72
 125.75  169.72
 126.64  111.70
 126.82  128.98
 127.18   77.99
 127.53  173.06
 127.74  161.91
 127.79   98.49
 128.46  182.88
 128.84  176.17
 129.21  111.81
 129.37  120.46
 129.49  102.54
 130.75   23.22
 130.81  129.16
 132.83  170.13
 133.00   32.13
 133.50  202.31
 133.81  179.92
 134.74  188.62
 134.78   28.81
 136.22  165.18
 136.25  151.81
 136.53  113.17
 137.65  153.92
 138.20  143.92
 138.41  107.17
 138.60  118.40
 138.97   44.64
 139.62  189.10
 139.65  201.42
 141.52  147.08
 142.29  135.79
 142.77  180.18
 142.82  213.70
 143.04  125.62
 143.10  204.51
 144.29   44.94
 144.77  117.57
 145.90  202.60
 146.17  201.35
 146.77   31.58
 146.90   95.07
 149.10  204.60
 150.74  135.50
 151.37  202.72
 152.06  115.96
 153.68  212.47
 153.74   50.85
 154.47  135.68
 154.48  117.82
 154.87  113.84
 154.97   82.84
 155.03   59.05
 155.09   64.29
 155.27   41.84
 155.35  122.92
 155.50   71.40
 155.95  110.55
 156.61  125.73
 157.96   77.43
 158.21   55.80
 158.25   73.29
 158.62  179.73
 158.69   24.66
 160.15  152.02
 160.95   74.66
 161.28   68.70
 161.41   64.72
 162.28   47.94
 162.56  125.65
 164.32  111.84
 164.37  111.85
 164.47   72.72
 164.83  212.31
 165.04  158.29
 165.06  178.91
 165.19  207.41
 165.43  187.33
 165.57   28.84
 167.36   34.96
 167.59  203.05
 167.75  210.73
 168.10  125.04
 168.11   70.21
 168.54   74.58
 169.83  208.43
 170.27   66.73
 170.68  161.61
 170.72  112.08
 170.74  211.91
 171.00   72.03
 171.52   45.84
 171.61   29.07
 172.46  202.70
 172.52  129.66
 172.59   93.98
 173.03  105.15
 173.16  210.67
 173.25  135.22
 174.06  125.10
 175.42  118.28
 176.88  161.51
 177.93  164.78
 178.08   31.44
 179.60   62.41
 182.87  160.44
 183.68   17.25
 183.77  169.79
 183.85  124.79
 184.46   86.19
 184.91  134.85
 185.06   36.55
 186.03  134.20
 186.25  119.05
 186.50  150.29
 186.77   28.24
 186.82  156.90
 187.30  207.92
 187.69   24.40
 188.61   71.52
 189.08   96.04
 189.70   67.58
 189.74  122.57
 190.12   29.46
 191.04   64.16
 191.69  123.15
 191.93   69.57
 192.18   74.31
 192.27  129.84
 192.33   36.24
 192.39   89.57
 194.41   15.35
 194.50  123.90
 194.52   15.41
 194.57  114.30
 194.94   24.91
 195.43  151.54
 195.61   30.84
 195.77  168.16
 195.81   36.40
 195.87  119.58
 196.16  178.85
 196.17   42.81
 196.54   61.36
 196.83  173.47
 197.00  135.02
 197.13   73.85
 197.42  113.08
 197.91   20.91
 200.15  139.69
 200.53   35.20
 200.68  189.62
 200.69  139.39
 201.84   65.16
 201.88  142.87
 203.13  158.58
 203.97   45.42
 205.28  105.75
 205.72   30.78
 205.75   63.18
 206.95   65.53
 207.85   68.12
 208.15  143.01
 208.53  134.85
 209.06  132.87
 209.66  176.05
 209.77  110.94
 209.96   62.28
 210.41  209.08
 210.45   31.47
 211.48   53.82
 211.55  137.52
 211.61  164.91
 212.89  151.19
 213.59  178.53
 214.12  127.88
 214.43  172.38
 214.52  134.71
 215.26   73.62
 215.37  158.57
 215.80  112.41
 216.22  168.99
 216.41  127.94
 216.59   33.31
 217.69   23.90
 218.57   65.16
 218.65  201.04
 219.36  151.16
 219.54  170.03
 220.15   73.50
 220.60   17.28
 220.70  137.39
 220.94  109.91
 221.99   71.07
 222.00   15.66
 222.07  122.07
 222.38   45.92
 222.39   61.34
 222.51  153.53
 223.03  176.40
 223.47   29.41
 223.73  148.41
 223.88  119.06
 223.94   88.59
 225.34   64.29
 225.66   94.07
 226.04  200.60
 226.04   24.86
 226.39   82.25
 226.66  171.94
 226.76   27.65
 227.11  140.21
 227.51  130.53
 227.87   75.76
 228.60   66.57
 228.76  178.52
 229.07  127.77
 229.93  106.22
 230.44   36.91
 230.53  212.14
 230.55   90.52
 230.68   82.12
 230.78  121.79
 230.96  164.05
 230.98   30.65
 231.17   51.42
 231.37  163.69
 231.61  121.25
 232.02   73.37
 233.40  118.80
 235.12   90.39
 235.58  127.40
 236.47   59.84
 236.68  116.22
 236.76   82.30
 236.79   67.35
 236.92   19.12
 237.64  107.04
 237.78   28.22
 239.03   32.26
 239.23   41.41
 239.56   90.85
 239.74   82.31
 239.99   58.70
 240.43   63.69
 241.01   68.47
 242.88   78.70
 244.27   13.47
 244.43   90.49
 244.90   60.29
 245.47   23.04
 245.59  207.18
 245.96  200.48
 246.25   68.69
 246.62  129.85
 246.72  102.54
 246.97   18.54
 247.37   46.03
 248.10   49.48
 248.38   75.21
 249.02  117.86
 249.27  134.37
 249.35  168.44
 249.99   63.50
 250.32   68.83
 250.33  125.25
 250.53   29.70
 251.88  133.42
 252.20   67.52
 252.35  168.86
 252.62  159.04
 252.94   92.30
 253.40   20.99
 253.45  107.68
 254.00   94.00
 254.24  169.99
 254.74  111.37
 255.44  127.08
 255.51  169.62
 256.11  130.70
 256.32   13.71
 257.09  121.48
 258.45  109.61
 259.06  102.33
 259.11   88.68
 259.24  124.05
 259.32  127.37
 260.13  116.42
 260.18  136.27
 260.80  111.51
 261.84  130.87
 262.51  207.87
 262.67   43.72
 263.06    9.73
 263.12   15.17
 263.38   28.03
 264.75   62.96
 264.98   27.02
 265.08  168.54
 265.13   72.45
 265.16  124.40
 265.20  127.74
 265.36   74.98
 265.55  111.29
 265.61    7.08
 265.80  207.38
 265.88   18.90
 266.02   14.16
 266.06   39.70
 266.11  166.16
 266.26  200.78
 267.77   46.08
 267.95   57.82
 268.63  210.22
 268.64   21.55
 268.73  108.91
 268.83  176.60
 268.86  131.16
 269.33   67.50
 269.45  123.00
 269.49   74.61
 270.05   30.62
 270.26  102.20
 270.96  111.21
 271.84  203.14
 272.00  123.78
 272.03  107.30
 272.05  113.71
 272.05   25.75
 272.19   73.07
 272.27  127.26
 272.65  101.19
 273.52   53.45
 273.65  104.15
 273.75  115.50
 274.16  168.59
 274.34   48.68
 274.72  118.17
 274.80   89.30
 275.28  170.98
 275.56  176.40
 275.60  180.82
 277.00  210.09
 277.03  150.89
 277.46   50.16
 277.60   88.13
 277.67   71.90
 277.77  114.04
 277.82  102.23
 278.26   93.88
 279.83    9.57
 280.06   30.05
 280.11  210.68
 280.57  205.44
 280.58  121.16
 281.12  164.89
 281.29  169.59
 282.29   98.43
 282.31  124.22
 282.71  193.99
 282.96  201.31
 283.00  127.21
 283.54  167.67
 283.54  121.07
 284.06   90.50
 285.17  117.98
 285.60  203.24
 286.14   36.38
 286.47  180.92
 286.47   66.09
