  10.22   90.84
  11.83   95.70
  13.18   99.12
  14.29  118.19
  16.85   96.51
  17.40  131.42
  17.51   84.39
  18.43  101.07
  21.66   94.24
  21.82   94.16
  24.41  117.78
  24.69   72.87
  29.75  125.83
  31.07  113.58
  32.17   38.28
  33.38   80.53
  35.15   46.94
  35.59   59.74
  36.05   82.83
  36.51  125.46
  37.53  125.61
  37.63   37.85
  37.68   76.49
  37.98  124.86
  39.37   45.78
  39.43   78.50
  40.27   70.22
  40.79   71.51
  41.07   71.74
  47.35  136.68
  49.03   77.84
  49.11  168.12
  49.11   72.38
  49.19   72.27
  49.35   66.11
  50.74  134.16
  51.05  169.60
  52.41  132.95
  53.12   42.73
  54.65   73.34
  55.12   72.77
  55.47   26.55
  55.84  130.67
  56.41   76.65
  56.57  123.21
  58.60  184.53
  60.07  131.62
  61.43  168.95
  62.48   56.14
  63.08   69.02
  67.29   73.90
  69.90   68.31
  71.45   37.29
  71.51   37.11
  71.61   72.40
  71.79   43.96
  72.22  121.90
  72.29  126.28
  72.54   94.73
  72.57  117.82
  72.70   76.30
  73.93  104.69
  74.95  123.36
  75.23  114.08
  76.35   85.00
  76.97   94.45
  77.57  107.37
  77.59  101.00
  78.06  124.60
  78.70   74.49
  79.04   96.94
  79.33   64.94
  80.96  106.36
  81.72  121.31
  82.61  165.56
  83.66  164.83
  84.48  155.85
  85.37  117.00
  85.48  121.91
  86.31  161.23
  86.60   77.78
  87.02  165.48
  87.09  128.43
  87.49   90.24
  87.58  102.99
  87.61   58.07
  87.73   75.06
  89.22   53.91
  89.24  128.52
  89.24  109.33
  89.87   74.21
  91.44  137.01
  93.53  111.41
  94.03   96.90
  94.50   61.59
  95.25   72.09
  95.44   48.75
  96.03  109.68
  96.64  113.42
  97.31  102.91
  97.78   98.23
  98.14  125.41
  98.18   90.96
  99.98  110.27
 100.17   90.74
 100.58   93.67
 102.14   62.49
 103.76  102.84
 105.03   35.84
 106.01   91.15
 107.12   57.81
 108.11   67.18
 108.95   30.69
 110.54  102.69
 110.79   94.96
 111.99   26.60
 114.15  124.36
 114.30   97.99
 114.87  118.04
 115.64   93.02
 115.75  100.88
 116.03   74.31
 117.11  106.10
 117.94  115.99
 118.00  138.57
 118.32  143.35
 118.41   96.48
 118.58  103.16
 118.66  128.09
 118.84   70.96
 118.93   80.12
 118.98   56.34
 119.31   93.74
 119.78  124.26
 120.60  120.62
 120.81  143.90
 122.39   71.61
 125.25  107.35
 126.10  112.63
 126.50   69.01
 126.90   42.90
 127.60   66.28
 127.72   92.55
 127.72   97.39
 130.41   63.25
 131.83   71.70
 132.34  101.90
 132.79  114.61
 133.20  105.71
 133.48   60.57
 133.97   63.69
 135.03  102.93
 136.45   72.60
 136.49   68.05
 137.27   64.87
 138.29  110.08
 139.01  114.62
 139.53   70.43
 140.35   82.96
 140.50   82.15
 140.63  107.81
 140.76   96.99
 141.84   67.32
 142.42  104.52
 142.84   77.26
 143.19   63.38
 144.56  109.38
 145.72   79.84
 145.94  105.28
 146.45  138.07
 147.21  101.10
 147.66   84.39
 148.15  145.55
 148.53   97.62
 148.95  109.91
 149.16  104.43
 149.46  112.39
 151.20   97.01
 152.53  122.35
 152.61  130.87
 153.46   72.46
 154.49   80.30
 154.74  104.27
 155.29   94.02
 156.03  159.00
 159.46   83.52
 159.85   87.46
 159.97   98.04
 162.10   77.46
 162.28  129.91
 164.53  136.16
 166.83   93.83
 167.16   20.43
 167.64   83.77
 169.42   36.90
 170.74  133.59
 170.77  133.48
 172.23  111.18
 172.52   87.37
 174.16   76.78
 176.75   87.88
 181.58   69.43
 182.48   73.28
 182.95   82.85
 185.10   76.18
 186.47   82.02
 187.24   66.66
 187.60  171.47
 188.10  108.71
 188.79   94.03
 189.82   69.86
 190.23   83.15
 190.91   59.28
 190.91   98.88
 192.94   93.87
 194.03   69.02
 195.40  111.10
 196.46  109.20
 196.64   96.83
 197.68   88.51
 198.57  174.90
 198.78   71.84
 199.23   78.59
 199.51   89.94
 199.86   92.66
 200.19   92.74
 201.04   80.89
 203.91   77.24
 204.73   85.29
 205.43   64.20
 205.75   93.89
 207.75  137.34
 209.01   91.83
 209.03   84.52
 211.75   88.35
 212.55   66.98
 214.12  112.58
 214.26   77.92
 214.34   84.85
 215.19  102.15
 216.05   98.76
 216.05   74.36
 216.48   87.86
 216.55   81.19
 218.47   67.55
 218.65   66.76
 218.67  106.76
 220.07   97.25
 220.11  109.72
 220.61   78.53
 220.94   89.58
 222.46   99.74
 223.91   80.36
 224.02   73.53
 224.76   89.10
 224.95  113.12
 226.83   77.43
 227.44  113.07
 227.53   94.68
 228.52   62.22
 229.30   63.64
 230.87   89.42
 231.85   79.08
 231.93   85.62
 234.31   82.40
 235.40   71.68
 235.65   88.78
 236.60  104.18
 237.46  208.40
 237.60   96.15
 238.07   88.49
 238.23    9.62
 238.36   85.79
 239.09   99.68
 239.17  109.56
 239.80   91.00
 240.89  104.50
 241.78   75.63
 241.81  201.70
 242.77  201.73
 243.76  201.67
 244.64   90.70
 244.90   94.18
 245.68  201.65
 247.24   81.50
 248.32  198.84
 248.70  111.79
 248.72   68.96
 248.93  106.84
 249.05  113.83
 249.52  150.47
 250.01   91.19
 250.39  110.34
 251.02   75.16
 251.06  201.66
 252.89   86.73
 253.82   72.22
 253.84   99.27
 255.40  149.72
 256.06  159.10
 256.17  201.71
 256.97   74.64
 257.21   83.72
 257.67   86.82
 258.89   66.88
 260.48  105.71
 262.49   83.67
 262.87   84.05
 264.04   63.04
 265.77  175.38
 269.30  213.05
