   8.79   80.69
   9.14   83.94
   9.68  103.20
  10.13   78.45
  12.23   71.50
  14.79   80.33
  14.87   75.96
  17.70   93.30
  17.99   21.76
  18.71  123.58
  19.55  127.71
  19.75  136.64
  19.77   87.38
  19.95   79.01
  21.89  128.93
  21.95  124.19
  22.79   94.34
  22.98  101.14
  23.84  121.93
  23.90  127.15
  25.12   26.38
  25.65   25.75
  25.73   95.91
  26.40   82.10
  26.75  117.79
  27.03   71.87
  27.83   76.29
  29.12   98.69
  29.39   29.11
  29.64   73.68
  29.76   79.30
  29.88   81.88
  30.49   73.39
  30.64   40.63
  31.84   52.88
  32.26   97.97
  32.71  101.81
  32.84   81.51
  33.05   82.79
  33.54   90.12
  34.51   27.34
  37.34  101.60
  39.39  114.27
  40.76   73.96
  41.10  101.65
  43.14   76.37
  43.37   79.07
  43.50   26.95
  43.82   53.26
  44.25   65.92
  44.92   73.88
  45.20  104.17
  45.39   41.46
  45.96   16.74
  46.77  108.77
  47.06  114.49
  48.35   30.03
  49.17   79.12
  49.28   14.09
  50.29   96.19
  50.47   69.96
  51.67  123.31
  51.93   27.88
  52.62   76.33
  52.90  122.03
  53.85   96.07
  54.15   52.91
  55.87   78.69
  56.52   73.77
  56.61   65.22
  57.29  104.70
  58.59   89.41
  58.69   81.48
  59.52   23.79
  60.06  110.18
  60.28  114.92
  61.74   78.86
  62.24  122.66
  62.66   82.81
  66.49   77.37
  69.00   87.44
  69.65   77.35
  70.57  121.98
  74.12   74.48
  76.02   79.59
  76.37   98.00
  76.57  120.43
  77.22   71.44
  78.93   77.17
  79.57   74.21
  79.58  114.65
  79.82  124.19
  79.88  129.35
  80.63  150.12
  81.98   79.62
  82.14  116.94
  82.69  125.08
  82.75   98.38
  82.87   54.70
  82.91  154.28
  83.93   95.23
  84.97  103.05
  84.99   85.14
  86.26  134.91
  86.80  126.80
  86.84   87.67
  87.10   74.06
  87.22   93.65
  88.74   90.30
  90.25   84.71
  91.28  122.78
  91.44  159.53
  92.53   99.88
  92.67  151.10
  92.72  104.31
  92.85  127.42
  92.90  142.32
  93.70   89.56
  94.45   95.74
  94.53  123.52
  94.94  109.61
  97.05  112.50
  97.64   38.56
  98.53   77.41
  98.92   81.43
  99.04  145.51
  99.73   73.65
  99.92  127.70
 100.33  132.42
 100.33  119.72
 100.45   92.59
 100.52  177.48
 101.26   82.19
 101.47   89.54
 102.00   44.37
 103.78   94.85
 103.91   77.26
 104.00   97.62
 104.15   77.25
 104.24  100.59
 104.64  115.18
 104.96  140.31
 105.29   87.52
 105.91  134.10
 106.35  129.00
 106.38  110.81
 106.81   58.68
 107.19  121.46
 107.45   93.61
 107.78   84.71
 109.19  102.34
 109.48  109.13
 109.56   97.64
 109.66   80.86
 110.53   36.96
 110.80  135.65
 112.03  100.56
 115.79  137.23
 116.78   89.74
 117.45   98.55
 117.53  126.95
 117.80   31.96
 118.34   92.65
 118.35  114.06
 119.29   64.33
 119.34   78.12
 119.41  103.10
 119.53  118.10
 119.63  130.88
 121.95   35.01
 122.04   95.88
 122.05  115.24
 122.62   38.41
 123.09  132.85
 123.43  140.13
 123.98   98.43
 124.54   71.12
 126.50   83.45
 126.98  140.71
 127.75  129.72
 128.00   90.67
 128.28  125.37
 128.41   88.44
 128.61  112.70
 128.69  121.65
 128.72   98.78
 128.76  136.04
 128.98  135.91
 129.96  117.89
 130.74  106.57
 131.14   86.25
 131.60  158.34
 132.10   21.12
 132.99  123.08
 132.99  131.76
 134.09   87.30
 134.13  140.80
 134.17  127.52
 135.17  167.68
 135.47  171.23
 135.64  125.44
 135.83  138.54
 136.40  101.18
 136.81   83.72
 136.96   76.31
 138.06  123.85
 138.63  145.59
 139.02   93.37
 139.04  108.64
 141.40  105.55
 141.56  128.78
 145.32  122.82
 146.58  111.15
 147.01  134.90
 147.98   92.09
 148.72   83.98
 149.07  109.72
 150.15   57.86
 150.80   80.98
 151.87   73.45
 152.36  136.97
 154.00  102.20
 155.18  104.12
 155.22   69.45
 155.70  132.63
 158.01  122.10
 158.97   72.49
 159.22  123.96
 159.35  123.89
 159.79   84.56
 160.42  104.65
 162.86  126.72
 164.36  113.24
 164.57   92.50
 168.54   77.71
 169.03  132.19
 169.53   60.45
 170.41   87.93
 170.69   83.42
 171.67  104.13
 172.06  121.92
 172.40   96.79
 173.87   77.73
 173.88   70.82
 174.30  130.54
 175.29  124.17
 178.64  126.81
 180.67  117.01
 181.06  110.24
 181.22   68.74
 181.45   53.94
 182.04   95.42
 182.77  128.27
 183.70  103.39
 184.46  136.24
 184.57  111.33
 184.99   68.22
 186.26  145.97
 187.14   90.87
 187.19   80.37
 187.71   84.40
 187.84   61.34
 188.24  104.59
 188.50  149.74
 190.18  139.22
 190.80  114.63
 191.86   61.92
 192.39   68.55
 192.54  148.39
 192.66   92.78
 192.87   73.97
 193.31  117.48
 194.55   73.90
 195.68  111.42
 196.57   82.98
 197.33  105.93
 198.62  100.33
 198.97   80.55
 199.12  124.88
 199.13   86.66
 199.25  133.20
 199.93  116.47
 200.03  111.23
 200.46   95.46
 201.01  138.40
 201.40   61.78
 201.74  105.96
 202.41   75.49
 203.46  114.71
 205.95  131.42
 210.11  116.39
 210.85  118.48
 210.90  125.33
 210.93   75.61
 211.50  115.95
 211.88   81.98
 212.12  132.55
 212.51  118.50
 212.72  145.49
 213.73   90.17
 215.34   70.43
 216.14   59.24
 216.16   59.04
 216.68   54.06
 218.04  110.25
 220.55   96.66
 221.96   86.37
 223.12   75.80
 224.35  132.61
 224.49  132.42
 224.94  122.37
 226.06   67.48
 227.39  136.98
 227.57  141.78
 227.83  125.92
 228.00  122.64
 229.16   86.59
 230.08   91.78
 230.10   79.81
 231.51  123.19
 232.16   78.95
 233.83   77.33
 233.92   57.10
 236.43   91.07
 236.97   79.36
 238.17  146.93
 238.38   96.77
 238.62   60.18
 239.36  128.16
 240.44  138.95
 241.91   90.96
 242.09   66.46
 242.34   54.20
 243.03   56.47
 243.14  130.04
 243.16   82.00
 244.99  114.13
 246.51  123.78
 246.73   76.95
 246.97   57.48
 248.21   72.03
 248.89  128.97
 248.93   88.03
 251.03  133.03
 252.18  149.18
 252.61   92.24
 252.74   48.99
 253.01   55.79
 253.30  135.35
 254.60   79.31
 256.66  126.19
 256.73   48.17
 257.36   78.55
 258.31  142.07
 258.92   91.99
 259.09   99.66
 259.11   65.85
 260.08   47.19
 260.24   52.50
 260.36   61.10
 260.83  130.25
 261.86  162.72
 263.65  106.84
 264.44   72.98
 264.84  127.02
 265.34   81.47
 265.70  145.43
 265.73   77.60
 266.10   90.45
 266.51   48.03
 267.39  130.68
 267.57  136.37
 267.90  151.20
 267.99  118.17
 268.26   51.10
 269.13   46.12
 269.22   95.08
 270.02   72.45
 270.33  133.34
 270.71   84.14
 272.84  148.59
 273.91   89.66
 274.26   78.61
 274.53  107.27
 274.55   50.12
 278.12  119.61
 278.47  141.99
 278.86   85.75
 278.96  112.70
 279.10  167.87
 279.22   52.70
 279.67   77.18
 281.35  147.16
 281.66  132.72
 282.67   76.55
 283.71   63.76
 284.71   70.82
 286.02  131.06
 286.45   49.05
 286.74  106.44
 287.02   76.08
 287.33  148.92
 287.40  138.22
 287.72  123.00
 288.89   96.20
 289.03  103.87
 289.88   69.03
 290.03  131.11
 290.44   84.88
 291.83   44.10
 292.03   98.92
 292.95   81.66
 293.95   48.25
 294.02  122.04
 294.92   67.85
 295.12   98.73
 295.20   76.21
 295.56   42.54
 297.04   99.96
 297.39  109.56
 297.96  124.08
 299.09   59.08
 314.48   64.07
 315.55   48.36
 316.17   60.12
 316.41   68.28
 319.15   85.81
 322.03   70.93
 322.22   39.31
