   9.53  150.07
  11.64  148.16
  13.73   33.79
  14.72  135.62
  14.89   71.13
  15.19   40.99
  15.43  151.39
  16.65   22.22
  18.19  164.04
  19.12   53.15
  19.88  152.09
  20.03   36.25
  23.46   20.67
  23.66  157.19
  23.93   63.84
  24.54   13.79
  24.62  119.14
  26.27   35.57
  26.79   80.85
  26.93   84.72
  28.67   15.50
  29.20  135.09
  30.78   38.92
  31.70  113.85
  32.58  144.32
  33.54   11.78
  34.11   81.42
  34.57  134.89
  34.67  148.11
  35.80  126.15
  36.96  130.78
  37.64  177.46
  38.42  121.82
  40.28  156.25
  40.57   69.84
  42.32  134.39
  44.84  138.89
  44.86  138.98
  45.34   72.08
  45.47  115.42
  47.51  130.66
  47.54  135.62
  47.63   37.59
  48.44   84.54
  48.78  156.83
  49.17  168.77
  49.37   61.81
  50.09  119.70
  50.70   58.53
  50.80  156.59
  50.82   74.92
  51.04   69.59
  51.74  115.82
  53.54  135.56
  54.75   43.26
  54.92   69.70
  56.67  157.40
  58.64   84.17
  60.50   44.84
  60.79  138.96
  60.85  121.03
  60.89  185.41
  61.27   69.71
  61.52  128.24
  61.60  153.79
  62.69   37.79
  62.87   28.28
  63.32  139.80
  64.03   59.24
  64.39   75.49
  64.98  162.47
  65.52  147.30
  66.47  152.32
  67.21  178.71
  68.05  139.57
  68.30   62.87
  69.02  142.46
  69.67  120.69
  70.35  136.93
  70.45  137.08
  71.13  162.34
  71.23   59.52
  71.58  179.78
  71.87   55.47
  72.28  148.23
  72.77  170.98
  73.54   75.09
  73.61  139.88
  75.53  117.09
  76.32  134.48
  76.97   52.99
  77.50  160.97
  77.88  170.34
  78.36   59.98
  78.54   78.11
  81.75  122.01
  81.95  117.43
  83.22  199.92
  83.54  165.44
  84.90   58.79
  84.96  141.92
  86.37  117.16
  86.48   87.34
  86.90  183.52
  87.53  128.79
  87.89  150.87
  88.44   63.76
  89.33   19.27
  89.92  132.59
  90.44  142.53
  91.34  136.27
  93.01  117.87
  93.08   61.94
  93.15  136.91
  93.84  121.11
  94.02   60.54
  94.24  132.48
  96.12  159.04
  96.59  121.63
  96.73  118.09
  97.58   19.19
  97.70  140.02
  97.79  156.40
  99.13  160.98
  99.30  143.03
  99.98  142.99
 100.23  164.34
 101.50  184.82
 101.62  139.17
 102.36   66.53
 102.85  189.16
 104.11  116.75
 104.15   19.46
 104.68   16.93
 104.95  137.01
 106.32  198.00
 106.50  180.64
 107.09  141.19
 107.23  124.78
 110.20  162.96
 110.47  129.75
 111.55  122.53
 111.65   44.96
 112.21  145.13
 113.69   58.77
 113.77   59.11
 114.36   64.90
 116.64  124.06
 118.42  138.03
 121.38   58.29
 124.96   61.57
 130.69   98.09
 131.38  149.93
 131.70   98.87
 133.63  166.65
 135.05  145.94
 135.99  106.66
 136.19  138.96
 138.14  121.85
 139.18  147.00
 139.61  188.51
 140.06  138.77
 140.28  161.32
 141.25   28.24
 141.29   28.45
 143.17  168.48
 143.44  199.88
 143.87  149.86
 144.14   23.08
 144.51   21.17
 145.47  174.84
 147.12  168.21
 147.25  155.23
 147.31   61.14
 147.40   32.99
 148.45   95.65
 148.53   49.92
 148.93   36.73
 149.12  149.65
 149.65   53.70
 150.67  141.89
 152.03  164.26
 154.86    7.23
 154.92  155.48
 155.23  155.39
 155.71   42.43
 156.14  116.70
 157.92   23.07
 158.07  124.09
 159.32   29.75
 159.39   40.97
 161.20  207.97
 161.51  111.84
 161.84   52.95
 162.25  122.63
 162.26  122.39
 162.68   19.15
 163.54  134.33
 166.16  124.48
 167.01  145.02
 167.09  152.94
 167.74  131.97
 169.65  146.42
 171.45   98.81
 172.08  145.87
 174.20   97.67
 176.02  100.44
 176.28   34.73
 178.42  164.22
 180.17   19.40
 180.28  143.24
 180.55   32.20
 182.40   23.41
 183.46   29.49
 184.60   20.18
 186.28   40.69
 186.97  136.50
 188.01  145.47
 189.62   42.41
 191.52  143.16
 192.35    9.58
 194.03  137.62
 197.89  142.30
 199.42    9.63
 200.15  151.08
 200.42  156.57
 200.42  156.69
 200.75  136.55
 201.20   70.65
 202.31  150.41
 202.33   56.24
 202.64  106.01
 202.77   48.08
 205.57  138.93
 206.30  136.13
 207.43  195.35
 207.61  143.76
 208.88  139.84
 209.08  145.51
 209.66   68.51
 209.81   70.29
 209.89  194.03
 210.97   10.98
 211.68  163.17
 212.12  162.91
 212.57  148.18
 212.89   57.01
 216.44   11.08
 217.93  151.81
 219.32  143.90
 220.66  118.24
 221.07  138.36
 223.19  133.96
 224.13   88.21
 225.90  162.25
 226.02   88.35
 228.75  138.18
 229.62  116.36
 229.99  173.76
 230.05   70.17
 231.74  134.79
 232.33  145.24
 234.45   13.81
 234.46  160.17
 236.55   71.30
 236.71  167.30
 237.39   52.58
 238.00  153.36
 238.52   25.86
 238.52  134.95
 238.72    8.15
 240.38  161.66
 240.73  139.40
 241.96  154.04
 241.98  149.62
 242.33   52.36
 243.03  181.00
 243.44  117.18
 243.71   70.84
 244.02  155.49
 244.55  141.61
 245.05    8.96
 245.94  153.28
 246.03  144.56
 246.49  173.98
 248.20   53.65
 250.26  121.19
 250.30  136.35
 250.90   76.85
 250.91  142.58
 251.50   88.92
 251.69  139.52
 252.38   54.02
 253.03   92.24
 254.76   15.09
 255.01  107.30
 255.03  169.29
 255.11  107.37
 256.42   10.22
 256.85   85.97
 256.86   26.92
 257.15  149.58
 257.32   86.49
 257.44  157.20
 258.00   54.37
 258.35   90.71
 258.66   93.88
 259.45  210.15
 260.13  159.46
 261.70  144.25
 262.11  166.06
 262.59   73.81
 264.56  190.82
 266.05  202.06
 267.09  147.09
 267.88  184.30
 267.88   79.96
 268.01  193.13
 269.10  207.92
 269.92  212.04
 270.29  196.13
 270.87  186.75
 271.42   65.16
 272.61   58.78
 274.12  149.62
 274.35  194.14
 274.42   61.24
 274.82   12.40
 274.85   42.92
 275.74   73.04
 278.88   18.08
 279.41  151.06
 279.51   12.97
 282.04   10.34
 284.97  148.01
 285.45   24.08
 285.55  111.27
