   6.84   91.45
   8.60   55.92
   8.61   60.05
  11.22   61.54
  12.85   81.58
  14.03   71.91
  15.20  119.73
  17.59   96.50
  18.47   70.74
  19.23  151.45
  21.44  103.18
  21.62   79.08
  21.93   94.56
  22.60   60.22
  22.68   73.52
  23.50  138.96
  23.57  138.82
  23.93  143.51
  24.15   24.29
  26.01   56.40
  26.22   88.48
  27.43   91.77
  27.77   61.93
  27.89   46.02
  28.69   77.97
  29.15  138.19
  29.95   60.25
  29.99  134.55
  30.70   24.67
  30.96   77.97
  32.52   56.77
  33.60  134.06
  33.85   63.79
  34.14   24.33
  34.72   92.24
  34.82   29.36
  34.88   45.23
  35.34   34.83
  35.50   78.75
  35.85   75.22
  36.52  130.09
  36.72  100.50
  38.53   55.76
  38.82  132.49
  39.52   35.37
  39.55   68.69
  41.11   78.61
  41.47   71.42
  41.96   94.59
  42.88   74.58
  42.92   89.90
  44.32  110.11
  44.79  129.61
  45.03   50.62
  45.06  100.80
  45.37  129.71
  45.71   87.66
  46.37  113.07
  46.51   50.35
  47.17   44.46
  47.46  107.65
  47.97   63.85
  49.12  111.26
  49.33  117.15
  49.44   67.09
  49.58  122.76
  50.16   94.34
  50.74   72.22
  50.75   41.03
  51.20  114.76
  51.29  127.88
  52.40   51.50
  52.91   46.83
  53.41   46.56
  53.50   86.46
  54.54  126.44
  55.06   55.94
  55.37  109.00
  55.45   98.94
  55.56   80.89
  55.95  109.42
  58.57   44.44
  59.47  125.14
  61.37   75.23
  61.96   11.20
  62.47    8.27
  64.35   88.88
  64.45   50.67
  65.48   30.16
  66.62   47.98
  67.21   26.70
  67.36   16.81
  68.93   21.97
  69.41   29.98
  69.87   13.76
  70.28   51.01
  71.54  122.90
  73.84   74.88
  73.94  109.96
  75.51   62.31
  76.40   51.30
  76.51   29.59
  77.61  118.02
  77.76   44.89
  78.98  121.41
  79.42   68.63
  79.59   99.13
  84.25   99.95
  84.49  119.66
  86.31   32.44
  87.72   48.03
  89.47   61.19
  90.14   57.13
  93.42  120.00
  94.38  118.01
  94.81   20.67
  95.52  103.68
  99.12   70.10
  99.81  103.04
 100.42   59.24
 105.76   45.67
 106.44   14.86
 107.29   43.42
 107.49   46.46
 108.20  118.34
 108.90  121.15
 109.60  116.69
 109.83  106.67
 112.14    8.26
 112.15   12.14
 112.38   21.12
 114.72  105.39
 115.40    7.46
 116.15  103.16
 116.86  118.22
 117.42   27.73
 118.12   23.09
 118.16   99.35
 118.49   83.58
 119.20   93.92
 120.39   44.33
 121.90   70.57
 121.95   17.75
 122.02  101.42
 122.85  111.84
 124.25   42.85
 126.59  102.46
 126.63   24.33
 127.07   69.64
 127.69   44.98
 127.89   66.08
 128.83  123.41
 130.20  211.21
 130.58   44.00
 130.63  121.54
 130.70   34.04
 130.89   62.91
 132.05   47.24
 132.13   66.63
 132.53   49.37
 133.08   80.85
 133.45   15.51
 133.86  105.46
 134.87   36.47
 135.18  127.38
 136.36  125.56
 138.96   68.04
 141.22   33.90
 141.41  204.63
 141.80   31.02
 143.61   73.57
 144.85  113.84
 146.29   33.81
 147.74   85.35
 147.84   20.07
 148.44  206.41
 149.24  190.83
 150.64   89.02
 152.05   71.43
 153.15  130.17
 153.99   18.51
 155.19   22.20
 155.27  156.98
 156.14  159.08
 156.22  188.54
 156.77  178.27
 158.51   30.90
 158.58   33.82
 158.77  133.51
 159.17  193.33
 159.42  189.65
 160.01   23.29
 160.45   27.93
 162.13  184.50
 164.54   73.94
 165.08  167.39
 165.86  113.07
 165.92   62.28
 166.04   37.59
 168.79   32.33
 169.58  192.65
 170.48   42.97
 170.56  171.55
 171.04   30.72
 171.43   60.79
 171.55  133.28
 172.20  144.33
 173.64  102.88
 174.87   77.27
 175.27   14.86
 175.56  124.98
 176.15   38.15
 176.95  100.02
 177.24  108.05
 177.28   15.84
 177.29   66.92
 177.39  155.00
 177.67  179.48
 177.86   33.85
 178.17   63.89
 179.04  113.03
 179.66  132.91
 180.14  126.46
 180.98  139.76
 181.34   37.90
 181.92  191.04
 182.42  102.28
 185.85  183.09
 187.58  102.30
 187.96  102.37
 189.09   94.37
 190.43  107.48
 190.76   87.51
 190.97  186.08
 191.20   59.83
 191.58  186.82
 191.79  112.49
 192.15   94.21
 192.34  140.33
 193.42   60.15
 196.29  102.02
 196.97  138.10
 198.48  192.12
 198.69   17.44
 199.34   95.57
 201.22  120.90
 201.51  110.20
 202.81  110.36
 205.29   59.65
 205.63   54.65
 209.20  121.05
 209.59   95.52
 209.73  126.43
 210.28   36.44
 211.65   23.57
 211.76   23.55
 212.20   90.53
 213.42   52.71
 213.57  132.34
 213.95  129.04
 214.30  204.48
 215.27   40.16
 215.52   83.99
 216.47   93.89
 216.86   40.33
 218.81   76.32
 219.19  167.44
 219.21   79.60
 219.25   91.38
 219.49   86.98
 219.79   98.44
 221.26   30.35
 221.32   43.24
 222.59   37.31
 222.74   37.36
 223.03  208.59
 223.94   55.68
 223.98   93.72
 224.05   11.60
 224.88   55.81
 226.55   47.05
 227.42  171.60
 228.05   94.55
 228.07  174.10
 228.70  133.75
 229.27   98.15
 230.62  207.97
 230.79  132.27
 231.55   22.39
 232.23  200.16
 232.46   20.14
 233.01   77.13
 233.58   97.64
 233.73   82.48
 235.56  195.52
 235.92   65.30
 236.13  198.46
 236.18   24.20
 236.26   24.17
 236.56  177.96
 237.27   45.88
 237.34  201.70
 239.58   40.37
 240.19   38.05
 240.23   92.66
 240.69   92.62
 240.86  104.03
 241.44   84.35
 241.48  182.63
 242.66  193.66
 244.17   30.70
 244.39  102.93
 244.79   48.58
 245.07  184.18
 245.38  172.59
 245.48   66.25
 245.90   41.50
 245.95  117.67
 246.35  140.32
 246.76  160.15
 246.96  155.92
 247.21  155.84
 247.30   38.78
 247.95  137.00
 248.38  200.43
 248.42  105.14
 248.77  178.35
 249.28  151.26
 249.84  143.27
 250.47  169.43
 250.63  129.85
 251.18   55.65
 251.20  139.32
 251.21  109.42
 251.57   57.28
 251.74  107.73
 251.76   32.82
 252.13  162.35
 252.55  145.46
 252.90   38.97
 253.30  149.60
 253.95  163.64
 253.98   83.09
 254.37   80.19
 255.47  155.95
 255.59  156.01
 255.80  102.86
 255.99   27.98
 256.37   63.80
 256.61  107.42
 257.17  182.49
 257.22   54.93
 257.33   15.00
 257.34  135.54
 257.66  185.98
 257.82  161.56
 258.54  148.28
 258.69   34.67
 259.27  208.78
 260.30   62.77
 260.56  140.92
 261.17   76.23
 261.38  171.30
 261.76   50.98
 262.04   46.18
 262.11  158.98
 263.01  147.80
 263.37  133.34
 263.83  108.83
 264.67  177.34
 264.68   28.98
 265.62   35.10
 266.30   55.80
 266.85   41.62
 267.31  148.11
 268.22  134.09
 268.83   44.16
 269.68  173.40
 269.74  163.90
 269.83   32.94
 269.90   62.16
 269.98   47.95
 271.66  155.09
 271.70  131.63
 271.84  114.31
 271.85   51.55
 272.15  149.12
 273.01  145.81
 273.14   28.95
 274.07   47.85
 274.69  172.52
 276.43  190.86
 276.51  176.08
 277.96   31.27
 279.13  159.81
 280.36   89.02
 281.47  117.86
 281.60   71.31
 282.11   40.37
 283.24   56.85
 285.92  137.50
