   7.90   65.24
   8.63  169.93
  11.29  170.75
  12.40  168.87
  16.08  187.76
  17.80  194.67
  19.94  192.49
  20.73   93.29
  21.63  205.30
  23.25  123.43
  23.35  193.71
  23.61   90.87
  24.40   81.41
  24.90  170.41
  25.16  209.69
  26.42   85.24
  26.50  203.53
  26.66  155.09
  27.10   27.60
  28.20  153.44
  28.74   93.82
  30.19  205.61
  30.40  142.15
  31.07  211.63
  31.11  106.52
  31.19  201.96
  31.48  118.27
  31.65  128.02
  31.65  148.72
  31.66   75.22
  32.28  189.38
  32.38   94.88
  32.81   80.45
  33.07  197.01
  34.23   71.05
  34.52   60.70
  35.79  195.16
  36.22   27.33
  36.91  199.45
  38.40   80.50
  38.80  187.37
  39.42  209.36
  40.13   77.71
  40.17   92.93
  40.25  169.26
  40.48  118.67
  41.00   26.76
  41.18  160.41
  43.76  190.26
  44.63   71.40
  44.68  142.24
  44.69  117.22
  45.83  147.94
  46.70  108.01
  46.80  137.22
  46.97   20.22
  47.10  166.57
  47.91  164.00
  48.05   86.50
  49.01  172.13
  49.06  149.25
  49.46  190.80
  49.53  144.47
  49.53  190.70
  49.75  117.17
  49.80  154.69
  50.34  168.82
  51.28   76.35
  51.33  205.91
  51.38  126.25
  52.10  173.96
  53.83  141.35
  53.87  133.32
  53.98  176.55
  54.70  200.78
  54.83  165.93
  55.04  132.84
  55.13  145.75
  55.44  168.64
  55.55   75.54
  56.03   91.03
  56.11  163.77
  57.80  152.12
  58.00  160.35
  58.49   78.73
  59.00  136.45
  59.14   87.15
  59.88  145.66
  60.92  179.35
  61.54   74.03
  61.66   79.79
  61.71   19.97
  62.11   90.17
  62.84  210.47
  63.09  158.63
  63.89  170.07
  64.04   99.80
  64.11  134.13
  64.75  180.12
  65.13  195.41
  65.74  155.54
  65.79  128.97
  65.81   88.97
  66.41  139.25
  66.63  175.25
  66.66  160.43
  67.18   26.24
  67.41  106.74
  68.60   85.87
  68.61   31.17
  68.81  212.76
  69.27   91.84
  70.44  158.01
  71.23  205.58
  71.59  135.70
  71.60   31.66
  71.95  147.13
  72.39  186.72
  72.90  112.63
  74.94  140.73
  75.81  152.35
  75.97  183.70
  76.04  151.51
  76.07   18.92
  77.47   51.00
  78.15  171.13
  78.65  166.57
  78.92  104.36
  79.45  204.80
  79.48   15.79
  79.62  156.93
  80.16  164.17
  80.18  198.58
  80.50  147.00
  80.67  119.54
  80.86  174.95
  81.30  134.22
  82.09  178.61
  82.45  179.25
  82.55   64.53
  82.88  101.12
  82.94  131.41
  83.34  114.71
  83.73  199.28
  84.15  135.89
  84.23   24.38
  84.41  144.19
  84.54   96.23
  84.92   81.40
  84.93  195.50
  84.95  154.88
  85.36   35.50
  85.61  182.67
  87.19   66.47
  87.74  164.69
  87.94   80.53
  88.08  106.80
  88.33  136.80
  88.33   73.23
  91.18  138.57
  91.90   79.00
  92.08   72.59
  92.14   87.12
  92.30   87.44
  93.11  121.86
  93.51   39.94
  93.83   97.64
  93.92  157.20
  94.80   63.06
  95.06  111.79
  95.25  117.66
  95.86   85.21
  96.12  167.83
  97.77   99.56
  98.20  139.82
  98.44  114.60
  98.77  135.49
  99.00  183.86
  99.12  160.11
  99.74  146.26
  99.90  171.38
 100.32  149.01
 101.57   77.51
 101.60   80.80
 101.79  137.70
 102.00  165.38
 102.02  173.17
 102.72  160.26
 102.77  114.79
 102.87   96.47
 102.92  154.00
 102.99  183.82
 104.30  122.18
 104.33  156.74
 104.66  111.95
 104.68   13.27
 105.72  169.64
 106.62  165.53
 106.88   35.06
 107.59   91.51
 107.71  134.98
 108.30  174.69
 108.30   78.37
 109.75   13.04
 109.99  182.81
 110.53   71.80
 110.53   72.01
 111.61  186.30
 111.88  137.92
 112.06  171.92
 113.83  176.42
 114.17  139.70
 114.66  148.26
 114.98  142.00
 115.11   34.35
 115.52   25.94
 115.58   92.24
 116.72  155.11
 116.92  159.60
 117.16   28.34
 118.63  172.15
 118.73  187.68
 119.68  178.59
 120.19   26.21
 120.51  104.57
 120.62   81.08
 120.92  140.84
 121.78  153.87
 122.44  177.17
 123.00   86.63
 123.03  170.29
 123.04   13.50
 123.11  150.01
 123.18   34.12
 123.28   92.04
 123.30   74.97
 124.37   25.05
 124.45  198.63
 124.75   93.53
 124.77   28.67
 125.39  158.15
 125.77   80.91
 125.90  154.45
 126.01   56.40
 126.78  200.98
 126.96  180.42
 127.04   33.04
 127.65  195.75
 127.87  207.45
 127.93  149.92
 128.77   73.94
 129.01  191.29
 129.15  157.33
 129.24  162.06
 129.29   78.37
 129.58   10.28
 130.02   87.69
 130.27   25.36
 130.53   57.29
 130.57   62.99
 130.63  100.91
 131.33   38.29
 131.50   32.88
 131.76   52.01
 132.10  180.23
 133.03    9.92
 133.12  111.99
 133.23  208.35
 133.30  104.84
 133.30  166.14
 133.86   94.54
 133.87  118.10
 134.43  175.34
 134.78  199.38
 135.64   34.36
 135.87   27.89
 136.05   88.80
 136.09  148.35
 136.14  196.10
 136.63  115.41
 136.82   96.77
 137.13   20.42
 137.14  188.52
 137.42  177.55
 137.63  100.53
 137.77  122.77
 138.09  108.00
 138.80  139.41
 138.95    9.41
 139.96   19.13
 139.99   32.32
 140.14  127.25
 140.38   37.79
 140.56  179.48
 140.91   58.60
 141.42   79.00
 141.48  193.89
 141.67   74.94
 141.97  103.15
 142.11   99.40
 142.16  154.65
 142.83  164.30
 143.08  119.20
 143.93   99.67
 144.21  116.11
 144.22  172.05
 145.01   87.24
 145.18  194.42
 145.26  149.69
 145.37   11.59
 145.47    7.44
 146.19   32.50
 146.53   74.98
 146.89  100.25
 147.31   97.15
 147.42   81.76
 147.49  102.95
 147.77   94.02
 148.12  190.54
 148.67  178.44
 149.04   11.32
 149.50  153.62
 150.01  182.65
 150.99  166.93
 151.04  170.79
 151.13  197.08
 151.28   87.04
 151.57  159.73
 152.14  178.57
 152.44   78.13
 152.72  174.84
 152.76   89.34
 152.80  158.00
 154.86   97.62
 155.46  209.07
 155.53  170.77
 155.53  197.47
 156.37   71.30
 156.91   24.01
 157.23   89.39
 157.81  180.45
 157.89  148.69
 158.80  210.26
 159.43   97.86
 160.11   57.87
 160.37  162.44
 160.45  184.17
 160.64  173.89
 161.28  151.10
 161.39  101.59
 161.81  101.55
 162.50  128.30
 162.93  163.14
 163.18   92.68
 163.60  121.60
 163.68   91.80
 163.83  110.01
 163.85  188.02
 164.26   53.25
 164.48  146.14
 164.61  151.15
 164.95   31.34
 164.96   79.26
 165.14  201.10
 165.56   19.51
 166.76   21.94
 167.47  118.58
 167.65   82.51
 167.65  184.21
 168.17  172.66
 168.43   19.22
 168.54  145.83
 168.70  168.14
 168.74   33.05
 169.27   76.65
 170.29   24.29
 170.47   51.42
 170.58  122.49
 170.71  206.54
 170.90   62.60
 171.19  175.45
 171.63  197.65
 171.85   31.18
 172.06  185.62
 172.17  170.95
 172.34   98.68
 172.44  113.45
 172.88  158.30
 173.46  149.49
 173.93   25.56
 174.39   28.44
 175.09  122.83
 175.22  207.76
 175.34  182.43
 175.48  167.76
 175.87  207.48
 176.18  130.40
 176.29   99.36
 176.33  116.05
 176.54  211.93
 177.15  186.41
 177.22   30.53
 177.40   88.17
 178.27  149.17
 178.38  191.73
 179.64  205.80
 179.64  173.07
 179.95  202.67
 180.03  198.80
 181.09  172.90
 181.15  176.45
 181.34  116.46
 181.64   25.18
 181.82  165.90
 181.94   32.85
 182.42   96.54
 182.51  141.47
 182.79  123.37
 183.12  153.35
 183.14  119.46
 183.18   15.17
 183.27   54.93
 183.89   30.32
 183.95   26.65
 184.44  203.83
 184.49  185.50
 184.81   12.47
 184.91  144.82
 185.14  100.41
 185.20   23.21
 185.28  200.83
 185.42  103.96
 185.74   19.30
 186.00   18.26
 186.13   50.61
 186.18  156.46
 186.24  127.59
 186.32  123.84
 186.45  111.29
 186.51   36.33
 186.54   49.86
 186.65  187.85
 187.10  175.10
 187.91  179.26
 188.03   32.63
 188.23   20.45
 188.29  106.44
 188.77  162.23
 189.41   41.22
 189.87   12.11
 189.96  169.87
 190.26  157.05
 190.41  151.22
 190.77   48.50
 191.28   35.71
 191.65  116.81
 192.63   26.36
 192.66  134.07
 192.68  148.52
 192.79   45.70
 192.90  177.91
 192.96   24.57
 193.71  130.64
 194.05  179.19
 194.29   92.87
 194.35  209.09
 195.09  156.99
 195.23  105.60
 195.79   32.00
 195.88  113.11
 196.33   81.15
 196.59   35.48
 196.80   97.99
 196.93  157.79
 197.45  109.90
 197.80  151.92
 198.47  209.81
 198.69  198.46
 198.77   13.39
 198.92  213.41
 199.77  130.70
 199.90   16.49
 200.41  148.54
 200.42   31.90
 200.89  154.72
 201.00  185.74
 201.28  120.96
 201.32  211.01
 201.72   97.80
 201.78  126.56
 202.83   13.06
 203.05  134.91
 203.33  112.41
 203.34  185.10
 203.96   35.51
 204.01  170.65
 204.14  128.36
 204.50  200.50
 204.62  197.01
 204.64  181.41
 204.71  131.60
 204.89   39.15
 206.42  159.45
 206.89  178.36
 206.92   24.65
 207.04   34.71
 207.30  152.06
 207.39  172.61
 207.87  196.77
 208.32  211.30
 208.33  165.54
 208.35  190.48
 208.38   95.90
 208.39  206.64
 208.61  149.28
 208.83  133.29
 208.95  205.18
 209.26   31.52
 209.55   37.70
 209.68  120.16
 210.62  115.55
 211.70   34.04
 211.97  201.35
 212.59   43.73
 212.87   28.55
 213.00  180.31
 213.67   76.94
 213.73  172.32
 214.71   52.99
 214.94  182.49
 214.97  132.78
 215.19  186.87
 215.22  126.33
 215.41  136.84
 216.12  157.52
 216.46  118.32
 216.60  164.09
 216.64   55.81
 216.75  156.33
 217.07  182.74
 217.08  111.62
 217.97  138.23
 218.44  190.54
 218.66  132.99
 218.72   15.21
 219.17   28.48
 219.55  186.24
 219.70  109.94
 220.25  159.91
 220.26  130.76
 220.77    8.85
 221.11   51.26
 221.32   22.28
 221.74  172.19
 221.94  202.36
 222.36  182.98
 222.74   29.96
 222.77  189.61
 222.95   25.45
 223.45  191.90
 224.04  199.53
 224.12  154.86
 224.31  124.52
 224.52  165.49
 224.63   81.59
 224.86   17.60
 225.15   62.57
 225.20   59.87
 225.26  203.57
 225.38   21.01
 225.59  131.89
 226.26  159.81
 226.30  107.29
 226.42  153.48
 226.44   90.76
 226.47   27.77
 226.56   74.23
 226.71   88.12
 226.78  135.26
 227.05   88.07
 227.68  112.68
 228.16  101.58
 229.11   95.52
 229.14  109.53
 229.27  204.13
 229.29   21.31
 229.30   51.29
 229.39  200.58
 230.66  158.61
 230.93  166.40
 232.27  117.81
 233.69  163.84
 234.10  195.48
 234.43  198.22
 234.62  106.42
 235.24   27.79
 235.81   13.06
 236.02  154.88
 236.38  185.04
 237.28  134.16
 237.61   73.55
 237.68  202.67
 237.78   77.46
 238.25   98.23
 238.79  182.61
 239.71   50.95
 240.47  113.02
 240.92   88.64
 241.22  116.12
 241.70   23.93
 241.74  134.13
 241.77   74.42
 242.31   91.45
 242.34   83.87
 242.54  190.20
 242.83  198.89
 242.94  138.80
 243.03   77.55
 243.20   62.54
 243.58  109.26
 244.05  164.41
 244.43   32.49
 245.56    9.45
 246.18  155.57
 246.38   52.58
 246.40  134.58
 246.73  208.02
 246.83  101.02
 247.55   69.17
 247.76   81.60
 248.12  110.23
 248.31   11.97
 248.90  112.63
 249.05   51.37
 249.75    8.41
 249.93  212.96
 250.73  166.77
 251.75  163.24
 252.21  138.78
 252.64  111.06
 252.68   91.83
 252.69  186.68
 252.77   67.41
 252.91  193.08
 253.03  118.63
 253.50   57.49
 253.75   62.56
 254.13  157.30
 254.17   89.26
 254.19  210.08
 254.26   80.35
 254.64  115.57
 254.82   32.02
 255.02   59.94
 255.06   19.02
 255.44   91.84
 255.97   49.97
 256.00   29.35
 256.34  135.83
 256.55   23.88
 256.78  166.04
 256.89   62.49
 256.90  202.32
 257.08   11.52
 257.11   16.31
 257.60  106.25
 257.93   31.74
 258.30  119.41
 258.69   20.86
 258.83   80.25
 259.63  204.99
 259.92  110.21
 261.35   82.79
 262.06  171.32
 262.06   67.38
 262.40  109.23
 262.67  207.41
 263.60   77.38
 264.40   62.98
 264.44  194.61
 264.48  191.42
 264.53  194.53
 264.71  141.72
 265.03  111.00
 265.04  106.30
 265.13  115.45
 265.26  168.64
 265.62  151.34
 265.69  197.98
 266.14   92.40
 266.20  172.02
 266.55   14.24
 267.20  136.92
 267.31  176.74
 267.53   76.92
 267.58   76.95
 267.62   62.51
 268.66   26.11
 268.66   31.24
 268.82  112.23
 269.93  162.37
 269.97   13.29
 270.52  172.71
 270.80  167.46
 271.38   28.36
 271.95  104.01
 271.98  134.49
 272.05  106.96
 272.42  210.61
 272.73  196.26
 272.94   56.97
 274.05  178.09
 274.64  156.33
 275.41  173.07
 275.84  199.68
 278.44  188.86
 278.56   47.91
 279.26  199.32
 280.39  190.45
 280.74  138.13
 282.91  171.84
 283.26  212.08
 284.11  175.04
 285.20  188.44
