  17.18   63.92
  17.73   97.74
  21.90  125.41
  23.49  119.54
  26.62   68.15
  29.81  131.87
  30.49   49.33
  35.80  125.23
  36.20   81.62
  40.35  131.83
  42.46   49.80
  43.54   85.71
  45.89   68.74
  47.28  133.27
  47.63   87.03
  48.51  126.45
  50.71   84.30
  55.44   60.78
  55.95   65.59
  57.47   93.01
  57.92  128.78
  58.88   46.60
  59.66   89.72
  61.31   94.89
  61.94   92.41
  62.06  104.72
  62.60   79.57
  63.10  124.47
  63.60  141.83
  63.75  132.81
  65.38  143.97
  66.49  105.98
  67.75  129.22
  68.27   95.87
  70.44   93.64
  71.69  138.72
  72.36   79.54
  74.13  147.10
  74.16   46.09
  74.39  102.74
  74.63  163.75
  74.93  128.82
  74.94   67.77
  75.18   54.77
  75.58   91.16
  77.47   53.85
  77.54  160.61
  78.18   96.12
  79.13  119.37
  80.88  141.06
  83.15   83.81
  83.58  142.95
  84.09  140.56
  84.52   49.18
  84.91   59.34
  85.21   48.54
  87.00   69.62
  87.68   31.83
  87.72   44.81
  88.12   13.15
  88.47  104.97
  88.91  109.43
  89.65  131.41
  90.02   51.31
  90.03   70.25
  91.04  139.82
  93.15  134.06
  93.80   92.14
  94.29   97.09
  95.23  135.88
  95.77  111.85
  96.05   35.71
  97.18   39.53
  97.89   92.96
  98.23   32.97
  98.58   95.65
  98.83   34.52
  99.32  127.48
 100.45  113.56
 100.84  146.90
 100.95   89.03
 100.98  110.88
 101.29  115.17
 101.34   69.76
 101.56   34.20
 102.08  104.43
 102.69   78.58
 102.74   35.11
 103.03   35.24
 105.54  150.75
 107.49   31.45
 107.54  141.64
 107.54  141.75
 107.91  158.03
 108.18  110.65
 109.04   34.36
 109.15   84.28
 109.63  188.02
 110.14  156.40
 113.00   41.49
 113.44   54.55
 114.20  165.46
 114.56  138.79
 115.11  167.02
 115.49  161.90
 115.77  103.28
 115.79  122.76
 115.90   45.38
 116.02  123.84
 116.87   37.53
 117.17   51.53
 117.60  174.68
 118.83  126.36
 119.40  103.00
 119.54   41.00
 120.39   55.09
 120.87  133.11
 121.03  105.32
 121.20   34.67
 121.72  113.61
 123.62  131.32
 124.64  125.47
 124.93  119.60
 125.67  133.65
 125.68   81.53
 126.55  119.95
 127.74   70.95
 128.02   39.38
 128.05  144.45
 128.90  122.37
 129.44  176.23
 130.04  108.48
 130.62  172.22
 130.67  148.55
 131.87  112.24
 131.94  109.06
 132.13  175.95
 132.93   60.71
 132.97   60.84
 134.05   98.99
 134.95   36.71
 135.06  178.99
 135.18   76.80
 135.19  149.17
 135.57   64.57
 136.24   53.36
 137.13  113.84
 137.39   39.40
 138.34  178.03
 138.50   35.56
 138.55   94.97
 139.08  103.04
 139.24  102.82
 139.52  121.28
 139.88   35.05
 139.90   76.14
 140.62  169.57
 141.52  111.08
 141.61  132.71
 141.91   70.80
 142.37   32.41
 142.88  141.50
 143.60   66.15
 145.17   71.02
 145.30   87.08
 146.70  171.65
 146.98  210.49
 147.14  106.38
 147.26   75.02
 147.57  149.56
 147.89   78.48
 147.95  149.81
 148.36  133.64
 150.64  165.71
 150.92  134.01
 151.71  159.07
 151.92  210.48
 152.28  156.16
 152.83  130.01
 153.29   42.07
 156.22  133.82
 157.05  149.75
 157.61  210.46
 157.78  122.87
 159.88   51.68
 160.10  110.06
 160.32  212.97
 160.36   74.75
 160.60   97.00
 161.51  117.31
 161.60  146.08
 162.23  125.94
 163.66  118.52
 164.05   80.49
 164.45  123.33
 164.61  123.67
 165.36  134.77
 166.45  157.84
 166.51  184.39
 166.66  122.59
 167.03  168.56
 167.22  115.63
 167.51  109.26
 168.07  109.18
 168.75   96.02
 169.08   74.61
 169.27  104.63
 170.24  160.68
 172.61   77.56
 172.70  113.25
 173.66  139.82
 174.20   76.10
 175.19  132.38
 175.27   84.91
 176.24  109.36
 177.09  100.79
 177.13  116.76
 177.23  143.23
 178.56  118.47
 179.21  134.55
 181.07  120.58
 181.13  213.05
 181.44  154.35
 182.08  129.05
 182.52  104.17
 182.55  112.88
 185.26  162.44
 187.12  122.91
 187.20  160.36
 187.74  134.40
 188.90  112.92
 188.94  143.45
 189.94   76.72
 190.92  193.11
 191.63   85.37
 192.46   84.40
 194.13   89.55
 194.20  139.15
 194.38  124.51
 195.01  130.49
 195.47   86.42
 196.65  151.97
 196.78   94.70
 198.33   77.28
 199.12  137.63
 199.75  125.51
 200.46  144.68
 201.62  109.07
 202.88   84.51
 202.92   91.72
 203.57   84.38
 203.71   73.32
 204.35  123.63
 204.40  142.73
 205.68   69.33
 209.22   74.58
 210.36  198.23
 210.67   54.57
 210.86  130.28
 211.95   75.14
 212.19   39.21
 212.29  125.05
 213.00   16.86
 213.55   54.11
 215.08   20.66
 215.32  119.96
 215.53   41.88
 215.66   71.43
 216.56   54.21
 216.69  105.47
 217.14   55.01
 217.89   88.65
 217.94  124.77
 218.94   21.51
 219.01   21.57
 221.07   43.88
 221.14   75.09
 221.50   57.23
 222.57   53.14
 223.48   40.95
 224.26  141.58
 224.41  136.52
 225.26   80.00
 225.44   66.40
 225.99    8.13
 228.45  113.96
 228.69   42.63
 229.54  126.74
 229.75  141.36
 230.20   44.45
 235.18    8.70
 235.83  140.98
 236.01   82.28
 237.94   11.30
 238.02  124.49
 238.35   30.89
 239.02   50.66
 239.74    9.01
 240.93  128.55
 241.12   91.35
 241.60  124.32
 242.03   10.32
 242.03   83.44
 243.98  100.83
 244.98   86.11
 244.99   29.09
 247.32   81.91
 248.78  124.85
 249.18   72.13
 249.40   34.17
 250.69   48.87
 251.25   80.67
 251.60   92.27
 251.70  153.04
 252.56   64.55
 252.96   47.68
 253.01  121.47
 253.97  138.24
 253.99  147.89
 254.00   60.97
 254.37   91.21
 254.44   51.77
 255.73   32.48
 256.54   48.83
 257.51   88.99
 257.96   17.13
 257.97   53.11
 258.05  107.35
 258.13   64.47
 259.10  125.60
 260.18   86.79
 262.29  128.47
 262.45   15.40
 263.21   37.41
 264.32   82.93
 264.78   56.84
 265.02   34.92
 265.15   21.08
 265.58   87.18
 266.66   59.25
 266.68   70.67
 266.77  123.67
 266.80  102.44
 267.56  133.47
 267.89  103.93
 267.96  100.07
 269.36  126.74
 270.15   65.50
 270.62   65.13
 271.34  142.48
 272.47   18.04
 272.47   53.87
 273.20  128.17
 273.64   96.68
 274.68   18.67
 276.31  100.51
 276.35  134.80
 277.81   65.53
 279.39  104.50
 279.71  129.68
 280.17  108.06
 280.28   39.01
 280.37   69.67
 280.73  135.33
 281.29   91.46
 282.44   62.92
 283.89   19.09
 284.04   67.99
 284.88   61.10
 284.88  138.19
 285.10   40.42
 285.43   65.72
 286.90  136.06
 290.39   52.10
 291.27   81.51
 291.36   81.20
 293.22  106.09
 293.42   52.63
 293.74   21.44
 295.20  102.97
 297.70  105.14
 297.90  101.51
 299.30   73.26
 299.37    9.16
 301.18  102.10
 304.39  147.59
 305.25  109.13
 306.63   42.75
 306.77   46.96
 307.57  109.62
 308.72   68.98
 310.91  127.31
 311.25   80.14
 311.95    7.61
 313.10  118.40
 316.41   70.59
 316.43  117.68
 320.27   81.41
 322.57   69.97
