   9.28   36.74
  13.34   54.27
  13.80   67.10
  15.07   56.45
  18.40   38.28
  19.60   30.57
  20.50   93.49
  20.88   76.62
  20.99   19.03
  22.47  104.71
  23.11  131.28
  23.39  137.70
  23.66   57.46
  23.84  141.11
  24.25  145.79
  25.36  113.08
  25.51   27.67
  25.60   23.35
  25.79  125.60
  26.02   34.74
  26.21  120.30
  27.01   64.16
  27.02  117.44
  27.39   75.87
  27.83   94.38
  28.62   85.02
  30.28   99.71
  33.29   93.02
  33.97   61.02
  34.28  138.90
  34.62  144.18
  34.86   87.78
  36.35   56.78
  37.59  140.13
  37.64   69.48
  37.92  132.88
  38.02  145.03
  38.67   50.72
  38.84   71.78
  39.26   33.52
  39.91   23.07
  39.98   88.78
  40.03   56.66
  40.12   29.97
  40.29  128.66
  40.34  121.41
  40.39  101.84
  40.82  138.61
  40.86  146.00
  41.50   19.10
  41.64   36.01
  41.65  112.97
  42.91   95.21
  43.43  132.51
  44.01   89.85
  44.53  142.63
  44.83   68.64
  45.46   33.23
  45.69   95.16
  45.81  145.82
  45.86   23.60
  45.98   43.49
  46.17  142.45
  46.26  124.54
  46.47  100.98
  46.59  129.39
  46.74  119.69
  47.34   37.37
  47.55   23.87
  47.76  111.15
  47.84  131.88
  49.28  126.10
  49.96   48.88
  50.27   63.52
  51.22   84.25
  51.34   46.47
  51.35   20.81
  51.38   35.87
  52.02  137.89
  52.24  123.12
  52.87   10.38
  53.57  118.14
  53.85  132.03
  54.44  113.43
  54.54  151.87
  54.61   77.64
  54.81  125.78
  55.78   27.83
  55.95  121.20
  56.56   97.01
  57.13  134.15
  57.26  123.56
  59.65   46.91
  59.72  148.64
  60.11   20.06
  60.67   50.79
  61.51   79.73
  61.78   43.31
  62.46   74.27
  62.66   67.01
  63.59  121.05
  64.45  111.15
  64.66   39.44
  64.85  101.91
  66.14   88.77
  66.14   79.79
  66.38  147.86
  66.40  138.09
  66.68    8.44
  66.87   59.03
  68.70  110.49
  70.01   80.96
  70.81   51.82
  70.89   90.70
  71.44  124.23
  72.81   40.00
  72.84  139.25
  73.30   58.00
  73.61   62.40
  73.85   20.63
  74.62  185.03
  75.18   54.05
  75.56  156.19
  75.96  113.30
  76.66   18.76
  76.76   44.69
  77.20   92.90
  77.39  159.29
  77.80  153.55
  78.87   20.83
  79.50  168.82
  79.58  126.38
  80.52  126.06
  80.87  139.81
  80.95  139.90
  80.96   68.75
  81.27  153.69
  81.37   64.68
  81.50   98.20
  81.55   59.40
  81.71   88.85
  81.92   80.47
  82.33  104.52
  83.22   89.28
  83.55   34.66
  84.31   55.86
  84.57    9.26
  84.93  120.91
  85.23   35.94
  85.30   72.40
  85.75   39.92
  85.87  102.94
  86.38   65.17
  87.17   78.13
  87.31   25.83
  87.75   83.52
  88.01  104.37
  88.44  118.48
  88.52   45.32
  88.64  126.76
  89.56   68.03
  89.95  169.72
  90.26   61.43
  90.75   53.81
  90.96   47.52
  91.32   81.54
  91.89  163.57
  91.97   35.10
  92.56   20.86
  92.89   50.03
  93.40   23.18
  93.98   65.81
  94.21   46.58
  94.41   69.43
  94.91  125.06
  95.22  116.58
  95.99   83.50
  96.46   94.06
  97.48   72.11
  97.59  147.92
  97.60  104.47
  98.00   45.81
  98.29  154.36
  98.54  170.55
  98.70   55.12
  99.09   69.19
  99.67   46.77
  99.83   62.30
  99.96  115.44
 101.65   25.47
 101.84  160.38
 102.16   79.57
 104.06  154.50
 104.23  171.39
 104.80   36.63
 105.16   19.86
 105.17  100.98
 105.33   53.15
 105.41   52.42
 105.94   73.33
 106.53   29.38
 106.89   14.06
 107.00   63.32
 107.17  178.65
 108.61  154.51
 108.77   31.73
 109.09   17.59
 109.19  170.82
 109.31  175.84
 109.42  180.38
 109.93   58.35
 110.08   91.26
 110.46   21.96
 110.59  159.78
 111.24  179.05
 111.79  147.75
 113.01  104.85
 113.23   99.55
 113.43   49.95
 113.48   73.43
 113.58   25.15
 113.71  125.42
 114.07   11.42
 114.45   36.06
 115.33  168.46
 115.87   25.85
 117.38   66.76
 117.94   56.16
 118.31  173.51
 118.65  125.41
 119.98   78.05
 120.11   29.49
 120.14   47.80
 120.74   46.23
 121.70  106.64
 121.79   96.94
 121.87   35.88
 122.61  138.11
 123.77  168.76
 123.84   98.37
 124.13  173.76
 124.63  164.58
 124.67   24.53
 124.98   79.62
 126.95   10.65
 127.17   86.51
 127.90   27.29
 127.93   35.10
 127.98   42.00
 128.15  138.62
 128.50   23.65
 129.02   71.66
 129.07  128.21
 129.53   59.79
 129.79  200.63
 129.80  200.59
 130.45  104.13
 131.50   57.04
 132.27   85.47
 132.46  100.35
 133.79   58.40
 134.81  173.78
 135.64  189.42
 135.69  208.96
 135.79  189.48
 136.26   61.45
 137.38  134.92
 138.18  137.82
 138.31  205.61
 138.66  181.19
 140.46  177.30
 142.10  123.93
 142.71   63.00
 142.72   92.51
 143.42  119.31
 144.98  121.00
 145.21  201.80
 146.03  159.61
 146.05  100.21
 146.51   41.10
 146.95  110.78
 146.95  159.14
 147.87  194.65
 149.98  162.35
 150.43  118.58
 150.47  174.50
 151.11   66.51
 151.28   45.38
 151.58  140.83
 152.05   79.83
 152.64  212.18
 152.83   91.77
 152.97   88.90
 153.01   85.93
 153.09  108.98
 153.37   55.81
 153.78   41.72
 154.13  150.36
 154.56   32.25
 154.70  185.65
 154.90   65.37
 154.96  125.48
 155.49   40.08
 155.83   20.59
 156.72  141.04
 156.99  191.99
 157.08  129.88
 157.67  112.30
 158.19   72.81
 158.29  207.38
 158.33  157.63
 158.35   80.05
 158.59   83.82
 158.83  175.77
 160.95  165.45
 161.12  210.90
 161.22   91.17
 161.41   93.62
 161.54   65.12
 162.04   29.59
 163.87  171.93
 164.78   64.21
 165.13  113.63
 165.87   74.38
 165.93  177.80
 166.11  128.73
 166.71  121.13
 167.28  147.21
 167.40   11.83
 167.61   82.95
 167.70   51.50
 167.91  189.87
 167.95   22.08
 168.53   87.06
 168.63  104.48
 168.68  150.43
 169.00   58.78
 169.23   43.46
 169.42   89.12
 169.43  176.59
 169.49  157.60
 170.01  193.71
 170.94  210.39
 172.18  113.89
 172.20  147.40
 172.25  124.20
 172.46  124.35
 172.50  174.95
 173.28  147.19
 174.27   53.88
 174.54   48.91
 174.74   82.15
 174.99  117.44
 175.21   77.75
 175.85  192.09
 175.89  127.78
 176.39  171.74
 176.87   22.53
 177.08   90.59
 177.69  155.29
 178.56   84.63
 179.04   45.82
 179.53  186.02
 179.90  126.46
 180.52   12.24
 180.95  116.36
 181.29  118.32
 182.89  155.99
 183.26   39.22
 183.41   45.13
 184.39  166.94
 184.83   76.53
 185.18   83.42
 185.42   99.91
 185.55  161.11
 185.94   47.09
 186.02   43.84
 186.65  117.71
 186.83  134.41
 187.25  179.97
 187.30  128.32
 188.78  163.07
 188.98  209.71
 189.52   85.90
 190.03  207.51
 190.58  120.82
 191.27  116.91
 192.01  124.75
 192.88   20.32
 192.94   16.00
 193.71  202.59
 194.00  205.47
 194.52   75.16
 194.95   62.96
 195.63  156.41
 195.88  151.43
 196.06   29.70
 196.42   34.88
 196.68   29.29
 196.74  112.37
 196.80  208.39
 196.89  108.61
 197.02  104.25
 197.19   57.41
 197.86   86.56
 198.10   45.64
 198.35  126.56
 198.43   52.62
 199.40  174.89
 199.78  155.73
 200.55   15.66
 200.58  159.73
 200.66  200.67
 200.78  105.71
 201.24   21.36
 201.36   74.05
 201.42   81.18
 201.93  186.66
 202.96   68.46
 202.98  147.93
 203.27  131.77
 203.49  168.41
 204.51   41.76
 204.95  127.16
 205.42   49.77
 205.69   96.26
 206.31  141.67
 206.36   30.16
 207.98   35.44
 208.03  201.72
 208.21  106.45
 208.34  178.70
 208.46   52.96
 209.18  133.74
 209.25   60.86
 209.52   97.47
 209.83  177.84
 210.20   76.85
 210.64   90.98
 210.75  107.55
 210.92   83.29
 211.07   96.36
 211.33  152.68
 211.35  197.13
 211.42   33.28
 211.47  166.52
 211.50   42.37
 212.06   62.41
 212.77  130.82
 213.80   36.33
 214.23   22.62
 214.86  124.00
 215.58  126.76
 216.25   89.12
 216.59  129.15
 216.86   82.79
 217.05   64.06
 217.22  138.18
 217.75   36.11
 217.86   50.42
 218.40  152.21
 218.44  182.40
 218.45   92.04
 218.76  177.78
 219.40   94.99
 219.64   40.33
 219.83   27.75
 219.85  115.02
 220.88  103.45
 221.21   58.25
 221.57  149.23
 222.79   10.65
 222.89   34.71
 222.98   16.90
 223.08   47.94
 223.95  146.36
 224.02   90.32
 224.80  157.67
 224.84  182.69
 225.02   85.14
 225.19   77.34
 225.39  106.72
 226.29  129.16
 227.03  146.33
 227.10  120.31
 227.93   28.56
 228.15   20.38
 228.93  106.73
 229.07   26.33
 229.15   92.85
 229.56  200.46
 229.66   31.91
 229.91   75.93
 230.44   39.98
 230.74   87.95
 230.74   13.29
 230.90  190.82
 231.69  181.30
 231.77  129.65
 232.03  140.14
 232.48  193.51
 233.08  185.53
 233.10   37.31
 233.97   94.70
 234.28  166.20
 235.37   81.70
 235.57   85.35
 235.61   63.44
 235.88   45.96
 236.05   93.31
 236.37   68.60
 236.49   69.56
 236.71   77.09
 236.71  169.10
 238.59  185.23
 238.62   83.40
 238.96   58.18
 239.43  127.97
 240.00  143.33
 240.17   91.73
 240.52   95.79
 240.54   88.95
 240.84   42.59
 241.33   99.55
 241.77   71.78
 242.38   38.33
 243.36   79.88
 245.15   93.74
 246.51   67.65
 247.08   79.70
 247.08   90.21
 247.57   86.14
 248.48  173.72
 248.71   77.11
 249.13  162.09
 249.18  179.64
 249.48   56.83
 250.15  190.71
 250.31  145.52
 250.64    8.18
 251.29  212.68
 252.54  110.29
 253.62  155.33
 253.72   55.32
 253.84   55.30
 253.96  105.72
 254.25  172.71
 254.29   69.69
 254.55   94.50
 254.67   74.36
 255.94   42.43
 256.03  131.39
 256.36  189.52
 256.86  166.15
 257.00  186.38
 257.36  183.55
 257.94  172.44
 257.98   18.02
 258.52   36.03
 258.55   30.53
 259.02  193.12
 259.39   86.21
 259.88   49.04
 260.09   40.95
 260.20   71.45
 260.57   66.02
 260.78   91.90
 261.15   16.38
 261.38  141.35
 261.75  187.91
 262.16  201.03
 262.30  168.92
 264.09   89.87
 264.31   95.60
 265.10   64.33
 265.48   70.62
 266.16   54.48
 266.35  206.52
 266.68  136.28
 266.79   91.21
 268.19  160.00
 268.48  129.09
 269.14   56.55
 269.46   92.09
 269.72   36.46
 270.03   67.33
 270.07  164.96
 270.37   75.86
 270.51   21.67
 270.88   15.97
 271.00   79.54
 271.13  155.18
 271.49  146.25
 271.70  124.08
 273.44   45.85
 273.59   58.95
 274.59  173.63
 274.63   69.30
 274.96  128.44
 275.22   71.27
 275.53   20.68
 275.66   41.02
 276.43    8.35
 276.89   50.42
 277.00  148.76
 277.34  187.36
 277.53  140.54
 277.58  208.30
 277.89  178.01
 277.91  136.54
 278.44   89.40
 278.88  181.04
 279.04   17.36
 279.17   17.34
 279.38  102.10
 279.42   61.04
 279.80   25.92
 279.98   29.34
 281.30  172.17
 281.97   11.92
 282.49  136.06
 282.78   79.98
 283.04  106.49
 283.76   21.00
 284.07   48.80
 284.73   89.55
 284.92  209.37
 285.68  111.72
 286.02  127.10
 286.18   45.66
 287.30  115.21
 288.00  122.98
 288.20   56.33
 288.71  137.80
 289.97  184.30
