   6.86  240.33
   9.98  242.17
  16.67   13.58
  18.87   72.18
  20.96   93.78
  20.98   83.20
  21.00   55.59
  21.54  142.90
  21.60  104.00
  21.76   26.66
  21.83  151.93
  21.88   44.32
  22.32  114.25
  22.72  123.95
  23.09   98.80
  23.44  133.37
  23.92  185.85
  24.43  118.47
  24.48  193.58
  24.70  154.90
  24.80   54.83
  25.19  201.29
  25.23  174.14
  25.36   38.18
  25.42   26.71
  25.70  142.91
  25.78  164.06
  25.98  215.81
  26.05  132.10
  26.18  163.89
  26.27  124.47
  26.56  128.58
  26.77  182.48
  26.88   77.46
  26.98   57.15
  27.02   74.08
  27.27   51.59
  27.75  198.17
  28.57  157.94
  28.84  142.79
  28.99  134.58
  29.07  254.71
  29.46   61.33
  29.48  260.57
  29.64   77.59
  29.92  266.38
  30.55  271.82
  30.70  277.36
  30.72   68.56
  31.01  100.51
  31.06   78.41
  31.79  207.29
  31.79   67.07
  31.80  207.48
  31.81   51.61
  31.84   88.78
  32.21  238.62
  33.02  260.16
  33.20  265.76
  33.51  130.93
  33.81  276.92
  34.03   19.85
  34.12  282.46
  35.21  206.19
  35.96   27.76
  36.04  144.75
  36.08   67.52
  36.27  134.89
  36.68  188.08
  36.78  169.67
  37.72  205.25
  37.98  211.88
  38.45  258.44
  38.59  171.27
  38.74   47.26
  38.83   19.08
  38.96  192.97
  39.07  188.07
  39.12  211.73
  39.62  198.05
  39.71  142.33
  40.07   70.39
  41.11  255.39
  42.09   29.07
  42.10   46.66
  42.23   31.71
  42.58  258.36
  42.82   73.43
  42.98   19.36
  44.50    8.08
  44.51   40.87
  44.58  146.15
  44.77  140.24
  44.81   56.82
  44.93   36.28
  45.26  200.51
  45.42   92.51
  46.20  266.69
  46.61   84.45
  46.62  102.19
  46.76   75.89
  46.87   62.50
  47.06  191.03
  47.14  208.43
  48.08  182.30
  48.57  130.42
  49.02  161.79
  49.18  239.81
  49.33   15.45
  49.49  222.74
  49.65  236.50
  50.51  248.96
  50.60   66.17
  50.81  133.31
  50.92  191.65
  51.26  100.85
  51.41  204.90
  51.45  125.60
  51.56  239.45
  51.74  225.58
  51.79  252.85
  52.04  214.15
  52.04   41.14
  52.21  177.91
  52.41  195.90
  52.63   73.62
  53.15   23.85
  53.29  181.45
  53.48  253.92
  54.39  278.85
  54.79  227.26
  55.14   92.70
  55.21   68.39
  55.74   75.27
  55.90  256.37
  56.10   32.64
  56.13  102.90
  56.70  207.90
  56.97  212.52
  57.18   46.37
  57.38   78.02
  57.40  115.07
  57.43  100.52
  57.61   88.64
  57.71  230.15
  58.52  241.53
  59.11   46.56
  59.39  160.86
  59.53   28.26
  60.14   81.83
  60.41   75.82
  61.07  283.15
  61.17   69.79
  61.28   54.16
  61.86   48.63
  62.15  234.90
  63.31   56.38
  63.46  175.33
  63.66   58.26
  64.08   70.75
  64.63  232.57
  65.45  260.94
  66.73  156.00
  67.57  128.77
  67.57   57.63
  67.63  183.52
  68.43  155.43
  69.18  247.16
  69.55  155.22
  69.74   61.75
  69.80  251.68
  70.47   77.49
  70.90  276.88
  71.13  129.39
  71.16   73.55
  71.25   88.80
  71.63   52.08
  72.86  154.25
  72.88  282.78
  74.39   74.12
  74.45  193.97
  74.93  274.67
  74.98   94.74
  75.18   85.84
  75.38  269.88
  75.67  187.37
  75.76   68.02
  75.78  162.47
  76.17   85.23
  76.19  165.40
  76.25  243.06
  76.58  191.13
  77.14  182.97
  77.27  272.25
  77.32  277.90
  77.38   13.85
  77.77  246.76
  77.85   43.40
  78.16  145.54
  78.53  159.89
  78.66  133.35
  79.27  119.57
  79.32  240.09
  79.55  140.53
  79.69  141.49
  79.88  179.57
  81.03  151.68
  81.77  152.68
  82.43  242.49
  82.43   37.11
  82.54   92.38
  82.66  100.49
  82.72   39.68
  82.92   72.67
  83.39  180.34
  83.54  140.32
  83.76  229.94
  84.35   84.60
  84.49  231.44
  84.55   57.65
  84.81  198.02
  84.83  127.80
  84.89  227.68
  84.98  245.58
  85.13   31.38
  85.21  219.50
  85.22   22.04
  85.26  101.78
  85.39  235.24
  85.39  101.19
  85.74  264.19
  85.78  212.87
  85.89  208.80
  86.07  145.24
  86.33  104.96
  86.89  140.49
  87.41   40.78
  88.11  188.66
  88.47  277.65
  88.67  100.25
  88.87   49.35
  89.35  123.86
  89.49  153.70
  89.82   66.36
  90.53  186.26
  91.35  168.32
  91.96   73.16
  91.99  181.00
  91.99  249.00
  92.17   75.42
  92.73   97.97
  92.88   22.19
  92.96   86.47
  93.46  189.44
  93.61  196.92
  93.99  115.57
  94.62   49.97
  94.96   76.10
  95.00  223.79
  95.14   73.70
  96.72   47.94
  97.42  264.41
  98.30   81.95
  98.32   48.13
  98.48   76.70
  98.83  147.73
  98.98  193.10
  99.39  276.11
  99.93   55.27
 100.37  175.16
 100.55  263.03
 100.93   97.81
 101.17  208.62
 101.67  259.44
 101.72  256.30
 101.89   82.84
 102.53  186.14
 105.07  180.26
 105.47  176.41
 105.71  276.05
 106.46   53.47
 106.93  162.78
 107.10  233.96
 107.15    7.62
 107.57  260.87
 108.00  153.35
 108.63  242.69
 108.75  257.35
 108.86  249.77
 109.20  279.49
 109.44   86.75
 109.47  123.96
 109.80  131.54
 109.84  153.17
 110.13   68.15
 110.18  282.73
 110.19    7.21
 110.31   53.47
 111.28  276.85
 111.46  257.24
 112.11  152.33
 112.36  184.57
 112.62  191.49
 112.83  201.50
 112.91  135.50
 113.13  182.56
 113.37  239.36
 113.40  173.74
 114.48  269.40
 114.64   40.51
 114.65   40.41
 115.01  164.23
 115.30  249.15
 115.44   44.87
 116.02  119.49
 116.36  178.95
 116.73   25.72
 117.22  225.62
 117.56   79.00
 117.57  131.40
 117.89  160.19
 118.09  256.98
 118.45   55.05
 118.56   63.46
 118.57  231.80
 118.73  183.76
 118.76  138.93
 119.06  175.36
 120.04   41.57
 120.96  217.08
 121.11   57.29
 121.30   53.47
 121.77  124.60
 121.91  193.95
 122.21  150.66
 122.29  176.63
 122.36   43.66
 122.87  105.12
 122.88   99.12
 122.88  244.82
 123.14  205.56
 123.19  186.82
 124.01   89.73
 124.02  209.54
 124.79   80.37
 124.91  248.97
 124.96  207.67
 125.04  143.42
 125.36  181.52
 126.46   97.66
 126.77  170.55
 126.81  112.23
 127.27  177.08
 128.84  225.63
 129.42   71.01
 129.99   74.97
 130.08  124.82
 130.13  166.44
 130.13  266.94
 130.73  175.44
 130.82   51.96
 130.91  126.92
 130.91   98.95
 131.25  170.29
 131.53  134.42
 131.60  240.55
 132.41  265.78
 132.70  199.10
 133.54  271.02
 133.58  164.97
 133.63  192.83
 135.13   66.40
 135.59  266.13
 135.69  178.51
 136.06   95.53
 136.69  261.33
 136.92  146.35
 137.23  269.10
 137.34  235.51
 137.60  191.64
 137.81  263.72
 137.86  163.72
 138.41  230.12
 139.13   80.97
 139.30   25.43
 139.37  104.42
 140.26  183.79
 140.55  266.34
 141.56   37.56
 142.00   88.76
 142.08  123.92
 142.87  238.18
 143.14   94.35
 143.45  152.02
 144.37  192.28
 144.51  244.93
 144.97  256.05
 145.12  188.58
 145.77  130.23
 145.79   15.92
 145.85  261.54
 145.98   66.80
 147.11   54.34
 148.37  134.08
 148.82   22.44
 149.02  143.94
 149.07  222.01
 149.07   29.43
 149.25  124.77
 150.02  227.97
 150.94  234.92
 151.39   88.63
 151.45  157.04
 151.49   70.03
 151.71   24.85
 152.29  130.59
 152.39  117.49
 152.69  217.14
 152.70  176.17
 152.94  264.99
 153.38  146.07
 153.56  122.40
 153.72   43.15
 153.89  180.63
 154.05  137.82
 154.09   45.54
 154.18   45.86
 154.63   63.14
 154.88  191.43
 154.97  228.99
 155.08  281.33
 155.13  172.59
 155.15  206.31
 155.55  120.68
 155.86   81.35
 156.25  183.38
 156.53  243.33
 156.84   89.36
 157.19   67.49
 157.55   16.22
 158.21   41.29
 158.35   81.90
 158.67  268.01
 158.70  267.94
 159.02   65.24
 159.58  259.60
 159.77  100.67
 159.84  142.25
 159.88   29.34
 160.25  125.62
 160.39   45.59
 160.65   59.54
 160.87  255.57
 161.12  173.66
 161.46   40.80
 162.54  271.73
 162.60  241.85
 162.72  167.66
 163.43  150.81
 163.89  250.45
 164.12   76.09
 164.23  269.43
 164.23  164.31
 164.65  182.57
 164.74   96.57
 164.93   79.65
 165.08  110.95
 165.46  125.28
 165.79  125.07
 166.00  173.70
 166.79  186.47
 167.01  167.59
 167.39  232.07
 167.44  234.17
 167.71  162.37
 167.99   99.10
 168.02  249.58
 168.32  123.41
 168.83   97.65
 169.12  274.09
 169.13  270.83
 169.15  150.70
 169.30  173.84
 169.46   84.98
 169.48  114.94
 170.82  259.49
 171.10  161.34
 171.68   24.00
 171.90  225.53
 172.52   72.09
 172.54   54.35
 172.74   96.40
 174.27  179.48
 174.50  187.38
 175.74   60.04
 175.93   53.16
 176.40  261.90
 176.71  155.22
 178.04  224.25
 178.14  267.64
 178.26  218.70
 178.91  129.20
 178.99   76.32
 179.20  224.43
 179.24  146.31
 179.52  241.36
 179.56  272.30
 179.84   56.21
 180.07  180.42
 180.18  247.22
 180.27   70.11
 180.48  267.52
 180.51  250.59
 180.95  259.10
 181.17  143.37
 181.91  159.22
 182.15   63.36
 182.22  169.76
 182.23   28.42
 182.90   68.59
 183.92  268.70
 184.11   18.46
 184.32  128.09
 184.50   82.06
 184.87  174.34
 185.49  189.43
 185.66  135.86
 186.48  256.22
 186.68  181.60
 187.05   88.96
 187.58  171.17
 188.08  219.83
 188.47   28.73
 189.61   64.39
 190.23  120.09
 190.31   33.32
 190.33   18.46
 190.40   45.37
 190.43   48.57
 190.67   71.71
 190.72   89.65
 190.87  257.23
 190.88   78.23
 191.56   62.95
 191.65   23.88
 192.76  172.43
 193.52  231.89
 193.52   85.84
 193.68  124.95
 194.19   29.32
 194.35   90.64
 194.37   44.04
 194.52  163.28
 197.03   48.22
 197.41  172.25
 197.60  103.13
 198.26  247.87
 198.35  255.20
 198.76  111.71
 199.03   86.16
 199.23  166.68
 199.68  162.13
 199.83   69.91
 200.44   80.35
 200.58   98.61
 200.98   19.81
 201.05  159.04
 202.10  170.08
 202.91   71.79
 203.06  144.28
 203.11  115.09
 203.17  101.13
 204.33   11.70
 204.59   58.60
 204.67  148.51
 205.20  220.82
 205.71  171.10
 205.90  257.82
 206.73  105.69
 208.60  210.64
 209.59  170.67
 209.70  123.64
 210.59  264.18
 211.87  210.48
