   8.11   97.41
   9.18   79.10
   9.59  109.96
  11.35   50.28
  11.87  103.42
  12.15   68.69
  12.20  162.05
  12.42   79.64
  12.43  174.91
  12.69   66.17
  13.93  114.91
  14.02   52.35
  14.75  105.83
  15.35   66.57
  16.31   78.64
  16.43   97.45
  16.53   85.46
  17.36   42.33
  17.61   49.41
  17.87   72.88
  18.06   81.54
  18.26   90.16
  18.32   94.58
  18.93   59.50
  19.23  131.13
  20.52   85.20
  22.07   42.08
  24.13   93.52
  24.16   98.94
  24.33   88.68
  25.93   89.21
  26.07   96.48
  26.99   33.86
  27.04   93.04
  27.71   38.42
  28.47  104.42
  28.75   25.71
  30.50  117.67
  31.81  125.55
  32.86  106.77
  33.00  100.97
  33.07  158.14
  33.12  106.63
  33.22  115.53
  33.87  109.94
  34.39   12.56
  34.84  121.51
  34.87  132.08
  37.57   38.80
  37.94  127.61
  38.46   84.59
  38.49   84.24
  38.72   88.22
  38.90  177.57
  41.35   84.74
  41.44   78.81
  41.73   81.27
  42.20  127.92
  42.22   75.95
  42.84  137.08
  43.26  109.99
  43.67  145.29
  44.10  104.42
  44.42  140.38
  44.74   83.74
  44.93   78.35
  45.85   70.59
  47.47   96.54
  47.89  139.39
  48.07   18.14
  48.43  151.29
  48.88  103.92
  50.44   68.67
  51.31  149.29
  51.46  154.42
  53.23   80.72
  53.33   77.65
  53.82   95.74
  54.04   71.38
  54.19   92.28
  55.73  150.68
  57.05   77.41
  57.09   19.13
  57.26   80.21
  57.78  154.57
  59.47   70.67
  59.77  146.14
  60.85   78.32
  61.03   67.36
  61.06   67.47
  61.49   82.94
  61.99  132.13
  63.37   92.72
  64.38   76.15
  64.50   59.79
  64.58   68.71
  64.59  125.75
  64.64   72.41
  65.07   54.76
  65.11  106.61
  65.82   48.94
  65.92  115.95
  68.93  150.55
  69.02   72.72
  69.26   67.56
  69.54   87.72
  69.56   58.97
  69.58   53.82
  70.72   90.31
  71.31   56.96
  71.33   74.68
  71.38  124.55
  71.38   86.57
  71.53   86.52
  71.69  115.35
  71.74  105.39
  72.36   98.62
  72.85   53.62
  73.18  153.07
  73.63   72.73
  73.71   68.04
  73.94   58.59
  75.16   62.41
  76.07   89.21
  76.08  155.21
  76.37   71.68
  77.10   57.36
  77.26   74.55
  78.03   81.09
  78.55   70.24
  78.85  116.77
  78.97   99.20
  79.05  126.68
  82.36   54.73
  82.93   86.71
  83.22  120.30
  83.31  108.97
  84.01   68.82
  84.81   57.89
  85.24   57.80
  85.35  125.22
  85.64  101.83
  85.90   77.88
  86.07   43.21
  86.13  116.93
  86.78   50.71
  87.17   22.36
  88.27  129.43
  88.43   91.44
  88.46  105.81
  88.49   87.66
  88.54   22.89
  88.60  118.43
  89.35   67.54
  89.81   58.82
  90.33  133.56
  90.49  104.17
  90.99  107.77
  93.26   24.43
  93.89   29.84
  93.93   50.28
  93.98  122.35
  94.10   84.62
  94.21  160.12
  95.72  108.42
  95.73   99.12
  95.87   35.64
  96.05   43.84
  97.44   92.45
  97.69  119.14
  99.10   62.51
  99.24   21.75
  99.29   47.00
  99.40  132.16
 100.33  124.24
 100.47   25.67
 101.20   72.43
 101.88  111.08
 102.98  127.26
 103.25   63.88
 103.34   93.05
 103.52   47.90
 103.58   51.17
 103.75   22.56
 106.11  110.23
 106.62   99.97
 106.87  127.29
 107.17  122.41
 107.19  158.44
 107.39   93.99
 108.16  155.00
 108.21  132.23
 108.76   46.83
 109.75  119.31
 110.30  114.40
 110.38  124.28
 110.41   82.14
 110.42  129.12
 111.65  150.02
 112.03  109.23
 112.45  176.50
 112.98   30.53
 114.18  181.30
 114.97  170.78
 115.03  145.03
 115.07   78.06
 115.23   82.23
 116.08  134.65
 116.09  118.28
 116.14  114.52
 116.68  112.66
 116.68   67.52
 116.89  155.96
 116.94   31.64
 117.90   68.45
 118.21   57.50
 118.91  129.34
 120.41   54.07
 121.10  131.79
 121.41   21.36
 122.18   34.45
 122.24   19.79
 122.44   62.60
 122.65  175.49
 122.94   26.62
 123.51  125.15
 123.53   85.18
 123.73  116.56
 123.77   95.47
 125.32  143.74
 125.58   67.33
 125.62  130.91
 125.65  188.03
 126.71   96.22
 127.10  116.51
 127.42  118.17
 127.95  101.74
 128.57   85.03
 129.12   53.03
 130.06   58.40
 130.57  183.36
 131.48   86.30
 131.83  131.41
 132.28   61.51
 132.67  109.01
 133.09  181.29
 133.17   74.44
 133.21   51.26
 133.80  128.09
 134.57  145.85
 134.78   78.72
 135.90  106.49
 136.94   46.22
 137.20  125.08
 137.79  155.59
 138.35   48.97
 138.54  134.42
 138.55  119.18
 139.54   68.99
 139.64   91.45
 139.79   59.03
 139.88  185.01
 139.95   94.56
 140.33   51.47
 142.12  132.97
 142.36  117.49
 142.59  159.60
 142.73  112.52
 142.84  191.05
 143.99   54.88
 145.43  159.57
 145.53   88.32
 146.59  193.22
 147.46   13.02
 148.47  111.68
 149.33  134.26
 149.77  155.88
 150.07  150.57
 150.37   86.29
 150.69   42.68
 150.85   69.79
 151.16  104.07
 151.46  103.77
 151.49  139.40
 152.12   38.29
 152.53   53.82
 152.62  151.92
 152.71  160.56
 153.49   92.76
 155.11  121.18
 155.72  141.28
 157.42   94.46
 157.72  109.57
 157.80   88.11
 157.94  171.42
 159.07  190.91
 159.73   46.78
 159.97  197.40
 160.02  112.17
 160.25  201.14
 160.53  201.27
 160.55   21.29
 160.80   26.17
 160.92   42.28
 161.56  148.98
 161.74  158.41
 161.87   18.94
 162.06  130.52
 162.22   86.80
 162.36  154.80
 162.43   23.74
 162.54   31.61
 163.49  187.84
 164.06   47.79
 164.32   52.03
 165.40  142.76
 166.00  158.51
 166.51   31.45
 166.57  137.32
 166.99   91.22
 167.39   18.87
 167.73  106.56
 168.00   63.72
 168.11  187.44
 168.40   92.68
 168.46  188.34
 168.55   45.05
 168.68  172.27
 168.76  178.69
 168.78   48.78
 169.26   79.69
 169.66   88.24
 169.98  127.35
 170.10  112.84
 170.10  101.62
 170.18  170.92
 171.23  162.68
 171.28  137.75
 171.32   91.14
 171.59   33.97
 172.01   28.51
 172.20  186.65
 172.25  115.53
 172.50  181.39
 173.31  156.59
 173.35  157.91
 173.80   80.15
 174.04  133.73
 174.40  110.15
 174.83  115.72
 175.05  125.11
 175.33  191.45
 175.58  101.51
 175.59  185.80
 175.76  145.54
 175.77  201.83
 175.93  138.32
 175.94   79.55
 176.16   96.50
 176.36  172.04
 177.55  206.42
 177.68   98.79
 179.38  116.11
 180.80  122.80
 181.15   74.55
 181.25  156.94
 181.57   33.03
 184.17   34.02
 184.39  143.11
 184.51  175.41
 184.52  118.01
 184.55   79.47
 184.64  112.79
 185.64  135.62
 185.92   26.34
 185.99  164.81
 186.57  140.44
 186.87  146.38
 187.10  156.23
 187.13  123.01
 187.37  101.99
 187.41   79.48
 187.55   85.24
 187.75   13.72
 187.78  105.78
 189.03  165.23
 190.03  177.53
 190.19   40.30
 190.50   26.39
 190.64  111.87
 191.13  174.26
 191.25   82.19
 191.26  165.27
 191.83  130.94
 192.49  169.24
 193.21  123.66
 193.80  137.13
 193.96  137.13
 194.23  107.23
 194.37   80.85
 194.56  102.58
 195.19  171.62
 195.86  118.03
 195.93  161.80
 196.08   40.33
 196.23   39.77
 196.83   37.98
 197.02    7.26
 197.33   36.09
 197.42  143.16
 197.62   33.40
 198.08  176.16
 198.75  132.44
 199.40  121.39
 200.13  117.10
 200.39  105.93
 200.47  167.87
 200.67   39.33
 200.73  125.86
 200.83  168.74
 201.43  145.17
 201.82  172.79
 202.05  109.52
 202.68  152.52
 202.96  160.17
 203.02   32.62
 203.17  134.32
 203.26   35.67
 204.08   96.64
 204.25  102.90
 204.27  165.36
 204.63  181.25
 205.04  157.02
 205.05   82.28
 205.20  129.70
 205.79   74.84
 206.20  183.43
 207.41   38.26
 208.68  152.44
 210.17  151.87
 210.70   32.08
 211.04   96.61
 211.23  161.22
 211.38  103.37
 211.46   88.62
 211.72   70.30
 211.91  132.08
 212.04  109.01
 212.48  133.74
 212.89   28.88
 212.94   92.66
 212.99  128.55
 213.00   83.97
 213.12  164.12
 214.29  176.12
 214.37  106.49
 214.51   98.83
 215.04  161.65
 215.12  148.26
 215.64   77.83
 215.78   30.75
 216.34  176.81
 216.60  114.55
 216.67  108.88
 217.15   82.61
 217.60  136.61
 218.29   33.48
 218.55   96.37
 219.48  158.59
 219.87  141.38
 219.99  124.55
 220.33   26.65
 220.56  102.05
 220.66   74.35
 220.85   31.84
 221.52  163.37
 221.78  104.79
 222.20   98.32
 222.58   32.69
 223.09  115.67
 223.90   85.43
 224.31   88.67
 224.41   64.11
 224.67  134.18
 224.71  106.40
 225.22   92.16
 225.32   30.10
 225.70  108.16
 227.46  191.58
 228.30  110.22
 228.75  142.94
 228.89   79.98
 229.84  149.92
 229.92   25.86
 230.77  111.76
 230.88   46.46
 230.92  139.03
 231.40  119.51
 231.47   89.87
 232.48  184.32
 232.52  100.74
 232.82  123.60
 233.02  166.42
 233.60  117.01
 233.65  115.80
 234.25  175.48
 234.25   91.47
 234.97  145.86
 235.47  161.73
 235.59  192.76
 236.77  170.42
 237.48   91.21
 237.78   83.71
 238.18   77.96
 238.45  108.12
 238.73   71.39
 238.86    7.96
 239.47  171.48
 240.02   60.63
 240.07  182.88
 240.81   91.82
 240.92  158.33
 241.00  174.38
 241.35  110.64
 241.70   68.20
 241.97   47.62
 242.04   86.08
 242.92  102.96
 244.85   44.95
 245.87  104.30
 246.70   19.52
 247.07   62.93
 247.28  103.61
 247.78   79.40
 247.87   79.50
 247.87   46.12
 248.48   96.44
 248.76   59.37
 249.15   40.85
 250.21  182.35
 250.75   33.12
 250.92  188.71
 251.10  138.89
 251.30  184.87
 251.38  101.24
 251.43   92.51
 251.56   70.61
 251.59   83.82
 251.65  134.86
 251.88   62.99
 253.96  108.15
 254.13   66.45
 254.33  157.71
 254.38  178.33
 254.52    9.87
 254.85   16.68
 255.05   48.36
 255.13  147.10
 255.19   87.55
 255.46   62.29
 255.65   82.88
 256.37  103.30
 256.91  138.40
 257.13  176.07
 258.08  166.22
 258.19  113.33
 258.43  100.80
 258.85   89.18
 259.25  159.05
 260.20   82.46
 260.46  186.42
 260.64   86.02
 262.80  179.62
 262.91  149.38
 263.37  188.36
 263.54   75.75
 263.67  120.09
 264.89  160.86
 265.83   82.03
 265.89  125.11
 266.14  191.56
 266.91   77.02
 267.19  123.65
 268.66  178.82
 269.12   74.31
 269.98  148.83
 270.17  185.96
 270.36  145.88
 271.14  174.00
 271.26   37.94
 271.58   81.02
 272.22   60.02
 273.25  187.48
 273.51   79.33
 273.77   85.43
 274.25  184.63
 275.57   69.03
 275.91   62.10
 276.68  158.81
 280.08  103.22
 280.56  165.14
 280.80  138.94
 281.17   14.61
 283.32  121.59
 283.38   13.07
 283.48  165.97
 283.69  160.37
 284.81  125.22
