   7.12  238.23
   7.31  248.32
   8.50  161.22
   9.49   56.81
   9.83   33.61
  10.39   38.07
  11.13   16.36
  12.30   23.84
  12.58  137.17
  12.93  259.97
  12.95  123.54
  13.87  198.52
  13.91   33.82
  13.91  142.72
  14.40   46.17
  15.10   31.29
  15.49   26.91
  16.48   56.59
  16.61  115.30
  16.85  181.93
  16.98  108.99
  17.09  193.07
  17.11  120.21
  17.23   24.06
  17.56   46.28
  17.90  110.70
  18.48   65.21
  18.50   61.25
  19.24  118.05
  19.33  154.68
  19.43  163.84
  19.45   89.69
  19.79   19.02
  19.88  171.68
  19.90  203.96
  20.74  245.75
  20.88  261.50
  21.11  235.06
  21.79  178.54
  21.88   50.99
  21.97  120.65
  22.09   67.88
  22.13  160.63
  22.26  165.99
  22.74   87.55
  23.04  201.61
  23.55  105.86
  23.62   75.05
  23.78  274.02
  24.12   81.19
  24.19  220.20
  24.35   92.57
  24.43   83.85
  24.66  271.08
  24.69   30.36
  25.01   54.16
  25.56  255.97
  25.67  227.66
  25.73   21.35
  25.88  177.97
  26.20   44.91
  26.28  223.06
  26.34   64.78
  26.87  155.14
  27.28   14.60
  27.32  262.81
  27.43  247.73
  27.51  214.43
  27.77  141.62
  27.80  181.53
  28.47  148.79
  28.65   18.94
  29.19   72.43
  29.19  131.37
  29.21   29.69
  30.00  133.45
  30.16  223.49
  30.23   17.47
  30.36   81.45
  31.82  138.52
  32.14  263.99
  32.94   89.88
  32.99   50.17
  33.22  113.37
  33.46   24.43
  33.93  166.80
  34.91   50.49
  35.49  195.06
  36.00   56.35
  36.52   15.98
  36.63  197.80
  37.20   29.15
  37.32  111.08
  37.48  182.26
  37.94  253.21
  37.98  235.73
  38.16  213.82
  38.26   46.48
  38.52  107.90
  38.70   91.60
  38.87  225.94
  39.44  165.30
  40.02   67.18
  40.32   65.03
  40.98   23.90
  41.03  211.57
  41.39   80.51
  41.68   83.65
  42.39   97.34
  42.43   61.60
  43.11  176.60
  43.29  202.53
  44.02  133.23
  44.45   75.01
  44.78   14.38
  44.81  114.49
  45.32   85.83
  45.62  240.43
  45.74  225.09
  45.82  173.84
  45.92  206.73
  45.99  168.64
  46.16   96.56
  46.18   23.15
  46.30  171.79
  46.49  178.67
  46.60   85.65
  47.02  229.26
  47.12  105.02
  47.23   92.41
  48.12   78.52
  48.41  109.45
  49.49   83.57
  49.96   87.06
  50.07  133.41
  50.13   56.71
  50.15   14.64
  50.51  257.12
  50.54  127.00
  50.59   91.39
  50.61  179.55
  50.73   60.64
  51.02   69.73
  51.14  101.53
  51.17  277.32
  51.41   95.79
  51.71  263.75
  52.21   60.32
  52.50  108.78
  53.08   54.61
  53.79  115.24
  53.82   13.75
  53.90   78.91
  54.19  167.98
  54.66  128.71
  55.21  164.54
  55.76  183.29
  56.27   43.29
  56.28  235.39
  56.33  260.28
  56.59   57.70
  56.67  136.66
  56.77   57.84
  56.84   63.58
  57.01  113.62
  57.36  164.93
  57.40   12.25
  57.94  137.41
  57.94   22.83
  57.95  137.97
  58.39   88.19
  58.41  133.61
  58.68  133.42
  58.87  145.45
  58.90  167.70
  59.20  234.41
  59.26  153.92
  59.74  115.08
  60.07   69.08
  60.18  214.91
  60.21   28.17
  60.29   76.03
  60.31   92.99
  61.08   40.95
  61.57  159.14
  61.86   48.22
  61.94   48.85
  61.98  173.82
  62.01  109.65
  64.46   57.48
  64.53  106.82
  64.73  232.44
  64.76   43.49
  64.88   32.51
  65.15   52.21
  65.49  137.01
  65.99   97.58
  67.16   93.05
  67.34  258.71
  70.73   68.27
  70.87  181.37
  70.97   35.85
  71.01   68.59
  71.71  232.22
  71.99  238.32
  72.04  208.75
  72.07  172.10
  72.12   58.94
  72.14  199.39
  72.63   17.35
  72.69   13.93
  72.86   49.33
  72.89  137.93
  73.30   72.12
  73.45  172.16
  73.90   96.84
  74.05   40.33
  74.13  247.80
  74.32   76.64
  74.60  142.74
  74.67   44.59
  74.70  103.49
  74.84   83.29
  75.31  243.26
  75.77  135.00
  75.99  114.06
  76.19   17.47
  76.36   54.75
  77.00   23.48
  77.49   58.46
  77.52   97.98
  78.34   37.37
  78.42  249.57
  80.88  103.44
  80.91   93.84
  80.98  178.54
  81.33  242.67
  81.50  134.61
  81.64   20.36
  81.67  137.39
  81.85  106.90
  82.01   62.62
  82.07   58.83
  82.46   39.44
  82.46   65.58
  83.08   90.92
  83.43  153.28
  83.56  200.13
  83.74   81.78
  83.85  176.40
  83.96  115.80
  84.46   56.03
  84.81  253.91
  84.95  201.05
  84.98  245.07
  85.05   62.68
  85.81   98.88
  86.27  239.16
  87.14  178.42
  87.25  174.36
  87.44  169.54
  87.61   46.27
  87.76  164.91
  88.02  137.59
  88.11  251.76
  88.55   37.31
  88.72  221.59
  88.91  209.39
  89.15   16.45
  89.49   65.62
  89.76  122.97
  89.91   78.76
  89.94  141.73
  90.37   74.59
  90.59  217.99
  90.79  210.82
  90.99   89.73
  91.14  145.24
  91.28  200.70
  91.39   46.97
  92.08   67.34
  92.25   50.26
  93.20  179.90
  93.21   95.28
  94.09  145.60
  94.15   75.94
  94.57   66.56
  95.07  100.56
  95.13   62.76
  95.15   85.77
  95.39   98.27
  95.59   16.23
  96.60  144.23
  96.89  103.52
  97.81   82.49
  98.19  134.96
  98.35  139.46
  98.63   63.70
  98.72   88.25
  99.11  168.90
  99.51  101.51
  99.52   73.33
  99.58   45.41
  99.87  217.75
 100.35  150.35
 100.94  178.40
 101.04  137.27
 101.23  115.08
 101.61  195.78
 102.60  226.07
 102.67   56.59
 103.11  181.06
 103.39  187.14
 103.83  260.14
 103.90   15.48
 103.92  174.46
 104.02  191.12
 104.07  230.39
 104.13  168.08
 104.97  118.78
 105.03   86.16
 105.27  213.80
 105.29  106.45
 105.58  110.45
 105.90   77.42
 106.02  142.30
 106.21  198.95
 106.96  175.37
 107.03  237.90
 107.25  147.39
 107.44  279.92
 108.19  192.61
 108.24   60.53
 108.90  112.23
 109.26  269.83
 109.26   71.64
 109.62  156.84
 109.67   98.92
 110.16   86.51
 110.36   15.13
 110.79  135.55
 110.81  187.03
 110.85  230.95
 110.97  141.51
 111.00   76.72
 111.01  184.12
 111.14  119.60
 111.33  173.35
 111.40  190.62
 111.44   24.94
 111.93  249.03
 112.32  280.39
 112.48   64.95
 112.65  165.97
 112.73   18.41
 113.00  139.83
 113.48  238.68
 114.01  229.06
 114.10  115.13
 114.10   98.89
 114.25  148.34
 114.34  148.26
 114.49   89.06
 114.63   15.77
 114.84  163.85
 115.46  146.45
 115.64   85.07
 116.06  271.88
 116.12  181.17
 116.15  135.38
 116.70  239.30
 116.82  246.95
 116.95  257.33
 117.04  166.48
 117.07  263.49
 117.39  140.16
 117.60  222.02
 117.97  110.91
 118.01  208.13
 118.24   72.07
 118.49   42.14
 118.54  216.98
 118.59  211.65
 119.26  261.37
 119.37  252.86
 120.07  282.48
 120.62  153.10
 120.69  164.96
 120.82  132.50
 121.27   94.44
 121.66  177.44
 121.76  184.33
 121.80  104.33
 122.50  207.99
 122.61   63.48
 122.68  188.87
 122.93  206.93
 123.10  164.16
 123.17  115.72
 123.39  250.16
 123.49   84.72
 123.89   90.66
 123.94  135.60
 124.43  217.22
 124.48  217.15
 125.72  122.91
 125.75  192.65
 126.32  152.26
 126.56  264.10
 127.34  237.56
 127.38  163.77
 127.40  177.79
 127.59  180.94
 127.63  170.72
 127.89   62.43
 128.27   69.09
 128.62  209.63
 129.03  211.01
 130.06  245.90
 130.41   90.41
 130.43   49.70
 130.80   37.88
 130.86  137.78
 131.26  146.34
 131.32  226.75
 131.34  210.90
 131.85  110.29
 131.95   85.13
 132.63   71.78
 132.87   24.59
 132.92  105.27
 133.40  108.78
 133.61   11.90
 134.01   64.19
 134.25   56.11
 134.40  108.52
 134.54  143.17
 135.42   93.99
 135.55  106.52
 135.71   74.34
 135.81  123.23
 136.38  115.47
 137.17  188.81
 137.75  272.76
 137.76  121.02
 138.18  145.54
 138.25   40.88
 138.36  169.46
 138.60  132.96
 138.77  110.27
 139.00  212.95
 139.59   93.84
 139.72  176.10
 140.17  195.38
 140.32  165.84
 140.51  127.10
 140.64  281.85
 140.70  176.07
 141.09  281.63
 141.15  183.33
 141.29  140.35
 141.81  266.40
 142.09  192.51
 142.22  202.50
 142.22   51.90
 142.30  159.61
 142.53  189.68
 142.70  159.55
 142.71    8.26
 142.72   44.36
 143.81   84.34
 143.93  138.73
 144.37   98.17
 144.50   92.42
 145.03   75.13
 145.10  183.89
 145.38  106.21
 145.41  190.89
 145.56   48.27
 145.83  131.52
 145.96  111.35
 147.56  148.83
 147.58  247.49
 147.95  260.93
 148.39  252.62
 148.68  194.48
 148.75  194.66
 149.47  109.52
 149.96  180.49
 149.97  189.61
 150.06  268.21
 150.51  207.71
 150.56   23.98
 151.12  146.29
 151.27  128.63
 151.41  141.13
 152.14  185.02
 152.81  268.99
 153.49   71.28
 153.55   71.52
 153.83  159.70
 154.00  260.54
 154.41    8.17
 154.51   26.93
 154.68  264.97
 155.03  107.88
 155.27  268.09
 155.94   23.75
 156.10  159.03
 156.72  212.78
 156.94   67.50
 157.30  167.09
 157.36  208.56
 157.40  275.98
 157.47  239.88
 157.71  169.13
 157.90  190.82
 157.93  218.18
 157.95  240.84
 158.75   26.62
 159.08  176.87
 159.28  139.81
 159.55   52.92
 159.63   95.66
 159.82  212.66
 159.88  193.89
 159.99  148.86
 160.37  238.40
 160.88  172.76
 160.92   70.57
 161.44   88.54
 161.47  122.08
 161.86   26.99
 162.28  241.44
 162.40  160.29
 162.68  116.40
 163.42   92.38
 163.90  119.86
 164.60  251.50
 164.75   13.42
 165.02   66.22
 165.03  246.57
 165.17  138.89
 165.33   72.98
 165.40  219.98
 165.45   23.62
 165.47  234.56
 165.99   46.97
 166.20  193.29
 166.52    8.41
 167.03  181.47
 167.45   26.85
 167.49  243.85
 167.67  197.21
 167.76   44.09
 167.82   82.99
 168.02  176.83
 168.28  119.92
 168.51   85.61
 168.61   21.08
 169.17    9.42
 169.20   71.31
 169.54   64.10
 169.62  254.40
 170.13   73.85
 170.19   80.93
 170.44  284.07
 170.53  195.89
 170.74  238.33
 170.99   47.21
 171.09  108.08
 171.46  186.43
 171.85  282.42
 171.88   84.76
 171.92  282.16
 172.04   92.82
 172.65  205.30
 172.92  119.71
 172.99  133.90
 173.12   56.46
 174.22  200.31
 174.40  154.09
 174.42  162.41
 174.72  191.98
 174.82  123.55
 175.04  151.94
 175.14  116.77
 175.33  135.83
 175.46   97.04
 175.75  208.01
 176.06  265.42
 176.07  138.45
 176.61  195.79
 177.21   85.32
 177.39  212.53
 177.49  163.54
 178.27  105.20
 178.39  281.99
 178.39  140.29
 178.67  125.55
 179.11  115.11
 179.39   53.49
 179.42  146.87
 180.00  151.08
 180.11  269.69
 180.21  156.10
 180.47  262.98
 181.35  110.74
 182.26  125.87
 183.40  254.58
 183.72  260.38
 183.80  177.48
 183.81  196.10
 183.93  177.49
 184.30   93.05
 184.93   83.47
 185.16  266.92
 186.08  138.91
 186.12   79.92
 186.86  150.38
 186.90  105.66
 187.25   46.45
 187.28  196.77
 187.28  204.64
 187.39  123.56
 188.18  127.26
 188.22   52.55
 188.28  176.34
 188.42  108.80
 189.05  279.70
 189.55  221.62
 189.57  267.92
 190.26  204.09
 190.73    8.48
 190.89   46.85
 190.93  265.38
 191.14  137.52
 191.48   80.05
 191.49  195.25
 191.96   93.71
 192.10  275.51
 192.45  157.74
 192.46   23.37
 192.93  105.57
 192.96  210.01
 193.00  275.47
 193.37  176.53
 193.38  198.77
 193.58  184.56
 194.26  189.90
 194.30   55.93
 194.53  115.71
 194.73  139.75
 194.91  247.35
 195.38  248.20
 195.52  161.00
 195.63  253.03
 196.25  220.92
 197.00  250.36
 197.30  106.25
 197.82  240.57
 197.95   92.48
 198.20  153.32
 198.23  176.96
 198.90  173.87
 199.41   98.61
 199.54   83.13
 199.78  150.26
 199.80  252.89
 200.33  198.99
 200.63  180.09
 200.65   61.67
 200.72  192.70
 200.75  141.37
 200.83  207.03
 201.11  186.06
 201.16  162.14
 201.22  212.77
 202.88  196.07
 202.91  189.16
 203.01  182.68
 203.15  261.92
 203.55  253.68
 203.91  176.51
 204.00   97.08
 205.03   96.31
 205.04   95.59
 205.95   82.29
 206.66  162.38
 206.77  171.29
 207.23   77.98
 207.57   62.56
 209.21  183.16
 209.24  214.03
 209.92  196.26
 210.14  202.38
 210.74  160.16
 211.55  171.88
