   6.92   74.03
   8.02   24.87
   8.19   78.05
   8.49   64.24
  10.12   37.41
  11.10   59.55
  12.09   90.25
  12.20   13.59
  12.20   48.48
  12.89  123.38
  14.05   62.27
  15.41    8.67
  15.42  120.25
  15.42   36.52
  15.47  120.23
  15.51   52.24
  15.57   42.02
  15.83   49.06
  15.88  133.01
  16.04  115.28
  16.07  124.80
  16.77   26.87
  16.83   93.23
  17.15   63.56
  18.64   68.87
  19.11   15.36
  19.24  134.18
  19.29   52.43
  19.52  137.52
  19.56   74.00
  19.88   83.99
  20.33  110.59
  20.77    9.41
  21.13   24.37
  21.52  103.44
  21.53   20.33
  22.02  114.55
  22.41   60.04
  23.01  143.82
  23.01   63.85
  23.23   89.01
  24.54   24.07
  25.20   26.09
  25.60   42.67
  26.10  141.25
  26.55   87.57
  27.34   12.93
  27.68   46.72
  27.90  135.98
  28.11  206.00
  28.70   59.57
  28.87  110.32
  28.97   36.85
  29.28   63.89
  29.52  143.76
  29.63  144.20
  30.10   90.89
  30.29  126.10
  30.77   27.68
  30.91  113.51
  31.19  207.71
  31.56  128.16
  31.77   10.84
  32.03  173.74
  32.10  149.49
  32.33  129.31
  32.42   53.03
  32.54  152.65
  32.99  157.09
  33.41  210.36
  34.47   84.10
  34.66  175.05
  35.85   97.53
  36.21   54.53
  36.21   25.32
  36.41  146.60
  36.60   26.47
  36.94   72.17
  37.15   37.40
  37.63  205.94
  38.27   80.31
  38.29  101.97
  38.38  155.82
  39.05    7.46
  39.19  141.04
  39.22  110.90
  39.38  110.91
  40.75   79.64
  41.01   71.90
  41.03   21.03
  41.55   39.98
  42.28  164.14
  42.32   68.53
  42.40   54.38
  43.20   22.52
  43.32  160.84
  43.90   76.34
  44.21   43.71
  44.25  173.38
  44.34  167.69
  44.91  110.46
  45.98  187.02
  46.09  126.22
  46.20  137.90
  46.29  142.16
  46.61  165.81
  46.85   39.67
  46.99  198.05
  47.81  135.09
  48.27  190.53
  48.31   54.29
  48.42   57.10
  48.44  185.53
  48.96  202.18
  49.04  113.36
  49.42   64.83
  49.90   14.73
  50.58   83.47
  50.58  195.28
  50.86  188.03
  50.96   96.55
  51.05  163.87
  52.05   61.68
  52.05   46.09
  52.19   86.51
  52.35  162.32
  52.58  199.31
  52.76   22.16
  52.92  101.75
  52.94  173.97
  52.97  113.35
  52.98  185.47
  53.17  151.17
  53.37  127.23
  53.37  109.46
  53.80  118.17
  56.11  190.96
  56.12  184.22
  56.34  154.12
  56.42  143.81
  56.59   17.02
  56.59  177.53
  56.79   99.85
  56.90   65.62
  56.93    9.94
  56.94   61.74
  56.95   71.77
  57.34   57.05
  57.54   92.61
  57.54   86.43
  58.13  140.35
  58.32   28.78
  58.83  132.73
  59.37  165.69
  59.91  139.77
  60.06  173.00
  60.49   63.41
  61.06  194.88
  61.23  122.29
  61.49  160.39
  62.08  192.22
  62.88   75.71
  63.47  181.35
  63.90  140.47
  63.99  156.26
  64.05  200.08
  64.07  189.80
  64.57   69.76
  64.80   50.61
  65.24  169.72
  65.60   28.22
  65.98   73.74
  67.43   62.75
  67.50   28.96
  67.83  195.11
  68.03   55.02
  68.34  179.87
  68.40   99.50
  69.19  135.07
  69.22  101.51
  69.39  155.69
  69.55  119.07
  69.79   75.75
  70.08  109.87
  70.41  144.69
  70.48   90.18
  70.49  152.00
  70.59  148.56
  71.49   79.58
  71.54  140.87
  71.68  181.33
  71.89  199.99
  72.22   55.76
  72.84  168.83
  73.18  102.09
  73.35   24.19
  73.64  159.45
  73.70   76.70
  73.75  121.88
  74.47   51.32
  74.55   59.94
  75.48  109.23
  75.81   27.95
  76.11  100.00
  76.21   68.78
  76.27  117.94
  76.81   55.79
  77.06  126.22
  77.80  169.32
  77.89  176.96
  77.92   90.22
  78.31   18.32
  78.36   96.12
  78.40   35.61
  78.66  103.10
  78.79   65.86
  78.85  129.54
  79.91  145.16
  80.70  171.03
  81.48  136.94
  81.53   17.26
  81.73  116.92
  81.93  106.34
  82.18   28.80
  82.29   63.32
  82.30   21.69
  82.85  140.51
  82.88  109.10
  82.99  123.43
  83.68   57.13
  83.98  168.07
  84.12  153.42
  84.55   39.45
  84.75  122.92
  85.00  177.03
  85.37  134.13
  85.47   86.66
  85.55   32.95
  85.63  145.85
  86.57   19.27
  87.33  116.91
  87.54   36.73
  87.60   59.97
  87.63   94.09
  87.74  164.99
  87.85  126.84
  88.20  178.78
  88.93  120.71
  89.15  122.49
  89.40  113.65
  89.85   32.94
  90.64   38.56
  90.70  169.35
  90.80  175.24
  90.84   29.91
  90.89   59.22
  91.25  181.53
  91.79  125.27
  91.83   83.56
  91.83   79.68
  91.97  139.08
  92.05   54.62
  92.21   66.49
  92.46  139.94
  93.05   87.19
  93.46  100.17
  93.78  152.10
  93.84  164.46
  94.40   64.30
  94.48  154.76
  94.62  187.48
  95.01  172.79
  95.70  157.82
  95.82   79.08
  96.12   79.14
  96.35  116.22
  96.37  122.38
  96.54   28.52
  96.79   52.39
  96.79   75.47
  96.86   91.77
  97.28   91.79
  97.59   87.60
  97.97   46.08
  98.01  176.53
  99.01   56.48
  99.05   30.47
  99.35  118.34
  99.48  153.57
  99.91  141.08
 100.93   57.88
 101.59  157.79
 101.64  115.49
 101.81   85.34
 101.88   52.42
 102.61  132.71
 103.28   98.98
 103.39  118.01
 103.45  111.88
 103.54   42.80
 103.75   21.82
 104.02   60.84
 104.29  127.01
 104.44  143.53
 104.62  167.73
 104.89  152.49
 105.10  164.66
 106.20  113.67
 106.26  117.65
 106.27   31.01
 106.41   33.73
 106.72   47.50
 107.04   14.45
 107.27  138.97
 107.32  142.13
 107.36  127.40
 107.44  135.38
 107.66  184.25
 108.56  120.77
 108.87   38.94
 109.00   58.98
 109.95   93.00
 109.99   46.39
 110.04  174.84
 110.54  132.72
 111.00  182.41
 111.49   61.77
 112.61  150.94
 112.69  188.30
 112.84   33.20
 112.91  161.34
 112.96  106.92
 113.26  178.23
 113.48   64.68
 113.49   82.27
 113.56  134.10
 113.69   56.42
 113.98  164.87
 114.87   18.48
 115.85  181.10
 116.33  134.56
 116.49   82.06
 116.66   76.86
 118.00  187.15
 119.52  142.12
 119.74  190.16
 119.81   52.92
 119.90  160.37
 119.95  113.13
 120.38   17.66
 120.40  117.79
 120.64   42.62
 120.97   74.94
 121.73  101.48
 122.02  180.96
 122.63   61.61
 122.90  133.11
 123.51  185.44
 123.92   18.38
 124.40  167.16
 124.69  162.60
 125.09  155.43
 125.10  125.39
 125.38  156.10
 126.44   40.14
 126.54  116.42
 126.56  149.05
 126.60  130.90
 126.89   58.63
 127.98   20.57
 128.83  128.19
 129.18  174.70
 129.36  110.97
 129.57   36.95
 131.32  165.74
 131.73   58.84
 132.47   41.04
 132.53  136.55
 132.94  100.22
 134.77  113.83
 134.92  170.40
 135.43  135.66
 135.54  129.60
 136.07   35.08
 136.43  108.45
 136.45   31.76
 136.80  181.66
 136.80  147.06
 137.01   25.70
 137.13   29.54
 137.51  100.15
 138.55   88.69
 138.55   84.81
 140.14   31.96
 140.18   22.17
 140.25   44.55
 141.34  124.38
 142.46   30.60
 144.42   84.88
 144.58   36.83
 145.58   23.06
 146.05   93.14
 146.75   34.23
 147.33  166.10
 147.48  161.12
 148.93   58.65
 148.96   94.46
 149.76  115.86
 149.82  136.09
 150.13  122.56
 151.84   96.08
 152.03   67.54
 152.80  174.76
 154.37   57.68
 155.89   60.93
 156.44  175.78
 156.89  184.43
 158.00   56.01
 159.21  134.87
 159.90  184.13
 160.22  128.36
 160.54  155.10
 160.69   59.76
 161.20  118.76
 162.17   25.12
 162.74  101.62
 163.09  149.02
 163.11  139.80
 163.15   81.45
 163.48   41.79
 163.48  143.08
 163.77   74.66
 164.61  124.92
 164.82  188.23
 165.08  119.82
 165.10  117.58
 166.12   22.53
 166.34  102.17
 166.61   79.09
 167.08   12.65
 167.75  127.22
 168.15   15.23
 168.18  154.84
 168.75  132.64
 169.39   60.85
 169.98   11.97
 170.07   22.84
 171.19  105.69
 171.71   14.44
 171.72  160.95
 172.40   98.81
 172.69   57.85
 173.34   89.51
 173.36   85.88
 173.85  147.16
 174.01   11.16
 174.25  155.43
 174.34   31.85
 174.47   96.01
 174.75   24.03
 175.18   79.00
 175.42  141.32
 175.69   41.74
 176.24  117.19
 176.43   85.03
 176.44  124.44
 176.52   34.76
 177.50  152.65
 177.71  158.64
 177.81  135.15
 178.33   31.97
 178.62   53.96
 178.97   21.08
 179.05   27.10
 179.50   80.97
 179.92  107.70
 180.72  144.51
 180.72   64.80
 180.81  193.45
 180.86   58.14
 181.06   78.72
 181.20   63.88
 181.55  186.90
 181.98  155.53
 183.70   95.77
 183.97  144.20
 184.19   20.43
 184.93  127.48
 184.94   52.41
 185.43  196.63
 185.93  133.07
 187.28   75.15
 187.33   99.65
 188.03   40.63
 188.21  194.45
 188.77  135.19
 188.92   94.16
 188.98  104.39
 189.28  129.77
 189.36  143.93
 189.42  152.58
 190.76   57.63
 190.78   33.99
 190.93    9.64
 191.18   82.08
 191.40  192.94
 191.47   70.68
 191.49   61.96
 191.53  170.06
 191.78  148.11
 192.32  155.47
 192.61  115.81
 193.23   17.63
 194.45  197.57
 194.69  110.58
 194.75    8.65
 195.52  141.93
 196.01   75.17
 196.08   32.88
 196.57   59.07
 196.66   88.02
 196.85  146.11
 196.88  116.14
 197.55   77.76
 197.62  129.70
 197.95   68.61
 198.32   84.88
 198.39   97.53
 198.40   19.29
 198.54   26.90
 198.75  157.54
 199.40  101.78
 199.51   71.10
 200.02  126.13
 200.33   88.06
 200.38   15.66
 200.46   66.29
 201.79   83.54
 201.84  195.74
 201.88  137.23
 202.06  112.04
 203.17   37.14
 203.17  216.65
 203.18  143.65
 203.59  183.44
 203.61  173.20
 203.67   76.41
 203.67  105.83
 203.86  140.80
 204.09   94.68
 204.92  101.93
 205.53  144.05
 205.77   84.41
 206.62  131.32
 206.83  182.97
 207.43  128.22
 207.53  203.88
 207.56   79.32
 207.91   25.76
 208.11  109.10
 208.35  111.91
 208.46   11.97
 208.55   37.24
 209.71   15.62
 209.73  137.72
 209.79  165.69
 211.60  193.03
 213.29  135.98
 213.51   76.62
