   7.29   53.07
   8.35   38.90
   9.25   50.06
  10.83  115.91
  13.46   59.48
  14.35   70.17
  14.96    8.68
  14.97  170.84
  15.59   79.78
  16.21   14.74
  16.99   61.04
  17.38   85.85
  17.60   65.42
  17.95   90.99
  18.46   56.00
  20.27  178.43
  21.39   61.55
  21.97   61.17
  24.85   65.35
  25.40   74.98
  26.00  114.04
  26.14  122.78
  26.45   94.52
  26.69   44.07
  27.73  169.37
  28.21  184.55
  28.73   68.98
  29.03   73.52
  29.51  147.54
  29.53  175.58
  29.73  130.34
  31.16   40.94
  31.33  173.35
  31.51  160.64
  31.53  178.92
  31.78  183.34
  32.17  186.50
  33.13  123.77
  33.27   97.34
  33.33   95.61
  33.46  151.70
  33.54  127.07
  34.00   60.76
  34.69  116.45
  35.09  142.67
  36.05   74.08
  37.79   40.62
  39.11  175.80
  40.96  156.31
  41.43   87.69
  43.75   61.70
  44.22  147.11
  44.64   81.91
  44.66   46.48
  44.90   66.39
  45.60   92.64
  47.56   83.90
  47.60   70.04
  48.16   75.30
  48.47   59.00
  50.39   85.99
  50.40   67.36
  50.99   41.06
  51.57  114.96
  52.66   78.73
  54.73   78.37
  54.74  102.11
  55.03   53.52
  55.55  120.62
  55.60   86.32
  55.64  113.54
  56.37   78.55
  56.60   62.50
  56.68  126.46
  58.01   98.89
  58.06  136.71
  58.82   73.11
  59.00   72.75
  59.52  131.08
  59.80  109.16
  60.16  140.00
  60.36   28.73
  61.39   40.54
  62.30  170.74
  62.36   67.29
  63.14   44.94
  64.40   72.09
  67.88  105.95
  69.13   62.63
  72.31   57.76
  73.98   49.20
  75.70   91.53
  76.42   75.71
  80.32   53.71
  81.03   95.79
  81.52   73.50
  82.39   47.21
  83.71   79.04
  84.91   57.58
  87.30   67.80
  87.48   46.93
  87.69   43.04
  88.61   54.13
  90.06  104.08
  92.24  114.41
  93.47   77.04
  94.26   68.00
  94.91   55.41
  95.82  108.12
  95.90   71.02
  97.65   82.91
  97.78   76.01
  97.79   60.89
  97.87   64.84
  98.41  106.97
  99.14   44.57
  99.22   26.78
  99.26   39.95
  99.99   39.46
 100.94  158.36
 101.31   28.83
 101.41   74.50
 101.94  117.27
 102.96  101.21
 103.28  189.96
 103.80   70.41
 104.23   37.33
 104.31  134.39
 104.33   21.75
 104.53   84.44
 104.92  143.84
 104.96  159.79
 105.11   36.92
 105.29   49.50
 105.44   40.27
 105.51  127.26
 106.03   66.64
 106.18  180.69
 106.28   31.92
 107.08   56.38
 107.32   68.76
 108.03  123.20
 108.21   27.34
 108.72  174.86
 109.56   51.89
 109.60  202.39
 109.71   41.69
 109.93   85.86
 110.26  145.43
 110.68  178.56
 111.19   96.52
 111.34  115.66
 111.58   89.69
 111.60  134.53
 111.83   37.27
 111.98  190.19
 112.05   21.49
 112.54  127.78
 112.62   15.69
 113.10  147.57
 113.67  175.11
 113.70  209.37
 113.78  172.02
 113.91   33.99
 114.37  140.46
 115.32  192.12
 115.50   44.74
 115.51   47.48
 115.85   53.30
 116.62  172.30
 116.76  143.68
 117.35  100.33
 117.40  176.11
 119.43  165.34
 119.54   76.34
 120.56  174.49
 121.74  170.12
 121.83  182.37
 122.84   56.12
 122.88   46.72
 123.10   75.35
 123.32   85.93
 123.57   69.54
 123.70  173.28
 123.79   41.92
 124.11  198.68
 124.18   85.76
 125.16   27.18
 125.19  167.49
 126.58   68.23
 127.12  129.22
 128.83   33.00
 129.53  109.73
 129.84   44.18
 130.06   69.57
 130.24   40.67
 130.69  127.76
 132.04  140.47
 132.09   65.08
 132.15  168.35
 132.23   26.37
 132.36   90.39
 132.43  139.12
 132.85  123.37
 133.16   41.01
 133.72   35.71
 133.77   35.47
 134.23  164.87
 134.47  188.64
 135.58   54.78
 136.14   67.70
 136.35   68.24
 136.51   69.37
 136.73  198.16
 136.94  103.03
 137.34  117.50
 137.56   78.96
 137.78   36.06
 138.62  181.07
 139.20  163.24
 139.65  176.45
 140.64  190.93
 140.87  182.55
 141.00  155.10
 141.19  165.87
 141.41  121.19
 141.56  160.55
 142.12   35.39
 142.30   87.49
 142.61   25.95
 143.06   43.04
 143.19   42.95
 143.81   72.64
 144.12  135.21
 144.28   65.76
 144.93  131.73
 144.97  124.57
 145.03  159.87
 145.10   95.70
 145.21   55.92
 145.42  184.09
 145.91  113.24
 146.68  105.40
 147.32   69.82
 147.46   84.07
 147.63  193.14
 148.28   64.54
 148.52   57.41
 149.77  133.30
 150.06  158.18
 150.20   29.44
 150.48  144.55
 150.78   80.62
 151.00  170.49
 152.29   25.85
 152.71   56.23
 153.02   42.15
 153.11  187.94
 153.63  172.36
 153.71   94.60
 154.59   48.77
 154.62  141.12
 154.64   70.13
 154.72   60.22
 155.02  141.97
 155.13   48.75
 156.74  200.30
 157.21   42.31
 157.37  103.97
 157.63  167.22
 158.10   56.87
 158.38  156.80
 158.76   71.99
 158.81   63.04
 159.13  145.07
 159.14  146.18
 160.19   61.22
 160.72  135.98
 160.87  109.62
 161.13  114.81
 161.25  152.99
 163.00  119.21
 163.14  142.44
 163.15   49.81
 163.68   72.42
 164.08  112.22
 164.40    9.04
 164.73  146.79
 165.04   52.98
 165.05   76.35
 165.24  192.12
 165.32  150.25
 165.73   46.19
 166.00   59.48
 166.03  154.53
 168.05   21.28
 168.21  152.45
 168.56  193.97
 169.65   67.62
 170.44   95.14
 170.55  147.51
 170.61  200.06
 171.18   84.23
 171.50  164.39
 172.59   74.54
 173.12  180.51
 173.74   58.16
 173.95   65.72
 174.92  176.15
 175.25   68.87
 175.60   82.69
 176.08  183.18
 177.77   67.92
 178.22  187.21
 178.24  100.05
 178.73  120.91
 179.39   42.52
 179.45   71.33
 181.61  128.43
 181.87   97.96
 182.24  139.49
 182.28  124.01
 182.51  131.83
 182.61   98.12
 185.08   67.29
 187.15   50.36
 187.91   25.55
 189.38   71.04
 190.11   47.42
 190.18   54.42
 190.72  172.92
 191.47  124.58
 192.67   62.63
 193.09  108.98
 193.91  166.89
 194.97  126.61
 194.99  141.81
 195.32  106.18
 195.37  189.02
 196.10   52.29
 197.06  111.37
 197.20  136.59
 197.40  184.51
 198.09   64.61
 198.48  119.56
 198.91   43.48
 199.18   72.62
 200.35   25.00
 200.79  189.68
 201.08   55.07
 201.45   46.62
 201.49   93.49
 203.05  107.14
 203.12   69.83
 203.22   43.24
 203.36   38.63
 204.74   46.91
 204.94  136.44
 205.28  104.35
 205.62  184.11
 205.80  109.59
 206.56   64.86
 207.83   43.84
 208.77  146.16
 208.93  165.11
 209.30  157.66
 209.75   53.56
 210.00  185.98
 210.51   56.74
 210.54   68.89
 211.37  141.01
 211.59   90.06
 213.39   90.67
 214.39   73.89
 214.96  184.37
 215.02   67.03
 215.81   13.94
 215.86   85.06
 216.69   62.51
 217.41   45.22
 218.30  176.75
 218.89  180.44
 219.84   68.09
 219.85  158.43
 220.37  130.53
 220.47   40.82
 221.03  127.02
 221.19   72.84
 221.29  168.46
 223.11  138.55
 224.14  176.43
 224.20   70.66
 224.57  170.99
 224.65  104.42
 225.00   86.74
 226.77   72.07
 226.94  174.06
 227.26   91.38
 228.86  132.90
 229.79   69.11
 230.89  105.81
 231.02   63.17
 232.92  124.38
 233.23   73.46
 235.57   41.46
 235.63   41.22
 235.99  106.20
 237.39   80.57
 237.57  133.44
 239.18  145.14
 239.62  101.45
 240.55   69.02
 242.08  115.55
 242.84  109.99
 242.85   58.76
 242.98  145.95
 243.15   98.91
 243.56   75.91
 244.21  134.30
 245.22   94.93
 245.23   82.10
 245.32  103.86
 245.38   66.24
 246.95  111.77
 247.87   41.78
 249.00   18.31
 249.32   76.23
 250.78   42.21
 251.12  138.35
 251.86   85.59
 252.06  102.62
 252.61   82.24
 252.97    9.76
 253.24   70.46
 253.45   33.72
 254.25   66.44
 254.48   30.20
 255.84   42.83
 256.51   38.00
 257.29   91.13
 257.89   91.55
 257.91   32.89
 258.76   69.59
 259.33  142.21
 259.39   40.96
 260.22   76.51
 260.43  113.20
 260.97   70.76
 261.41   47.10
 262.58   79.97
 263.07  104.87
 263.14  131.41
 263.57  117.07
 263.67   36.19
 263.75   84.50
 264.00   69.61
 264.33   75.52
 265.66   27.51
 266.16   66.23
 266.75  116.20
 266.92   47.73
 267.64   89.20
 267.71   36.57
 267.81   80.55
 268.83   70.17
 269.57   48.60
 270.36  141.22
 270.37   79.25
 271.33   36.03
 271.93   11.00
 272.93   94.37
 273.10   19.80
 273.11  143.49
 274.03  142.81
 275.06   20.24
 279.44   78.51
 279.54  110.02
 279.79   26.03
 283.32  108.06
