  13.72   81.75
  13.87   66.39
  14.35   60.35
  14.75   86.20
  14.97   78.39
  15.25   63.62
  15.76   25.90
  16.63   50.43
  17.27   29.29
  17.49   41.14
  17.75   26.49
  18.14   23.71
  19.45   34.89
  19.92   35.15
  24.75   75.13
  26.12   32.07
  27.13   97.75
  29.33   51.52
  29.65   41.09
  31.30  158.78
  31.51  101.12
  31.68   19.48
  31.78   94.21
  32.70   19.96
  33.16   20.03
  34.89  177.71
  35.49  153.47
  35.70  143.36
  36.58  157.60
  40.41  152.04
  43.72  149.45
  43.79  156.40
  43.82  167.33
  46.75  149.38
  47.27  152.45
  47.47   57.80
  51.36  132.70
  51.50  138.35
  51.53  152.41
  51.81  133.00
  52.06  176.08
  55.20  171.93
  57.73   30.28
  58.16  148.26
  58.38  180.21
  58.69  162.70
  59.27  152.75
  59.86  134.57
  60.82  137.00
  61.00  148.39
  61.65  140.77
  63.00  175.30
  63.02  157.99
  63.95  135.32
  64.18  183.72
  64.70  177.54
  64.73  164.11
  64.79  167.51
  64.96  172.62
  65.18  152.72
  66.98  123.45
  68.39  169.87
  68.67  159.30
  68.83  166.00
  69.50  135.04
  69.72   59.23
  70.31  138.45
  72.07  147.90
  72.23  181.30
  72.38  115.28
  72.67  171.23
  73.68  135.86
  73.76  135.97
  74.17  154.45
  74.21   10.97
  74.68  126.14
  75.05  158.88
  76.00  121.18
  76.37   47.50
  76.56   59.36
  77.70  108.07
  78.93  152.60
  81.46  183.25
  83.30  125.47
  83.30  157.57
  83.35  177.57
  83.44    8.12
  83.61  152.63
  83.98  151.90
  85.58  172.29
  85.79  115.24
  86.38  125.57
  86.90  182.87
  87.51  133.74
  89.29   67.66
  89.49   64.38
  91.31  177.44
  91.38  156.17
  92.22  163.90
  92.23  157.97
  92.64  151.14
  92.92  122.72
  93.33  169.82
  94.18  154.49
  95.37  143.01
  95.52  146.65
  96.55  163.40
  96.91  181.56
  97.25  201.24
  97.49   35.98
  98.94  160.14
  99.15   95.96
  99.40  110.13
  99.51  102.72
 100.01   59.44
 100.41  184.55
 100.46   58.74
 100.75   54.24
 101.44   24.19
 102.45   94.96
 102.48   50.47
 103.12   44.20
 103.97   46.68
 104.58   88.69
 104.88   83.88
 106.75  182.54
 107.15   40.21
 107.85   50.38
 109.02   60.01
 110.73   40.37
 113.21  184.61
 114.24   55.98
 114.54   43.59
 115.56  181.89
 115.87  159.82
 116.34   75.00
 116.62   97.74
 117.04  147.01
 117.37  105.53
 117.41  150.95
 117.69   24.93
 117.73  135.12
 117.99  169.25
 118.18   41.21
 118.81   59.12
 118.97  128.69
 119.01   87.49
 119.52   98.32
 119.63   93.78
 120.03   72.01
 120.59   46.87
 120.60   79.74
 120.61  159.28
 120.84   67.91
 121.24  175.38
 121.56  136.67
 122.19   52.48
 122.52   64.61
 122.53  117.15
 122.81  145.62
 122.90  171.00
 123.49  182.76
 123.73  164.99
 123.94  140.22
 124.03  126.73
 124.94   76.05
 126.41   56.15
 126.45   44.14
 126.61   53.00
 126.81  167.17
 126.93   49.94
 128.37  125.29
 128.38  148.46
 128.71  176.67
 129.34  122.88
 129.43   80.42
 130.44  170.18
 130.51  195.82
 130.97  137.26
 131.16   53.55
 131.68  112.03
 131.95   93.83
 132.73   11.90
 132.83  140.51
 132.97  149.48
 133.33   50.13
 133.54   44.27
 133.71  157.32
 133.89  124.50
 134.02  166.70
 134.59   87.75
 135.37  124.95
 135.68  103.89
 135.78  153.05
 135.99   98.09
 136.31   76.27
 136.39   54.25
 136.48  147.80
 136.77  169.89
 137.29  159.90
 137.34  181.17
 137.44  177.77
 137.67  156.18
 137.70  119.65
 137.77  137.04
 137.78  156.46
 137.85  123.02
 138.39   79.55
 138.57  133.63
 138.75  173.18
 138.84  117.47
 139.39   51.33
 139.74   15.49
 140.16   92.17
 140.47  103.51
 140.72  179.02
 140.87   72.78
 141.30  149.82
 141.39  166.16
 142.01  137.29
 143.17  101.17
 144.69  123.34
 144.82  161.42
 145.10  169.96
 145.37   45.66
 145.51   56.49
 145.52  127.47
 145.69   79.63
 145.97  137.62
 146.17  103.99
 146.27  120.97
 146.37   99.76
 147.43  154.43
 148.56  113.50
 148.67  177.29
 148.77   12.89
 149.73  130.57
 149.86   51.81
 150.11   93.14
 150.29  119.32
 150.42   69.30
 150.52   73.43
 150.67  175.05
 151.14  147.03
 151.48  125.74
 151.87   98.25
 153.04   49.01
 153.56   76.43
 153.61  151.82
 153.68   35.08
 153.98   80.33
 154.18  145.75
 154.30  136.07
 154.45  180.24
 154.89  113.72
 155.15  104.57
 155.74  110.05
 155.79   58.55
 155.82  142.25
 155.94   89.98
 156.08  122.67
 156.22   78.36
 156.86  121.51
 156.90  133.45
 157.48  177.52
 157.59  166.27
 158.42  105.45
 158.52  109.27
 159.05  174.39
 159.67   52.86
 159.67   48.94
 159.81   30.34
 160.00  114.48
 161.07  162.31
 161.08  152.06
 161.10  122.59
 161.13   69.41
 162.09   93.62
 162.23   70.50
 162.52  134.56
 163.28   74.23
 163.42   17.16
 163.43   78.54
 164.36   56.86
 165.98   70.99
 166.02  110.19
 166.23   45.87
 166.39   55.38
 167.33   91.02
 167.45   81.58
 167.58  188.46
 167.82  107.53
 167.98   98.54
 168.09  104.09
 168.52   62.83
 169.22   52.02
 170.57  183.95
 170.99  107.24
 171.01  149.66
 171.22   88.20
 171.57   95.77
 171.70  110.66
 171.86  116.13
 171.87  131.54
 172.51   54.35
 173.26   71.02
 174.15  149.16
 175.12   81.46
 176.69  129.88
 176.97  136.18
 177.26  167.14
 178.88   45.34
 179.07  176.57
 179.45  160.50
 179.50   64.22
 179.59   15.07
 181.09  151.84
 181.12  134.48
 181.40  160.21
 181.79  125.73
 181.93  143.18
 182.04   91.57
 182.35   98.21
 182.49  107.80
 182.60   75.53
 182.64  126.18
 184.00  125.13
 184.46  137.91
 185.15   58.68
 185.44   50.07
 185.51   47.53
 185.67   53.90
 185.91  119.68
 186.10  119.67
 186.41   71.04
 186.47  164.33
 186.50   18.69
 186.63   79.85
 187.14   14.35
 187.22  110.44
 187.43  148.68
 188.06  102.21
 188.38   54.57
 188.49   64.59
 188.52  142.43
 188.54   56.72
 188.65   49.36
 189.49  134.89
 189.50  129.00
 190.15   51.98
 191.80  130.37
 192.01   55.72
 192.36  156.02
 192.41  137.74
 192.72   47.69
 192.93  150.24
 193.07   51.43
 193.21   58.64
 193.23   78.62
 193.48  121.00
 194.84   16.05
 195.70  101.60
 195.75   83.81
 195.96  109.72
 196.12  128.54
 196.32  159.02
 197.61   53.18
 198.40   90.25
 198.81   95.96
 199.30   38.07
 199.92  159.23
 200.53   45.65
 201.12   19.37
 201.25   69.32
 201.87   93.04
 202.01   75.93
 203.26  132.48
 203.38   59.24
 203.69  126.80
 204.08   19.97
 204.10  120.05
 204.46   86.46
 204.65  144.29
 205.80   80.10
 205.84   91.95
 206.28  102.49
 206.97  150.65
 207.22   50.34
 207.64   57.52
 208.39   55.51
 208.40   57.67
 208.81  145.11
 208.89  135.58
 208.99  158.05
 209.39  126.66
 209.63   19.59
 209.72   86.67
 210.33   98.70
 210.38  108.95
 210.77   93.38
 210.92   93.38
 211.27  164.27
 212.13   48.70
 213.47   78.77
 213.50   90.62
 213.79  147.58
 214.54  120.38
 214.74  188.18
 214.83  134.34
 215.09  163.55
 215.99  137.49
 216.15   87.74
 216.23   46.32
 216.42   19.97
 216.45   38.93
 216.51  119.49
 216.53  110.69
 216.54   90.71
 217.56   82.89
 218.33   56.29
 219.10   98.93
 219.95   48.85
 221.06  129.90
 221.16  150.42
 221.39  157.72
 222.10   50.79
 223.96  130.57
 224.61  187.83
 224.69   60.02
 224.99   49.43
 225.01  109.84
 225.10   91.98
 225.11   91.94
 225.22   86.61
 225.78  100.98
 226.77   81.37
 226.98  104.88
 226.99   28.85
 227.35  128.65
 227.56  124.29
 227.80   51.04
 229.45  170.67
 230.14   49.41
 230.27   85.76
 230.30   97.20
 231.05  149.69
 231.12  105.17
 231.37   23.46
 231.52  131.06
 231.86   82.98
 232.26   56.84
 232.46   93.24
 233.19  101.48
 234.23  129.11
 234.48   79.36
 234.72  114.74
 235.09   83.99
 235.24  126.03
 235.36  104.96
 235.86   48.08
 235.95  109.90
 236.70  132.22
 236.80  172.90
 237.39  146.69
 237.59  106.54
 238.16  115.63
 238.27   91.00
 238.37  118.50
 238.80  121.97
 238.98  127.23
 240.05  166.87
 240.52  124.39
 240.56  131.68
 240.92  113.85
 241.71   81.89
 241.89  137.08
 242.42   26.33
 243.10  141.30
 243.31  155.74
 243.50   84.31
 243.52  179.11
 244.58  113.80
 245.20   55.91
 245.28  152.03
 245.43   80.91
 245.73   26.62
 245.85  146.39
 246.62  179.67
 247.20  174.89
 249.17  167.46
 249.77  121.17
 249.88   26.90
 250.36   90.78
 250.60  131.70
 250.65   86.28
 250.82   96.03
 250.97   72.50
 251.11  138.52
 251.11  159.18
 251.16  152.49
 252.19  144.62
 253.60   19.69
 253.68  176.58
 253.78  136.21
 254.01  139.94
 254.47  114.20
 254.68  107.18
 255.14   95.24
 255.16  111.02
 255.52  169.63
 256.16   80.91
 256.43  175.77
 256.50  165.14
 256.68  165.21
 257.09  148.97
 257.46  158.93
 257.99  127.49
 258.14   61.75
 258.30   59.43
 258.51   51.21
 258.60   56.47
 258.74  145.64
 258.99  152.10
 259.24   41.05
 259.28  141.00
 259.64  106.64
 260.00  171.13
 260.09  114.19
 260.25   86.13
 260.96   77.84
 261.08   29.28
 261.09   56.92
 261.47   97.04
 261.50  175.43
 261.52  148.95
 261.95   59.62
 262.42   53.82
 262.44  139.87
 262.72  152.27
 263.08  166.92
 263.24  111.50
 263.71  171.60
 263.96   81.29
 265.60   59.25
 265.71  102.78
 266.19  113.93
 266.29   52.46
 266.70  180.25
 266.73   80.56
 266.90  165.46
 267.05   62.28
 267.28  151.46
 267.31  121.10
 267.63  175.07
 267.65   48.47
 268.08   20.47
 268.19   85.98
 268.30   91.41
 268.74  173.58
 269.01   71.77
 269.11  105.34
 269.28   99.63
 269.38   99.65
 270.80  151.67
 271.00  171.03
 271.01   84.29
 271.26   57.81
 272.07   94.70
 272.48  102.55
 272.83  145.64
 273.05  129.16
 273.25  107.32
 273.66  168.35
 273.74   86.15
 274.09  114.31
 274.14   30.11
 274.63   15.41
 274.73   84.17
 275.32  175.22
 275.42  180.16
 275.58  127.56
 275.61   21.16
 276.23   62.84
 276.51   59.83
 276.65   51.99
 276.67  133.81
 276.68  165.01
 276.78  101.80
 276.85   56.87
 277.17  158.47
 277.20  150.71
 277.84  133.72
 277.95  145.93
 279.36   59.29
 279.47   60.32
 280.27  137.44
 280.35  167.21
 280.49  156.35
 280.80  114.86
 281.05  114.59
 281.39   56.66
 282.36  107.99
 282.72   31.83
 282.86  148.11
 284.23   57.84
 284.35  148.52
 284.59   91.74
 284.81   63.31
 284.97  110.73
 285.03   51.83
 285.43   72.62
 285.67   42.22
 285.73  173.29
 285.79   55.13
 288.10  180.43
 288.90   67.78
 290.09   50.25
 290.20   61.94
 292.86   35.39
 293.01   26.22
 293.91   59.12
 294.33   64.10
 294.38   63.76
 294.60   65.67
 295.33   55.98
 295.92   24.60
 296.10  183.01
 296.36   45.90
 298.12   71.15
 301.59   25.06
 303.36   22.33
 303.40   46.62
 303.73   96.41
 304.26   99.40
 305.28   92.77
 305.51   12.25
 305.73   73.48
 306.14   67.91
 306.18  101.91
 306.39  114.63
 306.45   54.08
 307.43   71.29
 307.53   35.70
 307.67  104.68
 308.88   55.84
 309.20   49.31
 309.29  176.36
 309.65   15.41
 309.97   21.67
 310.05  151.03
 310.28   98.38
 311.36  124.11
 313.15  129.83
 315.33   94.82
 315.43  186.85
 315.78  150.35
 315.95  140.51
 315.99   77.50
 316.10  165.16
 316.16  175.97
 316.19  133.95
 316.35  118.92
 317.70  123.13
 318.26  114.17
 319.20   78.88
 320.27   94.03
