   8.26   87.49
   8.50   68.14
   9.04   94.95
   9.05   46.39
  14.07   63.74
  17.48  125.17
  18.41   18.86
  18.44   85.35
  18.88   91.25
  19.15   78.67
  19.47   94.47
  19.91  119.95
  20.64  130.44
  22.26   58.01
  23.13  122.87
  23.57   94.55
  23.58   74.98
  25.44   57.94
  25.58   78.18
  26.44   91.44
  26.61   85.44
  28.22   98.18
  30.06   70.88
  31.26   82.57
  32.35   91.55
  33.90   84.17
  34.74  113.55
  36.00  122.33
  36.49   15.70
  37.26   78.77
  38.19   88.50
  38.24   87.91
  38.40   70.46
  39.48   16.00
  42.21  112.22
  42.50  108.46
  42.55   90.30
  42.81   83.15
  43.73   58.23
  44.28   16.74
  45.36   52.58
  45.56  111.98
  47.15   84.83
  51.04   22.95
  51.49   78.74
  52.32   44.03
  53.65   55.02
  55.54  109.78
  55.66  136.00
  55.98   85.76
  56.62   59.94
  56.93   84.66
  58.85  132.25
  59.16   54.02
  61.54   86.06
  61.66   95.07
  61.79  131.87
  62.27  138.91
  62.32  129.05
  62.32   97.57
  62.37  105.87
  62.73   90.70
  63.78   45.07
  65.61  131.74
  65.88  121.24
  66.34  109.96
  67.05  137.90
  67.24  143.02
  67.60  127.69
  71.52  128.42
  72.67  134.93
  73.71   45.92
  74.50  108.46
  75.59    8.29
  75.74   88.75
  77.70  131.77
  77.75   49.19
  77.91   55.73
  78.42   79.23
  78.46  136.06
  79.25   89.71
  80.41   65.00
  80.64  138.58
  81.47  105.31
  83.49   65.30
  83.75  141.18
  84.96   84.03
  85.47   57.50
  86.12   81.08
  86.54   66.60
  86.69  100.72
  87.94   88.37
  88.16   84.05
  88.42   60.16
  89.30   81.19
  89.47  103.31
  90.33   67.12
  91.52  112.31
  92.02  100.57
  92.86   90.87
 100.41  101.23
 101.15   83.15
 101.25  109.87
 101.76  105.29
 102.44   84.66
 102.80  104.47
 103.28   58.17
 103.44   66.90
 104.24  101.03
 104.88   56.10
 114.07   74.12
 116.53   56.47
 117.73   95.92
 118.03   69.54
 120.03  100.90
 120.32   75.79
 120.38  100.70
 120.49   50.75
 120.72   59.95
 120.89  110.98
 124.35  179.01
 124.38  101.26
 124.39   72.33
 124.75  108.23
 125.26   85.48
 127.28  158.73
 127.52   64.20
 130.17   85.78
 130.56  169.78
 130.71   67.39
 131.67   88.37
 133.90  105.05
 135.79  139.19
 136.73   64.01
 138.09  107.70
 140.53  103.04
 140.65  105.93
 142.72  155.59
 143.72   69.89
 143.87  175.79
 144.05   64.61
 145.94  173.25
 146.85  108.78
 146.96   66.33
 146.98   97.86
 147.06  123.24
 147.36  146.92
 147.40  101.74
 150.22  151.11
 150.24  135.94
 150.58   78.35
 151.10  140.73
 151.23   42.87
 153.47   89.10
 153.78  134.47
 153.95  146.46
 154.10   70.28
 154.27   91.43
 154.55  123.07
 154.57   61.41
 155.08   28.67
 155.35  113.06
 156.34  151.90
 157.06  106.30
 157.44   54.57
 157.96   70.57
 158.09   77.36
 158.40   95.98
 158.61  156.10
 159.09  102.59
 159.32  117.46
 160.03  127.25
 160.35  146.23
 160.48   86.45
 161.32   49.92
 163.71  138.01
 163.90   59.44
 163.93  131.32
 163.94  164.64
 164.40  159.81
 164.70   89.33
 165.04   96.68
 166.10  169.80
 166.56  157.02
 167.26  101.19
 169.01  127.08
 169.47  165.86
 170.51  148.55
 171.11  154.50
 172.51  158.30
 172.57  124.25
 174.73  121.27
 175.57  148.22
 175.93  138.26
 176.03  147.67
 176.61  110.13
 176.91  156.77
 177.09   85.53
 177.93   54.86
 178.22  146.06
 178.56   89.68
 178.68  160.61
 178.80   79.65
 179.02   42.70
 179.37   82.39
 179.99  102.88
 181.54  158.11
 181.93  121.64
 182.89  134.32
 183.16  177.95
 184.58  160.66
 184.63   55.20
 185.53  112.64
 186.14  106.36
 186.42  139.74
 188.43   89.07
 188.78   80.50
 188.88  118.86
 189.09  110.77
 191.34   50.45
 191.49   50.45
 192.71  144.46
 194.52  120.13
 195.26  113.53
 196.06   54.66
 196.74   48.30
 197.44   90.63
 198.17   42.44
 198.80  114.54
 199.09  144.13
 199.25  132.10
 199.96   46.75
 201.62   49.52
 201.74   87.04
 201.91  165.99
 202.39  119.61
 203.19  120.93
 203.57  133.87
 203.88  103.76
 203.93   51.67
 204.27   38.16
 204.28  158.87
 204.30  159.26
 205.07   54.64
 205.48  111.21
 206.02   71.34
 206.98   44.67
 207.35  104.10
 208.81   36.57
 208.81   75.17
 211.70  153.45
 211.72   86.38
 211.88   89.76
 211.92   80.47
 212.09   74.75
 212.09   77.59
 212.41   71.21
 212.90  112.74
 215.61  161.08
 216.43  148.92
 216.64  124.56
 216.89   90.24
 216.93  155.98
 217.00   90.23
 217.15   82.64
 217.60   51.44
 218.67   44.84
 219.25   60.91
 219.83  159.00
 219.89  122.06
 220.39  112.16
 221.17  104.29
 221.35   56.41
 221.73   40.82
 222.23  115.33
 222.37  144.98
 223.20  171.07
 224.03  162.37
 225.23  121.96
 225.41  154.20
 225.82  147.65
 226.49  137.19
 227.08   77.60
 228.40   51.29
 229.05   56.53
 229.36  122.21
 229.42  140.58
 229.66  134.00
 229.70   89.95
 230.68  154.09
 231.22  163.27
 232.32   57.63
 233.30  148.04
 234.26   86.56
 236.02  163.47
 237.09  131.07
 237.38   55.52
 241.89  156.45
 243.11  109.80
 244.53  147.02
 247.50  159.58
 247.96  174.77
 248.01  145.96
 248.29   40.16
 248.33  163.53
 248.69  110.56
 249.19  104.39
 249.27   91.88
 249.70  125.27
 250.73   56.12
 251.31  122.28
 251.65   81.35
 251.93   85.91
 251.98   68.75
 253.21   39.68
 253.27   46.17
 254.01   79.55
 254.85  103.26
 254.96   69.07
 255.14   60.82
 255.37   86.09
 256.08  141.40
 256.47  105.65
 257.84   85.61
 257.84  116.33
 258.39  169.18
 258.45  167.77
 258.62   36.90
 260.49  102.63
 260.61  172.39
 261.04   68.65
 261.62   98.05
 262.43  164.50
 262.55  139.48
 262.76   70.45
 262.81   88.80
 263.75  175.92
 263.92  121.74
 264.23  115.11
 264.26   49.54
 264.59  104.06
 266.32   65.66
 267.34  124.89
 267.52   97.93
 267.96  138.84
 268.38   45.64
 270.23  163.82
 271.15  131.12
 271.15  145.00
 271.73  136.89
 272.72  161.88
 273.72  147.61
 273.94   87.43
 276.10   47.98
 276.19   72.69
 276.25  122.13
 276.66   90.40
 276.82   77.95
 276.95   67.12
 277.31   31.38
 277.64   36.67
 278.16   26.64
 278.47  118.05
 279.56  122.05
 280.35  102.82
 280.44  142.86
 281.52   60.72
 282.02   86.11
 282.18  138.43
 282.26  114.10
 282.39  138.43
 282.98   43.93
 284.59  152.12
 285.43  115.35
 285.62   68.70
 285.97  145.38
 286.56  119.47
 286.89   87.42
 287.93   71.76
 288.30   77.28
 288.35   86.65
 289.28   27.17
 290.17   22.95
 290.42   35.48
 291.61  144.47
 291.68   69.26
 291.71   68.98
 291.72   56.99
 291.78   25.45
 292.07  127.53
 293.45  114.35
 295.67   71.77
 296.00   78.58
 296.16  143.15
 296.41   85.52
 296.51   65.95
 297.23   59.17
 297.24   43.39
 297.71   65.65
 300.11   87.61
 300.61  182.59
 300.73   68.77
 300.74   81.80
 300.90   88.53
 301.10   75.20
 301.97  138.52
 302.66  165.71
 302.85  162.04
 304.59  140.66
 304.92  107.41
 305.37  107.92
 305.38   40.06
 305.89   31.37
 307.02  182.17
 307.39   27.50
 307.55  133.00
 307.87   78.58
 308.06   70.23
 308.29   45.26
 309.13  175.99
 309.31  104.16
 310.37  104.88
 310.85   42.91
 310.87   65.32
 311.03   86.83
 312.04   56.09
 314.23   87.61
 314.72  139.49
 314.94   55.87
 314.96   44.95
 316.57   68.47
 316.61   81.06
 317.94   64.57
 318.01   76.62
 318.66   33.69
 321.36   45.57
 321.67   30.34
 322.50   89.78
 322.50  157.95
 322.62  150.90
