   7.16  182.55
   7.77   29.93
   8.65  255.95
   9.24  251.39
   9.54  246.90
   9.55  194.52
   9.57   87.12
  10.31   86.33
  10.35  152.83
  10.54  274.72
  10.70  241.02
  11.73  280.90
  12.16  256.65
  13.17  122.92
  14.62  177.02
  14.68  109.14
  15.05  103.14
  15.80   89.95
  16.64   60.06
  17.15  170.46
  18.71  110.01
  18.76  124.94
  19.24  156.82
  19.30  204.45
  19.60  186.12
  20.17   52.41
  20.25  188.68
  20.31   46.45
  21.00  113.49
  21.20  118.48
  21.53   96.21
  21.95  230.05
  22.23  202.97
  22.43  103.56
  22.47   50.41
  23.06   91.74
  23.24  233.04
  23.37  231.79
  23.41  100.50
  23.41  152.43
  24.11  104.76
  24.23  109.42
  24.72  162.60
  25.15  130.75
  25.29   91.65
  25.52  192.60
  25.92   54.83
  25.98  134.99
  26.45   45.02
  26.85  156.98
  27.29   58.35
  27.44  176.59
  27.90  112.09
  28.41  187.70
  28.53  248.92
  28.59   98.01
  28.72  234.29
  28.80  247.77
  28.81   47.38
  29.02   55.29
  29.11   93.44
  29.16  223.72
  29.20  195.52
  29.61  204.50
  29.81  285.18
  30.00  210.60
  30.98   57.96
  31.05  231.84
  31.48  166.33
  31.71  106.53
  31.79  207.75
  31.83  181.36
  32.55  247.41
  33.25  215.33
  33.31  228.04
  33.34  194.34
  33.99  144.17
  33.99  102.82
  34.21  198.27
  34.29  250.00
  34.54  241.18
  34.58  233.48
  34.86  231.33
  35.02   98.42
  35.09   45.28
  35.11   93.17
  35.32  172.64
  35.47   53.79
  35.70  284.72
  35.82  257.53
  36.33  247.40
  36.64  169.27
  36.73  255.03
  36.73  152.06
  37.04  230.12
  37.37  162.88
  37.71   43.19
  37.96  106.55
  38.41  187.66
  38.49   56.57
  38.96  131.65
  39.32   99.10
  39.44  136.56
  39.67  126.98
  39.89   89.31
  40.03  248.71
  40.50  193.54
  40.53  143.40
  40.61  139.85
  40.67  249.48
  40.93   54.16
  40.99  106.30
  41.42  121.15
  41.47  179.58
  42.27  246.50
  42.56   84.95
  42.88  196.17
  43.70  102.17
  43.79   55.46
  44.34  182.91
  44.54  166.40
  44.54   86.77
  44.59   92.44
  44.65  211.28
  45.06  170.00
  45.33  162.27
  45.45   99.36
  45.52  208.52
  46.05   52.76
  46.75  117.23
  46.81  192.16
  46.85   55.05
  46.90  173.97
  46.94  180.20
  47.13  188.74
  47.36  182.97
  49.27  212.37
  49.80  181.03
  49.95  186.49
  50.04  109.79
  50.21  108.87
  50.52  135.98
  50.67   54.89
  50.86  203.49
  50.87  114.57
  50.89  190.12
  51.13  197.91
  51.54  271.54
  51.90   51.55
  52.27  150.22
  52.38   43.54
  52.95   97.74
  53.90  142.75
  54.00   40.70
  54.85  201.45
  55.61  162.12
  56.07  217.77
  56.63  273.63
  56.70  195.05
  57.14  189.92
  57.77   92.75
  58.52  114.81
  58.77   42.77
  58.88   50.81
  60.05  270.26
  60.50  105.91
  60.54  101.38
  60.54  214.39
  60.70  119.19
  60.87  110.15
  61.02  189.95
  61.43   40.17
  61.59   53.77
  61.69  229.20
  61.97  140.39
  62.15   47.11
  63.39  208.94
  63.65  146.46
  63.76  134.65
  63.82  274.65
  64.11  100.05
  64.56   51.27
  64.61  167.38
  64.74  126.77
  64.99  176.83
  65.13  266.80
  65.25   87.87
  65.46  239.03
  65.76  130.84
  65.83  213.94
  66.06  163.68
  66.27  230.46
  66.73  249.37
  66.88  182.60
  67.14  203.62
  67.20  100.49
  67.35  227.34
  67.46   39.63
  67.95   45.52
  68.06   53.27
  69.07  232.82
  69.09  163.69
  70.02  215.15
  70.02  281.84
  70.07   85.79
  70.25  109.19
  70.30   86.35
  70.34  121.53
  70.89  130.70
  71.21   48.90
  71.27  143.77
  71.27  256.66
  71.41  253.97
  71.58  125.72
  72.32  201.29
  72.41  133.15
  72.79  278.76
  73.15  282.74
  73.27  264.80
  73.49  269.69
  74.26   84.99
  74.29  184.45
  74.29  231.65
  74.57  127.45
  74.88   52.46
  74.93  274.41
  75.54  266.89
  75.84  246.19
  76.17  222.70
  76.19   47.35
  76.42  260.16
  77.63  188.72
  77.64  143.99
  77.70  249.73
  77.98  157.26
  78.07   96.22
  78.94  165.93
  79.18   45.27
  79.24  193.00
  79.76   39.36
  79.79  117.49
  79.99  120.67
  79.99  171.60
  80.40  166.32
  80.96  167.98
  81.10  228.60
  81.40  172.35
  81.61  154.69
  82.00   43.72
  82.32   46.77
  82.36  141.74
  82.39  200.78
  82.51  179.48
  83.16  161.30
  83.79   51.55
  84.57  213.64
  85.71  185.07
  85.79  174.99
  86.28  139.74
  86.42  106.25
  86.44  249.87
  87.62   48.12
  87.79  245.63
  87.86   48.26
  88.10  230.42
  88.15  233.27
  88.26  171.55
  88.38  132.81
  88.39  246.84
  88.41  221.76
  88.88  172.47
  88.90  166.99
  89.00   99.66
  89.59  280.97
  89.60  145.03
  89.92  196.83
  90.31   52.08
  91.48  201.80
  91.49  247.42
  91.87   37.71
  92.00  198.62
  92.51  105.08
  92.62  100.66
  92.77  274.67
  94.21  241.00
  94.22  245.86
  94.23  165.53
  94.60  148.15
  95.37   48.69
  95.87   39.68
  96.14  235.23
  96.22  117.29
  96.68  133.10
  97.00  176.28
  97.39   68.92
  97.42  207.96
  98.25   36.90
  98.36  135.10
  98.80   50.56
  99.41  128.35
  99.95  227.75
 100.17  173.25
 100.72  207.22
 101.30  143.54
 101.77  169.99
 102.22  142.28
 104.30  226.89
 104.53  137.75
 104.66   96.79
 105.18   50.10
 105.29   90.95
 105.64  240.04
 106.24  134.12
 107.91  204.24
 108.04  261.39
 108.06   46.60
 108.21   39.06
 108.37   94.10
 108.52  127.09
 108.89  210.59
 109.44   81.86
 109.85  269.00
 110.06  176.64
 110.40  251.40
 110.60  159.64
 110.92  245.65
 111.07  197.05
 111.22   49.35
 111.64  209.42
 111.81  257.98
 112.10   37.07
 112.31  191.76
 112.46  127.85
 113.13  220.17
 113.14  213.56
 113.81  274.67
 114.02  186.26
 114.03  246.03
 114.16  164.47
 114.38  154.17
 114.84  282.94
 115.07  171.61
 115.10  228.21
 115.15  123.88
 115.19  235.02
 115.52  215.39
 115.60   81.05
 116.12  142.30
 116.27  239.47
 116.82  103.08
 117.39  109.66
 117.92  168.62
 117.97  116.70
 118.00  138.06
 118.23  234.61
 118.59  224.01
 119.60  186.38
 119.90   67.31
 120.26  150.40
 120.67  161.07
 120.84  146.23
 121.58  101.49
 121.92  104.37
 122.00  164.84
 122.18   93.30
 122.37  111.55
 122.48  193.45
 122.77  100.89
 123.56  106.04
 123.74  260.26
 123.89  114.25
 124.09  242.18
 124.87  274.61
 124.99  230.53
 125.00  131.61
 125.72  246.21
 125.76  120.43
 126.17   95.00
 126.18   87.79
 126.21  126.05
 126.45  101.31
 126.46  208.00
 126.86  217.84
 127.13   87.59
 127.15   35.76
 127.18   38.86
 127.24  221.36
 127.37  196.80
 127.50  250.17
 127.79   47.97
 127.95  243.66
 128.29   98.66
 128.62  286.18
 128.75   93.09
 128.85  229.73
 128.95  229.77
 128.96  213.78
 129.08   40.87
 129.24   92.21
 129.63  243.82
 129.93  173.60
 130.02  115.78
 130.24   81.38
 130.29   81.34
 130.33  168.41
 130.44  104.94
 130.51  282.70
 130.77  132.91
 130.79   86.28
 130.81   85.00
 131.01  271.46
 131.02   37.22
 131.48  170.96
 131.54   44.65
 131.66  139.85
 132.08  196.37
 132.51  239.03
 132.89  151.27
 132.96   40.60
 133.02  165.40
 133.44   48.35
 133.62  124.41
 133.72  248.17
 133.84  258.28
 134.72   34.10
 134.72  279.49
 134.88  179.95
 135.10  158.12
 135.48   42.64
 135.63   88.41
 135.85   80.03
 136.32  244.91
 136.49  225.89
 136.55  167.52
 136.60  235.59
 136.96  110.30
 137.10  262.09
 137.15  238.52
 138.09  194.74
 138.15  117.55
 138.71  217.65
 138.98   92.13
 139.44  198.50
 139.54   38.63
 139.58   81.94
 139.64  101.27
 139.77  183.60
 140.07  168.80
 140.56  188.90
 140.57   43.78
 140.88  194.83
 141.51  117.64
 142.37  250.57
 142.57  231.59
 142.60   99.85
 142.65  151.14
 142.68  241.95
 143.00   76.49
 143.07  126.17
 143.13  169.62
 143.16   87.41
 143.87  113.90
 143.92   47.33
 144.79  108.09
 145.07   32.84
 145.10   98.01
 145.43  186.95
 145.46  181.28
 145.67   46.62
 146.10  161.99
 146.36  177.72
 146.41   81.58
 146.49   81.52
 146.59  111.06
 147.08  237.07
 147.29  141.91
 147.35   95.81
 147.60  243.03
 147.91  155.74
 148.58  199.29
 148.90  172.56
 149.00  231.61
 149.17  275.76
 149.27  172.89
 149.42  138.65
 149.69  226.48
 150.10  240.73
 150.28   46.34
 150.31   32.55
 150.32  256.73
 150.59  270.52
 150.67  244.94
 150.81  108.58
 150.81  160.20
 151.33  155.51
 151.34  209.31
 151.38  123.11
 151.50  216.47
 151.75  279.55
 151.77   79.32
 151.88  130.20
 151.93   79.40
 152.56  235.43
 153.50   46.95
 153.54  270.38
 154.01  180.08
 154.67  267.14
 155.02  223.37
 155.21   83.58
 155.50   46.08
 156.16  152.68
 156.37  156.69
 156.65   40.79
 157.61   46.52
 157.96  107.82
 158.17  138.39
 158.65  187.58
 159.07  126.05
 160.03   38.36
 160.09  172.40
 160.20   32.17
 160.24   44.50
 160.31   40.65
 160.51  159.80
 160.62  271.93
 160.78  113.72
 161.05  140.00
 161.99  154.61
 161.99  151.94
 162.18   79.09
 162.19   96.15
 162.75  106.12
 162.85  146.44
 162.97  235.04
 163.04  118.56
 163.13  257.40
 163.58  142.12
 163.60   40.45
 163.70   82.04
 163.93  224.66
 164.11  134.14
 165.11   45.52
 165.41  215.70
 165.72  215.79
 165.79  124.67
 166.07  205.40
 166.63  210.99
 166.95   45.90
 167.01   75.49
 167.44  235.98
 167.47  140.93
 168.83  272.32
 168.97  152.69
 169.00  112.41
 169.20  167.15
 169.21   37.73
 169.44  124.15
 169.46   41.64
 169.58  174.86
 169.98  109.38
 170.12   45.39
 170.14  137.69
 170.16   31.99
 170.59   30.78
 170.77  207.68
 171.41  118.43
 172.30  235.71
 172.31  178.89
 173.06  204.22
 173.31  210.74
 173.33  257.60
 173.45   45.67
 173.50  131.71
 173.59  260.72
 174.03   82.38
 174.18  138.40
 174.59  263.84
 175.17  253.55
 175.50  146.16
 175.52   44.79
 175.67  207.35
 175.90  269.84
 176.23  171.09
 176.26  105.49
 176.89  239.85
 176.95  274.19
 177.71  228.45
 177.99  164.09
 178.24  268.50
 178.44  200.24
 179.00   86.57
 179.11  242.12
 179.13  204.79
 179.22  155.77
 179.61  208.64
 179.78  213.26
 179.85   30.53
 179.92  175.63
 180.16  257.18
 180.44  128.89
 180.48  253.52
 181.07  145.26
 181.42  142.46
 181.47   36.96
 182.04  189.04
 182.21  242.36
 182.58  249.82
 182.94  171.40
 183.13  153.79
 183.51   31.97
 183.75  103.16
 183.93  200.65
 184.28  245.68
 184.45  202.16
 184.78  206.51
 184.86  234.89
 185.05  264.11
 185.10  211.86
 185.26  209.27
 185.34   29.17
 185.48   91.71
 185.68   44.81
 186.05  157.74
 186.71  255.93
 186.91   29.82
 187.02  255.96
 187.13  261.97
 187.28   44.06
 187.44   33.13
 187.69  138.73
 187.86  118.48
 187.98  249.22
 188.07  241.25
 188.20  101.58
 188.22   36.58
 189.63   79.16
 189.74  233.12
 190.82   32.34
 190.95  124.71
 191.71  114.80
 192.50  141.25
 192.83  185.95
 193.55   29.20
 193.84  133.92
 193.95  162.84
 194.08   30.92
 194.39   42.56
 194.62  163.29
 195.11  143.96
 195.92  171.96
 196.12  144.40
 196.69  152.02
 197.16  179.60
 197.79  110.24
 198.28  158.90
 198.69  125.88
 199.49  194.45
 200.13   78.67
 200.36   46.50
 200.62   80.27
 200.75  142.61
 200.83  129.03
 201.69  135.35
 203.25  155.51
 203.64   93.14
 203.65  160.85
 203.65  171.56
 203.68  121.62
 203.90  198.31
 204.11  144.04
 204.21   86.85
 204.50  102.99
 205.60  202.19
 205.65   47.21
 206.28  174.29
 206.34  111.93
 206.77   54.66
 206.87  198.92
 206.96  142.42
 207.10  215.97
 207.10  160.13
 208.10   92.76
 208.40   88.58
 208.45  153.29
 209.54   96.90
 210.23   71.29
 210.51  139.84
 211.41  266.03
 211.82  115.43
 212.08  114.25
 212.84  160.73
 213.47   89.33
 213.72   94.13
