  11.35  127.95
  12.67  141.22
  13.30  149.62
  14.03  153.65
  14.04  160.47
  15.08  129.82
  15.55  135.30
  16.78  145.74
  17.56  100.93
  18.95  203.75
  22.44  162.91
  23.95  181.26
  32.81  182.97
  32.86   47.49
  34.00  193.87
  34.34   57.28
  35.38   71.25
  35.48   80.14
  36.49  126.23
  37.26   86.54
  37.54  142.62
  37.74  114.95
  38.69  135.48
  38.86  153.14
  40.19   43.89
  40.79  154.62
  41.19  161.39
  41.48   27.88
  42.33  121.30
  42.57  110.63
  42.67   86.95
  42.86   80.89
  43.02  121.38
  43.44  188.14
  43.82  167.84
  44.13  193.43
  44.50  105.43
  44.94   19.10
  45.24  158.60
  45.37   97.66
  46.29   74.87
  46.43  140.58
  46.48  185.79
  46.57   57.34
  47.27   33.04
  47.50   91.97
  47.90   86.51
  48.25  199.31
  48.88  204.03
  49.75  125.47
  50.07  165.93
  50.24  143.43
  50.70  101.89
  50.77   68.61
  50.87  158.29
  51.01  103.20
  51.08   55.03
  51.20   64.01
  51.30  163.09
  51.47  172.72
  51.83   94.23
  52.25   79.62
  52.79  179.88
  52.89   24.32
  53.78   27.88
  54.70   58.46
  55.42  161.89
  55.58   94.31
  55.91   75.02
  56.10  158.02
  56.32  132.31
  57.68  179.45
  59.72   94.23
  59.99  110.48
  61.51   41.89
  61.81   63.24
  61.88   64.80
  62.63  171.40
  62.74   10.46
  62.95   21.30
  63.68   57.07
  64.62  105.80
  64.72   86.31
  65.13  174.82
  66.01  156.15
  66.66  115.50
  66.79   90.15
  66.97   37.60
  67.70   96.94
  68.09   97.25
  68.11  147.89
  68.62  107.37
  68.88  164.55
  70.36   98.02
  70.93   59.72
  70.93   64.09
  71.37   18.81
  71.49  105.78
  71.53  139.74
  71.58   35.73
  72.30   85.30
  72.56  146.72
  73.13  166.39
  73.30  112.81
  73.51  120.28
  73.61   83.40
  74.42   63.79
  75.22  192.22
  76.00  185.75
  76.15  100.06
  76.60   92.85
  76.62  132.79
  76.62  104.29
  77.47  110.40
  77.77  205.27
  77.93  153.52
  78.78  188.72
  78.86  205.62
  79.15   27.95
  79.72  147.16
  80.72   58.64
  81.25  125.64
  81.28  144.04
  81.29   67.55
  81.67   80.55
  81.88  192.04
  82.09   55.86
  82.28  167.85
  82.36   45.61
  83.54  105.75
  83.74  125.22
  85.22  133.68
  85.47  137.54
  86.15  164.66
  87.01  115.55
  87.35  113.50
  88.10   63.69
  89.22   50.94
  89.29  165.13
  89.78   88.79
  89.95  111.06
  90.02   94.37
  90.35   25.31
  90.72   10.65
  90.92  168.59
  91.32  125.76
  91.42  147.50
  91.64   63.49
  92.78  121.75
  93.00   36.49
  93.01  165.49
  93.11   24.27
  95.38  133.03
  96.00   87.42
  96.58   25.71
  97.51  105.37
  98.61  153.78
  99.03  164.79
  99.12   90.18
  99.14   73.83
  99.20  175.78
  99.25  173.08
 100.12  107.38
 100.64  143.79
 100.98   85.06
 101.00   36.18
 101.30  138.33
 101.58   42.17
 102.56  113.97
 103.42   35.68
 103.58  155.11
 103.87  180.38
 103.99   44.58
 104.97  196.39
 105.19  135.05
 105.21  104.87
 105.23  111.57
 105.28  112.05
 105.33  131.20
 105.46  123.94
 105.59  115.90
 105.65   96.93
 105.94   30.71
 106.12  180.54
 106.17   67.40
 106.45   37.33
 107.12    8.57
 108.02  112.76
 108.17  118.93
 108.20   21.52
 109.92  151.23
 110.06   19.14
 110.11  100.71
 110.26  141.08
 110.46   64.72
 111.02   80.95
 111.78  124.64
 112.12  132.35
 112.13  160.58
 112.30  150.65
 112.51  182.10
 113.47   79.17
 113.53   45.02
 115.07  196.21
 115.48  118.90
 115.94  171.20
 116.26   67.70
 116.41   99.34
 117.43  156.76
 118.76  147.92
 119.25  205.25
 120.49  111.53
 120.50  163.50
 120.66  159.92
 121.58    8.53
 121.66   88.28
 121.89  124.19
 122.45  148.01
 122.72   80.52
 122.82   80.56
 122.83  168.42
 124.97  196.45
 125.13   20.26
 125.50  181.20
 126.28    8.71
 126.61  181.07
 127.08   67.88
 127.08   31.23
 128.36   37.60
 129.44  115.46
 130.18   96.36
 130.56  162.12
 130.71   35.22
 131.57  123.56
 131.86   10.87
 132.24  172.83
 132.27   60.55
 132.92   83.43
 133.00  105.24
 133.41  194.33
 133.43  180.67
 133.53  190.11
 133.57   44.42
 134.44  207.04
 135.74   94.85
 136.08  170.30
 136.29   39.77
 136.29   40.04
 136.30   28.89
 136.34   48.09
 136.36  182.79
 136.56   20.66
 137.61  202.10
 138.12   11.01
 138.14   67.72
 138.29  107.11
 138.36  107.53
 138.36   76.88
 139.45  163.04
 139.73   42.15
 140.26  165.11
 140.96   27.12
 141.33   55.87
 141.35  116.37
 141.41   83.16
 141.62   71.92
 141.79   10.83
 142.22  119.49
 142.26  101.32
 142.63   32.02
 143.37   16.50
 144.25  176.05
 144.88  127.04
 145.02  151.05
 145.16  139.30
 145.18   89.91
 146.41  145.78
 146.77  103.75
 146.86   36.90
 147.44  106.72
 148.59   19.67
 149.03  132.67
 149.19   60.20
 149.99   98.58
 150.21  151.76
 150.45  110.48
 150.68  146.63
 151.16   42.75
 152.40  171.19
 152.55  112.72
 153.00  126.16
 153.38  144.72
 156.34  103.95
 156.79   24.00
 156.86   96.90
 156.99   70.56
 157.33   31.38
 157.52  157.73
 158.43  164.05
 158.91   55.23
 159.62   25.48
 160.04  100.01
 160.05   82.04
 160.42    8.06
 160.43  206.98
 161.19  148.52
 161.58  150.57
 161.70  105.08
 161.87  163.56
 161.90  158.43
 162.33   43.18
 162.96    8.30
 162.98  171.67
 163.21  143.95
 163.25   82.02
 164.09  110.75
 164.23  197.92
 164.68  180.73
 165.12   11.05
 165.34   14.58
 165.70  131.28
 166.28   41.71
 166.50   45.09
 166.61   93.11
 167.30   30.47
 167.80   23.08
 167.99   11.61
 168.19  152.63
 168.57  170.76
 168.88  155.26
 169.37   87.23
 169.57  109.70
 169.61  209.58
 170.06  142.73
 170.11  131.02
 170.12  147.80
 172.38   58.46
 172.39   39.60
 172.86  131.65
 172.91  112.54
 172.99   81.27
 173.34  152.25
 173.42   69.96
 173.44  139.79
 173.88  132.93
 174.77  147.85
 175.42   47.37
 175.90  106.56
 175.94   96.72
 176.12   87.94
 176.95  152.39
 177.44  176.34
 177.69  194.11
 177.71   11.85
 177.91  202.68
 177.97  168.65
 178.38  179.46
 178.47  198.34
 178.61   15.97
 179.22   18.60
 179.39   81.69
 179.53  191.84
 180.28  130.16
 181.14   93.19
 181.39  212.36
 181.77    9.78
 181.93   73.10
 182.17   58.22
 182.40  148.87
 182.42   72.51
 182.51   18.29
 182.54  160.90
 183.04   87.94
 183.82  141.25
 184.35   92.08
 184.43  144.28
 184.45  207.67
 184.50  125.89
 184.91  110.15
 185.43  203.76
 185.62  151.13
 185.71  165.26
 185.84  187.43
 186.11  184.15
 186.73   92.33
 187.04   43.63
 187.37   96.25
 187.90   89.03
 187.98  174.34
 189.02  210.43
 189.37  192.46
 189.46  192.74
 189.64  167.25
 189.96   91.39
 190.31  192.88
 190.43  162.59
 190.93   58.15
 190.94  212.85
 191.30   87.98
 191.35   87.72
 191.44   42.94
 191.49   22.20
 191.63  196.29
 191.86  177.49
 192.55  156.38
 192.96   19.14
 193.64  167.04
 194.79  165.94
 195.57   37.55
 195.96   21.22
 196.55  139.47
 196.58  173.78
 197.46  111.74
 197.69   87.10
 198.33   68.50
 198.51  175.21
 198.70   16.64
 199.45  145.87
 199.53   58.23
 199.91   49.30
 199.94   89.34
 200.09   93.24
 200.40  110.94
 200.71  102.57
 200.84  211.53
 201.09  119.88
 201.30   83.52
 201.32  159.73
 201.43   65.38
 201.49   16.89
 202.87   19.99
 203.04   86.17
 203.99  175.38
 204.55  148.41
 205.05   80.04
 205.23  110.03
 205.25  144.81
 205.97  160.50
 206.22  154.59
 206.62   41.98
 207.81  129.23
 208.11  101.47
 208.48  205.04
 208.88   77.24
 208.91  140.91
 210.33   85.96
 211.66  201.37
 211.94  155.33
 212.23  139.56
 212.29  151.68
 212.71  107.24
 214.05   89.83
 215.49  129.46
 215.65  160.16
 215.69  160.10
 216.97  148.61
 217.69  107.76
 217.82   98.43
 218.26   28.53
 219.18  154.45
 219.22  143.69
 219.26   83.30
 219.93  123.05
 220.74  107.92
 220.78  145.24
 221.38  168.23
 223.22   23.23
 223.40  147.43
 223.92  131.97
 224.34  191.58
 224.95  154.75
 225.01   77.64
 225.21   97.60
 225.44   43.69
 226.12  103.79
 226.17  105.74
 227.52  159.70
 228.06  128.49
 228.23    8.34
 228.24  145.47
 228.28  208.58
 229.19   60.96
 229.46   55.65
 230.12   47.88
 230.15  110.71
 231.65  125.17
 232.28   61.17
 232.43  100.15
 232.49   46.44
 232.49   43.44
 232.49  106.16
 232.51  105.71
 232.57   57.54
 232.65   53.26
 232.83  154.51
 232.97  118.53
 233.04   38.64
 233.38   89.53
 234.08  141.35
 236.08   79.01
 236.29  110.57
 236.42   92.80
 236.81   43.84
 236.86  145.67
 237.05   32.14
 237.79   56.40
 238.02  165.55
 238.04  134.89
 240.36  111.43
 241.07  151.69
 242.24  134.77
 242.35  141.69
 242.37   92.13
 242.56   93.74
 243.13  201.74
 244.17  110.08
 244.46  102.74
 244.74  156.13
 245.67   28.98
 246.04  147.78
 247.50  131.14
 247.70   91.07
 248.17  103.27
 248.36  211.81
 248.72  166.72
 249.48   94.80
 250.67  104.48
 250.76   44.74
 251.19  211.85
 252.20  199.08
 252.46   32.06
 253.36  194.90
 253.51  190.21
 254.18  185.49
 254.48    9.50
 254.56   99.88
 254.81   35.83
 255.00  149.07
 255.48  128.10
 255.95  132.54
 256.27  163.81
 257.03  156.63
 257.20  206.90
 257.32  152.87
 257.61  144.61
 257.77   44.14
 258.40  170.56
 258.68  194.28
 259.04  164.18
 259.07  139.37
 259.33  132.57
 259.50  158.00
 259.52   43.98
 259.88  185.26
 260.09  121.28
 260.34   37.77
 260.99   83.08
 261.19  115.84
 261.77  106.05
 261.88  166.93
 263.43  182.33
 263.47  121.30
 264.49   26.97
 264.87   60.81
 265.51  110.54
 266.28   44.46
 266.55   38.95
 266.61   83.41
 266.93   35.66
 267.13  156.90
 267.26   79.17
 268.74  140.84
 269.12   49.36
 270.12  160.41
 270.51   26.19
 270.63  123.44
 271.27  155.12
 271.70   16.96
 271.75  113.37
 271.94   22.75
 272.84  130.56
 273.43  126.46
 273.49  156.69
 273.92  193.22
 274.86  120.70
 274.86  212.69
 274.90   24.99
 275.01  112.41
 275.87   70.41
 276.29   66.06
 277.21  178.91
 277.82   26.17
 278.39  173.56
 279.05   80.37
 279.19  169.99
 280.77   59.04
 281.18  155.37
 282.37  202.43
