   7.81   66.89
   8.15   85.36
   9.93   80.71
  10.52   28.40
  14.07  109.83
  14.78   42.86
  15.00  101.59
  15.89   81.80
  15.91   27.48
  16.65  145.01
  18.74   72.97
  18.77   85.42
  19.59   41.78
  20.61   77.59
  20.63  110.29
  21.45   86.97
  23.38  105.27
  25.63   47.84
  26.63   64.28
  26.77   87.56
  27.35  102.54
  28.07   31.50
  29.56   15.65
  30.26   66.99
  30.98   87.04
  31.07   75.42
  33.97   24.50
  34.94   48.36
  35.03   23.59
  35.66  104.47
  35.79   34.39
  36.39   73.61
  36.64  165.91
  36.76  166.14
  37.04  154.96
  37.22   36.24
  38.68   95.31
  38.97   88.87
  39.11  109.91
  40.48   28.08
  40.84  104.97
  40.85   23.53
  41.29   99.72
  42.16   57.52
  42.96   49.86
  43.24   64.44
  44.10   20.35
  44.81  105.09
  47.12   16.82
  47.74   13.06
  47.78    7.22
  48.14  137.24
  49.07   59.09
  50.02   22.55
  50.61   55.83
  51.13   50.56
  52.04   67.21
  52.42  125.06
  52.45   17.88
  53.54  136.93
  55.79   99.84
  56.06  194.58
  56.42   15.91
  56.93   63.78
  57.19  119.12
  57.84  127.64
  59.03   96.94
  59.70   49.76
  60.10  136.40
  60.28   74.49
  64.17   24.05
  64.19   15.51
  65.91   88.50
  66.40   95.30
  66.63   22.27
  66.80  140.92
  67.83   81.04
  68.53   72.84
  68.57   25.28
  69.10   94.36
  70.24   51.21
  71.06   25.58
  71.13  121.56
  71.35   79.99
  71.98  106.28
  72.17  120.87
  74.62   31.49
  76.09   57.86
  76.68   39.84
  77.30   64.80
  77.31   92.72
  78.07   14.32
  78.57   98.37
  78.80   32.78
  79.65  154.19
  80.71   39.23
  81.78   12.48
  81.92    9.62
  82.00  105.29
  82.01  132.98
  83.33  111.28
  83.80   49.08
  83.89   97.94
  84.92   12.97
  86.12   32.75
  86.62  144.94
  86.90  133.01
  86.94  118.92
  87.17    9.37
  87.28   40.45
  87.94   44.29
  88.21   35.94
  88.74  139.28
  88.87   13.06
  88.98   90.58
  89.46   65.16
  90.18   97.15
  90.91  146.41
  91.06   51.65
  91.15  117.78
  91.76   78.62
  92.65   11.03
  92.85   89.74
  93.04  101.64
  94.41   96.17
  95.03  134.03
  95.09   90.55
  96.43   33.21
  96.75   50.58
  96.75   93.73
  96.77   61.47
  97.41  161.01
  97.84   14.09
  97.98  165.91
  98.20    8.47
  99.33  181.34
 100.11   58.17
 100.26   53.07
 100.93   33.54
 101.03  198.84
 102.32   36.30
 103.22  113.73
 103.52   58.34
 103.54   51.19
 103.85  183.08
 104.29   18.54
 104.63  101.72
 105.74   44.81
 106.01   87.97
 106.33  197.60
 106.53   50.74
 106.75   83.88
 106.82   33.91
 107.76  106.32
 109.08   65.64
 109.22   22.04
 109.45  198.62
 109.72  202.98
 110.22   44.11
 110.96   62.16
 111.17   76.54
 111.65   37.03
 112.06  208.02
 112.60   96.29
 113.91   45.16
 114.42   41.53
 114.54   90.44
 114.86  199.64
 114.97  197.91
 115.00   32.30
 115.14  196.35
 116.47   63.00
 116.64   74.00
 116.97   37.42
 117.14  111.89
 119.56   54.32
 120.45   91.61
 120.61  170.23
 121.22  124.64
 121.35  180.65
 121.36   63.39
 122.01  100.37
 122.56  172.53
 122.85   36.99
 123.49   72.56
 124.22   82.61
 125.53  173.45
 126.04   86.21
 126.52   60.00
 126.53  117.57
 128.09  139.14
 128.83   70.76
 129.69  169.87
 130.23  147.59
 130.28   67.22
 131.12   45.82
 132.13  141.17
 132.23   13.03
 132.52   23.00
 132.70  100.03
 132.81   42.49
 133.46   13.47
 133.66  147.62
 133.73   51.86
 134.05   35.91
 134.13  143.11
 134.19   38.81
 134.22  152.99
 134.52  135.88
 134.62  160.23
 134.62   46.44
 134.99  204.11
 135.69   31.98
 135.70  173.30
 135.89   70.36
 137.01   38.57
 137.62  153.63
 137.97  136.52
 138.68  128.02
 138.83  115.76
 138.99   53.68
 139.99   92.91
 140.95  148.43
 141.82   25.72
 141.88   34.33
 141.95   90.84
 142.05  112.79
 142.07  139.84
 142.77  123.20
 143.21  156.36
 143.55   43.15
 143.67   84.98
 143.77   82.10
 143.99  169.03
 144.23  129.33
 144.28  169.22
 144.51   63.72
 144.65   61.69
 144.79   55.75
 145.16  125.71
 145.22   61.11
 146.00  159.70
 146.69  135.76
 147.25   51.42
 147.39   62.89
 148.33  126.08
 148.85   92.97
 149.67   29.53
 150.15   72.22
 150.23   53.59
 150.80  184.99
 150.92  198.66
 151.32   16.95
 151.37  203.73
 151.70  120.39
 152.56  152.30
 152.87  123.74
 152.89   63.20
 153.22  128.30
 153.60   13.84
 153.86  182.44
 154.05   23.80
 154.21   69.55
 155.01  134.64
 155.39    7.88
 155.74  161.74
 155.88   89.63
 156.01  152.94
 156.78   33.50
 156.95  159.52
 157.00  146.11
 157.08  128.09
 157.40   67.92
 158.05   38.60
 158.52   53.71
 159.97  173.74
 160.55   68.16
 162.06  206.37
 163.03  142.15
 163.30   70.60
 163.42  153.68
 163.45  129.04
 164.59  201.93
 164.93  125.38
 165.34   67.92
 166.40   53.14
 166.87   74.18
 166.89  131.99
 166.94   35.45
 166.96  158.25
 166.97  109.30
 167.14  197.53
 167.74   32.02
 168.67   23.01
 169.39  125.52
 169.60  107.32
 169.77  143.69
 169.93  111.78
 170.89  162.11
 173.43   29.64
 174.18   66.49
 174.19  113.49
 174.44  137.80
 175.48  142.52
 175.50   77.40
 176.55  146.02
 176.64   24.58
 176.96   55.79
 177.06   28.66
 177.31  128.45
 178.01  165.21
 179.11  141.92
 180.61  151.00
 180.65  145.23
 180.79   32.10
 180.79  145.64
 183.28  139.88
 185.10   52.26
 185.81   47.07
 185.81  106.83
 186.97  118.70
 187.14  124.95
 187.80   58.78
 188.30   65.34
 189.14   63.03
 189.45   75.30
 190.20   31.06
 191.80   34.06
 191.84  105.11
 193.41   30.97
 194.54   95.29
 197.90   84.12
 198.25  103.12
 199.22   92.12
 199.99   44.98
 200.12   22.15
 201.09   38.25
 201.60  115.37
 202.11   61.05
 202.56   54.34
 203.07   47.97
 203.18   97.99
 203.47  108.03
 205.06  106.52
 205.13   98.83
 205.17  112.45
 206.33  123.73
 207.60   32.71
 207.69   47.01
 208.32   63.60
 208.49   82.58
 209.14   20.52
 209.74   50.07
 209.84   45.19
 210.13  104.03
 213.40   31.84
 213.87   21.09
 214.32   96.80
 214.47   48.20
 217.56  119.53
 218.92   24.63
 219.59   86.97
 220.78   68.81
 220.87  136.61
 221.01   84.67
 221.85  119.83
 222.44  174.56
 222.94   27.30
 223.72  172.74
 224.97  128.97
 225.62   92.17
 225.81  207.59
 225.87  140.54
 227.35  194.36
 227.54   95.98
 228.11  154.44
 228.49  126.29
 228.93   17.77
 228.94  148.73
 229.44  144.88
 229.78  108.72
 229.84  105.35
 229.96   98.34
 231.18  189.12
 231.19  113.48
 231.34  125.77
 231.98   43.04
 232.54  129.24
 236.07  111.77
 236.18  160.50
 236.79  114.41
 236.89   35.47
 237.01   90.71
 238.26  157.23
 239.39   65.64
 240.36  142.97
 240.86   49.78
 241.51  195.33
 241.53   33.74
 241.55   85.22
 241.71   55.09
 242.09  174.05
 242.30  166.88
 242.65  157.00
 243.15   61.37
 243.38  105.58
 243.62  114.02
 243.87   15.54
 243.93  208.09
 244.10   72.94
 245.11   82.95
 245.29  161.91
 245.53   47.78
 245.53  161.73
 245.54  151.25
 245.65  151.43
 247.03   70.89
 247.21   69.83
 247.31  118.76
 247.58   67.34
 247.67   57.57
 247.90   27.25
 248.43  122.14
 250.58   71.87
 251.04   67.18
 251.92   82.23
 251.95  153.41
 251.99  160.90
 252.05   18.10
 252.13   51.56
 252.19   32.60
 252.41  209.49
 252.72  119.70
 253.36  139.42
 253.50  180.54
 253.64  145.38
 254.22   45.13
 254.35  123.60
 255.01   78.75
 255.34   84.76
 255.44  119.92
 255.54  208.97
 255.57  176.57
 255.67  176.57
 257.58  173.41
 258.32   13.53
 258.36  103.82
 259.50   73.80
 260.23  120.60
 260.81  137.75
 261.39   41.21
 263.84  146.83
 265.16   43.25
 265.63  140.94
 266.90  143.12
 267.29   73.13
 268.10   10.55
 269.79   14.94
 269.97  125.23
 269.98   24.08
 271.33   14.56
 271.37   50.07
 271.64  142.03
 273.60   84.20
 274.23  124.80
 274.82   24.55
 275.25   16.45
 276.17   49.41
 276.60   85.50
 276.81  141.21
 276.91  141.37
 277.10   55.51
 277.88   20.40
 278.27  107.48
 278.47  118.92
 279.02   14.86
 279.78   10.64
 279.85  112.41
 280.26   14.56
 280.68  100.29
 281.28  163.68
 282.06   86.78
 282.09   48.74
 284.19   92.93
 284.88    9.76
 285.20  165.10
 285.39  110.36
