  10.67  108.46
  11.49   49.83
  11.94   32.97
  14.02  166.16
  14.09   30.44
  14.40  161.09
  14.62   20.89
  14.78  141.66
  15.50  189.07
  15.59  182.86
  17.08  178.87
  17.61   32.74
  18.10  152.45
  18.61  152.69
  18.85   49.99
  18.98  153.18
  19.24   21.15
  21.28  191.40
  21.32  196.06
  21.65  122.18
  21.90   50.79
  23.15   41.32
  23.46   53.46
  23.96   21.05
  24.80   64.47
  25.72  121.67
  25.77   76.79
  26.79  194.19
  27.11   55.74
  27.78   35.11
  29.00   87.59
  30.94  109.69
  31.64   50.94
  32.02   27.48
  32.11  102.89
  32.79   58.59
  33.25   34.71
  33.28  197.67
  34.06  113.82
  34.20  107.94
  34.28   24.86
  34.41  117.89
  34.52  106.95
  34.69  101.39
  34.86  116.55
  34.98   97.12
  36.53   32.74
  37.84  111.41
  37.86   88.31
  38.60   83.09
  38.76   23.33
  39.10   75.74
  39.61   82.22
  40.23   28.78
  40.77   20.06
  41.26  121.70
  41.50  110.85
  42.61  140.03
  44.15  123.78
  44.44   33.23
  44.54   27.82
  45.02  101.59
  45.76  120.00
  46.10  108.98
  47.34   97.52
  47.96   21.91
  48.90   15.93
  51.76   95.61
  55.03  101.49
  55.40   61.80
  57.51    9.76
  60.19   83.82
  60.44   18.59
  60.55   21.31
  61.17   58.88
  62.10   14.91
  63.82   10.73
  67.31  199.93
  68.07   48.26
  68.32   91.77
  72.33   21.07
  72.46  195.47
  73.97   88.11
  74.97  103.33
  75.16   83.54
  75.40   45.19
  78.23   21.49
  78.67   42.64
  81.84   52.66
  83.98   32.42
  84.06   94.58
  84.50   21.21
  84.80  191.94
  86.84   97.62
  87.90  156.34
  90.93   20.89
  93.00   27.99
  93.66    8.94
  94.13   24.63
 104.00   17.94
 112.14   13.13
 114.31   17.15
 115.84  196.98
 118.08    8.03
 120.23   13.42
 121.37  199.54
 123.27   97.69
 124.28   16.92
 125.42  198.72
 126.86  100.07
 128.94  196.02
 130.11  145.17
 130.61  150.49
 131.08   53.27
 131.94  138.63
 133.85   84.12
 134.57  198.75
 134.76  202.53
 135.14   95.09
 135.74  146.43
 135.76  123.41
 136.06    7.27
 136.24  107.33
 137.71   90.10
 137.99   81.47
 138.03  130.52
 138.81   90.99
 140.02  191.33
 141.33  120.14
 143.16  192.59
 143.35   83.42
 144.94  100.54
 145.44  129.06
 147.19  194.99
 147.30   18.54
 148.93   12.88
 150.21  108.60
 151.00  114.51
 155.40  188.87
 155.53  104.06
 156.87  121.69
 157.39   28.65
 157.63  192.49
 159.29   66.36
 159.54  122.78
 161.13   11.49
 162.48  197.24
 162.69  115.51
 163.05  119.86
 164.50   29.71
 165.61  112.94
 165.92   41.20
 166.09   93.17
 166.27  107.23
 166.51  197.40
 168.21   97.72
 168.31   15.80
 169.01   14.65
 169.65   93.13
 169.93  197.78
 170.55   11.48
 170.78   78.73
 172.24  107.43
 172.63  210.96
 176.08   92.06
 176.24  113.97
 176.59   79.89
 178.64   55.13
 180.15   93.67
 182.02   44.36
 182.12   84.98
 184.02   92.43
 188.16   93.60
 188.92  212.95
 191.22  103.61
 193.17   87.44
 195.01   85.41
 196.68   72.94
 197.51   88.98
 197.95   84.63
 200.31   87.07
 201.63  152.32
 202.40   85.08
 202.47  114.73
 204.52  153.08
 205.34  106.15
 208.64   87.56
 208.96   15.01
 209.11  148.50
 209.22   26.72
 209.33   14.67
 209.79  109.01
 210.36  152.82
 210.63  200.19
 211.36  203.11
 211.54  107.44
 211.71   92.87
 212.51  147.79
 213.56  111.57
 214.08  121.97
 214.96  107.13
 216.63  152.02
 217.72  121.75
 217.97   22.98
 218.11   28.47
 220.80   27.11
 222.35  110.41
 223.26   92.04
 224.45   13.82
 224.95  148.18
 226.51   87.93
 226.85  117.38
 227.02  107.17
 228.40   86.14
 228.66  128.07
 231.96  211.37
 233.25   87.04
 235.52  102.09
 237.90   93.55
 238.25  123.16
 240.59   85.50
 240.87  124.76
 240.95   77.22
 241.82   43.27
 241.85   81.95
 242.92   36.24
 244.88  153.31
 246.95   45.86
 247.48   82.09
 247.58   81.99
 248.23  193.78
 249.13  197.36
 250.39  198.90
 256.41   15.46
 257.43   81.95
 258.21   90.45
 258.83   85.91
 261.17   78.69
 263.75   50.24
 264.50   15.19
 264.82   45.67
 265.98   82.60
 267.08  119.30
 270.16   51.45
 270.47  125.16
 270.85   39.33
 271.88   46.37
 273.52   87.37
 273.70   31.96
 276.19   46.37
 276.43  192.38
 276.59   85.58
 276.67   47.99
 278.55   12.57
 279.99  203.61
 280.22    9.43
 281.02   86.60
 281.28   95.93
 281.44  100.29
 284.65  103.07
 287.06   78.60
 287.12   46.53
 290.79   16.52
 292.31   73.65
 293.51   84.07
 293.81   46.92
 295.16   53.59
 295.91   83.47
 296.16   90.12
 296.65   69.13
 297.69  129.75
 299.71   43.51
 301.19  146.92
 303.06  156.73
 303.16   44.08
