   7.09   47.72
   7.14  223.82
   7.61  168.92
   7.91  148.63
   8.00   24.08
   8.10   27.39
   8.35  146.52
   9.27  181.19
   9.53   78.44
  10.47  105.22
  10.54   88.14
  10.57  198.82
  10.69  163.95
  11.12   25.50
  11.54   31.62
  11.75   45.03
  12.09   36.61
  12.58   51.28
  13.13   55.81
  13.28   61.11
  13.38   65.25
  13.89   70.08
  13.93   98.03
  14.15   29.05
  14.24   24.22
  14.54   33.84
  14.90   75.21
  15.24   38.90
  15.33   43.85
  15.71  127.26
  15.86   48.72
  16.10  148.39
  16.15   53.66
  16.28   58.46
  16.36   63.41
  16.42   68.22
  18.02  200.90
  18.08  131.23
  18.08   73.25
  18.10  124.30
  18.41   84.90
  20.06   88.40
  21.10  148.65
  21.33  157.82
  22.33   84.93
  22.36   78.92
  22.45  119.37
  23.29  134.96
  23.55   72.68
  25.96   44.53
  27.11  105.38
  27.35  156.66
  28.93  168.40
  28.96   51.71
  29.21  106.23
  29.30  165.75
  30.20   40.85
  30.23  206.04
  30.95  121.38
  31.06  192.64
  32.29   77.23
  32.90   97.37
  33.07  195.73
  33.19   87.39
  33.95  104.66
  34.05  130.38
  34.17  167.08
  34.61  140.28
  34.67  118.39
  35.92   96.13
  36.87   49.28
  36.95  135.99
  39.27   77.22
  40.17   86.92
  40.20  125.82
  40.36  138.65
  40.98  114.34
  41.11  170.02
  41.54  110.18
  42.62  164.29
  42.72   94.70
  44.15  173.76
  44.44   95.96
  44.55   19.00
  44.55  185.79
  44.66   82.56
  44.93   29.04
  45.15   33.58
  45.40   38.24
  45.48  120.48
  45.57   43.11
  45.69  125.51
  45.76   47.93
  45.84   52.75
  45.87   72.36
  45.92   57.39
  46.02  188.90
  46.05  128.83
  46.38   62.13
  46.41  155.89
  46.61   66.88
  46.68  101.34
  47.11   76.09
  47.26   80.79
  47.49   99.94
  48.01  157.04
  48.30  166.69
  48.34  180.49
  48.68   27.94
  48.94  190.62
  49.00  110.38
  49.52   36.58
  49.63   49.01
  50.08  174.06
  50.38   59.80
  50.65   70.66
  50.65   84.56
  51.52  125.88
  51.63  176.90
  51.74   54.04
  51.80  189.64
  51.82   28.76
  52.03  150.42
  52.12  105.14
  52.26   89.50
  52.27   35.82
  52.29  130.17
  52.53   63.32
  52.56  164.43
  53.61   57.14
  53.63   68.29
  54.25  216.12
  54.45  122.30
  54.49   84.55
  54.93   92.60
  55.12   81.60
  55.24   22.71
  55.43   32.47
  55.79   79.64
  55.79   42.12
  56.15   99.59
  56.36   53.53
  56.60   60.60
  56.81   64.89
  57.01  185.71
  57.26  132.46
  57.39  165.11
  57.69   76.85
  57.85  156.32
  58.05   28.99
  58.21  200.79
  58.27   35.74
  58.86  226.49
  59.02  141.97
  59.22  149.83
  59.70  126.27
  60.08   32.11
  60.26   10.31
  60.31   81.24
  60.39   15.62
  60.49  103.81
  60.51   67.66
  60.96  168.77
  61.26   62.76
  61.32   36.31
  61.33   27.75
  61.62  150.80
  61.73   48.54
  61.84  101.25
  62.01  176.90
  62.17   58.85
  62.34   13.40
  62.77   33.58
  62.89   30.60
  62.90   69.79
  62.92   40.74
  63.08   80.92
  63.17   80.90
  63.51   65.86
  63.78  123.69
  64.65   76.78
  65.23   14.77
  65.25   19.06
  65.26  159.65
  65.28  116.02
  65.48   23.93
  65.53  154.02
  65.66   47.15
  65.67   28.72
  65.88   33.37
  66.07   38.82
  66.32  169.38
  66.53  133.63
  66.57  147.93
  66.75  130.32
  66.78  150.31
  67.15   84.53
  67.21   80.27
  67.41   56.61
  69.00  117.83
  70.00  147.39
  70.14   77.78
  70.59  134.04
  71.28   71.06
  71.80  155.65
  72.32  116.09
  72.84   85.94
  73.67   57.75
  73.76  220.21
  74.02  104.76
  74.95   61.07
  75.07  133.20
  75.08   98.11
  75.11  136.99
  75.42   66.68
  75.43   42.54
  75.87  145.75
  75.88   37.34
  75.89   22.27
  76.04  125.57
  76.28   52.18
  76.55   27.41
  76.95   73.03
  77.05  247.56
  77.17  220.30
  77.23   43.56
  77.43  140.43
  77.44   46.66
  77.90  202.98
  78.02  131.84
  78.41  115.46
  78.54   57.67
  78.98   37.03
  79.02  110.07
  79.28  169.56
  80.26   27.19
  80.53  127.45
  80.60   47.26
  80.98   97.67
  81.22   72.36
  81.43  105.54
  81.95  206.90
  82.19   87.58
  82.79  181.60
  82.84  120.99
  83.13   26.02
  83.19  113.16
  83.68  243.59
  83.76   99.12
  84.11  123.53
  84.16  123.48
  84.55  131.58
  84.95   96.39
  85.02  132.83
  85.36   82.12
  85.42  176.77
  85.44   43.88
  85.46   42.09
  85.51  102.22
  86.19   53.51
  86.37   48.70
  87.52   41.13
  87.70  216.03
  87.86   67.02
  88.09  122.06
  88.11  116.08
  88.32  221.07
  88.44   61.24
  89.41   16.08
  89.43   80.56
  89.90  236.28
  90.13   96.64
  90.20   75.16
  90.25  256.62
  90.54   87.48
  90.65  245.69
  90.77  253.80
  91.53  144.00
  91.82  149.93
  91.83   14.07
  91.88   43.60
  91.88   80.19
  91.99  190.25
  92.10   48.66
  92.33  168.11
  92.76   71.03
  92.80  160.15
  93.17   59.72
  93.29  101.19
  93.30  119.75
  94.16  225.11
  94.51  114.44
  94.66   46.33
  94.84  180.07
  95.16  207.03
  95.39  212.64
  97.01   19.96
  97.26  142.28
  97.54  168.70
  97.61   40.89
  97.61   52.97
  98.12  194.80
  98.36  155.42
  99.20  184.07
  99.26  256.62
  99.33  105.05
  99.37  121.06
  99.56  274.51
 100.33  198.02
 100.37  246.38
 100.54  129.13
 100.59  227.10
 100.66  168.58
 100.96  134.67
 101.02  261.54
 101.43  239.95
 101.64   26.04
 102.04   67.66
 102.44   92.13
 102.53  272.17
 102.57   37.45
 102.62   53.74
 102.80  176.83
 102.84  174.21
 102.94  256.54
 102.95  182.79
 103.20   95.69
 103.32  107.46
 103.67  101.88
 104.17  223.18
 104.47  164.18
 104.69  261.12
 105.73  265.14
 106.85  123.59
 107.05  269.45
 107.14  228.21
 107.21   28.31
 107.39  144.91
 108.12  168.48
 108.25  168.34
 108.36  170.28
 108.60  196.50
 108.67  130.80
 108.75   49.56
 109.05  223.95
 109.40   57.99
 109.63  103.79
 109.74   34.46
 109.92  108.39
 110.34  161.99
 110.42  156.76
 110.67  114.37
 110.73   21.64
 110.78  149.62
 111.45   46.68
 111.61   43.35
 111.72  118.32
 112.11  162.50
 112.19  253.66
 112.23  225.70
 112.58   30.48
 113.45  141.11
 113.64  124.64
 113.65  135.29
 114.11  157.47
 114.33  210.00
 114.79   25.62
 115.17  138.16
 115.27  204.32
 115.39  159.97
 115.58   61.84
 115.63   18.50
 116.37   14.27
 117.09   56.63
 117.62  242.59
 118.18  167.03
 118.54  171.38
 118.85   43.45
 120.10  222.65
 120.27  111.67
 120.40  118.72
 120.94   50.19
 121.36   97.11
 121.39  198.93
 121.56   61.33
 122.13  216.29
 122.43  231.70
 122.51  170.93
 123.05  123.78
 123.24  244.42
 123.39   18.60
 123.80   87.52
 123.97  188.25
 124.03   97.09
 124.14   70.92
 124.67   39.43
 124.74  166.00
 125.35  167.53
 125.52   90.26
 126.25   49.38
 126.36  227.21
 127.39   12.76
 127.84  167.67
 128.34   24.18
 128.38   85.99
 128.80  103.57
 128.84   30.34
 129.55  161.63
 129.70  255.61
 129.77   56.21
 129.87   77.34
 129.98  187.63
 130.45   64.57
 130.63  182.26
 131.11   49.59
 131.35   16.37
 131.38   26.98
 131.38   36.65
 131.76   69.78
 131.78  193.58
 131.96   76.32
 132.16   34.07
 132.51  134.97
 132.61   32.13
 133.10  245.87
 133.21  257.93
 133.22  251.24
 133.22  111.03
 133.26  177.22
 133.33  102.60
 133.48  126.58
 133.48  166.42
 133.78   23.79
 133.80  227.92
 133.88  255.09
 133.99   51.52
 134.03   12.44
 134.23  183.82
 134.49  194.27
 134.76   16.17
 134.86  123.48
 135.37   45.40
 135.39  147.94
 135.57   76.84
 136.08  139.80
 136.36   83.72
 137.18   75.44
 137.41  184.06
 137.76  133.96
 138.57  137.20
 138.76   45.66
 139.05   99.38
 139.30   37.20
 139.76   51.72
 140.06   33.21
 140.24   66.05
 141.75  117.89
 142.05  228.60
 142.45  190.76
 142.62  131.85
 142.70  201.33
 142.82   98.56
 143.41  142.84
 144.03   25.40
 144.74  236.16
 146.22  251.00
 146.70  232.02
 147.28  138.81
 147.31  216.82
 147.33  243.39
 147.59  133.46
 147.90  187.04
 147.99  200.18
 148.33  145.05
 148.41   44.72
 148.47  167.77
 149.01   66.64
 149.39  151.87
 150.11  100.72
 150.26  157.86
 150.33  179.64
 150.70   75.77
 150.77   60.01
 150.78   19.35
 151.07  119.90
 151.15   85.76
 151.24   19.08
 151.57   46.91
 151.65  233.63
 151.77  153.74
 152.00   67.21
 152.11  118.69
 152.23  218.68
 152.28  167.95
 152.39   55.77
 152.46   96.35
 152.73  212.60
 152.86  207.66
 154.13  193.98
 154.25   23.53
 154.30   43.71
 154.50  240.43
 155.22  178.66
 155.89   17.44
 156.44  119.77
 156.92   67.55
 157.06  111.35
 157.62  100.52
 158.19   37.78
 158.32  128.02
 158.52   18.87
 159.05   67.82
 159.27   33.69
 160.66  192.74
 160.73  125.45
 160.92   19.88
 161.03  206.12
 161.29   23.44
 161.45  118.02
 161.46  222.62
 161.51  234.69
 162.54   42.70
 162.79   56.31
 162.86   81.58
 162.87   81.01
 164.01   27.11
 164.57  133.15
 164.60   50.52
 164.89  106.42
 165.11  188.13
 165.28  220.85
 165.82  100.18
 165.96   67.91
 165.99   84.48
 166.05  196.22
 166.15  129.98
 166.16  230.16
 166.75  191.80
 168.24   57.05
 168.44   62.20
 169.31  186.75
 170.04  101.59
 170.79  222.11
 171.15   36.20
 171.86  115.13
 171.89  218.32
 171.98   15.19
 172.02  156.77
 172.51  110.51
 173.11  122.16
 173.46  169.89
 173.71  187.80
 173.98   67.06
 174.03   88.24
 174.62  117.58
 175.03   30.77
 175.11  194.90
 175.16  172.51
 175.55  114.53
 175.65  220.38
 176.06   34.16
 176.10   82.66
 176.71  100.22
 177.15  105.70
 177.25   12.12
 177.63   95.11
 177.86  127.81
 178.03   17.29
 179.35  135.81
 179.48  153.71
 179.61  160.44
 180.82   39.54
 181.05   45.27
 181.71  121.17
 181.83   86.19
 182.05  117.34
 182.08   28.09
 182.22   98.98
 182.41  113.73
 182.50   79.41
 182.51  109.34
 182.65   99.51
 183.18  159.23
 183.22   90.32
 183.63  125.66
 184.44   60.17
 184.54  119.35
 184.55   23.90
 184.59  142.73
 184.62  173.22
 185.37   67.97
 185.73   92.03
 186.10   87.91
 186.26   11.12
 186.53  124.24
 187.47   73.00
 187.48   49.82
 188.40   79.51
 188.40  134.60
 188.48   35.59
 188.66  126.59
 188.90   14.28
 189.02   18.07
 189.27  121.58
 190.47  107.80
 190.68   27.23
 191.05   43.95
 191.45   40.47
 191.87  113.12
 192.40  149.41
 192.48   37.26
 193.69  166.86
 194.24   55.84
 194.98  173.44
 195.55  153.02
 195.66   34.09
 196.38  148.95
 197.34   18.11
 198.06  168.35
 199.98   53.76
 200.15  159.74
 201.06   20.48
 201.17   35.76
 201.58   45.83
 202.87   55.93
 202.92  151.40
 203.09  154.33
 203.39  147.26
 204.23   48.07
 204.55  138.84
 204.69   41.81
 204.72   25.43
 204.81   33.98
 204.99   29.30
 205.73   38.12
 205.80   18.46
 206.62  131.86
 206.94  159.56
 207.06   31.73
 208.37   34.36
 208.49  145.61
 208.66   78.61
 211.02  103.79
 211.45   59.37
 211.51  150.82
