  31.72  135.50
  31.81  119.79
  33.12  139.69
  36.31  115.64
  37.00  120.35
  39.66  102.05
  40.01  107.61
  41.32  123.78
  42.99  101.39
  43.49  191.46
  44.25  149.36
  44.27  149.31
  46.10   99.58
  46.85   93.10
  47.48  188.76
  47.91  156.15
  48.64   53.31
  51.83  161.49
  52.00  132.09
  52.80  124.79
  53.73   65.74
  54.48  188.91
  55.52  184.65
  55.92   71.70
  56.96  178.32
  57.43  158.88
  58.02   78.96
  58.16  182.14
  58.34   58.12
  58.91   77.00
  58.98   96.31
  59.20   84.43
  59.22  161.38
  60.15  170.51
  60.25  165.21
  61.30   70.68
  62.05   90.53
  62.89   64.89
  63.13  153.64
  63.20  100.37
  63.74  204.93
  63.95  190.97
  64.27  190.73
  64.93  122.10
  65.04  108.69
  65.28   84.68
  65.33   95.42
  66.17  162.30
  66.22  151.83
  66.24   78.89
  67.06   66.51
  67.43  204.49
  68.34  192.92
  68.35  105.18
  68.95  148.21
  69.10  131.93
  70.01  148.97
  70.98  142.63
  71.95  169.35
  71.99  185.95
  72.78   64.26
  72.89  151.66
  74.02   82.81
  74.71  125.98
  75.24  153.98
  75.28  148.97
  75.36  139.38
  75.99  169.91
  77.08   70.94
  77.50  151.63
  78.34   93.29
  78.53   79.16
  78.64   81.35
  79.43   63.66
  79.96  130.47
  80.07   67.48
  80.19  164.18
  80.41  154.05
  80.54  143.57
  80.58  133.70
  80.89  156.67
  81.98  127.61
  82.10  174.98
  82.50   76.50
  82.63   76.59
  82.90  121.29
  84.10   71.81
  85.02   65.66
  85.05  171.25
  85.50  133.00
  89.93  144.32
  91.27  133.53
  91.53  138.91
  91.54  172.32
  94.15   65.39
  94.73  135.60
  95.06  170.65
  97.24  187.18
  97.52  132.71
  97.72  121.44
 103.25  199.93
 103.49   67.16
 103.92  108.99
 104.40  126.84
 104.70  111.21
 105.12  119.30
 106.57  107.74
 107.58  173.02
 108.09  129.64
 111.63  180.75
 113.66  174.22
 114.09   54.05
 114.30   61.16
 114.83  132.42
 115.43   62.79
 115.68   95.57
 116.15  169.85
 116.24   29.98
 116.32   64.07
 116.51  154.29
 116.70  134.87
 116.71  123.03
 118.69  159.68
 118.77  159.71
 118.99  144.78
 120.44  173.65
 120.44  148.03
 121.09  142.57
 122.34  176.91
 122.60  184.79
 123.19   83.62
 123.24   94.30
 123.91  127.74
 125.23  176.50
 125.33  105.51
 125.94   98.73
 126.58  156.30
 126.75  172.71
 127.97   94.18
 128.39  110.40
 128.81  102.05
 129.90  147.37
 130.38  105.12
 131.62  153.06
 131.70   99.20
 131.76  169.99
 131.76  181.60
 131.93  174.74
 132.44  107.38
 132.60  145.66
 134.12  140.92
 134.14  155.73
 135.24   98.76
 135.47  112.61
 135.87  115.49
 139.27   92.67
 139.43  137.66
 141.94  107.17
 143.41  129.59
 143.48  116.85
 143.56  122.37
 143.75  123.32
 147.43  123.32
 147.97   90.76
 151.67   94.42
 152.49  115.65
 152.52  101.82
 152.73   85.13
 157.87  151.21
 162.53  189.91
 164.95   75.47
 165.01  146.60
 165.15   71.36
 165.21  170.77
 166.85   82.52
 167.04   46.72
 167.63  189.13
 167.90   85.34
 167.97  182.65
 167.98  120.42
 168.12   45.35
 168.40  149.59
 168.46  144.01
 168.56  158.93
 169.32   65.41
 170.10   76.70
 172.06  147.54
 172.94  177.58
 176.09   48.98
 176.34   81.45
 176.45  114.33
 176.52  187.20
 177.04   91.11
 177.52  154.65
 178.36  125.59
 178.63  121.31
 179.23   73.54
 179.38   77.13
 179.61   85.53
 182.42   80.26
 182.75  163.65
 183.02  145.76
 184.60   23.15
 186.00   74.31
 186.06  122.14
 186.18  149.50
 186.21   31.91
 186.30  139.01
 186.68   35.23
 186.82   91.06
 187.18  167.42
 190.02   91.10
 192.60   97.69
 193.21  142.94
 193.23  148.06
 193.67   79.59
 193.78  208.15
 194.08   46.70
 194.43   34.79
 195.25   74.04
 195.71   88.01
 195.96  110.31
 195.99  165.98
 196.42  157.06
 196.44  151.23
 196.54  163.02
 196.73  135.53
 197.05  136.71
 197.39  159.64
 198.69   70.83
 198.75  139.51
 198.82  148.12
 199.98  123.96
 200.05  104.26
 200.36   94.14
 202.13   13.80
 202.21  164.95
 203.07  144.71
 204.98  124.00
 205.12   85.38
 205.46  118.00
 205.63  141.77
 205.85   35.64
 208.03  144.91
 208.05  108.09
 208.46   98.20
 208.48  123.43
 209.63   86.68
 209.96  157.75
 210.69  165.09
 210.70  148.69
 210.90  164.80
 210.95  127.60
 211.08  141.34
 211.97  107.68
 212.32  170.89
 212.49  132.41
 213.97   75.68
 216.57  160.14
 216.87  144.96
 217.35  142.16
 218.38  149.25
 218.55   90.10
 218.75   74.28
 219.16  106.85
 219.62   87.84
 220.33  116.51
 220.35  162.43
 221.82   95.58
 223.40  139.81
 223.49  145.05
 224.00  149.41
 224.06   73.59
 224.10   84.85
 224.41  158.21
 224.82  127.02
 226.17   99.41
 226.32   82.23
 226.67   38.95
 227.69  123.43
 228.36  128.54
 230.75  118.66
 231.59  141.86
 231.95  100.12
 231.96  106.74
 232.92   77.69
 233.25   74.22
 234.68   94.79
 234.92  118.61
 235.02  151.57
 235.96  120.98
 236.39   83.96
 237.86   97.91
 237.95  103.18
 237.99  138.13
 238.09  144.71
 238.14  127.67
 238.20  150.07
 238.35  119.03
 238.58  122.67
 239.15   86.62
 240.03  164.15
 240.13   87.77
 241.75   42.65
 242.00  153.65
 247.77  132.04
 248.03   83.74
 250.23   44.36
 250.41  161.91
 252.06   74.78
 255.71   70.29
 258.15   45.39
 258.77   35.12
 259.50   55.10
 261.44   68.78
 261.67  114.55
 262.65   58.75
 262.87   32.13
 263.83   60.06
 263.93   31.14
 267.89  109.43
 268.24   76.84
 271.87  108.73
 272.15  103.87
 272.20   86.66
 273.64  203.57
 274.29   81.30
 275.29   30.94
 275.70   90.15
