   7.73  150.97
   8.69  166.72
   9.66  163.57
  10.76  202.26
  14.53  202.62
  15.43  149.30
  16.01  200.57
  18.09  143.24
  18.60  170.23
  18.70  123.24
  18.82  193.81
  19.44  132.38
  19.89  152.49
  19.94  161.93
  21.28  190.47
  21.68  207.11
  23.06  139.41
  23.52  175.29
  24.07  121.22
  24.35  166.02
  24.58  155.57
  24.66  119.58
  25.28   74.63
  27.01  159.83
  28.21  162.44
  29.89  195.05
  31.92   59.05
  32.32  199.73
  32.34  157.77
  33.50   53.84
  34.70  161.07
  35.97   81.13
  37.66  114.30
  37.89  194.66
  38.05  194.59
  38.81  169.96
  38.85  108.92
  40.20  108.92
  40.94  209.48
  41.33  113.78
  43.37  162.69
  44.40  206.42
  44.77  176.14
  45.48   58.54
  46.73  111.00
  48.76  190.14
  48.76  189.98
  48.80  194.87
  48.81  107.62
  50.36  202.95
  52.93  161.31
  53.42  114.04
  53.86  156.35
  53.90  182.68
  54.08  154.49
  55.40  196.01
  55.43  103.32
  55.55  109.29
  56.11  147.93
  56.61  175.74
  57.48  193.21
  57.51  204.31
  57.92  155.90
  59.28  126.07
  59.31  125.70
  60.50  204.73
  60.57  184.73
  63.05   30.97
  63.36   36.54
  64.12  198.88
  64.32  198.84
  64.46  132.77
  65.05  209.87
  65.59  125.11
  66.73  170.36
  67.17  152.39
  68.08  134.82
  68.76  179.01
  69.74  121.01
  70.79  131.44
  71.33  126.52
  72.62  191.31
  72.79  185.67
  75.87  176.58
  76.67  176.66
  79.36  142.19
  79.54  192.21
  79.87  150.75
  79.88  155.88
  80.36  166.07
  80.42  106.49
  80.80  185.93
  81.21   82.95
  81.24   82.77
  81.45  100.80
  82.68  205.68
  83.25  210.15
  83.53  106.01
  83.60  187.83
  84.05  153.53
  84.73   96.70
  85.05   90.04
  85.28  175.33
  85.71   82.72
  85.88  142.97
  86.26  165.95
  86.33  140.00
  87.41  208.97
  87.47   78.95
  87.50   75.54
  88.21   94.36
  89.05  132.51
  89.61  154.06
  89.91  196.75
  89.92  211.08
  90.04  185.86
  90.19  181.40
  90.67  148.62
  90.89  145.96
  91.49   73.07
  91.56  167.16
  92.64  110.57
  93.22  131.94
  93.46  183.51
  93.95  174.99
  94.51   78.50
  95.12  120.98
  95.55  165.64
  95.83  149.49
  96.01  188.97
  96.17  156.64
  96.51  145.24
  96.91  201.45
  97.06  129.30
  97.54  106.98
  98.47  114.33
  99.13  173.38
  99.21   96.60
 100.02   88.35
 101.12  161.08
 101.31  114.11
 101.52  108.25
 101.53  120.82
 101.63  159.36
 101.76  150.38
 101.92  208.17
 102.13  143.82
 102.32  163.91
 102.55  196.75
 102.89   63.83
 103.27  126.03
 103.36  117.05
 104.06  111.58
 105.56  115.41
 105.66  138.96
 105.74   76.72
 106.10   97.78
 106.14   83.74
 106.86  166.11
 107.44  100.81
 107.91  162.24
 108.51  192.42
 109.13  211.50
 109.28  182.33
 109.32   84.93
 109.48  164.03
 110.41  144.02
 112.22  201.73
 113.07  171.18
 113.16  201.73
 113.81  153.90
 114.57  163.54
 114.77  129.06
 115.42  189.85
 115.67  178.16
 116.15  212.18
 116.88   97.10
 117.15  103.41
 117.62   76.70
 117.82  117.71
 117.98  158.53
 118.60  186.04
 119.99  157.38
 120.05  124.21
 120.21   96.11
 120.29  202.38
 120.92  202.44
 121.64  166.05
 121.73  165.92
 121.93  188.37
 122.52  112.21
 122.54  206.96
 122.71  206.98
 123.13  193.79
 123.18  174.00
 123.49  193.79
 123.68   63.76
 124.32  143.25
 124.60  131.37
 125.10  160.85
 125.88   60.15
 126.87  202.94
 127.19  103.31
 127.29  189.91
 127.29  158.26
 128.69  121.56
 128.75  180.11
 129.35  149.96
 129.61   79.61
 130.61  137.59
 132.12  162.99
 132.21  127.20
 133.18   63.64
 133.61   77.53
 133.90  202.80
 134.42  162.06
 134.61  120.11
 135.37   54.48
 135.51  194.36
 136.13  142.48
 136.18  132.64
 136.24  143.43
 136.29  190.36
 138.87  191.71
 139.86  122.19
 140.58  187.60
 140.88  145.80
 141.36  180.27
 141.95  207.38
 142.54  162.99
 143.08   60.85
 144.81  201.24
 145.14  174.47
 145.21  139.63
 145.28  109.68
 145.43  123.98
 145.64  150.27
 149.51  111.38
 149.60   62.03
 149.83  123.71
 151.29  148.01
 151.49  136.33
 151.59  198.54
 151.59  186.22
 153.07  105.67
 153.42  115.64
 153.73  110.93
 154.26  179.71
 154.67  174.75
 154.71  125.50
 156.26   64.34
 156.47  192.34
 158.05  188.59
 159.04  126.04
 159.55  168.01
 160.24  101.71
 160.83  157.06
 160.93  144.15
 161.52   59.53
 162.08  100.70
 162.72  109.59
 163.43  151.36
 163.63  155.02
 163.65  192.07
 164.80  115.33
 165.20  125.05
 166.62  138.68
 166.82  154.48
 167.23  213.36
 167.94  120.74
 167.95  122.32
 168.09  172.26
 168.41  187.21
 168.59  148.34
 168.75  137.72
 169.16   84.02
 169.56  106.49
 169.67  203.17
 169.72  161.17
 169.76  207.13
 169.96  183.95
 170.92  183.93
 171.44  109.23
 171.76  146.08
 172.63   98.66
 172.74  145.79
 172.85  124.87
 172.95  115.83
 173.28  146.84
 173.49  134.38
 174.03  120.57
 174.04  181.46
 174.49  185.97
 175.24  104.17
 175.47  110.68
 175.72  176.30
 178.07  124.60
 178.07  127.19
 178.35  108.95
 178.39  174.50
 178.54   75.67
 179.40   98.57
 179.41   77.65
 179.45  116.20
 179.56  167.77
 180.19  105.23
 180.63  201.58
 181.39  111.91
 181.59  198.80
 181.75  194.81
 182.50  208.12
 183.04  203.51
 183.14  119.46
 183.25   90.76
 183.72  124.88
 184.07  194.73
 184.41  105.51
 184.89  203.52
 185.87  116.52
 186.10  163.22
 186.44   80.30
 186.91  198.81
 186.94  154.40
 187.19  147.74
 187.30   85.59
 187.43  177.06
 187.46  143.19
 188.67   41.73
 189.49  184.05
 189.50  171.11
 189.70   73.04
 190.00  187.24
 190.17  152.96
 190.19  110.46
 190.28   76.75
 190.78  111.35
 191.02  191.21
 191.02   91.08
 191.08  120.06
 191.59  144.78
 192.55  155.95
 192.94  102.74
 192.94  167.58
 193.01  164.00
 193.16  123.90
 193.46  105.92
 194.10   76.29
 194.53  159.34
 194.76  203.38
 194.80   82.13
 196.10   64.14
 196.15  165.66
 196.41  174.29
 196.55   66.88
 196.58  108.90
 196.63  108.07
 196.91  136.13
 197.15  138.90
 197.31  151.99
 198.08   67.45
 199.28   94.37
 199.67  141.12
 200.14  100.83
 200.58  144.29
 200.80  183.99
 200.85  128.30
 201.82  187.40
 202.02  177.51
 202.30  148.55
 202.42  155.37
 202.97   87.19
 202.99  111.74
 203.07  172.37
 203.08  194.63
 203.36  190.64
 204.22  162.42
 204.64  144.33
 205.63  184.01
 205.81  165.91
 206.63  113.07
 207.23  198.72
 207.35  203.71
 208.10  126.14
 208.17  175.56
 208.28  174.27
 208.35   79.70
 208.80  109.27
 208.92  130.14
 209.69  189.38
 210.16   97.58
 211.05  141.00
 211.10  187.13
 212.93  161.23
 213.47  148.81
 213.78   76.98
 213.80   88.62
 213.89   88.49
 216.72  119.85
 217.31  103.59
 217.35  198.73
 218.00  160.57
 218.19  177.66
 218.46   91.24
 218.64  198.73
 218.85  180.85
 219.16  194.55
 219.21   65.13
 219.21  187.48
 219.25  183.49
 221.90  204.61
 222.45  118.87
 223.11   91.95
 223.14  142.02
 223.87  163.39
 223.88   59.58
 224.16  115.72
 224.70   70.86
 224.83  208.69
 224.90  131.08
 226.24  174.78
 227.47  203.81
 227.78   63.84
 227.98   68.06
 228.53  132.10
 230.61   76.45
 230.71  139.09
 230.98  198.39
 231.33  147.43
 232.18  127.68
 232.50  136.41
 232.78  142.28
 233.36  105.75
 233.85   88.65
 234.27   97.76
 234.40  139.06
 235.15  150.42
 236.45  164.71
 237.06  200.03
 237.17   65.92
 237.37  180.60
 237.66  176.94
 238.46   73.99
 239.19  127.55
 240.11  164.56
 240.43  118.13
 241.28  200.27
 241.33  136.21
 242.24  160.67
 245.32  174.10
 246.24  181.74
 246.26  163.40
 247.02  155.16
 247.08  167.35
 247.14  200.53
 247.95  171.94
 248.80  160.00
 249.12  147.92
 249.86  137.08
 250.10   90.91
 250.47   45.50
 252.88  129.85
 253.18   76.28
 253.32  170.40
 254.25  195.38
 254.91  128.95
 255.42  198.03
 256.19  166.46
 256.60  155.26
 258.50  168.17
 258.78  130.63
 258.81  139.39
 259.56  181.00
 259.84  119.52
 259.90  148.14
 261.21  158.08
 261.60  173.41
 261.63  163.49
 262.72  202.47
 263.03  160.59
 263.36  196.94
 265.58  176.66
 265.99  172.65
 266.20  183.66
 266.80  162.63
 267.22  156.66
 267.56  164.48
 267.64  168.06
 268.64  171.88
 269.77  154.69
 270.65  151.95
 270.85  183.68
 272.68  180.25
 273.16  186.21
 273.64  198.16
 274.29  186.10
 275.72  208.55
 276.22  159.99
 278.34  151.82
 278.49  203.79
 280.42   30.83
 282.22  164.23
 284.95  144.20
