  19.07   78.60
  19.15  100.23
  19.16   12.53
  19.45  114.76
  19.53   72.38
  20.07   71.66
  20.27   25.22
  20.35   79.87
  21.20  146.14
  21.29   26.41
  21.32  134.70
  25.14   75.78
  26.32   92.54
  30.73  113.82
  32.61   72.99
  34.94   92.36
  39.51   66.73
  40.10   87.90
  42.81   76.39
  45.89   69.83
  47.70   85.23
  47.74   63.81
  48.35   62.77
  53.82  211.14
  54.19   11.20
  57.63   40.73
  59.06   58.07
  67.70   85.34
  68.88   62.81
  73.28   79.98
  75.23   75.07
  76.66   86.08
  77.64  100.51
  77.85  105.30
  80.13   80.79
  82.22  114.48
  82.41   76.22
  86.52   76.63
  86.58  121.40
  88.23  140.54
  90.11   77.35
  91.34   74.57
  91.73  168.72
  93.75   82.18
  94.62   60.67
  95.34  164.82
  95.42  175.54
  97.15  125.96
  97.31  125.89
  97.94  199.78
  98.69  157.83
  98.94  209.30
  99.00  165.01
  99.93  136.27
 101.03  154.75
 101.86  130.39
 102.89  160.94
 103.62  149.40
 103.62  171.68
 105.02   37.70
 105.10  212.83
 105.99  157.83
 107.68   71.40
 107.71  148.73
 108.33  163.59
 110.23  151.95
 110.32   32.72
 111.21  156.18
 111.82  141.79
 112.04  116.91
 113.93   71.11
 115.47  148.02
 115.86  203.15
 115.87  152.35
 116.17   33.87
 119.70  116.29
 120.63  134.40
 121.99  125.31
 122.27   34.72
 122.93    7.05
 123.29  202.93
 123.76  132.37
 125.45   66.09
 126.38  191.33
 128.39  203.51
 128.96  125.31
 129.74  134.22
 130.99  131.18
 131.18   79.75
 133.41   67.58
 135.32  132.94
 135.47  183.50
 137.02  104.48
 137.52  123.80
 138.28  191.90
 138.54  148.25
 138.61   69.89
 139.11  147.39
 142.32  133.44
 144.02  120.99
 145.23  130.66
 145.72   74.22
 147.00  133.54
 147.83  146.16
 150.77  128.93
 151.97  140.77
 152.98  126.19
 154.53  148.29
 157.20  203.64
 157.44  196.68
 157.61  211.28
 158.67   75.86
 158.71  125.46
 160.11  162.32
 160.42  152.07
 161.24  120.39
 161.40   12.10
 163.02   81.45
 163.26   69.41
 164.23   76.31
 164.40  194.55
 164.62  129.34
 164.86  162.98
 166.04  203.85
 166.40  150.05
 166.80  107.87
 167.41  196.77
 168.20  126.90
 168.79  160.63
 169.40  203.13
 169.58  106.82
 171.28  206.43
 171.56  106.64
 172.80   64.39
 173.98  145.87
 174.65  110.62
 174.89   97.61
 175.26   99.20
 175.44  202.17
 176.41   76.78
 177.52  144.46
 177.66  153.34
 178.61   70.57
 179.68  197.33
 179.84  207.33
 180.48   87.12
 181.69  118.67
 181.83  119.15
 181.83   73.48
 182.30   64.50
 183.84   79.85
 184.84   15.18
 184.95  194.40
 185.42  202.00
 186.95   82.91
 187.66  114.01
 187.92  197.99
 188.09  203.32
 188.73  190.75
 190.14   80.58
 190.75   64.68
 192.29  203.15
 192.38   71.23
 195.32   65.03
 197.50  183.72
 197.61  192.96
 198.47   16.89
 198.71   10.97
 202.64  186.51
 205.63   55.31
 205.77  198.50
 206.24   27.51
 206.28  204.30
 206.38   89.21
 208.14  187.95
 213.77  196.58
 214.03  185.37
 215.07  181.08
 215.42   70.50
 215.86  108.40
 216.46   93.81
 218.42  202.33
 219.71  128.32
 219.85  181.96
 221.04   15.34
 221.29   72.53
 221.35   68.70
 222.31   91.14
 222.74   76.20
 222.86   18.46
 223.38  192.88
 223.69  204.17
 223.82  121.43
 224.38  210.32
 224.93  194.09
 225.22  128.32
 225.53   64.94
 225.63  180.70
 225.69  180.71
 225.77  115.40
 226.10  183.62
 226.99   77.49
 227.04   71.63
 227.60  186.88
 228.60   64.53
 229.93   16.89
 231.17  139.04
 232.27  124.39
 232.36  124.37
 233.06   81.21
 233.48   76.75
 234.05  153.10
 234.11   80.00
 234.15   99.35
 235.36   20.79
 235.84  197.24
 236.56  106.63
 237.02  116.74
 237.57  186.35
 237.78   22.76
 237.81  207.08
 237.91  177.12
 238.08   17.68
 238.65   79.61
 239.28  195.67
 239.35  198.48
 240.22  205.98
 240.34   70.07
 241.07   59.79
 241.40  185.50
 241.48  206.57
 242.77   79.69
 243.06  130.48
 243.92  146.25
 244.02  139.66
 244.27  198.01
 244.67  190.80
 245.07   76.19
 245.85   63.03
 245.96  112.03
 246.05   38.10
 247.12   99.49
 247.24  172.54
 247.29  172.74
 248.03  192.86
 248.94  102.62
 250.05  120.12
 250.39  189.78
 250.80  165.12
 250.85  133.05
 250.98  179.81
 251.52   65.33
 251.56   77.33
 251.88  120.77
 252.15  101.43
 252.26  166.36
 252.26  166.26
 252.60  111.55
 252.68  201.89
 252.76  177.34
 252.97  151.86
 253.05  194.08
 253.87  139.56
 253.88  129.38
 253.94  142.35
 253.95  135.94
 253.97  133.12
 254.15   42.53
 254.29  182.56
 254.65   47.49
 255.04  102.69
 255.28  189.64
 255.61  174.32
 255.87  174.27
 256.29   25.65
 257.06  127.14
 257.31  169.45
 257.58   61.10
 257.60  160.16
 257.90   75.42
 258.52   28.11
 259.14  153.06
 259.59  152.25
 259.65  127.92
 260.32  165.22
 267.40   24.87
 271.71   39.20
