  12.76   70.73
  13.12   69.48
  14.42  139.90
  14.63   80.17
  14.89  157.33
  15.08  193.06
  15.35  202.36
  20.13  141.31
  22.60   70.85
  24.08   77.16
  25.49  201.86
  25.75  131.34
  26.68  192.05
  27.29  181.93
  27.83  187.31
  28.20   88.47
  29.10  179.53
  29.75   94.42
  30.90   83.47
  31.91  188.36
  32.31  179.83
  33.89  195.45
  35.48   72.88
  35.58   95.97
  36.62   78.59
  37.48   20.43
  38.89  104.06
  39.01   23.36
  39.24  104.09
  39.99   98.54
  40.06   75.67
  40.10  110.94
  40.13  162.45
  40.17  119.25
  40.19   35.72
  40.27   42.17
  40.86  137.93
  41.26  183.54
  41.58  165.56
  41.94  190.98
  42.38  113.05
  56.32   99.12
  57.71   84.61
  58.20   96.21
  58.84    8.89
  59.19   89.60
  59.78  102.33
  61.22  119.97
  64.75  121.27
  64.81   99.04
  67.24  103.59
  68.16   98.67
  70.09  183.80
  72.56   78.39
  73.79  185.43
  75.19  192.45
  77.02   76.44
  77.99   10.38
  78.44  185.39
  79.67  191.91
  79.94   77.19
  81.27   78.61
  83.79  187.17
  87.46  184.82
  90.86    8.66
  97.72   79.44
  98.07   79.05
  99.32  190.24
 102.24  135.62
 105.71    9.75
 106.36  158.65
 109.07  180.98
 109.84  187.75
 112.17  154.07
 112.34  193.33
 114.76   96.19
 114.92   96.13
 115.47  191.72
 115.87  122.25
 117.16   93.88
 117.46  176.13
 130.10   35.96
 130.43   14.45
 130.96  131.51
 131.05   88.86
 132.55  104.57
 133.06  110.55
 133.31   38.80
 133.45  192.09
 135.84   70.24
 135.94   56.24
 136.02   52.97
 136.35  104.28
 136.78  100.67
 137.14  194.94
 137.25   14.70
 137.50   88.41
 137.76  138.95
 138.58  161.92
 138.67   51.53
 138.94   42.67
 139.13  186.97
 139.42   23.15
 139.95   12.87
 139.99   19.38
 140.92   79.47
 140.99   94.50
 141.29  198.33
 141.67   42.20
 143.03  199.95
 143.17   42.16
 143.21   96.28
 143.51   49.08
 144.54  204.75
 144.60   82.81
 146.29   39.24
 146.76   30.06
 147.85   25.75
 148.98   48.76
 149.15   30.86
 149.63   22.92
 149.99   97.69
 150.50   21.66
 150.56   77.34
 151.28  202.69
 151.72  198.51
 151.96   50.58
 152.20   45.49
 152.33   86.24
 152.59   35.62
 155.15   16.92
 155.16  109.18
 155.38   47.70
 155.62   59.21
 155.63   21.09
 155.78  193.94
 157.81  193.37
 158.02   56.90
 158.44   51.92
 158.59   70.65
 158.74   45.23
 158.82   74.64
 158.84  162.60
 159.00  138.22
 159.03  148.51
 159.32   28.86
 159.34   52.25
 159.51  128.18
 159.60  111.25
 159.76   38.54
 160.22   88.03
 160.65   63.13
 160.91  111.23
 161.75  164.54
 162.26  192.36
 162.48  196.53
 163.95   13.48
 164.04   13.55
 164.92  159.12
 164.93   57.59
 165.13   88.83
 167.39   48.88
 167.88   83.08
 169.73   52.61
 171.66  134.07
 171.89   57.46
 172.77  188.50
 173.86   48.03
 174.11  213.57
 176.51  185.57
 177.46   73.31
 178.01   56.61
 181.42  146.47
 182.18  109.10
 183.23  182.76
 183.51  116.98
 183.86   96.91
 184.52   54.67
 185.14  147.89
 186.35  188.57
 186.89   57.03
 187.79  163.75
 188.11   12.93
 188.26   52.75
 188.38   86.45
 189.46   99.15
 190.65  162.03
 191.66   61.21
 191.91  210.31
 192.81   56.27
 194.72   53.25
 194.98  117.30
 195.80  122.62
 196.73   13.09
 197.26   59.99
 197.73   56.72
 197.83   77.98
 197.89  108.99
 198.54  186.28
 199.95  131.65
 200.00  174.37
 201.05  140.42
 201.91  188.08
 202.34   54.57
 204.60  103.40
 204.79  183.35
 204.99  206.93
 205.33  109.85
 205.49  186.15
 206.62   61.09
 208.03   99.72
 208.79  106.40
 208.93  112.77
 209.05   85.72
 209.10   58.18
 211.73  105.03
 212.73   56.30
 214.46   86.01
 214.50   65.66
 215.10   62.27
 215.23  106.07
 215.88   97.03
 218.41   54.84
 218.88   85.91
 219.14  123.97
 220.41   59.63
 220.73  179.21
 220.94  180.43
 223.53  109.06
 223.94   77.94
 224.20   54.91
 224.41   91.61
 226.01   97.64
 226.23   15.22
 227.16   57.74
 227.25  204.57
 227.29  205.89
 228.73  111.17
 229.42   12.57
 230.38  117.60
 230.39  203.35
 231.48   54.01
 231.73   15.73
 232.83  107.05
 233.71  113.13
 236.45   16.32
 236.47   55.87
 236.65  122.81
 237.63  109.98
 238.13  128.09
 238.54  141.70
 238.78  199.99
 239.79   49.58
 240.86   39.54
 241.43  132.11
 241.74   46.02
 242.56  150.80
 242.78   68.48
 242.95   80.34
 243.26  129.11
 243.30  151.58
 244.07   48.90
 244.27   17.55
 244.61   35.96
 244.63   57.70
 245.64   32.48
 248.07   32.99
 248.98   82.79
 249.98  170.81
 250.27   48.48
 250.37   41.13
 251.08   63.40
 252.43   56.59
 252.78  179.37
 252.92  133.75
 253.19   62.71
 253.52   52.70
 253.60   37.67
 253.73  156.64
 253.81  162.88
 253.84   37.91
 254.96  172.37
 256.26  155.44
 256.51   49.04
 256.95   53.78
 257.31   76.08
 258.09  151.60
 258.72   61.37
 259.05   51.20
 259.72   70.87
 260.32  123.56
 260.45   76.97
 260.84  123.78
 260.86  197.02
 260.86   82.80
 260.91   56.81
 261.32  145.98
 261.84   10.53
 263.53  177.78
 264.08   62.17
 264.33   52.63
 264.99  100.73
 265.17   64.43
 266.62  180.82
 267.46   80.61
 267.79   48.43
 268.60  199.13
 269.21  143.10
 269.76  159.03
 270.03  150.40
 270.47  123.21
 270.50   42.71
 270.90   59.76
 270.91  133.37
 270.99  124.40
 271.09  165.10
 273.06  182.32
 275.46  104.17
 275.92  194.23
 277.62  190.77
 280.29  188.82
 280.63   97.32
 280.70  115.22
 280.76  153.68
 280.81  196.52
 280.98  109.90
 280.99  131.84
 281.05  200.05
 281.44  128.21
 282.04   81.19
 282.15  102.87
 282.63  137.54
 283.81   74.27
 283.85   94.61
 284.13  147.27
 284.39  174.55
 284.86  200.07
 285.15  158.15
 285.58  191.06
 286.58  183.59
 286.94  130.38
 287.13  199.27
 287.64   46.34
 287.71   54.26
 287.80   37.68
 288.21   19.36
 290.63   28.28
 290.67  176.79
 292.35  174.35
 294.34   60.36
 295.61  202.86
 297.03   51.56
 297.09   62.15
 297.15   57.31
 297.97  199.09
 298.09   98.82
 298.15  204.18
 298.26  195.31
 298.26  109.09
 302.28  151.71
 303.35   55.68
