   9.07  178.33
   9.71  209.75
  17.35  135.49
  17.46  160.01
  18.67  172.86
  20.12  158.97
  44.58  195.13
  47.67  200.08
  48.94   56.77
  51.05   40.00
  53.60  213.25
  54.79  210.10
  56.11   75.02
  57.01   62.09
  57.65  207.61
  58.14  192.10
  58.77  193.32
  59.01  193.90
  60.04   84.81
  60.57  208.19
  60.90  118.11
  61.33  102.01
  61.43   49.01
  61.50  127.31
  61.61  127.33
  61.89   70.40
  63.26   84.77
  64.41   60.82
  64.90  117.61
  65.09   68.11
  65.25  129.40
  65.95   65.45
  66.54  114.42
  66.61  104.15
  66.78  108.47
  67.96  116.01
  68.32   45.15
  69.53   51.74
  71.13  129.84
  72.61  127.54
  73.27  122.04
  74.74  140.59
  75.03   99.10
  75.22   88.31
  76.35  169.25
  76.69   56.11
  76.88  123.74
  78.27   61.54
  78.89   54.67
  79.49  154.38
  79.94  168.23
  80.25  128.69
  80.64   88.61
  80.87  196.63
  80.95  100.01
  81.45  181.92
  81.66  123.11
  81.90   53.84
  81.95   96.42
  82.42  155.44
  82.50   50.46
  82.52   92.41
  82.62   82.43
  83.06   56.87
  83.73  138.50
  84.13  135.91
  84.52   85.50
  84.95   77.45
  85.29   71.54
  87.02   55.04
  87.05   91.73
  87.74   50.97
  88.23  175.79
  88.23   68.25
  89.03  167.71
  89.10   45.68
  89.23  199.95
  90.84  121.35
  91.40   54.02
  91.44   71.36
  91.49  172.54
  91.84  181.70
  92.54  132.13
  92.62  167.78
  92.72  168.00
  92.83   81.28
  93.56  198.40
  94.51  125.06
  95.05  141.28
  96.76   66.17
  96.97   50.27
  97.29   37.26
  99.44  165.83
 100.84  198.03
 102.25  159.92
 102.73  164.65
 102.89  151.32
 103.01  191.46
 103.96  176.84
 105.07  168.03
 105.70   63.93
 105.76  192.87
 106.84  188.09
 107.22  154.60
 107.41  176.07
 107.88   51.83
 108.53  185.25
 108.86  179.42
 108.91  171.09
 111.65  141.13
 112.56  157.47
 112.77  179.18
 112.79   57.80
 113.87  132.55
 114.13  162.39
 114.48  152.56
 115.20  201.57
 115.87   70.84
 115.90  169.36
 116.00  196.40
 116.75  145.94
 117.51  157.65
 118.36  197.52
 118.40  130.70
 118.88  167.60
 119.21  183.51
 119.45  163.87
 120.67   65.47
 120.96  181.19
 121.92   64.06
 122.24   81.28
 122.43  141.44
 122.58  126.78
 122.62   80.87
 123.05   94.74
 123.29   99.00
 123.65  112.84
 123.92  130.39
 124.85  153.57
 125.19  162.93
 125.59   92.60
 125.62   78.42
 125.71   71.04
 126.08   98.56
 126.17  134.73
 126.45  113.30
 126.56  120.51
 126.88  173.59
 127.33   89.94
 127.76  168.06
 128.66   96.06
 128.88  165.42
 129.17  160.02
 129.35   82.62
 129.36   74.69
 129.39  143.74
 129.52   68.22
 130.06  157.72
 130.07   63.88
 130.65   93.73
 131.66  171.60
 131.76   49.30
 131.98  120.51
 132.16  146.03
 133.11  129.87
 134.02  150.07
 135.79  165.71
 136.65  139.56
 136.81  153.31
 138.17  108.07
 138.32  130.29
 138.93  106.60
 139.20  171.38
 139.21   84.26
 141.99  159.11
 142.15  125.83
 142.59   88.05
 142.89   43.26
 143.01  141.42
 144.27   68.14
 144.30  170.33
 144.51   81.18
 145.17  119.66
 146.24  148.86
 146.99   90.22
 147.24   75.70
 147.48   60.28
 148.20   66.12
 148.40  134.70
 148.56  169.08
 148.67  139.64
 150.03  123.50
 150.26   66.20
 151.41  175.71
 151.47   71.01
 151.49   81.73
 151.71   52.15
 151.96   66.65
 152.72  172.65
 153.24  120.28
 153.35  113.48
 153.48  102.22
 154.01  106.37
 154.04  165.11
 155.20   84.37
 155.56   91.69
 156.57   77.44
 156.58   56.04
 156.73   69.12
 158.91  169.73
 159.91   60.12
 160.70  117.17
 160.96  112.70
 160.98  103.68
 161.59   98.82
 162.60   74.00
 162.78   60.54
 162.82   69.50
 164.49  169.72
 165.05  173.24
 165.09  111.54
 165.44   51.78
 165.81  155.90
 165.96   84.76
 166.17  151.68
 166.39   65.74
 167.31   99.37
 168.51  139.45
 169.16  161.28
 169.93   88.20
 170.18  172.86
 170.31  120.12
 170.64   91.44
 172.08  174.45
 172.12  169.89
 172.66  161.81
 172.86  101.26
 173.08  197.85
 173.65  106.70
 174.08  158.31
 174.77   79.06
 175.05   97.58
 176.04   86.66
 176.14  172.04
 176.39   71.96
 176.61  106.22
 177.00  193.75
 178.47   57.08
 179.29  176.47
 179.70  124.57
 180.59   99.61
 180.98  133.36
 181.63  136.36
 181.82  164.23
 182.07   92.01
 182.12  145.11
 183.32  173.31
 183.38   65.32
 184.28   63.55
 184.68  102.86
 184.93   54.47
 185.08  169.38
 185.56   88.54
 185.66   71.33
 185.92  120.12
 186.09   58.83
 187.21   50.99
 187.47  127.93
 188.46  135.91
 190.04  176.42
 190.48  109.16
 190.81  156.77
 191.24  102.70
 191.56  198.32
 191.92   66.25
 191.95   54.02
 192.11  160.86
 192.15  135.49
 192.39  164.03
 192.47  176.29
 193.50   70.75
 193.79  120.31
 194.21  151.39
 194.63  147.64
 195.33  104.12
 195.34  195.13
 197.32   25.11
 197.51  178.64
 197.72   20.47
 197.79   75.20
 198.02  158.56
 198.16  103.85
 198.26   75.41
 198.45  187.80
 199.24  155.34
 200.09   98.51
 200.35  147.35
 200.87  128.57
 200.99  117.43
 201.33   92.04
 202.44   54.55
 203.31  151.96
 204.04   65.94
 204.32   60.46
 204.72  151.62
 205.69  133.95
 205.76  158.02
 206.04  109.87
 206.61  198.15
 206.97  202.38
 207.08   66.49
 207.66  116.25
 208.16  137.57
 208.24   63.49
 208.47   90.85
 208.81  182.05
 208.98  129.42
 209.29   48.53
 210.31  116.08
 211.52  111.16
 211.89   62.60
 212.20  170.95
 213.09  146.57
 213.24  187.27
 213.68   41.20
 213.82  100.24
 213.86   62.80
 215.04  179.71
 215.48  160.60
 215.71  116.90
 216.01   60.47
 216.95   38.05
 217.67   48.01
 217.83  140.61
 218.23   31.79
 218.55  118.56
 219.80   21.07
 220.21   78.32
 220.89   30.70
 220.90   73.21
 221.22   70.62
 222.24  172.35
 222.41  169.30
 223.64   95.02
 223.65   34.55
 224.06  159.31
 224.31   28.16
 224.93   66.68
 225.29  120.89
 225.60  124.60
 227.73   67.63
 228.22   82.75
 228.86  147.34
 228.90  147.37
 229.16  171.27
 229.42  125.51
 229.49   31.93
 230.59  130.63
 231.13   66.79
 231.95  167.29
 231.96   56.95
 232.25   45.93
 232.28   62.73
 232.58  172.60
 232.59  113.40
 233.28  104.99
 236.13  110.75
 237.34  170.65
 237.34  134.93
 237.53  122.57
 237.78   98.79
 239.00  134.62
 239.67  155.46
 240.29   91.12
 240.79  165.54
 241.65  129.57
 242.21  117.11
 245.00  126.54
 245.45  114.91
 245.48  131.24
 245.83  160.06
 246.78  122.05
 247.76  129.89
 247.80  107.17
 248.16  103.06
 248.55  184.04
 248.70  184.46
 248.82  184.56
 250.22   99.57
 250.27  132.60
 251.27  149.02
 251.38  153.47
 251.72  108.22
 251.95  138.55
 251.99  140.72
 253.05  153.20
 253.42   39.78
 253.56  131.15
 255.21   63.57
 255.77  124.41
 256.02  103.69
 257.03  128.36
 257.09   46.57
 258.55   34.20
 258.60   71.91
 258.71  117.36
 258.73   10.92
 258.91  151.77
 258.96  137.17
 259.01   78.20
 259.62  146.98
 259.99   40.04
 260.39  133.96
 260.79   30.24
 261.23  157.08
 261.87   16.30
 261.96  116.58
 262.72  166.01
 263.17  119.65
 263.54  153.77
 263.89   13.95
 265.11  140.07
 265.31   76.07
 265.72  146.18
 265.74  129.09
 265.75  121.54
 265.77  101.98
 265.99  105.41
 266.79  124.72
 266.91   45.86
 267.57   66.22
 268.15  142.40
 268.60  128.26
 269.59  132.12
 272.44   49.77
 273.06   82.81
 273.37   44.17
 273.50   61.97
 273.61  160.01
 274.36   77.66
 274.97   55.64
 274.98  148.99
 276.81   98.44
 276.99  145.38
 277.23   89.46
 277.70  160.00
 278.37  119.26
 279.08   65.99
 279.34   84.01
 279.46  162.50
 279.48   60.43
 279.49  164.53
 279.56  112.11
 280.08   78.22
 280.42   77.33
 280.87   65.88
 281.16   73.03
 281.68  156.35
 282.02  139.62
 282.58  152.83
 283.43   61.90
 283.62  131.16
 283.75  146.60
 283.80   86.29
 284.29   91.33
 285.28  139.56
 285.42  135.03
 285.43   88.64
 285.48   93.83
 285.62  102.16
 286.16   66.78
 286.69   80.42
 287.16  147.89
 287.53  152.18
 287.58  152.00
 288.55   42.53
 289.17  142.16
 289.43  126.07
 289.63  104.78
 291.72   96.12
 291.83   67.05
 292.00  138.24
 292.01  110.87
 292.16   86.03
 293.33   95.82
 293.80  114.08
 294.50   69.62
 294.58   37.57
 294.81  191.48
 295.17  108.40
 295.96  126.12
 296.07   92.62
 296.19   66.80
 296.22   72.11
 297.02   68.23
 297.08   62.54
 297.11  115.11
 297.51  128.17
 297.52   96.39
 298.41   90.56
 298.52  135.44
 298.73   29.06
 299.00   40.65
 299.68  102.15
 299.74   35.96
 300.03  101.58
 300.49   41.25
 301.39   92.54
 301.63  105.41
 301.95   18.60
 302.23  135.83
 303.13   74.08
 303.90  140.94
 304.20   55.80
 305.40   84.96
 306.10   53.07
 307.10   17.07
 307.16   78.53
 307.50  143.23
 308.02   13.85
 308.03   70.92
 308.11  115.25
 308.54  128.52
 308.71   81.60
 309.13  106.49
 309.27   63.01
 309.63   92.66
 309.97   35.76
 310.44  113.49
 310.90   50.18
 311.00  138.48
 311.04  121.96
 311.17  137.57
 312.21   85.21
 312.69  131.91
 313.45   81.42
 314.50   31.53
 314.60   26.13
 315.19   88.06
 315.83   39.81
 317.13   59.60
 317.42   80.90
 317.79  115.62
 317.95   74.11
 318.35   62.48
 319.50   33.20
 320.84   77.77
 321.32   36.02
 323.91  127.84
