  10.05  204.91
  10.79  148.92
  12.26  167.07
  12.38  160.46
  13.32  129.23
  15.00  153.87
  16.32  188.31
  16.57  127.96
  16.63  143.19
  16.81  151.19
  16.96  163.46
  17.96   25.49
  21.57  125.21
  21.89   57.59
  22.58  200.86
  23.31  130.10
  23.86  160.95
  24.43  124.26
  25.53  202.13
  26.08  147.35
  27.72  177.78
  28.58  155.99
  29.35   62.19
  29.52   59.14
  29.62   19.67
  29.90  123.94
  30.63   54.32
  30.89   23.40
  31.02  194.26
  31.76  119.66
  31.98  159.98
  32.64  200.42
  32.85  129.14
  33.12   96.52
  33.55  205.86
  33.56  157.10
  35.90  147.33
  37.03  113.83
  37.54  156.51
  40.54   88.35
  40.59   96.26
  41.96  115.08
  43.74  156.94
  44.25   86.07
  44.85   97.26
  45.44  158.58
  45.52  150.10
  47.31   11.59
  47.69  151.89
  47.82  120.04
  47.97   97.25
  48.18  203.16
  50.05  158.81
  50.91  101.47
  51.17  116.52
  51.17  143.11
  51.60  127.62
  51.73  105.74
  52.05  168.58
  52.75   14.41
  53.50   56.00
  54.78  134.81
  54.93  198.95
  54.98  165.42
  55.28   90.71
  55.55   58.67
  56.15   17.08
  56.26  157.86
  57.02  147.98
  57.02   69.05
  57.90  104.92
  57.92  203.04
  58.53   85.07
  59.11  195.91
  59.63  156.60
  59.71   91.52
  59.87   25.27
  59.97  107.07
  59.97  181.43
  60.38  167.57
  60.52  174.50
  60.71    7.00
  60.95   85.24
  61.72  157.61
  61.77   23.03
  61.80  184.58
  61.93   77.15
  62.27   93.41
  62.37  102.61
  63.01  160.63
  63.05  129.48
  63.78   68.69
  64.16   98.52
  64.50  151.68
  64.65   80.61
  65.15   14.30
  65.23  204.95
  65.99  147.44
  66.24  143.84
  66.34   60.55
  66.62   16.71
  67.05  124.38
  67.37  128.93
  68.36   77.70
  68.70  152.17
  68.74  179.10
  68.90   66.28
  68.93  111.53
  70.03  118.68
  70.22   99.43
  70.46  193.42
  70.74  125.85
  70.87  111.56
  71.35   91.50
  72.41   71.62
  72.68  107.07
  72.78  184.89
  73.05   14.11
  73.09   17.26
  73.26   38.71
  73.42   79.89
  73.44  114.66
  73.57  181.11
  73.62   89.42
  74.28    9.77
  74.47   73.38
  75.20   67.94
  75.73   97.99
  75.97   90.79
  76.33  127.77
  76.35  171.95
  76.53   97.67
  76.97   32.89
  76.97  137.84
  78.00   80.36
  78.15  112.98
  78.17  180.06
  78.61  116.77
  78.72  143.93
  79.15   10.21
  79.73  129.15
  79.98  125.63
  81.32   92.60
  81.99  168.57
  82.02  207.95
  82.09  190.17
  83.28  119.30
  84.04  142.02
  84.15  131.60
  84.74  150.78
  85.68  154.56
  86.08  186.36
  86.86  146.13
  87.45  129.06
  87.83   65.01
  88.62  134.10
  89.13  160.25
  89.47  166.26
  90.46  157.54
  90.58  206.97
  90.84  116.57
  91.86   89.62
  93.30  139.42
  93.34  125.66
  93.60   97.65
  93.93   66.45
  94.02  173.98
  94.20  148.09
  94.28  186.14
  94.48   41.44
  95.76  153.84
  95.96  124.09
  96.06  119.27
  96.35  119.36
  96.55   63.04
  96.97  157.43
  97.64  151.63
  97.87   91.55
  98.20   93.27
  98.39   83.81
  98.60   65.46
  98.69  107.39
  98.81  190.75
  99.34  135.95
  99.68  141.32
  99.88  164.32
 100.05  150.06
 100.73  172.36
 101.34  112.90
 101.40  196.63
 101.69  176.23
 101.75  155.44
 102.13   88.15
 103.20  209.99
 103.34  178.58
 103.44  133.58
 103.50  148.59
 103.59  164.66
 104.24  115.88
 104.34  153.54
 105.02  106.60
 105.36  157.95
 106.26  168.46
 107.30  206.29
 107.94   61.17
 107.97  116.34
 108.51  142.68
 108.73  174.60
 108.99  211.43
 109.04  143.96
 109.26  157.53
 109.95  138.35
 110.28  166.28
 110.36  113.74
 110.78   84.93
 111.06  160.18
 111.10   70.46
 112.48  147.71
 112.72  107.72
 113.03  143.82
 113.03  183.56
 113.35  195.59
 113.76   88.54
 114.53  180.60
 115.23  132.34
 115.59   27.68
 115.98  163.31
 116.22  122.33
 116.48   65.58
 116.97  203.02
 117.03   61.43
 117.08  139.12
 117.39   88.26
 117.63  180.14
 118.84   83.69
 119.00  111.01
 119.17   78.56
 119.57  165.83
 119.86  160.44
 120.04  213.68
 120.52   91.12
 121.34  172.34
 121.78  137.12
 121.79  131.77
 121.90  154.23
 122.64  164.02
 122.90  115.58
 122.92   59.15
 123.90  158.56
 124.64  117.13
 124.86  128.67
 124.97   99.80
 125.00  171.58
 125.44  148.24
 126.11   58.00
 126.50  140.52
 127.48   93.40
 127.73  105.91
 128.12  133.78
 128.30  124.70
 128.41  113.56
 128.48  149.92
 129.21  165.72
 129.55  155.01
 129.64  174.72
 129.75   75.71
 130.47   57.63
 130.75  119.79
 131.38  209.66
 133.20  135.83
 133.30  113.28
 133.80  157.17
 134.00  150.35
 134.08  162.32
 134.14  150.06
 134.60   25.26
 134.89  169.21
 134.98  139.32
 135.03  110.39
 135.37  186.49
 135.94  153.14
 136.26  210.81
 136.35  158.57
 136.94   92.00
 137.50  189.20
 137.98   49.48
 138.12  192.40
 138.97   39.32
 138.98  193.36
 139.12  163.10
 139.71  122.95
 139.88   34.41
 140.17   44.03
 140.63  109.51
 140.71   89.42
 140.89  172.44
 141.03  135.82
 141.04   50.17
 141.23   57.01
 141.56  119.25
 141.79   22.34
 142.59   52.99
 142.71   38.01
 142.75  107.68
 143.13  207.26
 143.39  162.46
 143.82   92.53
 143.94   92.37
 144.22  193.03
 144.26  112.98
 146.97  177.47
 147.14  163.77
 147.22   95.92
 147.28  199.14
 147.99   62.11
 148.06   86.80
 148.15  153.44
 148.43  166.94
 148.44  124.73
 148.54  191.37
 149.11  124.36
 149.38  206.48
 150.29  196.33
 151.19  184.98
 151.22  164.10
 151.30  131.62
 151.68   53.95
 151.77   91.17
 152.13   74.43
 152.39  159.87
 152.52  160.93
 152.57  206.26
 152.67   61.23
 152.94  155.50
 153.05  110.75
 153.09  173.63
 153.12  147.77
 153.20  188.46
 153.21  140.32
 153.23  179.71
 153.27  179.78
 153.44   59.65
 154.21  199.90
 154.33   66.37
 155.22   62.49
 155.28  144.47
 155.42   62.78
 155.47   73.00
 155.48  202.59
 155.60  210.14
 155.71  117.15
 155.84  128.40
 156.09  157.22
 156.60  100.86
 157.17  203.62
 157.43  149.20
 157.48   60.18
 158.05   82.05
 158.53   93.60
 158.87  180.17
 158.96  171.75
 159.13  157.21
 159.26  189.07
 159.40   85.94
 160.04   69.35
 160.60   78.67
 160.91   85.00
 160.95  207.96
 161.29   75.90
 161.52   98.02
 161.60   82.70
 162.23  112.92
 162.28  132.19
 162.85   80.10
 162.88  136.01
 163.07  205.13
 163.26  126.45
 163.60   70.56
 163.71  120.56
 163.95  145.51
 165.02   90.87
 165.62   86.31
 165.63  194.83
 165.79  173.01
 166.05   97.31
 166.51  151.20
 166.95   71.71
 167.51  162.77
 168.02  177.45
 168.76  181.21
 169.08  201.55
 169.24  189.21
 169.65  185.66
 169.65   67.06
 170.01  104.40
 170.25  199.85
 170.49  171.35
 170.56  212.00
 170.76  116.97
 171.16  107.66
 173.03  135.03
 173.10  158.79
 173.19  174.70
 173.34  142.69
 174.96  152.99
 175.02  163.79
 175.09  118.62
 175.16  177.65
 176.98  127.86
 177.80  138.36
 177.89   63.61
 178.47  110.75
 178.82  142.24
 179.93  137.41
 180.29  165.54
 180.41   68.91
 180.71  157.86
 180.76  109.07
 181.02  106.04
 182.49  202.26
 182.52   74.17
 182.60  144.99
 182.95  133.39
 183.06  206.49
 183.71   67.88
 183.72  148.07
 185.01  159.34
 185.08  164.27
 185.21  172.30
 185.61  184.83
 185.63  179.37
 186.88  119.70
 186.94  169.30
 187.29   97.32
 187.47  151.87
 187.60   74.38
 187.66  111.14
 188.27  110.97
 188.29  103.84
 188.41  158.46
 188.77   92.70
 190.09  146.33
 191.03  143.66
 191.56  162.86
 192.30   99.96
 193.02  165.53
 193.19  195.84
 193.19  122.89
 193.67  170.08
 193.95  101.97
 194.02  186.31
 194.31  178.08
 194.52  107.11
 195.21  113.22
 195.22  184.57
 195.93  144.56
 196.66   94.11
 197.13  158.37
 197.14   40.19
 198.30  177.83
 198.45  128.85
 199.06  101.15
 199.18   80.15
 199.27  168.32
 199.88  148.33
 200.15   88.33
 200.37  187.74
 200.50  142.99
 202.09  107.04
 202.15   39.25
 202.64  137.94
 203.07   45.62
 203.11   94.26
 204.04   85.82
 204.31   86.01
 204.42  117.74
 204.97   36.04
 205.19  172.86
 205.98  173.25
 206.52  147.54
 206.90  152.47
 207.09   41.77
 208.26  144.29
 208.55   35.02
 208.83  123.87
 209.15  196.91
 209.28  189.94
 209.54  201.45
 209.86  178.93
 209.89  153.46
 210.42   92.84
 210.54  119.67
 211.57  159.75
 212.04  146.93
 213.00  119.47
 213.00  137.66
 213.38  164.09
 214.13    8.87
 214.18   13.26
 215.52  155.23
 215.81  155.27
 215.84  156.21
 216.65   15.46
 217.58  178.96
 218.04  189.96
 218.09  132.32
 218.24  142.46
 218.45  165.70
 218.72   56.44
 219.15  164.98
 219.18  149.69
 220.58   58.65
 220.82  203.96
 220.95  156.61
 221.23   10.28
 221.51   93.62
 221.85   93.46
 222.13  194.17
 222.22  166.92
 222.93  119.37
 223.07   20.81
 223.15  171.07
 223.68  166.77
 224.35  125.58
 224.38  161.59
 224.61  169.66
 224.67   59.10
 224.86  163.52
 225.59  183.44
 225.72  190.49
 225.74   40.25
 225.94   14.52
 226.54  185.84
 229.04  157.79
 229.19   60.76
 230.23  164.49
 230.25   18.50
 230.34  200.17
 231.10  125.00
 231.15    8.16
 231.32   11.51
 231.83  171.04
 232.91  159.96
 232.92  115.75
 233.47  100.78
 234.89  184.92
 235.58  206.11
 236.04   39.38
 236.75   83.24
 236.95  193.19
 237.26  201.23
 237.42  182.39
 237.50  203.77
 237.52   77.46
 237.53   66.76
 237.84   70.46
 238.11  207.90
 238.34  170.18
 238.93  166.79
 239.20   87.60
 239.65   56.55
 240.20   79.28
 240.48   58.23
 240.65  179.92
 241.14   72.33
 241.58   76.25
 241.85  168.70
 242.15  192.38
 243.26  171.20
 245.45   26.11
 246.44   99.02
 246.51  164.94
 247.02   14.29
 248.37   40.70
 249.43   91.83
 249.49   86.81
 249.67   99.95
