   7.34   98.97
   7.41   32.36
   9.64  131.08
  10.44  135.11
  10.55  168.01
  11.55  182.42
  11.91   64.29
  12.41   99.33
  12.46  210.20
  12.84  212.92
  13.97  195.71
  14.12  122.86
  15.10  132.68
  16.08  172.81
  16.09   92.86
  16.75  111.52
  16.86  171.44
  17.10   99.33
  17.18  159.39
  17.92  132.52
  18.34  183.29
  19.36  167.62
  19.45  149.41
  20.21  134.60
  21.07   56.97
  21.56   91.06
  22.41  183.65
  22.93  153.67
  23.97   94.62
  24.07   39.01
  24.13  100.86
  24.54  210.95
  24.76  196.59
  25.55  169.70
  25.55  128.77
  25.68   55.96
  25.78  125.17
  26.65   55.72
  27.38  122.37
  27.99  177.23
  28.03  161.66
  29.12   96.99
  29.18  128.44
  29.36   36.91
  29.55  133.21
  29.98  182.93
  30.38  203.44
  30.99  169.02
  31.41  119.62
  32.53  175.80
  32.76  109.50
  32.86  181.90
  33.20  136.48
  34.01  179.05
  34.23  167.65
  35.63   34.60
  36.69  112.57
  36.84  203.48
  37.02  129.71
  38.47  186.05
  38.64  181.03
  38.84  200.10
  39.51  148.06
  39.86   99.90
  39.91  124.67
  39.98  121.14
  40.01  162.18
  40.03  194.25
  40.33  153.44
  40.38   27.92
  41.78  208.41
  43.97  185.26
  44.16  180.12
  44.22   30.12
  44.24  141.59
  44.45  147.02
  44.48  133.80
  44.81  152.21
  44.93  182.68
  45.43  159.44
  45.95  195.11
  46.27  139.66
  46.63  177.36
  46.80  166.21
  46.84  151.65
  47.95  116.13
  48.63  143.50
  48.84  155.28
  49.03  148.93
  49.15  120.83
  49.25  129.65
  49.26  113.30
  49.67  160.43
  50.03  186.94
  52.66  100.36
  52.92  194.05
  53.56  205.29
  54.63  122.23
  54.95   97.95
  55.52  119.57
  58.51  135.03
  59.94  159.81
  60.23  129.17
  60.61  150.52
  61.78  134.44
  61.78  179.87
  63.34  131.69
  65.29  100.92
  67.88  147.37
  68.94  212.11
  69.11  206.37
  69.26  157.89
  69.57  198.12
  69.73  189.01
  70.37  198.82
  70.85  161.72
  71.20  145.37
  71.39  102.92
  71.49  131.80
  72.87  135.12
  73.24  211.36
  74.05  111.28
  74.62  200.43
  75.40  132.29
  75.53  181.16
  77.45  108.60
  77.50  210.65
  79.11  135.57
  80.01  150.73
  80.68  179.85
  80.93  160.38
  81.00  210.08
  82.49  183.66
  83.02   99.13
  83.38  103.61
  83.82  172.49
  85.10  196.01
  86.20  183.57
  86.52  101.22
  86.57  101.12
  87.73  174.00
  88.29  178.92
  88.63  150.15
  89.88  132.46
  89.95  160.05
  90.54  191.99
  91.41  116.23
  91.94  151.07
  92.47  207.98
  92.95  173.52
  93.88  202.35
  93.92  199.13
  94.73  142.28
  95.00  151.08
  95.11  160.42
  95.47   93.45
  95.60  159.51
  95.93   69.67
  96.07   69.40
  96.08  207.38
  97.33   74.65
  97.39   78.72
  97.43  188.49
  97.71  195.08
  97.94   90.91
  98.20  137.90
  98.82  174.27
  99.73  143.56
 100.57  152.43
 101.12   97.95
 101.19   39.64
 101.29   39.70
 102.43  105.96
 102.66  198.54
 102.75  119.20
 102.81  156.74
 103.47  106.39
 103.51  206.23
 104.15  146.48
 104.40   96.55
 104.44  101.68
 104.86  137.59
 104.92   38.21
 105.31  149.08
 105.36  194.38
 105.66  133.37
 106.01  109.89
 106.02  187.01
 106.12  161.44
 106.31  143.41
 107.35  200.65
 107.48  117.72
 108.01   98.06
 108.19  151.16
 108.30  106.59
 108.30  158.11
 108.71  197.80
 108.83   78.06
 109.41   98.70
 110.19  136.64
 111.06  112.48
 112.11   78.05
 112.82  194.13
 113.16  199.86
 113.44  145.38
 114.28   74.57
 114.58  196.83
 114.66  183.51
 115.45   76.99
 115.67   92.12
 115.93  157.87
 116.67  115.96
 117.03  154.25
 117.19  147.28
 117.57   72.09
 118.22  143.53
 118.31   77.80
 118.60  104.32
 118.83  192.51
 119.99  139.47
 121.00  112.77
 121.22  157.50
 121.60  102.30
 122.20  177.49
 122.35   73.27
 122.51  142.94
 122.97  147.17
 123.61  154.31
 123.71  145.81
 123.83  130.31
 125.18  191.44
 125.41  154.16
 125.85   43.22
 126.20  187.30
 127.23  171.79
 127.48  175.85
 127.73   94.45
 127.95  135.87
 128.11  151.64
 128.20   73.18
 128.46  169.04
 131.63  190.49
 131.65   99.07
 131.68  179.45
 132.13   18.42
 132.17  196.58
 132.26  158.30
 132.63  170.69
 133.90  149.85
 134.15  175.84
 134.43  186.23
 136.06  153.85
 136.23  167.74
 136.80  115.08
 136.94  150.31
 136.99  150.23
 137.38   13.84
 137.42  182.54
 137.68  188.97
 138.50  154.59
 138.89  147.48
 139.90   24.95
 140.20  199.94
 140.33   30.45
 140.34  170.16
 142.57  124.23
 142.69  148.50
 142.96  189.30
 142.96  117.83
 142.99  118.29
 143.42  140.31
 143.95  167.35
 144.00  202.69
 144.04  129.25
 144.05  170.35
 144.35  121.80
 144.40  149.99
 144.59  184.82
 145.43  132.95
 147.55  167.78
 147.89  188.30
 148.09   91.08
 148.18  169.34
 148.73   42.51
 148.84   37.67
 149.83   15.33
 149.96  119.60
 150.08   15.68
 150.33  175.79
 150.61  177.71
 150.62  166.14
 150.85   29.07
 151.05  153.81
 151.08  192.93
 151.40  187.79
 151.46   12.04
 151.61   12.16
 151.70  146.45
 152.07   24.48
 152.55  151.74
 153.26  200.77
 154.72  168.46
 155.07   98.75
 155.36  195.98
 155.55  185.76
 155.88   26.61
 155.93  130.54
 156.61  168.54
 156.85  182.75
 156.92  112.73
 158.49  144.13
 159.58  185.14
 160.20   34.06
 160.24  117.08
 160.37   14.92
 160.93  154.08
 161.01  145.33
 161.29   34.88
 161.63  190.33
 161.92  168.21
 163.14  162.96
 163.68  129.31
 163.99  153.94
 164.47  164.83
 164.57  148.03
 164.68  185.39
 164.99   30.64
 165.57   23.04
 166.36   13.04
 166.80  155.35
 166.92   88.44
 167.45  189.45
 168.00  101.31
 168.37  114.19
 169.02   17.91
 169.09   41.85
 169.17  144.45
 169.19   46.80
 169.48  139.53
 170.03   27.52
 170.21  119.61
 170.43  153.22
 171.07  163.91
 171.11  170.06
 171.15  136.26
 171.23   24.29
 171.44  144.55
 171.74  137.71
 172.06  141.70
 173.40  142.55
 173.75  174.90
 174.29   94.57
 174.54   34.33
 174.54   27.91
 175.73   93.45
 176.43  183.49
 177.51   18.23
 177.69   33.43
 179.13  115.49
 179.21   91.79
 180.07  160.01
 180.86  129.52
 181.14   34.71
 181.15   20.62
 183.02  169.27
 184.37  183.17
 184.48  142.54
 184.49  190.12
 184.69   27.58
 184.74   33.39
 184.76   22.78
 185.16  172.84
 185.36   95.64
 186.32   85.10
 186.97   48.63
 187.16   45.25
 187.64  114.68
 187.90  151.01
 188.05   24.32
 188.06  137.90
 188.89  162.94
 189.36   37.17
 189.66  109.87
 189.68   81.49
 190.31  129.44
 191.04   54.64
 191.73   22.21
 191.93  112.97
 191.98   40.24
 192.31   36.69
 192.34  116.05
 192.44  153.34
 193.44  150.90
 193.71   94.53
 195.04  135.55
 195.48   37.74
 195.94  157.48
 196.90  137.64
 198.01  128.74
 198.73   36.16
 198.98  125.45
 199.51  143.03
 201.83  121.47
 202.56  150.64
 203.83  161.08
 204.01  116.88
 204.52  136.96
 204.67  131.58
 205.88  134.43
 207.83  132.02
 209.01  157.03
 209.18  129.58
 209.34  115.48
 209.94  134.93
 210.28  176.47
 210.80  163.85
 211.51  162.84
 211.64  143.73
 212.22  110.54
 215.07  120.88
 215.31  156.00
 215.60  159.35
 217.30  114.06
 218.01  148.84
 218.73  184.57
 219.32  136.38
 219.75  155.03
 219.89   73.95
 221.20  147.47
 221.42  141.16
 221.77  186.25
 222.46  174.77
 223.28  128.70
 224.56  135.63
 224.57  117.08
 224.82  165.24
 226.36  156.24
 226.60  131.47
 226.81  176.59
 227.40   87.95
 228.04  105.43
 228.50  128.73
 228.68  118.36
 229.13  135.77
 230.74  159.71
 231.02  149.97
 231.02  152.49
 232.16  117.50
 233.33  121.55
 233.66  133.14
 233.71  134.47
 235.26  175.13
 236.69  170.32
 237.08  164.25
 237.68  153.79
 238.44  145.86
 239.34  161.13
 239.80  118.02
 240.63  104.15
 242.28  127.34
 242.34  132.01
 243.34  112.46
 243.55  160.93
 244.05  154.90
 244.99  147.23
 244.99  123.80
 245.06   62.76
 245.26  121.37
 245.32   42.25
 246.24  116.62
 246.48  154.44
 246.55  151.23
 247.87  146.64
 249.59  120.40
 249.78  208.29
 249.95  110.12
 250.75  115.85
 250.82  143.31
 251.15   64.28
 251.59  151.23
 252.07  133.73
 254.25  104.92
 255.03  145.89
 255.36   47.28
 256.16  149.35
 256.58  142.58
 256.85  133.69
 258.39   45.39
 258.76  155.00
 259.99   84.11
 260.13  145.55
 260.15  115.33
 260.96   48.65
 261.66  120.34
 261.68   45.96
 261.86   65.75
 262.09  130.36
 262.25  142.37
 262.89  113.07
 263.64  155.84
 263.94  100.49
 267.02  154.99
 268.30  119.06
 268.79   92.61
 269.19  133.17
 269.97  129.04
 272.48  100.07
 273.43  102.01
 273.83   68.02
 274.23  117.38
 274.78   91.39
 275.07  124.65
 275.92   98.45
 277.01  132.62
 277.17  167.24
 278.10  110.42
 278.15   50.40
 278.29  120.38
 278.84  157.81
 279.26   99.27
 279.79  117.45
 279.84  107.77
 280.27   53.42
 280.92  136.95
 281.92  114.17
 282.07   69.28
 285.27  128.43
 286.06  167.96
 286.34   70.41
