   7.72   25.47
  12.27  148.25
  13.33   27.44
  14.18   56.09
  26.07  195.58
  27.16    9.58
  28.24  210.87
  30.99   30.64
  32.54   36.54
  33.55  207.43
  34.54  138.18
  34.95   77.94
  35.02  141.67
  35.14   83.90
  35.20   89.51
  35.34   96.71
  35.87  178.62
  36.50  168.35
  37.43  160.05
  37.59  190.64
  37.60  143.53
  37.69  119.74
  37.78  111.49
  38.04  120.52
  38.42  114.20
  38.54  181.08
  38.57   54.22
  38.60   17.21
  38.81   13.06
  39.07  163.98
  39.50  208.06
  40.59  118.39
  41.10  110.96
  41.35   80.19
  41.36   40.66
  41.46  172.92
  41.50   46.89
  41.51   44.63
  42.42   16.35
  42.43  167.21
  42.98  108.31
  43.12  131.22
  43.48   17.77
  43.49   84.85
  44.65   45.35
  45.01   40.32
  45.47   33.95
  46.10   70.68
  46.19   93.14
  46.25  160.26
  46.74  115.89
  46.80  108.86
  47.37  126.26
  48.18   79.50
  48.47   63.74
  49.10   59.11
  49.16    8.56
  49.47   43.38
  49.59  106.21
  50.72  119.50
  51.43  129.99
  51.44  195.42
  51.61   82.50
  52.07  108.75
  52.16   83.62
  52.30   93.03
  53.06  171.98
  53.14  133.97
  53.63  136.83
  53.71  193.86
  53.75   49.06
  53.89  171.54
  54.27  158.37
  54.34   11.76
  54.53  140.27
  55.04  203.57
  55.13  109.74
  55.79   87.59
  56.06  196.60
  56.13  116.81
  56.45  193.48
  56.47  209.49
  56.50  175.56
  57.25  167.53
  57.50  113.33
  57.84   96.01
  58.11  102.27
  59.10   45.28
  60.59  187.79
  60.90   75.85
  63.78   69.83
  64.16  175.62
  65.59   95.54
  65.94  133.28
  66.08  124.36
  70.52  207.18
  71.34  172.27
  71.37  103.85
  71.66   96.70
  74.66    7.97
  74.75  207.39
  74.77   96.97
  75.90  140.95
  76.06   86.71
  76.41  124.83
  76.42  192.04
  76.81  201.32
  76.98   28.31
  77.00   11.29
  77.41  168.60
  78.20   22.30
  78.63  135.53
  78.87  125.20
  78.99  111.52
  79.12   69.99
  79.30   11.84
  79.63  191.06
  80.33   32.97
  80.78   97.60
  81.18   31.68
  81.26  103.21
  81.56   96.22
  82.50   93.25
  82.88   63.70
  84.85   84.37
  87.08   77.62
  87.73   59.06
  89.76  104.92
  90.04  197.00
  90.66   27.82
  90.82   27.50
  91.96   84.04
  94.48    7.06
  95.28   44.47
  95.68   52.33
  96.53  197.63
  98.16   38.80
  98.26   31.39
  98.71   28.33
  99.55   62.33
  99.78  193.98
  99.90   66.15
  99.91   25.52
 101.14  177.57
 101.59  130.02
 102.10   97.01
 102.53   86.79
 104.99   54.23
 105.10   30.01
 105.15   44.18
 105.53  205.22
 106.01   39.66
 106.47    8.05
 106.77  128.17
 107.80   32.52
 108.04  173.55
 109.51   19.49
 109.93   53.84
 110.41  178.59
 110.42  193.47
 110.46   41.07
 110.55   85.60
 110.59   51.55
 111.40   32.35
 111.49   27.94
 111.78  120.94
 111.91  120.84
 112.18   62.86
 112.28  195.54
 113.63   15.28
 114.17   45.99
 114.44   37.08
 114.53    9.95
 114.58  120.70
 114.98  201.13
 115.84  100.25
 117.20   31.45
 117.92  204.00
 118.14   84.00
 118.43   88.06
 118.75   62.02
 119.23   70.27
 120.33  200.59
 120.40   36.27
 121.95   87.79
 121.96  128.39
 122.29  148.59
 123.30  144.11
 123.50  120.52
 124.21  137.92
 124.36   40.02
 124.41  133.22
 124.61  106.91
 124.68   93.01
 124.82   63.78
 124.97  156.94
 125.78  173.64
 126.12   20.88
 127.01  140.65
 128.71  132.55
 128.74   32.04
 128.78  115.15
 130.10  144.33
 130.21  106.82
 131.04   93.26
 132.27  105.09
 133.65   96.23
 134.02   35.07
 134.04   38.52
 134.43  203.00
 135.15  110.37
 135.16  116.81
 135.33   93.13
 135.37   87.38
 135.44   52.29
 135.67  155.14
 136.14  161.52
 136.37  138.80
 137.58  113.11
 137.96  101.16
 138.45   37.51
 138.58   66.05
 138.63   86.28
 139.17   46.02
 140.42   20.01
 141.92  153.53
 142.51  136.56
 142.84  154.38
 143.02  149.91
 143.05   36.07
 143.15  139.84
 143.48   16.21
 143.98   53.50
 144.64   94.87
 144.77  104.99
 144.93   68.68
 145.65   89.63
 145.67  148.76
 146.16  142.63
 146.94  201.54
 146.97  157.94
 147.86   74.23
 148.10  150.63
 148.25   44.17
 148.98   50.83
 150.22   47.53
 150.26  119.49
 151.09   87.34
 151.21   37.38
 152.18   90.78
 152.51   99.82
 152.92   40.98
 153.02   37.35
 153.09   49.64
 153.42  151.34
 153.55  126.29
 153.68   14.93
 153.73   25.95
 155.31   56.12
 155.42   44.37
 155.43  155.34
 155.54  201.06
 156.64  172.53
 156.72  152.96
 157.01   93.01
 157.13   11.06
 158.56   20.03
 158.60   30.16
 160.02   42.20
 161.44   95.73
 161.55   89.26
 162.15  142.42
 162.48   22.13
 162.62  107.48
 162.72   10.97
 162.72  103.24
 163.28   92.24
 164.15  126.66
 164.21   17.47
 164.30  126.77
 164.39  200.46
 165.99   52.54
 166.18   89.61
 166.38  123.12
 166.46   75.11
 167.18   30.28
 167.32   74.16
 167.98   40.82
 168.04   44.22
 168.09   49.73
 168.27   54.94
 168.48   58.16
 168.57  202.49
 168.75  199.62
 168.89  102.63
 169.07   86.81
 169.29    8.60
 169.39   96.19
 169.52  133.83
 170.22  106.80
 170.35  128.75
 170.94   54.21
 171.14   87.52
 171.98   10.55
 172.92  199.43
 173.01   91.40
 173.12   80.54
 173.42   43.93
 173.71   18.23
 173.95   72.96
 174.88   23.91
 175.02   58.85
 175.75  162.85
 176.74  101.16
 176.79  144.30
 176.90   31.93
 177.90   46.65
 178.03  128.06
 178.11   86.95
 178.29   97.60
 178.32   97.65
 178.35   15.01
 179.23   76.67
 179.35   55.17
 180.09  134.94
 180.39  122.91
 180.54  123.95
 180.72   49.17
 180.85   43.91
 181.13   19.81
 181.17   94.77
 181.39  153.46
 181.80  108.28
 181.87  140.20
 181.90   74.51
 182.96  104.77
 183.12   30.77
 183.31  109.89
 183.43   24.51
 183.45   53.94
 183.75   88.32
 184.02   80.35
 184.85   61.19
 185.20  126.09
 185.94  148.84
 186.36   86.48
 187.24  129.05
 187.45   19.80
 187.86   45.98
 188.09   99.22
 188.93  148.76
 189.30   10.67
 189.31   15.17
 189.42  108.28
 189.78   55.18
 190.20  145.83
 191.44  128.08
 192.03   30.06
 192.29   27.23
 192.59  118.38
 192.59  148.84
 192.73   19.92
 192.93   62.04
 193.02  103.90
 193.96   56.41
 195.11  149.04
 195.48   33.92
 195.57   17.06
 196.01   82.12
 196.07   58.40
 196.09  154.63
 196.42  138.97
 197.07   63.97
 197.57  152.24
 197.68   54.87
 198.58   14.33
 198.83    8.92
 198.88  121.57
 199.06  100.53
 199.46  107.64
 199.87   91.12
 199.92   95.94
 200.29  149.79
 200.40   48.42
 201.29  160.04
 201.30  134.08
 201.59   58.96
 201.64  138.63
 201.65  129.13
 201.66   35.77
 201.97  101.61
 201.97   22.75
 202.24   78.38
 202.28   89.35
 202.36   82.15
 202.57   51.33
 203.98  145.34
 204.32   65.02
 204.37   25.58
 204.76  196.57
 207.27   61.09
 207.66   57.69
 208.12   90.54
 208.34   26.58
 208.91   63.24
 209.51   88.29
 210.71   54.05
 211.39   38.29
 211.43   51.17
 211.56  189.87
 211.98   66.06
 212.85  136.88
 212.94   60.73
 213.37   98.77
 213.49  103.31
 213.58   54.13
 213.78   21.92
 214.39   73.46
 214.44  182.04
 215.58   56.19
 216.17  143.70
 217.25   98.71
 218.07   34.08
 218.07  117.20
 218.14   14.45
 218.32   63.84
 218.38   20.01
 218.49   56.68
 218.59   36.01
 218.86   68.45
 219.04   25.99
 220.07   59.51
 221.30   35.21
 221.34   48.71
 221.50   85.66
 221.74   53.79
 222.00   68.76
 222.88  108.65
 223.42   64.26
 224.15   21.29
 224.21  149.43
 224.78  179.06
 225.33  184.43
 225.53   53.44
 226.07   63.67
 226.12   69.85
 226.42   27.35
 226.55   58.07
 227.81   54.54
 229.62   96.08
 229.64   85.22
 229.79   76.52
 230.21  104.84
 230.54  100.86
 230.71   26.76
 230.76   22.71
 230.79   36.27
 232.71   91.20
 233.52  187.06
 233.75  192.00
 233.86  104.70
 234.21   23.98
 234.77  114.80
 235.74   32.28
 237.18   43.03
 237.55   35.25
 238.00   57.22
 238.00  166.56
 238.43  117.96
 238.79  105.74
 239.05   23.19
 239.29   40.23
 241.40  187.98
 241.80   65.02
 242.42   36.04
 243.39  151.14
 245.25   48.95
 246.21  165.16
 246.96   44.18
 247.72   77.33
 250.28   70.41
 251.10  153.98
 251.34  154.22
 252.01  121.48
 252.05   89.39
 252.12   93.31
 252.20   85.40
 252.50  109.43
 252.70  150.70
 252.75  143.41
 253.75   53.12
 254.41  164.93
 254.81  148.54
 255.54  130.66
 255.72   58.35
 255.80   58.37
 256.50   78.01
 256.56   82.40
 256.66  180.53
 256.76  107.95
 257.73   56.40
 257.79  141.62
 257.94  172.26
 259.75   77.43
 259.79  131.38
 259.83  155.65
 259.84   27.21
 260.16  137.35
 260.24  186.68
 260.38  125.76
 260.38  119.97
 260.40   37.36
 260.57   88.80
 260.65   84.59
 260.66   97.05
 260.69  100.70
 260.73  104.55
 261.01   68.16
 261.69   54.67
 262.07   50.57
 263.16  117.79
 263.51   90.87
 264.09  189.20
 264.94  137.16
 265.08   83.93
 265.51  109.59
 267.15   33.41
 267.38  210.80
 267.74  187.15
 269.39   96.98
 269.53   89.42
 269.55  102.02
 269.66  126.65
 269.76   85.12
 269.90  143.55
 269.99  106.03
 270.14  133.64
 270.26  113.71
 270.27  150.37
 270.47  123.85
 270.92  190.53
 271.29  184.19
 271.49   79.19
 271.68  177.50
 273.60  107.84
 273.96   57.89
 274.21  124.37
 274.53  156.56
 276.16  173.27
 277.78  112.37
 277.81   38.13
 278.34  165.04
 278.45   32.42
 280.28  144.10
 280.62  162.86
 281.12  155.89
 282.43   82.47
 282.61   40.00
 282.73  140.97
 283.13   98.84
 283.26   81.60
 283.90  150.83
 284.21  210.71
 286.76  110.07
 287.26   47.98
 287.91  181.38
 288.01  194.50
 288.44  175.39
 288.63  146.88
 289.19  139.26
 290.34  139.45
 290.40   33.38
 290.80  139.45
 291.85   63.03
 292.40  174.15
