   8.45   24.79
   8.70   50.97
   8.86   84.24
   9.10   99.74
   9.26   91.46
   9.43  206.60
   9.49   72.69
   9.81  156.76
  10.12  117.99
  10.53  189.54
  11.48  115.22
  11.58   62.82
  11.86   93.51
  11.92   86.05
  11.98  133.97
  12.53  122.39
  12.55   30.92
  12.78   51.01
  13.21  157.65
  13.23  164.40
  14.24  131.05
  14.60  116.48
  15.09   60.48
  15.37   49.44
  15.93  117.97
  15.99   65.84
  16.05   29.71
  16.23   19.73
  16.63  204.86
  16.86   37.88
  16.87  156.25
  17.02   99.06
  17.18   31.87
  17.47   44.67
  17.84   71.95
  17.97  112.53
  18.58  200.20
  18.78   12.11
  19.32   54.22
  19.43  167.68
  19.46  211.79
  19.49  151.01
  19.92   27.25
  20.22   60.42
  20.86    9.92
  21.14  128.70
  21.45   33.61
  22.28   39.45
  22.55  167.87
  23.10   24.44
  24.10  160.48
  24.25  102.75
  24.49  193.60
  25.01  121.51
  25.15   53.96
  25.19  156.55
  25.62  171.09
  25.64  127.90
  25.65  152.15
  25.70   65.78
  26.04   61.52
  26.51  165.61
  26.61   22.09
  26.73   70.83
  26.90  147.57
  27.96  104.34
  28.10   36.29
  28.30  169.55
  28.82  145.60
  28.86   16.72
  29.07  115.02
  29.16  159.04
  29.81  108.42
  30.72   24.56
  31.18  127.04
  31.32  102.77
  31.77  111.42
  32.03  170.21
  32.08  197.60
  32.15   72.69
  33.00   66.99
  33.29   62.37
  34.02  124.40
  34.56  104.22
  35.77   20.98
  36.29  181.81
  36.44  119.92
  36.63  122.90
  36.68  163.26
  37.29  102.80
  37.51   58.51
  37.69  105.77
  37.90   50.82
  38.16   67.43
  38.23  202.22
  38.44   18.69
  38.68  108.04
  38.69  115.53
  40.22   24.87
  40.37   65.48
  40.45  104.51
  40.51  198.21
  40.83   72.87
  41.47  115.94
  41.49   36.60
  41.53  189.44
  41.92  203.99
  42.42   62.91
  42.66  116.41
  42.75  170.26
  43.18   53.19
  43.49  118.38
  43.61  143.87
  44.48  158.14
  44.49   21.94
  44.80   28.43
  45.57  178.43
  45.79  207.43
  45.88  141.67
  46.08  203.24
  46.39   67.79
  46.55  185.04
  46.55   70.81
  46.67  111.30
  47.04  182.13
  47.18   18.02
  47.51   55.68
  48.27  116.73
  48.39  149.87
  48.40  171.81
  48.75  154.30
  50.32   61.12
  50.33  162.35
  50.92   35.83
  51.13   16.18
  51.31   53.24
  52.04  110.67
  52.07   70.36
  52.16  182.13
  52.23   45.93
  52.27  150.24
  52.97  163.22
  53.43  127.61
  53.56   22.66
  53.75  189.13
  53.97   36.23
  54.05  196.98
  54.18  179.79
  55.33   38.22
  55.54   58.61
  56.67   74.37
  56.76  180.14
  56.83   12.75
  56.93  210.33
  57.53   23.71
  58.15  165.80
  58.30  195.55
  58.63   10.43
  58.69  171.86
  59.18  198.26
  59.22  114.73
  59.38    7.48
  60.26   67.09
  60.27  207.38
  60.66  177.00
  60.92   37.29
  61.77  101.68
  61.81  190.39
  61.95  175.81
  62.00   41.95
  62.12   69.05
  62.30   17.28
  62.56  114.98
  62.77  143.21
  63.16  201.63
  63.29   58.00
  63.59   48.58
  63.63  169.74
  63.68  153.83
  63.92  188.09
  63.94   35.82
  64.76  105.77
  64.76  119.83
  65.11   40.64
  65.27   66.86
  65.80   70.36
  66.28   73.59
  66.57   51.26
  66.63  129.28
  66.67  109.93
  66.99  186.89
  67.13   62.68
  67.55   15.00
  67.93  146.03
  68.13  173.88
  68.40   97.99
  68.49  166.82
  68.72  136.03
  68.93   22.99
  69.15  196.96
  69.60   68.47
  70.41   78.92
  70.70   33.04
  71.06  119.93
  71.87  113.70
  72.05  122.02
  72.20  169.90
  72.29   23.53
  72.56   56.28
  73.54   27.07
  74.36   63.66
  74.45   63.63
  74.88  104.42
  75.06  134.43
  75.87  163.33
  76.50   69.35
  76.79  113.57
  76.91  117.61
  77.19   59.42
  77.40   76.33
  77.70   25.66
  78.48   39.52
  79.17   33.31
  79.96  105.66
  80.37  175.65
  80.91  168.00
  81.50  117.98
  81.52   94.43
  81.63  186.69
  82.01   72.32
  82.06   15.04
  82.34   30.44
  82.85   96.83
  82.86  120.91
  82.95  183.49
  83.21   92.97
  83.37   93.35
  83.38  197.65
  83.49   48.54
  83.51   18.08
  83.85  191.38
  84.09   37.13
  84.46   43.64
  84.52   67.78
  84.60   21.34
  85.49  113.53
  85.78  168.46
  85.88  120.08
  85.88  122.79
  86.27  169.82
  87.58   85.54
  87.77  105.81
  87.80  146.08
  88.02   97.29
  88.61   16.52
  88.75  165.88
  88.88   42.03
  89.13   76.56
  89.59   30.82
  89.97   73.49
  90.03   36.72
  90.19   20.79
  90.36   48.78
  90.83  167.64
  90.85   10.84
  91.72  175.60
  91.77   55.00
  92.15   43.74
  92.30   30.63
  92.50  181.85
  93.25   35.00
  93.51   97.86
  93.88   40.27
  94.76   68.03
  94.80  176.85
  94.94   21.06
  95.16  100.46
  95.90   20.72
  96.31   44.98
  97.69  180.25
  97.73   11.13
  97.75   40.95
 100.00  130.66
 100.48   96.96
 100.83   13.41
 101.25   24.03
 101.42   16.41
 101.55   36.65
 101.73   42.65
 102.33   19.15
 102.45   48.54
 102.63   65.15
 102.82  197.58
 102.83  112.96
 103.02   98.39
 103.75   66.93
 103.99   44.82
 104.00   31.70
 104.27  124.04
 104.68   99.59
 104.70  109.60
 106.53  180.60
 107.28  177.41
 107.70  132.31
 107.80   19.41
 109.22  145.70
 109.28   41.06
 109.96   35.60
 110.00  153.50
 110.06   61.37
 110.35   94.16
 110.40  103.66
 110.65   99.79
 110.84  108.41
 112.10  151.03
 112.87   55.06
 113.43  121.40
 113.63  142.80
 114.51   41.11
 114.53   66.30
 115.01  153.43
 115.22  116.88
 117.02  141.53
 117.70   47.71
 118.22   89.89
 118.44   41.02
 118.75   99.15
 118.95  102.07
 119.09  111.81
 119.09  201.73
 119.78  118.90
 120.09   42.72
 120.69   71.41
 120.77   46.05
 121.43  153.71
 121.71  104.23
 122.37  146.75
 122.73   50.77
 122.89  156.73
 123.56  106.13
 123.69  167.89
 124.22   94.73
 124.51  163.71
 124.92   30.72
 125.27   34.81
 125.39   58.42
 126.51   50.20
 127.02  177.66
 127.48   52.80
 127.85   67.43
 128.34  140.62
 128.95  147.28
 129.01   75.93
 129.18   44.73
 129.21   75.87
 129.26   22.07
 130.17  120.37
 130.74  146.79
 130.86   48.08
 131.08  168.31
 131.09   58.14
 131.19   63.53
 131.79   33.54
 132.22   43.41
 132.98  101.05
 133.08   50.24
 133.22   76.33
 133.27   70.25
 133.29   61.48
 133.50  165.19
 135.26  177.12
 135.45  191.65
 135.61   87.63
 135.66   63.83
 135.70  182.50
 135.87  167.66
 136.33  186.62
 136.39  166.99
 137.62  115.88
 137.92  139.84
 138.14   67.18
 138.68   76.38
 138.70  159.18
 139.35  113.07
 139.51   96.38
 139.98  187.92
 140.04   40.86
 140.45  192.70
 140.47   69.17
 140.51  159.65
 141.87   75.54
 142.72   57.94
 143.77  173.46
 143.99  190.72
 143.99   88.82
 144.51  147.04
 145.14  169.05
 145.36  124.53
 145.41  117.18
 145.63  137.85
 146.94   66.84
 146.99  145.70
 147.24   96.24
 147.43   75.47
 147.46  143.59
 147.80  132.12
 147.92   29.66
 149.43  108.43
 150.03  176.01
 150.45   80.11
 151.08   37.37
 151.35   53.81
 151.95  160.38
 153.88  189.50
 153.93  189.76
 154.00  149.40
 154.58   72.74
 154.69   50.42
 155.73   66.40
 158.37  166.88
 159.19  149.61
 160.18   47.23
 160.50  109.67
 161.60  147.96
 162.52  145.10
 162.69  111.82
 163.08  181.10
 163.47  166.36
 164.26   50.66
 165.87  192.10
 166.37  172.50
 166.75  169.36
 167.31   70.87
 167.49   65.90
 167.75  122.84
 168.00  140.43
 168.81  149.40
 169.45  204.31
 169.93   64.11
 170.01  156.57
 170.27  165.90
 172.14  194.06
 172.75   64.55
 173.51  120.18
 173.64  190.55
 174.05  148.44
 175.17  185.66
 176.23  194.47
 176.35   68.22
 176.63  203.13
 178.15  199.53
 178.23  165.64
 178.29  190.23
 179.03  132.29
 179.76  186.40
 179.76  142.87
 180.09  141.99
 180.40  205.99
 182.39  195.04
 182.92  199.17
 183.98  126.04
 184.79  142.85
 185.47  189.58
 186.80  160.37
 186.86  195.08
 188.13  141.05
 188.21  160.59
 189.27  142.13
 189.56  197.77
 189.60  163.08
 190.37  202.50
 191.43  136.18
 191.68  144.28
 192.32  192.90
 193.09  198.39
 193.29  142.28
 194.10  161.06
 194.53  136.95
 194.57  194.94
 195.16  207.85
 195.64   83.51
 196.06  203.00
 196.74  140.38
 196.90   94.70
 197.87  198.91
 198.93   76.13
 199.35   91.39
 201.24   98.05
 201.36  203.74
 201.80  127.08
 202.07  198.60
 202.24  121.07
 202.31  194.06
 202.77  157.35
 203.29   93.95
 203.30  207.11
 204.59  137.82
 204.98   87.75
 205.29  203.68
 205.55  195.78
 205.95  150.08
 206.07  101.01
 206.25  115.24
 206.38  141.43
 207.22  120.00
 207.25  199.71
 208.25  147.51
 208.42  118.44
 209.28   76.90
 209.49  203.07
 210.63  143.04
 210.85  147.89
 212.01  138.04
 212.17  130.49
 212.32  199.97
 212.74  195.69
 214.35  117.17
 214.46   92.38
 215.01  145.49
 215.75  198.91
 216.43   85.68
 217.88   26.47
 218.00  195.63
 221.51  212.19
 221.61  198.16
 222.47   14.90
 222.94   98.45
 224.53  195.83
 224.90  144.31
 225.61  147.10
 225.81  152.00
 226.25  140.37
 226.42  151.86
 227.56  199.93
 228.09    7.48
 228.49   20.90
 228.62  205.27
 229.24  137.26
 229.31  137.21
 231.37  140.68
 232.48    9.90
 232.51   99.78
 233.50  129.44
 234.63   95.07
 234.77   98.62
 235.01  125.67
 235.74  133.53
 236.05  110.74
 237.85  100.60
 238.66  128.98
 239.16  113.01
 239.24  138.51
 240.57  111.54
 240.63  130.93
 240.68  115.93
 242.81  107.24
 242.97  100.34
 243.01  141.04
 244.73  130.01
 246.89  153.09
 248.67  145.05
 249.79  121.45
 250.29  106.40
 251.41  133.21
 253.37  104.55
 256.54  126.36
 257.47  121.95
 260.88  132.14
 262.66  145.50
 263.70   98.62
 263.77  136.22
 265.34   92.05
 265.38   82.92
 266.25   90.97
 266.91  148.05
 267.63   85.37
 268.99   82.50
 269.96   78.33
 271.40   87.26
 271.63  132.56
 271.72  126.11
 274.77   54.96
 275.93   99.04
 277.91  128.65
 278.48  124.65
 279.03   94.82
 280.46   58.42
 282.46  133.98
 284.84  133.51
 286.45  144.41
 286.71  139.09
 297.56  133.29
 297.78  145.70
 298.77   24.94
 299.74   53.87
 301.54   94.01
 301.75   86.10
 302.15   61.28
 302.20   61.11
 303.24  144.94
 304.42   65.86
 306.17   63.97
 307.13   49.71
 308.22  188.27
 308.49  188.36
 308.75   23.53
 309.57  209.22
 310.23  141.62
 310.86  191.20
 311.41   69.08
 311.83   68.66
 312.82   94.19
 314.99   76.73
 315.66  151.96
 316.45  147.25
 316.51   92.38
