  10.25   27.05
  11.99  165.63
  12.11  117.70
  12.48  195.56
  13.07  192.61
  13.20  118.20
  13.31  118.22
  14.28   65.55
  14.45  115.06
  14.88   27.52
  14.98   23.39
  15.01  188.05
  15.75   35.25
  16.10   44.80
  16.13  209.88
  16.37  201.33
  16.71  144.88
  16.72  105.04
  16.79  165.84
  17.39  159.71
  17.57   34.61
  17.83   78.71
  17.94  169.36
  18.25  123.26
  18.41   97.63
  18.55   38.60
  19.22  199.95
  19.94   25.71
  19.94  134.50
  19.95  142.85
  20.35  129.58
  20.37   82.17
  20.45  148.88
  21.44  205.05
  21.74   98.02
  21.98  166.02
  22.48  150.65
  22.54  211.31
  22.61  122.66
  22.73  145.73
  24.20   38.76
  25.05  101.63
  25.51  129.94
  25.66  162.57
  26.16  127.18
  27.71  160.91
  27.89   30.65
  28.65  110.92
  28.83  143.48
  29.19  185.74
  29.56  169.56
  30.27  193.12
  30.49  160.81
  31.94  126.78
  32.73   98.58
  32.85  149.80
  33.61  156.74
  33.73  114.56
  33.73  101.64
  33.90  189.71
  33.98   95.00
  34.18  202.42
  34.48  202.89
  34.57  191.32
  34.88  173.99
  35.47  155.89
  35.96  152.81
  36.33  166.95
  37.03  200.07
  37.51  196.23
  38.05  126.12
  38.71  211.80
  38.90   95.99
  39.13  132.38
  40.09  157.95
  40.74  106.01
  42.30  148.57
  42.50  183.72
  42.61  163.11
  43.70   36.18
  45.44  116.92
  45.80  209.37
  45.87  171.61
  45.99  162.99
  47.07  196.96
  48.52  100.76
  48.76  166.24
  49.00   56.31
  49.21   52.30
  49.60  113.45
  50.39  189.49
  50.42  191.84
  52.27  152.18
  52.55   30.65
  52.66  198.65
  52.70  120.36
  53.04  112.79
  53.13   97.98
  54.42  177.68
  55.12   30.05
  55.47  104.13
  55.77  113.87
  55.89  197.22
  56.01  174.81
  56.17   97.19
  56.78   61.81
  56.91  190.63
  56.98   82.32
  57.12  168.63
  57.70  181.91
  58.40  128.87
  58.44   34.68
  58.62   20.36
  58.77  142.94
  59.03  122.18
  59.04  179.14
  59.24   12.74
  59.56   57.63
  59.70  186.10
  60.11  124.87
  61.23  185.89
  61.65   71.80
  62.48  171.45
  62.62  164.53
  62.64   96.52
  63.11   34.09
  64.19  209.28
  65.00   58.48
  66.59  149.28
  67.45   99.53
  68.67  200.57
  69.49  186.58
  70.38  189.50
  70.39  179.20
  71.94   30.05
  72.00   33.98
  74.26   25.12
  75.42  159.22
  75.92  139.24
  76.37  187.70
  76.44  121.37
  76.97   52.86
  77.15   27.97
  78.23   32.94
  78.26  179.13
  79.66  210.92
  80.47   45.02
  81.11  199.02
  81.34  205.06
  81.60   42.71
  81.70  184.37
  82.21  207.32
  82.92   12.89
  83.71  173.75
  84.25  121.16
  84.82  197.72
  85.06  163.59
  85.08  159.29
  86.13   28.96
  87.14   31.69
  88.40   72.45
  88.81  212.98
  89.16  153.75
  89.75  187.77
  89.92   47.36
  90.19   61.98
  90.69  121.45
  90.95  210.68
  91.88  159.08
  92.07  161.69
  92.53  125.40
  93.61  141.70
  94.21  115.83
  94.39   31.41
  95.70   92.93
  95.82  204.38
  96.41   95.35
  97.07  147.10
  98.35   43.23
  98.73   88.78
  99.03   25.40
  99.37  140.53
  99.75   89.53
 100.04  167.50
 100.15  110.14
 100.25   33.32
 101.57   42.90
 102.25   30.40
 102.35  128.40
 102.44  120.88
 102.54   78.20
 102.58  183.58
 102.64   92.01
 102.95  178.58
 103.13   46.59
 103.52  157.42
 105.56  159.55
 106.57  200.63
 106.68  153.27
 107.14  111.51
 107.35  195.36
 107.72   29.94
 108.04  156.08
 108.17  191.75
 108.24  171.85
 108.28   40.12
 108.46  132.21
 108.49  172.43
 108.78   91.66
 109.01   37.24
 109.88  187.69
 110.90  122.02
 111.01  117.07
 111.42   67.53
 111.63  148.70
 111.99  106.99
 112.13  111.36
 112.43   49.73
 112.49  160.58
 112.69  125.34
 112.86  130.16
 113.13  195.91
 113.18   29.78
 113.74  132.90
 113.77  181.10
 113.93  160.13
 114.34  186.83
 114.37  156.21
 114.79  200.46
 115.38  170.50
 116.01  162.29
 116.36   91.47
 116.81  152.61
 117.20   97.21
 117.69  177.96
 117.95   63.99
 118.65  181.30
 120.08  112.09
 120.10  156.00
 120.78  160.74
 121.43  120.28
 121.85   29.41
 122.49   50.01
 122.55  105.93
 122.74  194.28
 122.84  130.95
 122.93  196.11
 123.31   25.64
 123.56  171.81
 123.63  136.39
 124.19  103.62
 125.49  183.48
 126.05  126.26
 126.10  139.17
 126.65  165.28
 126.95  151.64
 127.16  186.82
 127.34  156.08
 127.77   90.18
 128.06   96.91
 128.73  155.91
 129.13   31.19
 129.50  145.39
 129.51  117.14
 129.76  179.74
 130.08  152.86
 130.82  194.56
 130.95   21.45
 131.10  121.19
 131.45  109.48
 131.71   96.94
 132.04   98.02
 132.50  106.76
 132.54  130.04
 132.99  188.70
 133.23  179.23
 133.26  192.47
 133.91  189.94
 134.00  183.22
 134.88  150.85
 134.94  206.85
 135.41  201.18
 135.49  170.60
 136.36  194.21
 136.70  109.51
 136.70  113.05
 137.34   98.81
 137.53  198.00
 137.82  130.31
 138.17   86.51
 138.43  130.32
 138.48   68.22
 138.62   46.67
 139.20  140.91
 139.23  106.37
 139.40   57.92
 139.50  164.02
 139.56   95.72
 139.67   21.40
 139.79   38.14
 139.82  115.36
 139.92  182.59
 140.75   26.69
 140.76  192.86
 141.46  174.00
 142.14  119.02
 142.28   88.89
 142.43   39.54
 142.48   29.75
 142.79  166.36
 143.07  117.82
 143.09  137.77
 143.60  205.01
 143.95  154.75
 144.07   62.54
 144.17  130.86
 144.49   26.95
 145.30  141.15
 145.61   23.53
 146.89  153.52
 147.04  192.79
 147.34   13.09
 147.49   92.91
 148.56   40.66
 148.79  138.11
 149.23   26.89
 149.74  155.45
 149.84  187.36
 150.58  198.92
 151.44  172.66
 151.71  181.69
 151.72  103.49
 151.73   28.92
 152.70  204.74
 153.78   52.23
 153.82  178.86
 154.25  137.93
 154.73  120.82
 155.02   24.95
 155.07  171.69
 155.21  205.22
 157.63   92.00
 157.80  104.94
 157.94  185.24
 158.14  174.47
 158.71  207.47
 160.09  139.37
 160.21  171.78
 160.36  155.25
 160.53  201.88
 161.11  192.95
 163.07  140.06
 163.40  136.57
 163.64  165.05
 163.72  200.12
 163.84  187.87
 163.87  124.93
 163.89  106.37
 163.90   97.46
 164.25  160.88
 164.51  148.47
 164.63   83.98
 165.75  114.19
 166.59  113.44
 166.83  167.39
 167.04  106.50
 167.69  161.68
 167.89  171.89
 168.00  198.51
 168.30  186.10
 169.28  145.24
 169.41  183.00
 170.31  151.04
 170.71   94.05
 170.80   50.86
 170.85  165.26
 171.79  178.41
 171.97  173.84
 172.41  186.29
 173.21  144.64
 173.39  192.48
 173.50  117.08
 173.77  163.53
 174.07  179.78
 174.63  158.32
 174.76  197.29
 174.80   56.02
 174.86  191.66
 175.09  109.12
 175.10  141.15
 175.13   38.85
 175.51  185.35
 175.89  204.47
 176.30  113.10
 176.35  177.45
 176.47   52.11
 177.06  189.59
 177.33  201.16
 177.48   39.59
 178.03  164.19
 178.23   92.73
 178.65   24.21
 178.71  131.82
 179.41  171.96
 179.43  146.72
 179.98  148.78
 180.54  100.37
 180.66  116.23
 180.94   60.54
 181.35  137.30
 181.35   65.58
 181.60   55.80
 181.75  100.06
 181.87  159.66
 182.00  154.04
 182.06   84.26
 182.33  100.29
 183.24  169.62
 183.95  172.43
 184.49  157.29
 184.75   25.81
 184.92  144.94
 185.01   62.22
 185.47  113.46
 185.52  135.89
 186.12   93.74
 186.52   88.03
 187.52   86.09
 188.31   93.63
 189.51  161.88
 189.81   99.98
 190.17  166.84
 190.27   25.43
 190.50  129.34
 190.66   82.61
 190.83  165.18
 191.44  158.52
 191.97  168.46
 192.15   36.92
 192.59  145.32
 192.76   91.33
 192.99  116.20
 194.68  147.40
 195.00   36.42
 195.64  160.66
 195.65   27.03
 195.86  157.84
 196.79   85.51
 196.94   48.00
 197.80   17.70
 198.44  116.20
 198.50   59.22
 198.54  113.65
 198.65  148.57
 199.23  140.55
 199.28  136.52
 200.16   31.27
 200.38   50.40
 200.99  147.81
 201.23  103.32
 201.55  100.78
 202.04  109.06
 202.21  164.79
 202.27  105.40
 202.33   56.01
 202.44  161.52
 202.59   95.83
 202.60   82.07
 203.37   36.98
 203.51   45.15
 204.90   97.10
 205.07  144.43
 205.83  159.77
 205.97  185.81
 206.05   28.16
 206.42  134.49
 206.47  186.28
 206.51  119.29
 207.33  112.68
 207.46   90.75
 208.03   90.85
 208.24  209.48
 209.17  190.93
 209.21  196.56
 209.32   86.25
 209.35   96.04
 209.79  166.19
 210.10  167.94
 210.15  158.45
 210.73  143.65
 211.63  182.88
 211.86  140.52
 211.90  150.01
 212.65  193.01
 213.70  176.40
 214.55   23.95
 214.65  164.40
 214.87  204.33
 215.11  142.34
 215.13  155.89
 215.17  137.45
 215.19   17.91
 215.75  106.27
 216.90   96.61
 216.92  193.40
 217.73   63.81
 217.89   86.10
 218.62  112.22
 220.10  171.58
 220.64   91.77
 220.92  149.87
 222.21  159.76
 222.49   30.36
 222.61   63.01
 222.95   34.66
 223.05  137.80
 223.33   46.08
 223.50  129.42
 223.63  111.23
 223.76   32.93
 224.90  191.09
 225.02  174.00
 225.27   99.85
 225.53  183.33
 225.71   44.08
 226.06  114.63
 226.32  138.59
 226.58  111.74
 226.60   61.85
 227.07  155.58
 227.27  189.65
 228.10   39.99
 228.59   89.14
 228.90   94.72
 229.67   83.65
 229.93  104.07
 230.07  118.68
 230.40   40.44
 230.45  137.94
 231.89   98.25
 232.61  105.28
 233.82  139.23
 233.89  141.42
 233.91  109.76
 233.92   58.06
 234.80   10.31
 235.56   87.88
 235.82  105.54
 235.96   35.52
 236.05   26.29
 239.75   69.54
 240.37   93.71
 240.81   26.51
 240.93  110.52
 241.51  177.42
 242.29  132.30
 243.51   16.08
 243.72  145.70
 243.76   22.38
 244.03   87.57
 244.46  110.35
 244.46   61.51
 244.68  165.63
 245.08   98.44
 245.21  201.40
 245.35  107.48
 246.72   21.08
 247.49  183.64
 247.53   95.84
 247.70  204.43
 248.35  188.01
 248.80   39.04
 249.01   75.10
 249.86    9.28
 249.86  111.04
 250.24  188.76
 250.39  102.25
 251.21  114.91
 251.52  107.28
 251.74  199.10
 251.87   61.89
 252.21  172.24
 253.28  179.90
 253.59   14.34
 254.27   23.78
 254.68   84.37
 255.96  204.86
 256.48   74.69
 257.32   26.93
 257.69  175.46
 257.84   34.24
 258.56   77.34
 259.26   74.62
 260.05  161.46
 260.08  178.62
 260.45  168.63
 260.68   81.31
 261.55  130.82
 262.52   61.11
 262.71  177.04
 262.73  197.85
 262.75   23.39
 263.06  165.26
 263.46  201.92
 263.48  181.68
 263.57   88.17
 264.13  191.08
 264.24  170.13
 265.30   84.62
 266.09   20.62
 266.50  151.61
 266.86   65.72
 266.98   37.69
 267.74   36.20
 267.84  171.53
 268.42  191.93
 268.97   69.19
 270.72   74.30
 270.84   57.08
 272.42   47.80
 273.66  157.09
 275.76   60.98
 276.23  159.63
 277.64   65.74
 279.02  177.25
 280.25  174.00
 280.90  162.37
 283.04   61.29
 283.37   54.04
 284.80   83.71
 285.61   63.23
 286.02   57.21
 286.10   21.62
 286.21   80.25
 286.30   18.53
