   7.09   97.23
   8.37   30.56
   8.39  144.16
   8.77  120.07
   9.73  130.25
   9.82   59.68
  11.22   43.27
  11.26   47.30
  11.42   47.35
  11.91  141.60
  12.57  131.90
  12.83   71.86
  12.88   54.76
  13.01  137.73
  13.22  138.63
  13.45    9.55
  13.57   54.75
  13.83  211.70
  14.21  155.03
  14.23   75.94
  14.35  210.02
  14.72   52.13
  14.73   35.70
  14.79   63.29
  15.16  160.43
  16.34   67.03
  16.47   88.40
  16.68  101.22
  17.33   97.36
  17.39  144.69
  18.58   43.71
  18.73   50.49
  19.02   75.97
  19.41  155.81
  19.44  104.65
  19.72  139.54
  20.19  133.98
  20.73   39.38
  20.92  181.86
  20.96   89.46
  21.09   33.00
  21.45   97.06
  22.71   52.40
  22.78  175.26
  22.96  105.93
  23.81  157.81
  23.84  121.60
  24.31   49.92
  24.44  166.52
  24.79   76.10
  25.38   65.74
  25.69   29.14
  25.95   47.18
  26.22  111.35
  26.30   42.55
  26.53  126.72
  26.73   72.73
  26.80   93.64
  27.46  148.76
  28.77  133.31
  29.12  173.44
  29.12  149.36
  29.14  173.41
  29.53   68.41
  30.24   63.73
  30.38   97.88
  30.69  138.55
  31.22   86.16
  31.48  211.70
  31.54   57.10
  31.57   72.72
  31.82   32.55
  31.85  112.82
  31.94   29.40
  34.13  108.57
  35.00   77.37
  35.14  198.17
  36.10   49.34
  36.20   10.84
  36.22  138.62
  36.41   33.55
  36.91  151.33
  36.95   66.84
  37.58   38.14
  38.40  206.18
  38.49   70.11
  38.58   46.20
  39.45  120.28
  39.58  109.18
  39.97   90.30
  39.97   61.58
  40.13  206.72
  40.28  103.61
  40.36  206.80
  40.73  166.80
  41.06  128.18
  42.11   57.23
  42.50  137.41
  42.54   64.72
  42.75   84.09
  42.90   87.35
  42.94  211.97
  43.05  208.64
  43.36  130.87
  43.82  115.98
  44.05   46.03
  44.14   70.80
  44.26   59.63
  44.42  178.16
  44.45  150.35
  45.47   55.65
  46.04  121.57
  46.26  140.58
  46.74   76.18
  47.02   30.72
  48.04   71.38
  48.22  112.63
  48.56  143.67
  49.40   25.70
  49.46  185.67
  49.51   64.23
  49.52   71.01
  49.55  161.56
  49.92   32.09
  50.00   83.50
  50.35  102.76
  50.57   87.29
  51.02  122.10
  51.30  115.86
  51.51  133.22
  51.95   46.48
  52.10  139.07
  54.19  127.98
  54.64  174.12
  55.00  174.66
  55.03   66.70
  55.55   67.54
  56.00  116.55
  56.11  133.03
  56.13   64.16
  56.72  104.68
  57.45  150.42
  57.91  174.12
  58.32  165.67
  58.86   58.88
  59.12  161.11
  59.26   51.94
  60.02   75.03
  60.18   74.60
  60.47   40.98
  60.78  210.99
  60.84  155.94
  61.12   91.31
  61.20  192.65
  62.31   60.33
  62.57   46.52
  62.70  147.26
  62.72   67.71
  63.53  186.08
  63.99  211.39
  64.43  194.23
  64.59  152.87
  64.97  116.22
  65.14  159.09
  65.69  190.93
  65.71   59.62
  65.91   79.55
  66.08  165.33
  66.08  173.42
  66.38   90.14
  66.78   32.06
  66.93  173.47
  66.97   60.71
  66.97   93.73
  67.16  185.25
  67.38  142.12
  67.51   39.37
  68.20   35.57
  68.25   13.23
  68.29  181.40
  68.54  188.97
  69.02   81.54
  69.56  197.38
  69.61   43.89
  69.98   77.13
  70.06   73.16
  70.36   22.50
  72.25   42.46
  72.32   35.14
  72.36   51.30
  72.48  109.04
  72.66   79.93
  72.99   59.21
  73.20   65.56
  73.37  136.95
  73.44  123.66
  73.89  100.80
  74.12  162.71
  74.44   29.91
  74.64   88.28
  74.81   98.03
  74.86  128.42
  75.02   72.35
  75.25  102.31
  75.49  158.89
  75.62  172.58
  75.93   62.84
  75.93   76.40
  76.53   89.84
  76.56   54.77
  76.58   25.75
  76.73   53.98
  76.80  178.45
  76.88   19.02
  76.91  103.99
  77.05   69.54
  77.26   95.62
  77.43   17.77
  77.97  191.29
  78.09   35.79
  78.47  153.11
  79.72   42.67
  79.99   85.04
  80.35   41.21
  80.66   33.94
  80.69   55.54
  80.70  104.96
  80.84  120.96
  81.19  173.52
  81.25  189.45
  81.29  109.89
  81.37   45.56
  81.48  165.34
  81.56   67.56
  82.43  170.29
  82.43  137.53
  82.75   68.84
  82.76  198.19
  82.88   58.32
  83.44   22.26
  83.69  127.79
  84.23   34.73
  84.27  125.97
  84.30   44.18
  84.33   63.29
  84.57   49.26
  84.57   96.43
  84.58  168.15
  84.69  191.25
  84.92   38.61
  85.43  123.69
  85.55   71.52
  86.21  172.33
  86.40   88.52
  86.96  101.57
  87.07   93.20
  87.50   31.15
  87.62  175.95
  87.62  197.31
  87.92   76.12
  89.14   84.03
  89.71  170.73
  90.71  107.94
  90.93   80.71
  91.06   63.60
  91.13   72.04
  91.57   23.94
  92.82  190.25
  93.13  211.34
  93.27  127.71
  93.54   98.34
  93.66   46.48
  94.31  122.36
  94.40  157.25
  94.41  122.25
  94.60  108.55
  94.85  105.35
  94.96   53.17
  95.55  142.30
  95.57   89.54
  95.82   38.15
  95.93   81.19
  96.02  188.91
  96.26   48.72
  97.26   76.33
  97.61   44.87
  98.27  178.89
  98.49   83.61
  98.94   59.34
  99.01   52.49
  99.39  166.26
  99.68   35.30
  99.88  205.66
  99.88   23.36
 100.09   35.15
 100.16  183.93
 101.53  166.58
 102.24  144.17
 102.38  161.89
 102.49   53.39
 102.84   74.69
 103.46  185.24
 103.60   47.40
 103.62  100.14
 103.62  154.74
 103.82   67.65
 104.04  106.63
 104.95   34.46
 105.26  125.70
 105.42  106.67
 105.43   27.03
 105.51   82.07
 105.63   58.39
 105.97  183.51
 106.39   23.67
 106.94  122.92
 106.97   48.01
 108.75  205.23
 108.77  126.57
 109.89  118.41
 111.02  200.63
 111.10   49.34
 111.27  129.04
 111.74  105.17
 111.74  180.79
 111.91   22.77
 112.24  146.69
 112.51   20.13
 112.62   43.46
 112.65   17.71
 112.81  116.78
 113.01   51.96
 113.52   82.34
 113.56  208.64
 114.65  112.22
 114.69   30.74
 114.76  174.05
 114.88   67.03
 115.06  127.52
 115.12  161.52
 115.56  178.85
 116.03   55.46
 116.12  168.37
 116.26   62.92
 116.30  209.12
 116.94   21.68
 117.29   50.85
 117.50   83.93
 118.15  183.18
 118.44  195.04
 119.00   30.50
 119.37   78.94
 119.66  191.18
 120.07   17.60
 120.68  120.35
 121.06  180.42
 121.92  129.98
 122.00  103.18
 122.03  116.83
 122.40  123.62
 122.74  138.31
 123.35  165.41
 123.44  209.73
 123.98   73.07
 124.23  168.37
 124.87  112.96
 125.51   22.55
 126.16   47.47
 126.31   53.25
 126.65  207.20
 126.76   47.08
 126.90  103.80
 127.44   22.10
 127.77   95.56
 128.14   40.96
 128.15   97.90
 128.55   17.69
 128.70  158.47
 129.00  167.96
 129.24   20.12
 129.49  177.19
 129.56   79.20
 130.09  130.73
 130.23  151.09
 130.36   83.00
 131.09   37.40
 131.69  172.46
 131.82   42.71
 132.07  195.71
 133.06   20.86
 133.35  114.89
 133.45   45.66
 133.67  111.38
 133.93  159.33
 134.12  165.51
 134.70   58.65
 134.75  119.25
 134.78  166.92
 134.99   84.87
 135.23  192.51
 135.38  169.93
 136.51   50.63
 136.75  201.15
 136.80   61.60
 136.89  177.45
 136.95   80.64
 137.13  132.98
 138.19   54.29
 138.46    8.81
 138.79   16.81
 138.91  211.25
 138.92  163.38
 138.99  194.24
 139.07  158.80
 139.10  182.72
 139.22   45.12
 139.26  167.90
 139.67  174.78
 139.72   35.76
 139.99  106.85
 140.01   16.12
 140.45   50.45
 140.65  109.04
 140.75  161.61
 141.08   11.96
 141.15   44.06
 141.26  194.39
 141.88   29.94
 142.06  197.68
 142.25  201.03
 142.50   25.83
 143.41  175.20
 143.84   33.05
 144.15  170.85
 145.64  198.83
 145.86  195.59
 146.10   46.65
 146.29   40.40
 146.38   70.08
 146.76  202.10
 146.88   22.73
 146.91  164.66
 147.32   98.23
 147.33  102.65
 147.36  206.93
 148.14   60.57
 148.30  161.54
 148.77  108.71
 150.75   33.51
 151.69   53.86
 151.75   13.70
 151.75  176.99
 153.87  210.01
 154.16   42.02
 154.82   27.34
 154.82   68.17
 155.03   34.02
 155.86   31.67
 155.92  186.61
 156.33   37.67
 157.06  117.58
 157.45  101.78
 157.94   23.09
 158.14  183.06
 158.38   98.51
 158.49   27.46
 158.98  193.68
 159.60  112.38
 159.90  161.45
 160.00   38.33
 160.14   47.58
 160.58  106.10
 160.81  172.33
 160.84  178.63
 161.73  183.94
 162.29   42.51
 162.59  118.32
 163.14  158.73
 163.49   41.87
 164.00  206.00
 164.20  199.73
 164.28  205.68
 164.87  115.10
 165.03   53.85
 166.38  139.37
 167.73  210.07
 168.86  169.04
 169.00  199.68
 169.94  117.32
 169.95   65.63
 170.28  124.16
 170.61  135.42
 170.70   80.86
 171.24  202.77
 171.42  133.71
 171.44  172.93
 172.47  183.19
 173.50  177.29
 173.70  103.55
 174.06   50.25
 174.41   55.38
 174.76  109.46
 175.22  137.19
 176.36  170.73
 176.58   33.89
 178.44  172.20
 180.01   88.59
 180.75   36.99
 180.98  207.66
 181.34   85.11
 182.23    8.30
 183.09  105.04
 183.27  115.83
 183.56   88.45
 183.98   20.08
 185.08  168.95
 185.86  130.06
 186.11   85.38
 186.21  103.25
 186.90  199.63
 186.92   18.46
 187.21  195.85
 187.27   47.47
 187.56   28.76
 187.65  119.20
 188.65   59.25
 188.94  140.55
 189.23   81.48
 189.42   32.65
 189.45  193.24
 189.58  107.59
 189.98   21.91
 190.06   14.55
 190.69  129.20
 190.70  198.02
 191.08   53.81
 192.76   49.60
 193.96   55.13
 193.98   22.13
 194.00   15.01
 194.13    8.57
 195.14   21.18
 195.39  122.89
 196.18   51.29
 196.27  204.00
 196.74   29.92
 197.46   40.60
 197.89  211.33
 197.92   67.91
 197.99  194.36
 198.17  135.09
 199.16  113.24
 199.42  146.26
 199.64  131.72
 200.66  104.25
 200.70   53.24
 200.86  126.62
 201.97  138.06
 202.08   52.08
 202.42   47.90
 203.33  200.96
 203.75   48.18
 203.81   37.63
 203.90   37.81
 203.90  122.42
 205.93  138.56
 206.20  101.42
 206.98  131.82
 207.02   25.10
 207.18   30.02
 207.32   27.27
 207.37  193.89
 207.45  177.81
 207.54   59.89
 207.97   49.11
 208.03   82.98
 208.04   57.78
 208.23   83.11
 209.86  179.71
 210.36    8.21
 211.10  119.85
 211.22  148.08
 211.22  128.24
 211.37   21.00
 211.59  181.80
 212.64   87.62
 212.96   35.94
 213.26   73.58
 213.31   17.10
 214.59  209.42
 214.98   79.74
 215.27  103.77
 217.06   34.14
 217.97  121.77
 218.42   67.12
 219.03  144.73
 219.27   95.13
 219.91   25.79
 219.92   67.88
 219.92   20.98
 220.19   88.68
 220.52  136.99
 220.53  128.42
 221.86   61.25
 221.92  196.70
 222.47  127.32
 223.07   92.34
 223.08   17.60
 223.32   72.80
 223.47  207.02
 223.52  169.61
 223.55  100.41
 223.82   27.56
 224.76  149.54
 224.99   10.78
 225.47  108.98
 225.57  192.26
 225.73   94.92
 226.09   19.44
 226.19   23.60
 226.92   89.08
 227.00  111.49
 228.20  196.28
 228.88  126.56
 229.79   66.91
 230.78   73.71
 231.02   73.53
 231.26   37.42
 232.00  210.95
 232.51   35.09
 232.84   66.98
 233.10   18.32
 233.78  153.58
 233.87   28.34
 235.36   23.34
 236.09  159.80
 236.10   37.85
 236.48  125.09
 236.50   40.98
 236.55  182.91
 236.61  204.55
 236.89   30.27
 237.01   73.36
 237.18  175.33
 237.24   14.73
 238.51   26.21
 239.12   73.85
 239.19  206.98
 240.20   85.18
 240.24   20.95
 240.77  165.60
 240.98   33.65
 241.27   12.26
 241.65  123.78
 241.91  112.06
 242.18  203.23
 242.23  174.34
 242.38    7.16
 242.68   29.85
 243.44   42.98
 243.44  123.39
 243.53  162.98
 243.84   23.07
 244.13   64.86
 244.16  110.89
 244.59  152.89
 245.62   26.52
 245.78   10.95
 245.93   47.19
 246.33   42.90
 246.66  184.97
 246.66   66.72
 246.67  172.31
 247.23   96.65
 247.27   14.96
 247.32  188.71
 247.42  188.69
 247.65   90.18
 247.70   90.18
 248.86   50.97
 249.31   29.47
 249.80   26.38
 249.80  156.57
 250.23   66.75
 250.43  141.90
 250.53   34.27
 251.28  131.22
 251.47   45.16
 251.78  153.64
 252.67  123.88
 252.90  111.92
 252.96  101.69
 253.62   59.51
 254.09  206.31
 254.11   73.67
 254.11  136.88
 254.73  146.49
 254.98   29.08
 255.27   49.67
 255.29   90.23
 255.92   67.53
 256.56  116.42
 257.43   53.64
 257.91  175.12
 258.35  171.84
 259.00   13.51
 259.58   97.37
 259.71  110.51
 260.14   38.07
 260.64   24.58
 261.16  125.10
 261.22   31.98
 261.73   28.55
 262.19   21.37
 262.41  189.97
 262.90   97.58
 263.10    7.88
 263.19  196.81
 263.27  136.89
 263.37   35.44
 263.44   47.09
 263.58  170.56
 263.66   57.38
 264.80  202.69
 264.85  122.44
 265.24   33.30
 266.04  185.44
 267.54  127.61
 267.66   34.85
 268.02  209.29
 268.10   42.39
 268.28   19.83
 268.58   31.41
 268.72  199.42
 268.72   73.99
 268.93  146.02
 269.56  149.05
 270.26    8.62
 270.36   16.65
 270.39   16.72
 271.61   20.04
 271.80   12.50
 272.54  209.02
 273.27  184.48
 273.29   21.26
 275.67  129.29
 275.98  190.96
 276.03  182.94
 276.49  151.52
 278.49   18.34
 278.71    9.81
 279.24  114.98
 281.24  129.96
 282.63   36.38
 284.39   15.51
 285.45   38.18
