   7.52   47.50
   8.31   83.99
   9.29   35.59
   9.67   68.19
  10.02   42.49
  10.23   72.17
  10.30   80.45
  10.42   30.74
  10.79  157.58
  11.28   54.53
  11.98   65.05
  12.22  154.27
  12.60   49.45
  12.64  128.44
  13.52   90.50
  13.77  136.09
  13.83   83.93
  13.99   76.26
  14.17  212.79
  14.68   44.33
  15.40  200.20
  15.61   20.85
  16.18  127.15
  16.30   34.99
  16.47   35.29
  16.75   16.38
  17.05   51.83
  17.12   26.15
  17.60   87.42
  17.71   68.42
  17.78  167.99
  17.98   47.29
  18.18  198.99
  18.19   80.76
  18.48  192.46
  18.67  207.94
  18.87   72.66
  18.95   15.86
  19.39   36.50
  20.04   20.21
  20.43  128.32
  20.64   54.96
  20.69  179.72
  20.83  133.21
  21.99  194.63
  22.24   87.23
  22.36   84.83
  22.40   90.78
  22.84   39.90
  22.94   77.17
  23.30  172.22
  23.39   45.04
  23.61   15.45
  25.58  135.25
  26.12   88.07
  26.23   68.22
  26.28   72.61
  26.38   52.27
  26.61   36.53
  26.71   60.71
  27.03   25.16
  27.68   48.07
  27.93  181.59
  28.22   17.05
  28.65  181.97
  29.21  135.89
  29.34  165.71
  29.46  195.20
  29.84   13.26
  30.16   90.50
  30.23   80.97
  30.26   74.71
  30.28   84.78
  30.84   65.26
  31.31   46.05
  31.34   34.54
  31.89   19.76
  32.36   54.89
  32.51   65.17
  33.24   70.24
  34.00   88.32
  34.02   78.38
  34.58   82.89
  34.91   42.13
  35.05   48.10
  35.57   53.50
  35.92  159.41
  36.65   37.51
  36.66  121.15
  36.86  152.26
  37.24  141.09
  37.67   51.22
  37.81   55.75
  37.94   59.55
  38.01   26.74
  38.35  110.53
  38.82   74.94
  38.89   83.90
  39.00  148.06
  39.19   90.90
  40.01   33.85
  40.22   28.97
  41.33  107.84
  41.79   87.59
  41.88   78.10
  41.93  146.54
  41.99   55.98
  42.01   95.31
  42.53   64.80
  42.53    9.49
  42.77  156.77
  43.00   49.99
  43.06   72.20
  44.45   83.30
  45.14  148.35
  45.24  159.38
  46.00   90.94
  46.01   51.89
  46.03   75.04
  46.06   82.24
  46.11  121.60
  46.37   60.75
  46.37   56.28
  46.57   66.32
  46.70   69.21
  47.29  151.82
  48.27  125.65
  48.32  112.97
  48.39   78.58
  49.11   95.19
  49.30   21.32
  49.46   26.78
  49.46   84.15
  49.56   30.78
  49.66   35.99
  50.02   13.51
  50.35   57.80
  50.54   49.42
  50.73   65.92
  51.51   77.99
  51.78   18.77
  52.00  126.68
  52.05   81.68
  52.13   28.83
  52.32   91.03
  52.44   75.18
  52.94   32.37
  54.07   13.06
  54.35  176.54
  54.42   78.13
  54.44   52.32
  54.45   60.59
  54.51  205.56
  54.54   42.37
  54.63  181.97
  54.64   69.65
  54.82  175.72
  55.24  168.91
  55.29   25.52
  55.31   29.32
  55.48   39.23
  55.57  213.25
  55.89   34.01
  56.24   15.78
  57.39  196.89
  57.61   46.66
  57.69  172.48
  57.80   83.72
  57.97   66.13
  58.02  186.19
  58.25   90.89
  58.34  177.04
  58.40   37.05
  58.43  190.65
  58.79   75.21
  59.31   19.53
  59.41   50.40
  59.49  203.52
  59.80  111.16
  60.01   42.62
  60.02  134.16
  60.25   79.34
  60.35   88.46
  60.61  132.27
  61.59   65.16
  61.66   98.31
  61.85   53.77
  61.93   72.77
  62.17   59.02
  62.25   69.38
  62.47   16.60
  62.56   33.16
  62.60   84.48
  63.22  155.44
  63.27  179.51
  63.32  157.39
  64.19  166.67
  64.32   56.51
  64.45   82.00
  64.57   28.80
  64.89  118.71
  64.90   90.83
  64.93  124.48
  65.06   37.57
  65.42   75.56
  66.09   46.16
  66.56   42.64
  66.60   61.43
  66.65   59.63
  67.24   50.96
  67.50   47.42
  67.87   30.25
  67.98  112.87
  68.39   16.58
  68.52   73.01
  68.81   23.44
  68.92   34.87
  69.01  121.26
  69.14   40.67
  69.38  116.08
  69.38  127.14
  69.81  169.50
  69.82   53.60
  69.84   50.52
  69.96   69.75
  70.16   95.63
  70.76  141.29
  71.17   20.21
  71.21   38.37
  71.31   29.41
  71.36   46.43
  71.37  146.56
  71.38   85.26
  71.64   75.18
  71.67   90.81
  71.79   82.26
  71.94  149.05
  72.36   57.68
  72.83   50.59
  73.00  156.24
  73.95   61.94
  74.18   14.86
  74.21  111.12
  74.24  124.70
  74.27   27.41
  74.49   72.76
  74.70   22.68
  74.91   94.36
  75.04   31.87
  75.26   40.93
  75.98   43.69
  76.26  148.40
  76.44   47.98
  76.96  112.57
  77.17   53.48
  77.18   69.84
  77.20   62.98
  77.30  125.95
  77.31   75.11
  78.27  130.09
  78.34   90.71
  78.39   21.01
  79.08   24.36
  79.13   12.63
  79.13   33.80
  79.53   43.91
  80.21    9.31
  80.49   87.88
  80.78  148.39
  80.93   61.97
  80.97   72.69
  81.11   94.44
  81.19   51.27
  81.20   78.82
  81.75  128.40
  82.02   84.69
  82.18   16.00
  82.19  164.04
  82.29   15.54
  82.54   22.17
  82.54   32.47
  82.59   41.43
  82.76   25.78
  83.61   75.81
  83.78   82.11
  83.80   83.93
  83.87   90.71
  83.89  111.24
  84.00   69.62
  84.23  101.96
  84.27   61.28
  84.37  153.88
  84.91  132.84
  85.16  147.99
  85.52   97.63
  85.90   34.33
  85.94   24.60
  86.03   88.34
  86.18   47.82
  86.36   72.99
  86.48   30.84
  86.85   13.01
  87.92  177.98
  87.98   62.15
  89.05   15.95
  89.25  147.40
  89.31   23.90
  89.32   37.64
  89.43   75.55
  89.62  163.99
  89.66   33.00
  89.73   81.58
  89.91   85.05
  90.23   90.70
  90.37  168.95
  90.83   54.33
  90.83  105.73
  91.06   60.89
  91.29   69.82
  91.67   79.15
  91.97   72.92
  92.20   88.38
  92.22  112.15
  92.76   22.09
  93.10   25.29
  93.50   14.05
  93.51   48.49
  93.56   34.79
  93.63   67.18
  93.96  160.17
  94.10  146.83
  94.29  139.79
  94.83   62.11
  94.86  114.72
  94.90   78.20
  95.19   10.62
  95.23   86.92
  95.36   75.12
  95.42  143.99
  95.54   82.39
  95.54  124.71
  95.63   29.13
  95.67  174.93
  95.71   90.57
  95.72   17.95
  95.83   24.09
  96.03   37.86
  96.15   33.45
  96.50   42.00
  96.81  146.39
  96.96  180.65
  97.12  194.21
  97.58   54.13
  97.65   79.41
  98.11   60.45
  98.15   69.88
  98.31  118.35
  98.64  110.00
  98.89  187.26
  99.03   39.57
  99.14   21.51
  99.17   30.28
  99.63   34.91
 100.02   44.61
 100.11  181.83
 100.30   78.08
 100.33   58.23
 100.34   15.32
 100.45   67.43
 100.72   75.20
 100.77   86.80
 100.78   81.10
 101.28  110.10
 101.33   90.33
 101.49   62.16
 101.80  148.77
 101.84   72.27
 101.98  132.78
 102.50   93.77
 102.73   37.26
 103.01   18.58
 103.05   79.38
 103.21   24.79
 103.25   31.72
 103.35   35.45
 103.37   41.99
 103.48   99.28
 103.80   59.55
 104.11   54.13
 104.38  109.43
 104.40   60.96
 104.96  155.17
 104.97   69.88
 105.10  180.92
 105.12  195.45
 105.41  114.59
 105.87   77.92
 106.19   86.54
 106.33   75.27
 106.65   82.40
 106.73   90.16
 106.78   58.34
 106.99   21.95
 107.08   60.68
 107.68   52.95
 107.72  105.72
 107.87   11.83
 108.01   62.33
 108.16   94.11
 108.21  157.89
 108.31   24.97
 108.68   83.76
 108.97   79.37
 108.98   19.48
 109.10   88.04
 109.58   48.36
 109.60   42.42
 109.73  196.04
 109.75  199.96
 110.17   32.71
 110.42  174.28
 110.69  105.29
 110.86   55.11
 111.34  166.82
 111.36   64.10
 111.50   69.67
 111.88   86.02
 111.90    8.49
 111.96  161.17
 111.98  194.89
 112.06   14.86
 112.21   75.68
 112.71   82.76
 113.18  153.91
 114.13  104.76
 114.22   24.92
 114.80   96.48
 114.85   72.32
 115.28   57.91
 115.79   92.44
 115.95  187.46
 116.10  180.36
 116.45  156.65
 117.47   40.46
 118.42  172.85
 118.65   97.71
 118.91   51.86
 119.24   86.71
 119.34   58.29
 119.56   93.07
 119.80  157.02
 120.92  194.39
 120.92  180.24
 121.15   41.09
 121.20  199.73
 121.90   61.41
 122.07   25.38
 123.47   43.60
 123.86   37.97
 123.87   34.21
 124.13   25.17
 124.46  157.03
 124.58  183.97
 124.60   58.14
 124.89   17.08
 125.46  187.74
 125.49  171.99
 126.10  212.63
 126.47   47.21
 127.00   90.94
 127.73   70.57
 127.83  179.59
 128.01   76.89
 128.13   40.21
 128.62   44.07
 128.85   48.99
 128.99   58.27
 129.15  211.62
 129.31   18.39
 129.34  102.27
 129.92   94.54
 129.94  190.09
 129.94   83.92
 130.34   51.96
 130.57   36.74
 130.97   22.49
 131.01   31.31
 132.09  171.50
 132.12   67.79
 132.29   78.73
 132.38   72.38
 132.40  167.17
 132.54  128.70
 133.50  210.69
 133.56   93.49
 133.89   58.40
 134.01   65.90
 134.41   94.16
 134.93   19.23
 135.32  177.83
 135.47   47.43
 135.48   62.74
 136.11   99.57
 136.28   78.02
 136.34   88.31
 136.49   74.29
 136.60  203.55
 136.71  192.36
 137.44  210.48
 137.85   23.07
 137.88   29.78
 137.88  133.02
 138.09   36.76
 139.59  121.28
 140.17   54.17
 140.22   64.29
 140.38   59.75
 140.43  117.59
 140.51   27.15
 140.53  205.14
 140.86   78.22
 140.99   83.12
 141.11   33.22
 141.16   52.17
 141.90  179.30
 142.68   18.17
 142.73   88.51
 143.77  151.17
 143.78   14.05
 144.00   22.52
 144.21   28.08
 144.34    8.31
 144.43   29.68
 144.49   83.57
 144.58   96.60
 144.60  111.26
 144.62   37.45
 144.91   62.99
 145.47   71.68
 145.85   77.39
 146.29  133.22
 146.41  132.74
 146.42  160.19
 146.50  176.11
 146.80   88.41
 147.00   98.91
 147.14  185.07
 147.35   16.72
 147.37   27.97
 147.37   41.63
 147.44   32.74
 148.35  115.20
 148.42  139.18
 148.67  186.81
 148.99   68.68
 149.10   74.88
 149.19  190.82
 149.24   80.37
 149.29   83.64
 149.42   61.63
 149.45  148.52
 149.75  131.01
 149.92    9.45
 150.01  131.12
 150.13   19.86
 150.17   32.97
 150.24  177.84
 150.39  154.26
 150.39   44.38
 150.41   28.34
 150.47   38.27
 150.93   53.83
 151.73   93.33
 151.84  107.04
 151.92  171.88
 152.17  207.65
 152.60  142.53
 152.68  168.17
 153.03   72.46
 153.18   17.44
 153.21   88.29
 153.27   88.30
 153.40   62.99
 153.66   41.66
 153.74   88.75
 153.85   25.26
 153.96   32.49
 154.05  201.28
 154.53   52.03
 154.65   36.86
 154.89  206.70
 155.02  129.02
 155.25   96.08
 155.43  153.47
 156.10   21.42
 156.15  149.98
 156.16  113.86
 156.38  107.16
 156.46   17.35
 156.84  128.48
 157.02  165.31
 157.26   72.62
 157.40   80.08
 157.42   76.97
 157.48   68.84
 157.51  134.60
 157.52   62.01
 157.61  203.45
 158.40  176.72
 158.42  206.24
 158.54   42.98
 158.96   30.58
 158.99   28.09
 159.00   34.36
 159.23   18.16
 159.26   40.10
 159.56  160.17
 159.68   54.46
 159.68   22.67
 160.05  121.58
 160.07   59.50
 160.42   10.58
 160.50   88.29
 161.43   63.38
 161.73   41.96
 161.85   72.51
 162.21  155.65
 162.54   83.71
 162.64    7.50
 162.90  182.38
 163.17  104.78
 163.34   98.42
 163.57   36.21
 163.72   27.26
 163.72   37.68
 163.82   41.87
 163.83   18.67
 163.85   34.63
 164.51  151.83
 165.70   79.98
 165.75   61.91
 166.13   75.40
 166.47  130.53
 166.51   26.95
 166.61   31.59
 166.66  144.22
 166.71   35.11
 166.76   39.26
 167.37  109.43
 167.78   20.28
 167.94   56.39
 168.21   41.99
 168.31   16.20
 168.81   72.26
 169.04  113.98
 169.09  208.11
 169.16   62.55
 170.01   29.48
 170.11   93.41
 170.36   87.93
 170.60   35.84
 170.90  188.91
 171.20   19.07
 171.94  104.21
 171.98  114.02
 173.34   92.02
 173.70   23.43
 174.24  184.67
 174.28  183.76
 174.81  153.62
 174.93  187.97
 175.95   73.83
 176.14  150.26
 176.27   67.83
 176.47  176.50
 176.69   77.94
 177.05   94.11
 177.45   82.77
 177.46   12.30
 177.79  164.30
 178.10   33.56
 178.22  112.43
 178.70  108.74
 179.10  188.46
 179.22   16.26
 179.28   96.13
 179.57   93.21
 179.86  102.37
 179.94  197.70
 180.04  149.55
 180.22   53.62
 180.33  125.08
 180.93   68.11
 181.52  200.60
 182.01   73.42
 182.14   73.50
 182.18   93.50
 182.21  112.48
 182.93  135.39
 183.49  204.72
 183.65   78.16
 183.95  168.93
 184.01   98.66
 184.73  102.66
 184.93  199.68
 186.11   25.13
 186.47  102.17
 186.91  113.24
 187.69  144.84
 187.83  162.23
 187.98  123.93
 189.73  118.72
 189.77   83.48
 189.87  213.64
 190.15  103.13
 190.62   73.93
 190.64  148.62
 190.68  198.54
 191.15   38.63
 191.72  179.99
 191.83   89.51
 192.73   98.17
 192.97  212.76
 193.82  202.29
 193.83  197.77
 194.49   31.92
 195.11   74.83
 195.53  116.70
 195.83   90.24
 196.36   98.91
 196.76   21.85
 196.88   35.65
 197.43   14.92
 197.55  150.56
 197.56   68.47
 197.74   85.37
 198.02   95.43
 198.47  152.15
 198.84   93.68
 198.86  142.79
 199.61   54.47
 199.70  173.94
 199.88   35.07
 200.01   61.16
 200.34  132.60
 200.48   16.10
 200.55   44.76
 201.32   41.92
 201.48  138.20
 202.59   32.09
 202.98  191.38
 203.05   96.59
 203.29   39.43
 203.38   26.87
 203.54  174.56
 203.79   78.90
 204.33  156.99
 204.47  142.31
 204.81   30.04
 205.26  148.94
 205.34  159.87
 205.47  100.39
 205.64  178.97
 205.74  187.35
 206.77  117.43
 206.79   91.92
 207.76   39.88
 207.93  211.75
 209.39   30.60
 209.45   96.89
 209.74   97.02
 210.58   42.37
 210.80  197.94
 210.95    8.15
 211.06  193.35
 211.42   80.00
 211.79   93.37
 211.82  114.54
 211.91   33.04
 212.58   24.46
 213.05   45.85
 213.43   49.75
 213.85  132.43
 213.93  187.77
 214.39   35.46
 214.48  145.13
 215.08   42.63
 215.17   69.27
 215.92  200.23
 216.09  192.14
 216.43  120.56
 216.57   61.43
 217.05  173.16
 217.93   80.63
 218.10   73.59
 218.39  122.98
 218.42  211.40
 218.43   31.09
 218.64  136.00
 219.32  195.77
 219.86   36.95
 220.26  173.91
 220.42   25.08
 220.58   60.63
 220.63  144.34
 220.81   33.48
 221.30  208.13
 221.32  132.25
 221.78  209.20
 221.83  201.44
 222.47  170.74
 222.48   46.15
 222.70  179.41
 222.99  170.89
 223.39   31.23
 223.48  191.99
 223.61  192.07
 223.74   42.97
 223.78  100.95
 223.90   36.01
 224.93  117.42
 225.08  136.19
 225.92  123.33
 226.06   75.51
 226.31   33.47
 226.31   81.53
 226.83  172.10
 227.05   37.46
 227.37  100.33
 228.17  132.21
 228.33   85.53
 228.39  105.09
 228.77   28.43
 229.52  123.09
 231.01  106.38
 231.27   45.94
 231.53   26.11
 231.59  135.35
 231.81   64.55
 232.12   68.44
 233.08  102.05
 233.12  120.25
 233.18  192.46
 233.18   71.38
 233.27  120.54
 233.38   55.91
 234.06  122.31
 234.64   61.19
 234.93   92.59
 235.12   45.75
 235.42   81.53
 235.42   81.57
 235.51  127.90
 235.94  101.99
 236.11   75.15
 236.23   29.26
 236.53  125.42
 236.57   95.33
 237.06  120.99
 237.12  115.63
 237.26   64.42
 238.34  133.76
 238.55   68.67
 238.67   24.12
 239.92  111.04
 240.17   48.61
 240.62   16.23
 241.20   81.20
 241.65  131.93
 242.12   89.11
 242.55  137.53
 243.25   76.07
 243.29   58.49
 244.07   23.87
 244.27  105.60
 244.31   15.20
 244.43   30.63
 244.59   30.59
 244.61   70.72
 245.15   11.70
 246.61   68.44
 246.85   92.31
 246.92  132.88
 247.05   26.80
 247.58  137.01
 247.89   23.30
 247.96   42.78
 248.70  191.29
 249.62  101.18
 249.76   47.43
 250.25  104.16
 251.01   14.07
 252.02   47.62
 252.25   80.06
 252.39   47.57
 252.44   18.42
 252.59  136.67
 252.94  161.56
 253.10   24.50
 253.80   56.86
 255.08   27.49
 255.39   14.90
 255.66   44.95
 255.76   11.04
 256.24  103.55
 256.24   52.15
 256.57   84.82
 257.31   17.70
 257.89  136.18
 258.09   74.93
 258.39   26.23
 258.48   47.48
 259.22   14.95
 260.98    9.76
 261.30   55.00
 261.43   94.21
 261.59  100.63
 262.26   23.31
 263.71   72.25
 264.84   47.46
 265.81    7.17
