   6.91  115.74
   8.00   51.05
   8.67   54.23
  10.03   36.25
  10.22  131.56
  10.59   66.56
  10.79  135.87
  11.06   72.06
  11.13   43.57
  11.70   82.32
  12.22   87.74
  12.26   59.89
  12.40  150.51
  13.38  168.81
  13.62  129.49
  13.64   68.04
  14.21   42.29
  15.01  110.78
  15.22   79.77
  15.49  112.42
  15.50  105.30
  16.11   71.80
  16.22   92.98
  16.57  133.35
  16.69   39.92
  16.86   29.24
  16.88  137.64
  17.35  150.88
  17.87   34.09
  18.01   42.88
  19.71   84.19
  20.14   55.01
  20.25  159.13
  20.32  123.75
  20.58  159.31
  20.65  144.73
  20.94   93.24
  20.95   48.07
  20.96   52.51
  21.28   35.71
  21.38  122.14
  21.58   99.77
  21.77  148.13
  22.71   55.05
  22.83  144.39
  23.42   49.61
  24.09   86.08
  25.28   86.95
  25.41  115.33
  25.42   74.61
  25.70  108.99
  26.72  156.46
  26.76  167.06
  27.02   43.09
  27.62  145.96
  27.98  123.85
  28.15  118.11
  28.27  106.93
  28.59   82.75
  29.41  185.66
  29.81  189.35
  31.31   46.40
  31.42  189.80
  32.08  167.78
  32.20   99.73
  32.64   82.84
  32.82   96.08
  33.03  176.97
  33.46  150.47
  33.61  107.37
  34.02  154.41
  34.23   56.58
  34.29  162.82
  34.97  112.50
  35.05   74.26
  35.07  111.90
  35.14  162.90
  35.33  117.31
  36.08  143.38
  36.49  191.50
  36.58   53.35
  36.83   23.99
  37.18   19.30
  37.61   46.91
  38.09   29.62
  38.39   70.37
  38.72   77.16
  39.08   64.34
  39.34  175.34
  40.00   73.80
  40.78  106.95
  40.88   61.55
  41.56   84.03
  41.99  173.85
  42.26  114.15
  42.49  167.64
  42.84   64.83
  42.94  110.48
  43.29  153.52
  44.13   74.17
  44.23  131.38
  44.82  106.04
  45.10  149.95
  45.24  117.53
  46.55   64.43
  46.67   42.28
  47.13  121.01
  47.29   90.10
  47.58   71.53
  47.67  181.13
  48.28   94.06
  48.29   61.64
  48.98  156.54
  49.53   78.17
  49.70  145.96
  49.87   83.50
  50.18  106.39
  51.77   53.06
  52.45   11.54
  52.66  172.88
  52.70  145.55
  52.73  139.52
  53.07  163.49
  53.39  170.55
  53.43  110.10
  53.53   50.20
  53.59   45.62
  53.74   62.06
  55.25  179.64
  55.31  124.04
  55.82   13.22
  56.04  137.04
  56.65   64.46
  56.72   97.83
  56.93   57.70
  56.99   73.00
  57.00  113.36
  57.07   90.16
  57.14   20.74
  57.20  142.40
  57.49  100.06
  58.07  132.21
  58.27   34.06
  58.69   48.53
  60.51   88.80
  62.36  106.05
  62.71  112.92
  62.99   82.27
  63.08   64.75
  63.33   58.35
  63.50  146.09
  63.63  125.23
  63.76  187.88
  65.03   45.19
  65.85   72.27
  66.28   40.76
  66.60  136.97
  66.69  122.66
  66.72   35.79
  66.97  150.91
  66.98  170.24
  66.98  170.98
  67.11  105.94
  67.60  146.19
  68.42  159.05
  68.85  190.32
  69.14  133.76
  69.59   87.03
  69.74   40.72
  69.78   46.62
  70.91   61.28
  71.05  118.73
  71.21   89.13
  71.74   64.20
  71.87  197.51
  72.78  154.81
  73.37  102.12
  73.99  176.68
  74.27   98.20
  74.48   56.87
  74.62  105.67
  75.14  129.48
  75.45   60.92
  75.81  122.29
  77.03   55.50
  77.04   64.59
  77.08  156.82
  77.45  108.77
  77.47  162.16
  77.89  186.02
  78.52  104.95
  78.86  149.59
  79.59  111.75
  79.69  142.69
  80.42  159.64
  80.82  206.47
  81.07   90.46
  81.27  178.93
  82.34   68.61
  82.63  163.75
  82.70  209.95
  83.18  150.21
  83.42  124.14
  85.28  170.17
  85.40  140.88
  85.97  155.17
  87.43   80.01
  87.59  135.83
  88.92   58.68
  88.97  182.67
  90.45  184.51
  90.59   77.38
  90.67  164.43
  90.95   57.55
  91.06  141.56
  91.52  135.26
  91.59  115.14
  91.78  126.17
  91.80   89.06
  91.86  103.60
  91.88  117.04
  92.27  138.43
  92.90   68.62
  93.28  101.77
  93.64  182.57
  93.69  166.50
  93.78  175.28
  93.88  198.13
  94.48   72.03
  94.94  149.68
  95.50   61.04
  96.15   54.59
  96.36  169.36
  96.76  199.28
  96.88  183.22
  96.99   76.41
  97.97  192.05
  98.09  139.85
  98.16  185.71
  98.40  203.05
  98.42  149.60
  99.61   92.60
 100.10  146.86
 100.37  134.44
 100.53  109.05
 100.80  168.11
 100.98   86.04
 101.44   95.95
 101.75  131.29
 102.02  137.79
 102.14  123.85
 102.53  203.55
 103.00   98.86
 103.18  186.36
 103.23  148.71
 103.29  116.15
 103.46   90.00
 104.10  179.10
 104.19   70.05
 104.42  102.26
 104.56  107.48
 105.12  137.25
 105.25   66.00
 105.52   60.07
 105.63  189.84
 106.22  109.98
 106.47  167.86
 106.95  154.27
 107.35  160.92
 107.36   52.18
 107.37  131.09
 107.70   52.52
 107.77  151.44
 107.81   93.74
 108.02   88.94
 108.19   85.37
 108.48  114.21
 108.53  198.51
 109.05  126.56
 109.06  102.83
 109.93   67.46
 109.95  148.56
 111.29  161.97
 111.65   93.42
 112.02  145.82
 112.37   81.20
 112.54  117.54
 112.75  137.65
 113.15   74.50
 113.21   51.34
 113.33  164.57
 113.63  134.08
 114.34   39.75
 114.37   43.74
 114.41  142.78
 114.41   36.61
 114.72   77.69
 114.75   89.52
 114.82   85.07
 115.52  148.23
 115.84  119.52
 116.01  125.72
 116.07  191.79
 116.23  158.05
 117.56  200.46
 117.61  145.45
 117.80  181.49
 118.09  112.46
 118.62   83.60
 119.00  134.99
 119.07   41.85
 119.55  197.15
 119.70  119.40
 119.73   67.05
 120.24  164.30
 120.42  169.66
 121.53   93.39
 121.80  133.97
 121.96   46.46
 122.28   72.76
 122.70   42.17
 122.71   60.35
 123.39  148.29
 123.59  118.20
 124.28  152.50
 124.40  132.35
 124.68  187.80
 125.15  157.49
 125.63  205.63
 125.85  119.09
 125.90   50.18
 126.10  125.10
 126.16  195.30
 126.22   38.72
 127.00  119.04
 127.29   68.63
 127.34  111.38
 127.48  170.40
 127.58  148.90
 128.71   78.80
 128.76  157.74
 128.90   78.65
 129.19   45.23
 129.36  188.25
 129.90  111.90
 130.02  130.00
 130.55   56.23
 130.72   56.32
 130.92  117.93
 130.97  182.40
 132.31  191.21
 132.32   39.92
 132.32   43.88
 133.70  202.13
 133.92  179.45
 134.23  171.72
 134.31  172.36
 135.25   42.18
 135.51  163.68
 135.74  151.95
 136.26  181.65
 136.40  112.63
 136.42   98.50
 136.45  105.57
 136.53   46.16
 137.58  129.83
 137.66  120.20
 137.68  189.70
 138.05  185.25
 138.44   94.06
 138.89  113.16
 138.94   56.00
 139.32   99.61
 140.43  158.15
 140.73  152.28
 140.98  192.16
 141.06   74.64
 141.58  138.90
 141.84  183.79
 141.91  116.84
 142.23   97.41
 142.61  111.34
 142.74  151.30
 142.86  174.03
 143.84  193.86
 144.79   76.55
 144.88  123.50
 145.08   88.31
 145.20  133.47
 145.30  120.58
 145.41  127.93
 145.83  114.96
 146.67  167.20
 147.09   45.15
 147.51  151.32
 147.83  125.59
 148.38  198.33
 148.89  187.96
 148.91  192.49
 148.96  167.03
 149.55   89.95
 149.79   93.18
 150.57  111.26
 151.09   48.25
 151.58   88.22
 152.27  139.88
 152.48   75.65
 152.48  207.74
 152.54  174.99
 153.07  113.99
 153.20   46.40
 153.58   54.92
 153.67  133.40
 153.89   56.85
 154.01  118.80
 154.04  128.04
 154.49  195.24
 154.74  113.21
 155.41   38.22
 155.59  152.09
 155.74  165.06
 155.96  158.57
 155.98   39.78
 156.18   92.91
 156.98  153.32
 157.02  111.99
 157.53   51.83
 157.84  189.86
 157.87   81.89
 158.25  130.61
 158.46  118.96
 158.55  190.42
 158.71  123.35
 158.74  136.76
 159.80  104.28
 160.60   76.63
 160.82   42.45
 161.16  113.78
 161.20   37.72
 161.50  128.89
 161.99   56.66
 162.04  170.35
 162.05  135.58
 162.71  103.95
 163.04   46.27
 163.93  150.03
 164.24   52.17
 165.51  172.26
 165.82  131.89
 166.16  176.31
 166.41  171.08
 166.68  134.77
 167.39  152.10
 168.37  143.70
 168.87   53.26
 169.39   45.87
 169.48   77.04
 169.57  104.24
 169.74   80.07
 170.19   70.45
 170.71   50.13
 171.12  131.41
 171.46  212.84
 171.48  101.54
 171.83  117.63
 171.91   96.85
 172.42   68.11
 172.62   84.87
 173.21   91.56
 173.93  107.47
 174.61   51.53
 174.95   91.89
 175.10  174.42
 175.71  101.40
 175.83   97.97
 177.63   73.80
 177.65   85.96
 178.71   85.62
 178.94   88.99
 179.24   53.50
 179.54   40.34
 180.58   46.00
 182.34   90.27
 182.57   68.66
 183.30   77.45
 183.64   40.87
 183.66   40.93
 183.85   83.12
 184.57  147.28
 185.05  173.97
 185.45   50.27
 186.80   90.64
 187.27  100.62
 188.63  207.24
 188.85  202.64
 188.94  101.98
 189.99  174.90
 190.17  165.71
 190.30  135.76
 191.09   66.53
 191.55  172.48
 191.60  151.06
 191.65  200.49
 191.85  144.75
 192.92  111.70
 192.93  107.97
 193.38   95.26
 193.64   75.65
 194.20  205.88
 194.69   76.98
 195.36  199.68
 196.85   94.96
 197.22  149.17
 198.43  149.67
 199.37  140.27
 199.39  141.00
 199.47   90.91
 199.62   97.47
 199.66  116.85
 199.75  113.86
 200.53   66.06
 200.60   54.54
 201.36   87.97
 201.57  176.17
 202.06  198.95
 203.20   78.91
 203.25  101.09
 203.57  151.06
 204.96   66.29
 205.19   73.85
 205.34   90.48
 205.41   54.51
 205.78  147.52
 206.30   49.34
 207.26   90.61
 207.96  155.12
 208.47  139.29
 209.58  174.45
 210.01  116.16
 210.23   80.23
 210.47   55.00
 210.99   60.73
 211.37   80.35
 211.41   66.12
 211.51   50.23
 212.04  173.87
 212.58  179.74
 214.56  177.03
 214.75  160.12
 215.14  153.91
 216.90   81.03
 218.56  119.84
 219.17   35.99
 220.26   89.11
 220.27  161.82
 220.69  144.25
 221.08  129.63
 221.25  183.17
 221.30   95.83
 221.44  157.06
 221.44  143.83
 221.58  125.61
 221.66   63.31
 221.73   53.67
 221.79  165.34
 221.87   35.64
 222.62   73.18
 222.84   92.86
 223.14   66.34
 223.42  196.02
 223.52  121.86
 223.54  191.08
 225.09  153.83
 225.93  151.45
 226.02  133.05
 226.08   88.03
 226.89  139.75
 226.91   62.26
 228.08  105.65
 230.33  142.13
 230.44   49.83
 230.80   76.41
 230.97   97.86
 231.23  125.97
 231.32   93.86
 231.52  186.85
 231.56   43.79
 231.57  200.89
 232.15  206.16
 232.17   52.99
 232.37   66.61
 232.92   69.91
 233.70  210.43
 233.85  137.01
 233.86  121.57
 234.48   91.17
 234.50  151.78
 234.61  162.74
 234.78  147.78
 235.15   67.87
 235.18  110.95
 235.29  159.29
 235.70  140.99
 235.79  177.68
 236.57  201.95
 237.69  206.89
 239.09  146.40
 239.11   85.32
 239.39  199.51
 239.82  194.39
 239.92   88.41
 240.79  112.68
 240.92  108.55
 241.07  139.66
 241.59  201.72
 241.69   53.50
 244.96  155.24
 245.11  114.47
 245.61  185.74
 245.76  106.10
 245.84  146.08
 246.52   70.73
 248.06  164.45
 249.50  122.93
 250.45   88.90
 250.79   86.00
 252.04   52.52
 252.17  125.21
 252.56  169.57
 253.02  113.94
 253.49   87.87
 253.53  158.91
 253.59  126.03
 254.67   78.55
 254.67  167.95
 256.73   59.82
 257.04  169.30
 257.15  106.78
 257.47  149.33
 257.88   42.63
 258.70  167.13
 258.71   71.20
 258.88  142.47
 259.75  118.44
 260.33  136.65
 260.51  152.84
 260.84   53.17
 261.50   77.99
 261.79   95.06
 262.81   92.49
 263.19  177.47
 263.22   47.60
 263.36   21.46
 263.72  172.51
 264.03   68.44
 264.77   95.03
 264.81  166.13
 265.49  114.61
 265.49   91.80
 265.80  116.82
 266.52  191.39
 267.04  191.93
 267.49   47.90
 267.93  160.68
 268.22  104.33
 268.96   42.64
 269.77  114.70
 270.19  122.81
 271.01   91.76
 271.20  192.58
 271.58   51.40
 272.33   94.49
 272.67   43.96
 273.12   87.74
 274.19  172.86
 274.24   87.42
 275.50   80.38
 275.75  129.49
 276.89   32.87
 277.44  136.63
 277.74   81.83
 278.92  184.82
 283.44  156.95
