  14.43  187.28
  18.63  210.92
  22.32  210.92
  22.32   80.21
  22.55   70.21
  22.75   94.81
  22.77   65.35
  22.78   99.66
  22.79   60.56
  22.83   55.35
  22.85  109.63
  22.86   84.79
  22.90   89.87
  23.18  119.08
  23.30  138.60
  23.33  133.71
  23.50  147.95
  23.57  182.29
  23.60  123.71
  23.63  143.37
  23.88  162.51
  23.93  157.93
  23.96  167.38
  25.00   38.53
  25.45   92.39
  25.67  111.94
  25.68  116.76
  25.91  102.72
  25.93  145.26
  27.82   86.94
  28.90   97.28
  29.39  116.24
  30.41   32.30
  30.81   32.16
  31.45   17.18
  33.22  102.07
  33.23   29.69
  36.18   10.62
  37.80   25.08
  38.49   49.21
  38.77  205.71
  39.28   27.72
  39.81  201.95
  40.45   97.05
  44.15   22.44
  44.24   98.90
  45.15   14.26
  45.70  159.68
  45.87   83.49
  45.93  115.39
  46.13  147.70
  46.17   49.54
  46.86  137.13
  46.86   40.76
  47.06  199.79
  47.09  157.04
  47.32  181.11
  47.35   74.67
  47.48   84.95
  47.49   11.56
  47.55   56.52
  47.60   97.84
  47.84  173.11
  48.37  164.36
  48.47  159.02
  49.61  207.04
  49.79   24.62
  49.83   77.68
  49.99   17.83
  50.01   47.17
  50.03   59.77
  50.36   98.96
  50.39  104.98
  50.61   29.00
  50.70  162.06
  50.71  129.15
  50.86   17.26
  50.88  123.18
  50.90   67.16
  50.94   79.00
  51.00   35.87
  51.05  141.02
  51.10   23.50
  51.14   42.27
  51.21  148.15
  51.43  159.94
  51.57  153.13
  51.65  177.33
  51.69   10.33
  51.74  183.68
  51.85  172.19
  51.91  184.13
  52.18  190.75
  52.32  166.36
  52.43  133.18
  52.62  120.31
  52.64   55.10
  52.83   61.10
  53.57   99.65
  53.94   53.27
  54.53  126.42
  54.90  202.53
  55.21   97.25
  55.55   75.18
  55.61  161.12
  55.67   50.00
  55.74   67.44
  56.51  154.38
  56.59   62.52
  56.62  114.41
  57.41  170.73
  58.09  148.03
  58.63  206.77
  59.48  203.60
  59.58  141.38
  60.39   96.62
  60.65  124.88
  61.45   79.46
  62.49   73.55
  62.57  203.06
  62.96  168.65
  63.09   91.42
  64.42  165.34
  65.27  146.42
  65.35  104.53
  65.55  211.13
  65.55  143.45
  65.58   69.23
  66.02  129.16
  66.38   56.42
  66.82  132.62
  66.89   76.00
  67.39   56.54
  67.74   56.83
  67.92  204.83
  68.03  153.15
  68.90   99.46
  69.01   61.88
  69.04  143.18
  69.11   87.77
  69.99  125.15
  70.03  150.53
  70.21  161.71
  71.22  116.71
  71.29   96.10
  72.42  110.21
  72.65   68.40
  72.94  201.41
  72.97  103.84
  73.25  119.64
  74.14   62.29
  74.28    9.63
  74.79  127.66
  74.96  105.48
  75.04  164.13
  75.20  113.24
  75.32   12.28
  76.00   67.67
  76.07  151.77
  76.18  109.20
  76.54   92.05
  76.82  164.49
  76.87  200.23
  77.16  134.44
  78.48  160.98
  78.61  120.40
  78.85  154.14
  79.75   88.34
  79.92   80.91
  80.24  108.90
  80.38  130.66
  81.22  199.54
  81.40   99.93
  81.63   75.55
  82.35   68.90
  83.00  148.60
  83.47  196.17
  83.88  125.86
  83.94  156.78
  84.87  204.18
  85.10  118.87
  85.61   80.74
  85.81  199.09
  85.83  116.51
  86.12  105.14
  86.17   84.95
  87.01   74.82
  87.43  155.59
  88.80  137.23
  89.00    8.56
  89.42  105.66
  89.63  110.73
  90.69   92.61
  91.47  200.20
  92.33   83.90
  92.97   87.04
  93.47  197.30
  94.03   12.81
  94.04  157.52
  94.72   75.40
  94.92   81.61
  95.03  110.04
  95.18  167.22
  95.77  196.71
  95.99  186.24
  96.42   84.46
  96.57  186.22
  97.43   63.49
  97.69  107.43
  97.75   68.94
  98.41  163.98
  99.14  166.96
  99.41  155.98
  99.46   86.64
 100.88   50.02
 100.91   43.91
 101.01  118.58
 101.45   66.28
 101.51  101.12
 102.86   70.15
 102.94  164.53
 103.11  201.63
 104.15  161.29
 104.66  183.76
 105.68  192.45
 106.06  196.16
 106.41  157.41
 106.63  149.24
 107.08   18.10
 107.72   60.09
 109.03   56.49
 109.44  119.61
 110.76  130.83
 110.91  147.85
 111.91   18.99
 112.62   95.07
 112.69  197.90
 112.75  204.76
 113.02  137.47
 113.02   65.82
 113.48  101.19
 114.27  140.90
 114.43   60.36
 114.83  125.07
 116.02  196.93
 116.23  157.18
 116.84  139.65
 116.93  117.40
 118.18  143.82
 118.76   20.00
 119.25   90.08
 119.31  126.19
 119.42  202.47
 119.48  152.44
 119.81   70.54
 120.03  196.00
 120.29  152.00
 120.95  206.34
 121.51  159.20
 121.71  109.66
 122.20  146.97
 122.40   88.03
 122.67  155.36
 123.19  209.85
 123.80  140.62
 124.34   82.21
 124.58  112.55
 125.14  131.60
 125.19   74.02
 125.80  135.37
 126.42  135.58
 126.87  148.28
 127.11   83.42
 127.35  208.58
 127.51  205.15
 127.57  160.60
 127.99   14.79
 128.51   88.55
 128.98  150.87
 129.21  104.64
 129.54  130.88
 130.93  153.68
 131.72  209.49
 131.74  148.28
 131.75  153.14
 131.82   82.04
 132.13   68.01
 132.73  105.50
 132.77   71.10
 132.91   92.09
 133.42  110.51
 133.81   77.68
 134.64   88.56
 135.01  142.98
 135.39  149.12
 135.63   32.36
 135.67   80.61
 135.75  129.62
 135.87   36.98
 135.89   47.30
 136.17   73.54
 136.65  103.69
 137.01   92.66
 137.27   98.41
 137.29   87.82
 137.44   78.14
 138.41  131.52
 139.01   70.19
 139.06  189.78
 139.73   29.03
 139.98  124.79
 140.08   80.77
 140.34   46.83
 140.37   75.93
 140.95   94.18
 141.27   55.82
 141.41  131.58
 141.63   62.37
 143.80   71.32
 143.92  195.85
 145.46  118.61
 145.99   71.61
 146.01  212.36
 147.23  192.94
 147.34  128.72
 147.40   61.43
 147.41   54.43
 147.69   44.10
 147.90   73.84
 148.52   69.58
 149.69  119.68
 150.42  110.67
 151.35  108.46
 152.42  113.19
 152.44  124.34
 153.04  141.00
 153.60  104.01
 153.71   52.86
 154.00   60.45
 154.02   42.89
 154.29   70.77
 154.30   92.46
 154.30   84.97
 154.52  110.26
 155.56   68.18
 157.27   96.45
 158.59  104.58
 158.80   30.94
 159.86  160.51
 160.85  113.21
 161.05  101.94
 161.06  109.23
 161.10   41.14
 161.11   50.64
 161.56   91.71
 161.62   66.43
 161.64   58.34
 161.85   76.61
 162.47  116.01
 164.31  106.25
 164.85   45.46
 165.63   35.68
 165.94   97.68
 167.09  110.40
 167.09   70.54
 167.40  182.72
 168.71  209.20
 168.93   38.78
 168.95  198.83
 169.05   57.43
 169.20   65.35
 169.25   75.23
 169.36   83.42
 169.42   49.36
 169.66  212.07
 170.30   32.48
 171.21  207.18
 171.84  111.92
 171.90  139.89
 172.13  192.44
 172.19   70.08
 172.84  172.60
 172.87  156.63
 172.89  165.43
 172.99  145.50
 173.12  125.88
 173.28   86.45
 173.31  135.34
 173.37  136.84
 173.45   94.01
 173.45  143.02
 173.55  130.99
 173.56   33.11
 173.58   78.93
 174.04  102.42
 174.18   28.45
 174.22  189.37
 174.34   40.01
 174.44   66.90
 174.46   60.20
 175.92  150.98
 175.94  151.13
 176.08  174.57
 176.17  130.18
 176.20  142.09
 176.26  142.38
 176.32  104.21
 176.52   98.18
 176.62  112.20
 176.71  155.95
 176.73   45.33
 176.92   49.76
 177.06   83.24
 177.16  128.34
 177.29   69.09
 177.45  121.57
 177.48   28.47
 178.46  178.38
 178.81  176.53
 179.21   17.61
 179.22  117.38
 179.48  182.96
 180.18   26.61
 180.39  166.13
 180.75  209.15
 181.48  137.65
 182.15  141.07
 182.37  177.55
 182.70   93.27
 183.46  117.01
 183.79   22.74
 184.22  145.99
 184.30  177.94
 184.81   75.66
 185.40  135.28
 185.49  119.37
 185.87  140.61
 186.17  123.53
 186.51  105.40
 187.22   91.47
 188.16  154.41
 188.35  177.52
 188.92   66.98
 188.93  175.82
 189.72  108.06
 189.78   28.14
 189.82  103.75
 190.09   74.33
 190.40   69.93
 190.81   94.17
 191.07   41.09
 191.28  179.51
 191.50  134.83
 192.71   97.57
 192.77  134.41
 192.88  134.40
 192.96  104.40
 193.06   67.64
 193.50   50.21
 193.57   72.87
 193.79   90.59
 193.82   60.00
 194.32   27.63
 196.28  168.08
 196.77   74.33
 196.96   60.19
 196.99   83.95
 197.05   42.73
 197.18   98.27
 197.25  211.75
 197.46  201.42
 197.67   94.40
 198.57  189.50
 203.95  211.82
 206.03   23.57
 207.24  180.04
 208.14  184.08
 209.99  181.04
 211.54   94.96
 211.93   22.17
 212.45  193.20
