   9.71   65.90
   9.92   74.57
  10.42   14.81
  11.36  192.03
  11.53  198.09
  11.72   68.87
  11.81   39.79
  12.21   46.30
  13.18   53.92
  13.23   12.00
  13.30  204.24
  13.64   59.26
  14.24    9.01
  15.04   30.09
  15.06   43.42
  15.20   62.83
  17.25   52.88
  17.44   72.08
  19.22   14.55
  20.27   67.80
  21.04   43.53
  21.34   29.58
  21.61   35.32
  21.68   63.41
  22.94   95.71
  22.96   57.86
  23.04   52.46
  23.11   10.71
  23.32   44.25
  24.09   69.68
  24.42   81.98
  25.13   76.47
  25.51   58.89
  26.77   83.65
  27.07   18.39
  28.72   50.83
  30.09   81.96
  31.22   71.76
  31.58   59.28
  32.47   88.74
  32.59   68.73
  32.66   94.48
  32.74   88.60
  34.70   15.34
  35.07   34.80
  35.75   51.92
  36.85   28.63
  37.11   48.11
  37.57   81.36
  37.83   42.14
  38.88   55.49
  39.21   89.65
  39.53   40.70
  40.09   69.83
  40.21   27.77
  41.82   55.51
  42.15   31.82
  43.54   45.18
  43.93   85.43
  43.94   28.72
  46.25   14.24
  47.07   76.45
  47.82   68.60
  47.98   42.84
  48.28   92.33
  50.24   37.71
  50.91   84.31
  52.21   94.25
  52.60   90.46
  55.08   63.76
  55.85   35.60
  56.06   98.03
  57.23   93.87
  59.76   72.95
  60.32   14.78
  60.48   71.00
  61.06   18.69
  62.05  104.61
  64.77   91.88
  65.46  107.04
  69.09  103.30
  71.99   95.68
  72.39   69.78
  74.22   78.81
  82.78  101.48
  84.41   56.25
  85.32   77.10
  86.09   21.34
  86.84  106.02
  87.19   86.85
  87.62   65.95
  87.62   94.52
  89.10   43.85
  89.26   11.45
  90.38   70.85
  90.47   44.68
  90.56   26.95
  90.74   85.77
  91.92   66.31
  92.08   14.59
  92.22   11.09
  92.34   34.90
  94.48   25.52
  94.57   65.00
  94.62   28.14
  96.16   39.68
  96.49   34.93
  96.71   85.41
  96.86   12.34
  97.06   30.95
  98.12   57.59
  98.32   44.41
  98.36   57.49
  98.46   48.46
  98.52   38.35
  99.65   42.42
 100.14   34.72
 100.47   72.47
 101.73   87.23
 101.93  103.32
 102.07   95.83
 102.38   57.84
 102.42  100.49
 102.77   43.83
 103.11   49.24
 103.21   61.54
 103.59   69.08
 104.13   71.88
 104.25   81.32
 104.46   77.66
 104.80   84.09
 105.33   14.98
 106.84   18.44
 111.29  100.67
 116.30   89.74
 118.06  112.42
 124.54   30.03
 125.40   76.90
 125.84   24.50
 126.51    9.47
 131.74   37.91
 132.31   18.57
 132.34   33.50
 132.47   14.78
 132.85   42.18
 134.15  119.00
 135.24   16.01
 135.79  119.25
 135.99  109.62
 136.43   46.54
 137.25  114.94
 138.18   14.01
 138.83   36.85
 139.38   39.77
 139.90   29.95
 140.15   47.37
 140.28  107.81
 140.90   25.23
 141.78  115.51
 141.79  121.64
 141.95   24.46
 142.61  114.86
 142.84  111.42
 142.96  103.74
 142.99   38.56
 143.30   67.24
 143.39   67.58
 143.62  118.44
 143.62   51.59
 144.79   14.66
 145.00   42.30
 145.45   39.04
 145.51   61.98
 145.65   20.41
 146.53   65.36
 147.05   45.66
 147.07  116.76
 147.20   45.43
 147.33   94.04
 147.87   32.37
 147.90  125.09
 148.33  108.83
 148.65   40.38
 149.53   62.14
 149.71   25.17
 150.79   47.84
 150.89  118.68
 150.90   37.40
 151.08   29.28
 151.36  118.45
 151.64   14.67
 152.47   23.29
 154.32   39.49
 154.77    7.88
 154.89   66.00
 155.43   71.40
 158.05   66.65
 158.92  106.89
 159.04   60.50
 159.42   64.76
 159.61  100.15
 159.82  120.43
 160.43   75.00
 160.46   74.77
 160.89   49.55
 161.59   70.47
 161.89    7.25
 162.54   64.54
 162.68   93.84
 163.32   81.23
 163.36   97.58
 164.59   41.84
 164.88  103.09
 166.03   52.28
 168.18   46.01
 170.28   36.76
 171.05  109.86
 171.18   93.01
 172.85   25.65
 172.87   33.10
 173.08   13.08
 174.16   68.14
 174.74  100.06
 175.12   45.63
 175.33    8.63
 175.88   80.42
 176.48   83.59
 177.02   28.88
 177.17   20.69
 178.80   85.84
 178.85   92.20
 179.20   51.06
 179.24   25.91
 179.36   59.87
 179.37   84.27
 179.50  106.17
 180.08   56.48
 180.38    8.35
 180.43   78.00
 181.17  117.06
 181.44   80.74
 182.25   24.19
 182.27   19.04
 182.29   90.37
 183.58   40.45
 183.63   44.02
 183.63  105.15
 184.85   50.55
 185.02  112.44
 185.74   84.46
 187.41   43.37
 187.77   27.23
 187.82   39.22
 188.20   20.90
 188.26   16.83
 188.49   55.10
 188.68   82.70
 189.58   91.41
 189.81   44.73
 190.06   89.63
 190.86   84.68
 191.72  101.57
 192.04   59.83
 192.79   11.88
 193.55   51.31
 194.52   40.40
 194.52   22.66
 194.69  112.32
 195.08   47.05
 195.48   55.15
 195.94   32.46
 196.10   38.14
 196.16   29.36
 196.56   12.46
 197.82  109.35
 199.01  114.45
 199.24   95.52
 199.67   29.46
 201.04  106.92
 201.54   72.42
 202.24   89.08
 202.37   60.93
 202.50   56.70
 202.68   45.07
 202.80   41.11
 202.90   35.60
 202.90  108.13
 203.05   85.24
 203.18   28.80
 206.50   30.58
 207.04   51.31
 207.30  119.70
 207.67   79.61
 208.39   76.13
 208.51    7.88
 208.70   66.92
 208.78   11.08
 209.06   47.97
 209.19  105.49
 209.54   55.44
 209.60   16.92
 210.09   73.33
 210.57   23.66
 210.59   64.80
 211.85   29.15
 212.04   91.53
 214.03   34.99
 215.34   25.67
 215.94   21.91
 216.94   64.39
 216.96   85.48
 218.53   40.22
 218.81  126.43
 219.41   54.52
 219.47   76.64
 219.67   84.22
 219.99  129.16
 220.13   91.14
 220.50  104.93
 220.63   21.16
 221.23   29.61
 222.00  110.97
 222.43   23.83
 224.33   58.92
 224.80   16.67
 225.70   10.69
 225.97   72.44
 227.67   63.29
 228.41   90.53
 229.09   44.47
 229.22   76.79
 229.28   60.00
 229.46   65.74
 229.93   13.41
 230.32   80.05
 231.46  104.45
 231.78   53.88
 233.23   84.08
 233.45   45.42
 233.65  103.45
 233.97   41.24
 234.60   66.54
 234.92   26.15
 235.28   93.25
 236.35   70.21
 236.39   19.25
 236.43   39.08
 236.52   78.30
 237.01   62.19
 237.10   82.02
 237.53   97.60
 237.68   85.30
 239.19   22.49
 240.80   28.08
 241.27   39.04
 241.45   85.23
 242.15   81.82
 242.28   62.68
 243.06   16.97
 243.17   57.43
 243.28   11.91
 243.61   92.18
 244.68   26.73
 245.31  103.73
 245.46   71.11
 245.77   44.10
 245.90   37.59
 246.23   87.97
 246.96   96.46
 247.30   16.82
 248.48   13.90
 248.62  103.49
 249.55   99.08
 250.80   16.52
 251.95   88.70
 252.88   68.17
 253.07  109.82
 253.80   81.64
 254.11   25.45
 254.24   70.93
 254.26   30.65
 254.83  104.69
 255.47   64.24
 255.48  100.88
 255.51  115.43
 255.66   97.46
 257.04  108.96
 258.03  113.58
 258.53  124.00
 258.99   34.84
 261.85  113.38
 261.88   97.40
 262.68  112.26
 263.21   93.55
 263.51  131.61
 267.35  110.55
 267.46   75.07
 268.47   78.30
 268.52   26.43
 269.23  102.42
 269.92  137.54
 270.94  106.45
 271.52   52.45
 272.42   78.23
 273.29   85.71
 274.33   60.45
 274.35  105.26
 274.66   24.05
 276.51  107.36
 276.56   19.20
 278.64  144.82
 279.40   63.64
 279.54   56.64
 280.13   90.29
 280.95   13.02
 284.41   60.16
 285.41  148.21
 285.83   36.58
 288.02   28.68
 289.33   26.64
 290.07   31.43
 292.46   28.42
 295.72  201.90
 295.93   40.17
 296.44   17.68
 297.06   23.26
 298.47   32.46
 298.89   32.66
 300.07   19.42
 300.37   46.37
 305.67   24.43
 307.45   29.42
 308.03  104.78
 308.49   94.29
 309.00   31.35
 309.00   87.78
 309.92    7.74
 311.85   24.87
 312.27   62.88
 312.41   29.61
 315.41   12.05
 315.53   29.12
