   7.40   79.71
   8.77   16.63
  11.78   78.42
  13.52  104.95
  13.73   79.49
  15.71  120.97
  16.72   39.88
  20.04   69.65
  20.13   61.52
  20.88   44.04
  22.38   58.29
  22.63   72.23
  22.79   93.19
  23.55  101.02
  24.17  146.24
  24.90  149.45
  25.97   56.01
  26.18  116.28
  27.52   62.64
  28.17   31.03
  28.30   69.58
  28.80  105.65
  28.86   78.92
  31.10   45.18
  31.86  119.14
  32.45  109.91
  32.69   74.66
  32.72   66.88
  32.91  114.87
  33.76   89.28
  33.94   63.94
  34.10   98.19
  35.79   94.94
  36.06   98.20
  36.66  102.69
  37.41   58.34
  37.42   62.87
  38.29  131.61
  38.44  112.94
  38.79   37.55
  39.72   40.86
  39.74   98.65
  40.63  105.50
  41.40   59.41
  41.52  123.39
  42.28  128.51
  43.23   65.18
  43.26  113.83
  43.38   75.86
  43.78   26.30
  44.58   48.87
  44.66  100.85
  45.46   60.78
  47.12   83.34
  47.32   41.14
  47.87  113.99
  47.91  122.74
  48.02   51.83
  48.36   59.77
  49.23  134.71
  50.42  102.45
  50.96  109.98
  51.91  129.04
  52.75  133.58
  53.00   53.03
  55.57   94.81
  56.39  104.73
  56.61  101.10
  56.94  109.84
  57.37   36.11
  57.72   45.36
  58.57   64.61
  58.58   59.97
  60.50  107.33
  60.83   93.36
  61.19   98.28
  61.39   45.70
  61.66  124.71
  61.69   55.46
  61.93   31.49
  63.30  130.42
  63.40  130.70
  64.89   33.38
  65.12   53.45
  65.38   94.84
  66.60  102.97
  66.74  107.74
  68.16   27.73
  68.23  123.62
  68.30   38.39
  68.75   30.85
  68.84   30.47
  69.29  135.96
  69.74  118.44
  70.15  105.16
  70.59   97.19
  70.81  112.27
  72.28   33.37
  72.63  138.45
  73.15  115.89
  73.98  112.71
  75.27  118.99
  76.40  115.63
  77.46   97.36
  77.96  120.27
  78.49  138.09
  81.25  122.96
  81.57  114.94
  81.66   85.67
  81.68  103.73
  81.95   32.02
  84.46  139.14
  85.09  104.28
  86.65  138.76
  92.50  125.37
  92.98  175.67
  93.48   29.93
  95.47  147.37
  96.56  151.05
  97.24  163.27
  99.01  122.24
  99.03   36.97
 101.77  132.73
 102.06  153.75
 102.12   35.07
 102.46  170.62
 103.06  109.53
 103.14  113.25
 103.82  171.42
 104.13  104.59
 104.41   68.02
 104.66   93.73
 105.59  160.49
 106.47   40.94
 106.90   31.93
 107.01  175.99
 107.17  148.31
 107.53  182.09
 107.60   80.85
 108.21   35.72
 108.38   75.83
 109.10  141.27
 110.46  136.63
 110.46   42.27
 111.49  162.72
 111.84   54.14
 111.95   61.09
 112.04   71.62
 112.63  158.47
 113.31  180.49
 113.54  164.22
 113.89   95.38
 114.33   94.23
 114.42  187.53
 115.49   80.88
 116.04  155.15
 116.22  154.84
 116.27  159.22
 116.66   78.10
 116.77   73.95
 117.01   80.91
 117.04  144.79
 117.98  108.03
 119.83  151.73
 120.29   75.08
 121.42   89.09
 121.66   68.74
 121.75  192.06
 122.19  138.32
 122.46  158.90
 124.08   87.28
 124.33   91.57
 124.49  157.54
 126.42   72.68
 126.45   77.60
 127.96  177.15
 128.04   22.16
 128.07  121.76
 128.25  106.25
 129.12  102.98
 129.38  189.56
 130.18  111.21
 130.74  116.99
 131.70   83.78
 132.43  109.96
 132.48  147.67
 132.98  196.57
 133.98  129.87
 134.14  192.03
 135.42  187.08
 135.89   99.95
 136.02  190.46
 136.12  194.49
 137.09  137.08
 138.96   92.71
 139.28   81.36
 139.37   76.70
 140.18   86.17
 140.96  110.40
 141.03  101.43
 141.21   70.18
 141.35  117.68
 141.36  134.97
 141.78   85.22
 142.54  156.92
 142.64  103.31
 143.88   93.66
 144.48   81.43
 146.06  131.78
 146.63  138.86
 146.67  160.15
 149.41   83.44
 149.53   94.20
 149.54  115.60
 149.88   99.80
 151.02   76.71
 151.21  151.45
 151.41  141.52
 153.62   48.83
 153.71  102.67
 153.76   61.38
 155.65  151.25
 155.88  131.05
 156.30  140.56
 156.54  123.49
 156.83   58.10
 156.98   52.12
 158.03  145.96
 158.89  120.50
 158.90   92.44
 159.56   54.77
 159.68   49.11
 160.04   83.37
 160.13   78.30
 160.27  134.89
 161.53  146.17
 161.62   62.32
 161.72   58.55
 161.80  126.75
 161.94   52.75
 162.53   47.23
 162.62   80.02
 162.91  141.85
 163.14   92.13
 163.55  107.90
 164.17   61.13
 164.67   49.76
 165.76   75.54
 165.84   78.75
 166.77  134.32
 167.24  138.02
 168.21   27.00
 168.32   89.78
 168.63   93.68
 168.94   79.81
 169.26  111.49
 169.27   75.23
 169.44  100.95
 172.26  116.45
 172.58  105.96
 172.68   95.90
 172.68  107.75
 172.72  144.50
 172.78  139.44
 172.84  136.06
 174.32   41.22
 174.50   85.90
 174.62  124.95
 175.65  151.94
 175.99   96.39
 176.72  128.51
 176.75  116.98
 177.82  108.95
 178.14  139.46
 179.13   69.67
 179.24   68.93
 179.73   35.90
 179.95   95.65
 180.64  139.47
 181.31   74.12
 181.58  131.22
 183.14   48.77
 183.51  113.91
 184.45  106.56
 185.73   48.66
 185.96   68.24
 186.49   60.17
 186.78  117.93
 188.02  148.08
 189.29  111.46
 191.01   45.25
 191.67  151.37
 191.69  147.96
 193.46   43.62
 193.81   77.84
 194.88   65.79
 195.00  128.27
 195.58   52.46
 195.87  173.91
 196.58  150.54
 196.71   52.40
 197.17    9.89
 197.54  170.73
 197.89   84.09
 198.83  125.81
 199.05  135.32
 200.93   61.35
 201.57  169.05
 202.10   52.10
 202.17   43.45
 202.68   11.94
 203.71   78.87
 204.84   86.64
 204.96  155.52
 205.67    8.18
 205.94  119.80
 205.96   57.04
 206.09   15.27
 206.75   32.52
 206.93   64.43
 207.07  139.76
 209.22  154.33
 209.29   43.29
 210.14  146.39
 210.48   30.27
 210.74  140.82
 210.82   38.35
 210.83   18.70
 211.23  113.01
 211.26   13.73
 211.35   45.56
 211.66  128.14
 212.16   32.84
 212.28  114.20
 212.54   41.57
 212.74  157.75
 213.05  105.89
 213.28  153.08
 213.38  120.91
 213.44  124.97
 213.81    9.94
 213.92   15.69
 213.98   48.73
 214.09  148.69
 214.36   80.08
 214.73  143.64
 215.87  104.37
 215.89   85.40
 215.91   28.49
 216.53  128.60
 216.53  123.85
 216.55   71.37
 216.86  129.05
 217.06  155.82
 217.10   90.82
 217.30   88.37
 217.32  159.73
 217.39   62.72
 217.78   37.61
 217.84   32.47
 219.45  101.69
 221.24  124.70
 221.26  157.22
 221.57   82.32
 221.74  148.25
 222.20   70.43
 222.33   35.59
 223.05   24.22
 223.10   98.05
 223.13  161.63
 224.10   56.23
 224.48   80.59
 224.89  101.53
 225.43  142.03
 226.04   40.10
 226.65  127.69
 226.83   75.94
 227.58  138.89
 227.61  104.95
 227.66   44.31
 227.69   69.54
 228.04   66.99
 228.38   95.07
 228.66  158.26
 229.00   34.82
 229.01   89.71
 229.05   71.71
 229.18   60.87
 230.05  107.84
 230.38  140.90
 230.39   53.47
 230.44  103.69
 230.77   99.26
 231.64   41.75
 231.73   82.49
 231.85   38.27
 232.48  146.24
 233.13  134.62
 233.42  138.13
 233.64   33.62
 233.72   94.65
 233.77   65.15
 235.42  129.04
 235.46   26.87
 235.50   56.77
 235.59   96.36
 236.01   74.77
 236.17   83.66
 236.52   30.02
 237.01   71.66
 238.16  130.20
 238.22  117.05
 238.49  130.24
 238.53   38.98
 239.00   33.57
 239.31   27.42
 239.39   89.09
 239.41  102.29
 239.46  124.19
 240.65   92.52
 241.08  139.35
 241.56  134.16
 241.99   29.60
 242.68  109.84
 243.13  120.26
 243.25   38.56
 243.66  124.97
 244.15  158.18
 244.62  140.28
 244.62   15.80
 244.76  207.05
 245.00   56.85
 245.38  204.05
 245.59  134.30
 245.93   93.67
 246.10  135.60
 247.41   33.35
 247.50   33.31
 248.50  125.90
 248.80  206.08
 249.67  103.48
 249.73  173.78
 249.76  174.05
 249.97   96.88
 250.20   61.90
 250.53  111.04
 250.82   34.72
 251.03  168.22
 251.67   70.45
 252.53   31.81
 252.64  163.50
 252.70  113.92
 252.70   14.58
 253.16  164.92
 253.70   79.65
 253.99  129.61
 254.20  106.00
 254.33   62.53
 254.43  139.57
 254.86   35.56
 255.10   68.06
 255.29  100.64
 255.82   32.86
 255.96   95.40
 256.49   13.06
 257.67  149.65
 257.82   37.41
 258.68  128.64
 258.96   66.88
 259.10  108.94
 259.34   20.73
 259.68   42.59
 259.77   50.05
 260.39   14.54
 261.50  100.78
 261.71  115.59
 262.20   78.55
 263.43  116.25
 264.34   75.22
 264.38   36.49
 264.67   82.59
 264.85   41.65
 265.87   30.70
 266.38   87.64
 266.82   18.50
 267.12  101.85
 267.64   12.34
 268.10  105.62
 268.58   30.77
 269.35   17.31
 269.54   91.50
 269.74   36.26
 269.82   20.99
 269.91   26.35
 271.31  105.46
 273.09   89.42
 273.29   89.71
 273.55   73.76
 273.57  102.99
 276.17   29.38
 277.89   12.87
 279.47   77.79
 281.92   18.78
 282.98   32.31
 283.72   81.29
 284.65   25.04
 284.71   10.96
