   9.24  106.65
  10.91   82.69
  11.47   86.83
  12.58   78.03
  13.06  124.06
  14.17  101.94
  14.46   80.01
  14.97  125.93
  15.07  172.53
  16.58   68.49
  17.72   61.48
  18.67   80.18
  19.34  112.49
  19.45   93.10
  19.73  172.21
  20.04   98.69
  20.52  126.97
  21.47   52.33
  21.88   42.82
  22.84   39.26
  22.86   73.00
  24.41  106.15
  24.61  110.22
  26.78  162.59
  27.51  196.44
  27.75   91.19
  27.89   52.09
  28.39   98.57
  28.73   35.87
  29.79   45.34
  30.12  111.34
  31.49   80.65
  32.21  160.51
  32.35   68.89
  33.47  177.36
  33.88  176.87
  34.04  195.54
  34.04   43.54
  34.15   52.78
  34.93  106.04
  34.98  174.07
  35.27  128.87
  35.29  110.95
  35.56   79.99
  36.79   83.49
  37.17  119.13
  37.89   60.83
  37.91   69.65
  39.47   64.50
  39.71   44.41
  40.38   53.75
  40.67   71.47
  41.64  133.85
  42.34  116.54
  42.72  110.25
  43.04   80.14
  43.31  165.51
  44.55   69.48
  44.71   88.18
  45.31  108.08
  47.50   55.71
  48.16  144.18
  48.35  205.02
  50.47   61.87
  50.74   96.46
  50.94   61.93
  50.98  124.50
  51.07  106.14
  51.16  117.66
  51.30  198.96
  52.78   55.55
  53.27   66.74
  53.40  208.25
  54.09  202.91
  54.16  198.11
  55.98   75.58
  57.49   73.19
  57.93  102.12
  58.01  194.00
  58.58   54.74
  58.88  170.46
  59.29  127.89
  59.54  108.58
  59.64   75.55
  59.77  161.08
  60.15  191.43
  60.83   96.56
  62.52  110.56
  62.73  141.02
  62.89  121.29
  64.60   56.07
  64.71   90.52
  64.83  115.87
  65.09  211.62
  65.29  105.64
  65.76  128.91
  66.42   67.27
  66.85   70.77
  67.07   71.32
  67.54  103.04
  69.27  103.68
  69.41   67.07
  69.55  114.21
  69.77  170.09
  69.91   53.62
  70.10   62.20
  71.01   74.08
  71.50   84.54
  72.04  166.74
  72.49  189.65
  72.59  116.38
  72.59  104.99
  72.85  157.53
  73.18  169.64
  73.66  115.10
  74.25   71.15
  74.68  114.85
  74.81   45.04
  74.88  119.05
  75.67  102.21
  75.93  189.27
  76.17  194.02
  77.31   61.15
  77.47  204.94
  77.48  193.38
  78.08  125.73
  78.46   49.77
  78.78   56.41
  78.95  191.07
  79.85  203.13
  81.80   40.97
  82.13   50.10
  82.18   80.17
  82.34   23.69
  82.42  101.23
  82.66  117.66
  82.67   34.90
  83.24  156.60
  83.29  149.84
  83.51  205.75
  83.60  124.26
  84.08  200.64
  84.14  154.37
  84.45  149.16
  85.28   73.56
  85.62   63.47
  85.64  196.54
  85.66  187.68
  86.45   52.95
  86.84   57.91
  87.12  103.61
  87.50  125.73
  87.60   69.29
  88.27  119.54
  88.72   80.13
  88.77  199.50
  90.44   99.82
  91.14   51.78
  91.89  163.30
  92.70   74.76
  94.06   65.16
  95.15  180.58
  95.24  133.21
  95.90   53.65
  95.96  159.36
  96.24   58.96
  96.25  185.81
  97.45  121.32
  97.49  112.27
  97.68  150.82
  98.94  122.27
  99.50  197.86
 100.05   80.28
 100.35  104.31
 100.50   26.48
 100.72   99.42
 100.84  102.02
 101.48  118.77
 102.25  116.16
 103.15   75.94
 103.17   65.00
 103.61   81.70
 104.11   68.29
 104.42   94.88
 104.91   27.28
 105.35   59.24
 105.56  151.20
 105.63  166.14
 105.88  178.95
 106.22   72.14
 106.78  118.47
 107.72   80.99
 108.15  140.69
 108.24  134.06
 109.42   52.79
 110.16  204.58
 110.98  123.69
 111.18  155.00
 111.42   65.06
 111.77  186.30
 112.89  115.31
 112.96  146.25
 113.04  148.30
 113.32  114.79
 113.67   60.23
 113.71   59.98
 114.53  173.74
 114.56  110.39
 114.80  178.59
 115.79   75.16
 115.80  191.60
 117.43  177.28
 117.95   97.10
 118.06  118.12
 118.12   69.16
 118.61  168.30
 119.26  154.41
 120.41   92.91
 121.33   80.62
 121.65  113.00
 122.06  114.28
 122.07   64.73
 122.11  113.98
 122.53  109.45
 122.82  154.37
 123.09  173.52
 123.59  187.98
 124.77  135.95
 125.13  134.03
 125.86   59.99
 125.98   74.85
 126.42  179.90
 127.07  141.85
 127.19   80.18
 127.41  160.84
 127.92  145.59
 128.80  203.53
 129.48  118.14
 129.67  172.31
 129.79  108.53
 130.25  188.58
 130.89  185.25
 131.96   80.53
 132.03  126.15
 132.31  118.12
 132.38   55.46
 132.38  175.14
 132.74  149.57
 134.37  167.41
 134.68  199.04
 134.76   66.66
 135.54   88.14
 135.77  153.85
 135.99   10.55
 136.07  168.90
 136.26   69.72
 136.52  107.54
 136.85   61.74
 137.10   13.42
 137.66  182.52
 137.87  120.73
 138.09   75.72
 138.65  113.28
 138.99   80.48
 140.39  207.14
 140.41  168.11
 140.46   99.67
 141.70  160.57
 141.88  121.03
 142.05   80.72
 142.07   75.61
 142.16  196.30
 142.23  211.59
 142.52   67.91
 142.69   20.40
 142.97  132.78
 143.80  174.71
 144.03  106.97
 145.22  165.06
 145.26  152.40
 145.27  138.28
 145.42  119.37
 146.44  104.72
 146.68   81.00
 147.07  190.83
 147.20  202.64
 147.67  207.38
 147.91   29.04
 148.09   21.87
 148.13  149.01
 148.18  141.47
 148.80  197.10
 148.87  155.91
 148.92   67.24
 149.03   14.05
 149.24   96.79
 149.42   39.80
 149.81  168.21
 150.16   63.53
 150.23  106.18
 150.30  163.82
 150.54  184.72
 151.30  209.66
 151.34   62.98
 151.88   76.42
 152.16   23.91
 152.28  108.93
 152.54   94.14
 153.40  129.93
 153.68  112.53
 153.80  144.29
 154.03   41.18
 154.26  182.43
 154.38  192.73
 154.86  115.01
 155.20  105.60
 155.41  147.62
 156.39  161.20
 156.49   85.74
 156.72   53.17
 156.95   61.83
 157.02   64.30
 157.36   94.06
 157.41  206.05
 157.70  210.60
 157.78  155.47
 158.00  108.61
 158.50   39.50
 158.59  186.92
 159.17   68.40
 159.21  133.26
 159.27  133.15
 159.88  119.01
 160.52  114.96
 160.72  174.44
 160.73  105.52
 161.08   11.07
 161.13   24.55
 161.46  159.27
 161.51   76.62
 161.54   64.58
 161.74   40.21
 162.30   94.28
 162.79  108.28
 163.59  137.53
 163.67   21.58
 163.84   46.85
 163.86  155.14
 164.22  122.15
 164.30  141.68
 165.05   12.58
 165.06   75.72
 165.43   56.04
 165.66   98.58
 165.91  111.09
 166.40  104.34
 166.62  182.76
 166.72  200.40
 166.88  185.14
 167.02   41.40
 167.24   70.08
 167.33  156.88
 167.56   94.24
 167.95  131.30
 167.98  128.49
 168.07  148.80
 168.45   12.20
 168.69   66.11
 169.61   75.88
 169.88   72.41
 169.98   54.98
 170.56  193.77
 170.97   97.08
 171.28   33.27
 171.75  109.93
 171.94  155.00
 172.47  136.83
 172.48  161.27
 172.55  202.15
 172.57   93.51
 172.97  196.34
 173.42   40.55
 174.89  150.08
 174.96  105.74
 175.13   34.30
 175.72   96.69
 176.01   76.88
 177.02  182.71
 177.21  152.86
 177.24  173.85
 177.25   85.44
 177.27   12.61
 177.94  193.19
 178.09   22.56
 178.13   44.21
 178.64   41.04
 178.75  186.52
 179.67  148.85
 179.82   18.22
 180.03   96.79
 181.17   92.99
 181.76   31.53
 181.79  155.73
 182.15   70.05
 182.31   14.95
 182.85   35.42
 182.90  166.16
 182.90   90.39
 183.13   67.02
 183.57   72.82
 183.69   95.49
 184.23  149.95
 184.62   77.28
 184.66   42.05
 185.30  192.30
 185.67   92.64
 185.87  181.56
 186.18   58.87
 186.70  187.22
 187.11   25.33
 187.63   65.36
 187.70  212.78
 188.55   37.59
 189.27  155.54
 190.24   47.11
 190.28   18.90
 190.46   23.09
 190.56  147.23
 190.67  184.91
 190.75   96.10
 191.34  173.92
 191.35  189.80
 192.30  157.70
 193.36   35.58
 193.86  190.17
 193.95  170.53
 194.01   97.90
 194.72  182.24
 195.70  160.52
 195.76   77.49
 195.96   45.51
 196.07  159.57
 196.09   25.23
 196.34  158.58
 196.49  113.96
 196.71  117.89
 196.92   48.65
 197.78   14.67
 197.87  144.30
 198.25  174.71
 198.50  179.53
 198.64  185.05
 198.86  162.93
 199.05  158.09
 199.93   91.63
 200.63   41.98
 200.92   49.76
 202.14  177.21
 203.06   60.27
 203.43  203.39
 203.59   34.05
 203.65   32.58
 203.77   42.94
 204.26  169.00
 204.34   74.61
 204.63  141.10
 205.87  185.99
 206.13  154.91
 206.56  160.76
 206.94  151.49
 207.54   55.98
 207.58  110.25
 207.90  104.36
 208.04  139.45
 208.13   51.74
 208.53  142.54
 210.30   41.20
 210.49   61.14
 211.86  175.97
 213.44  137.50
 213.80  151.46
 213.84  199.42
 214.31  110.93
 216.01  190.57
 216.26  136.10
 216.36  159.18
 216.78   43.09
 217.11   51.52
 217.70    7.68
 218.15  115.05
 218.62   94.85
 218.77  176.99
 219.02  186.88
 219.47  186.04
 219.61   76.68
 219.79   53.61
 220.11   26.84
 220.30   44.81
 220.55    9.51
 221.52   21.93
 221.62  159.34
 222.40  187.54
 222.79   20.81
 223.21   94.22
 223.33  196.66
 223.74   64.12
 223.93  189.61
 224.11  166.45
 224.22   74.88
 224.55   46.00
 224.59   64.37
 224.92  132.78
 225.62  157.34
 225.71   42.39
 225.97   42.08
 226.55   35.55
 226.83  200.41
 228.36  190.03
 228.85  100.65
 229.22   45.23
 229.58  177.33
 229.74  167.67
 229.99   46.93
 230.02   64.99
 230.48   93.18
 231.27   36.79
 231.79   29.84
 231.97  153.68
 232.15  185.62
 232.45   57.54
 232.64  178.66
 232.91  187.49
 233.56  210.50
 233.61   61.16
 233.88   45.57
 233.92   14.94
 234.02  137.79
 234.71  153.04
 235.73  114.17
 235.89   28.31
 236.11   36.41
 236.24  190.90
 236.56  157.83
 236.59  156.51
 236.83   66.13
 237.98   92.39
 238.53   50.91
 239.76   22.50
 239.79  158.89
 240.04  142.85
 240.32   42.02
 240.92    8.25
 241.06   86.57
 241.13  188.02
 241.26  209.52
 241.60  147.41
 241.61   26.66
 242.42  181.81
 242.63   20.60
 242.67   92.36
 242.97   92.29
 243.17  177.98
 243.54   40.38
 243.86   60.25
 243.91  186.72
 244.01   49.33
 244.76   22.08
 245.84   76.43
 246.02   32.86
 246.68   41.54
 247.05  110.24
 247.11  110.44
 247.48  179.83
 247.67   87.30
 247.74   87.25
 247.88  134.50
 248.25   68.03
 248.32  150.70
 248.64  127.73
 249.07   92.58
 249.07   75.36
 249.30   24.59
 249.76  145.52
 249.84   73.07
 250.50   66.52
 250.60  121.72
 250.79   79.33
 250.83   55.55
 250.85  158.22
 250.89   98.17
 251.03   35.12
 251.28  175.44
 252.17  143.29
 252.62  131.10
 252.73  124.72
 253.01   26.92
 253.30  184.35
 253.73   92.48
 254.37   13.72
 254.65   40.25
 254.83  103.69
 255.65   98.71
 255.85  173.59
 256.13   29.04
 256.15  112.91
 256.43  157.59
 257.03    8.91
 257.26  140.46
 257.30  185.99
 257.99   66.51
 258.19   17.55
 258.43   51.11
 258.79  158.82
 258.79   86.83
 259.38   74.27
 259.66   55.38
 259.67   34.59
 260.08   45.90
 260.36  130.25
 260.57   97.71
 260.77  121.10
 261.08    7.61
 261.16   56.50
 261.21   51.15
 261.22  123.74
 261.52   32.45
 261.75   38.08
 261.90   23.95
 262.95   72.65
 263.67  151.05
 264.03  120.11
 264.55  165.73
 264.57  129.79
 264.59  141.29
 265.02  173.41
 265.15   45.36
 265.41  126.53
 265.72  118.74
 266.24  165.61
 266.47   27.04
 267.26  101.87
 267.27  172.76
 267.39  152.45
 267.39  106.85
 267.53  128.61
 267.89   33.81
 267.99  145.46
 268.59   61.55
 268.75  124.37
 268.85   23.85
 269.17  112.08
 269.35  106.25
 269.42  170.88
 269.54   42.41
 269.54  106.18
 269.69   54.99
 270.38  138.77
 270.99   26.86
 271.85  144.22
 271.89   66.59
 272.04   30.65
 272.12  150.38
 273.09  135.89
 273.53  119.93
 273.70  125.43
 273.94   88.22
 274.75   62.20
 275.36   50.45
 275.54   55.35
 275.71  139.05
 275.91  162.73
 275.92  135.01
 276.79  157.91
 276.93  144.16
 279.42  102.53
 279.44  121.46
 279.55  153.26
 279.66  130.64
 279.97   33.88
 280.78  124.75
