  10.39  107.28
  11.02  118.44
  11.02  115.24
  11.38  153.16
  13.23  107.93
  15.17  100.49
  16.02  113.77
  16.06  126.95
  16.47  100.08
  16.58  129.49
  17.27   73.09
  18.89   69.81
  19.46  131.85
  20.30  123.00
  20.71  110.67
  22.16  129.70
  22.26   94.26
  22.32  140.08
  22.92   89.52
  22.95   64.93
  23.10   60.98
  23.29   99.70
  23.46   99.54
  23.74  147.55
  24.45   75.48
  25.64  137.76
  26.18  130.34
  26.23  166.26
  26.67   68.98
  27.13  156.31
  27.51   95.56
  27.60   98.87
  27.86  122.39
  28.71  175.91
  28.90  103.09
  29.45   81.55
  29.83  145.30
  29.87  122.72
  30.67   79.04
  30.97  154.87
  31.14  132.36
  31.88  126.93
  32.47   65.22
  35.72  170.79
  36.39   98.79
  36.43   60.99
  36.47  167.14
  36.84  127.14
  37.19  131.65
  37.48   88.44
  37.85  141.98
  38.01  114.95
  39.37  135.70
  39.37  105.23
  39.51  160.60
  40.20  107.85
  41.29  133.90
  41.88  157.17
  41.97  168.32
  42.70  100.08
  42.95   81.93
  43.65  126.62
  44.15  179.40
  45.01  158.60
  45.33   92.56
  45.40  117.40
  46.09  169.47
  46.14   56.35
  46.41  120.24
  46.50  130.70
  46.54   47.46
  46.90   97.61
  46.93  175.35
  47.03  119.39
  47.08  123.47
  47.66  122.61
  48.36  139.40
  49.15   46.01
  49.49  105.56
  49.72   49.56
  50.37   52.25
  50.72   70.73
  50.97  133.30
  51.03   99.35
  51.31  153.78
  52.03  172.36
  52.33   94.39
  53.64  131.19
  53.75   79.07
  53.79  115.33
  54.52  155.19
  54.64  127.00
  54.73  104.25
  54.81  151.11
  54.89   85.53
  55.18   98.96
  55.47  114.65
  55.54  118.63
  55.78  170.00
  55.87   75.72
  55.89  107.46
  56.21  129.83
  56.64  146.17
  57.31  127.47
  58.07   50.40
  58.93  105.52
  58.96  143.07
  59.19  162.83
  60.03  184.01
  60.75  138.75
  61.04  199.07
  61.11  102.58
  61.50  171.01
  61.79   87.70
  62.12   92.74
  63.06   96.85
  63.68  106.33
  63.70   82.62
  64.74  136.70
  65.21  102.31
  66.05  162.75
  66.59   84.85
  67.42   69.48
  67.51  140.98
  67.64  184.45
  67.80  188.45
  67.92  144.56
  68.51  127.85
  69.27  168.19
  69.48  137.81
  70.91  184.02
  70.95  143.97
  71.28   77.92
  71.33  162.82
  71.34  116.74
  71.50   96.27
  72.14  153.20
  72.25  132.96
  72.45  121.10
  72.54  170.37
  72.74   60.90
  72.79   90.89
  73.21  169.73
  73.97  184.92
  74.13  110.10
  74.31  178.12
  74.78  178.30
  74.96  124.58
  76.71  111.49
  76.85  145.72
  77.10   95.84
  77.24  140.49
  77.26   86.71
  77.41  200.87
  77.48   69.61
  77.92  128.90
  78.26  197.67
  78.91   90.54
  78.99  100.09
  79.02  173.79
  79.20   80.37
  79.32   76.98
  79.33  142.50
  79.71  129.12
  80.10  138.53
  80.67  204.13
  80.77  162.79
  80.89   74.04
  81.38  134.06
  81.67   64.71
  81.71  121.98
  82.08  156.43
  82.85   83.20
  83.34   96.24
  83.44   86.89
  84.29  107.55
  84.42  126.21
  84.43  119.14
  85.70  140.07
  85.85  110.45
  86.61   75.87
  87.31   68.20
  87.59  181.42
  87.68  210.10
  87.72   98.57
  87.93   84.72
  88.23  200.68
  88.75   59.66
  89.24  143.05
  89.99  134.69
  91.10  180.55
  91.15   93.27
  91.32  101.48
  91.62  105.33
  91.69   66.77
  92.08  210.09
  92.32  173.25
  92.40  117.84
  92.76  173.53
  92.79  128.22
  93.42   78.68
  93.48  168.12
  93.63   87.15
  94.22  161.35
  94.24  197.47
  95.64   82.67
  95.73  208.48
  95.86  172.87
  96.12   79.90
  96.51   75.67
  96.61  183.46
  97.72  119.22
  98.06  106.94
  99.09  136.27
  99.15   89.25
  99.71  137.27
 100.26   77.57
 100.43  201.88
 100.91  185.84
 101.39  150.38
 101.91   82.72
 101.98  134.00
 104.13  129.06
 104.64  120.03
 104.82  173.02
 104.82   70.24
 104.85  105.69
 104.87  139.54
 104.88  157.47
 105.17   74.46
 105.45   73.21
 105.54  151.90
 106.95   85.35
 107.04  190.66
 107.36  154.71
 107.71  161.53
 107.73  147.91
 107.89  123.11
 107.95  167.22
 108.26  135.63
 109.83  174.37
 109.96   86.92
 110.26   94.16
 110.29  138.58
 111.23   81.84
 111.25  182.69
 111.78  158.58
 111.95  171.74
 112.10   74.67
 112.14  106.69
 112.56  193.67
 112.87   67.78
 112.88  174.82
 114.10  186.51
 115.40  109.73
 115.47  100.13
 115.59   87.65
 116.29  193.72
 116.37  130.74
 116.38  201.75
 116.41  111.11
 116.94  125.34
 116.94  169.96
 116.97  132.59
 117.18   93.85
 117.40  149.33
 117.53   83.80
 117.68  174.95
 118.33  146.23
 118.50  137.95
 118.77   66.63
 119.39  201.15
 120.12  184.05
 120.18  109.12
 120.57  205.34
 121.09  211.94
 121.25  135.33
 121.26  142.25
 121.82   95.05
 121.99  180.76
 122.39  163.14
 122.43  157.42
 123.11  150.97
 124.19  118.12
 125.04  106.19
 125.11  139.82
 125.19  130.07
 125.69   89.50
 126.07  200.85
 126.52   95.30
 127.05  109.61
 127.18  149.79
 127.48  124.53
 127.66  175.22
 127.84  144.35
 127.91   98.37
 128.67  209.74
 129.74  128.85
 130.03   73.78
 130.89   99.76
 130.94  171.34
 131.17  174.91
 131.59   53.61
 131.60   94.18
 131.83  111.31
 132.02  123.71
 132.48  186.55
 132.97  134.17
 133.25  153.43
 133.50  122.22
 133.60   78.85
 133.96  200.99
 134.07  146.18
 134.40  129.56
 134.93  164.41
 135.15   52.68
 135.34  116.06
 135.46   84.12
 135.62   69.71
 135.99  173.57
 136.09  158.67
 136.88  100.16
 137.01   93.43
 137.33   20.26
 137.91  119.71
 139.11  173.91
 139.23   72.14
 139.52  203.83
 139.59   85.43
 139.81  195.01
 139.88  178.11
 139.89  130.05
 139.94  152.95
 140.91  166.53
 141.84  187.19
 141.93   20.86
 142.61   72.11
 142.63   83.69
 142.68   86.27
 142.73  148.83
 143.23   96.87
 143.24  154.94
 143.41   57.70
 144.72   74.71
 145.52  161.55
 145.69  168.45
 145.87   93.30
 146.24   70.38
 146.54  195.69
 146.55  128.53
 149.01  209.49
 149.15   19.75
 149.37  189.49
 149.49   99.25
 149.49   68.04
 149.61  193.75
 149.68  154.89
 149.75  110.36
 149.85   75.16
 149.86  171.59
 149.96  126.64
 150.04  201.73
 150.25  149.06
 150.53  139.85
 150.61  179.08
 150.67  146.01
 151.01  134.25
 151.58  118.27
 151.64  123.44
 151.73   94.64
 151.98  129.13
 152.28  154.22
 152.76  149.80
 152.88   98.73
 153.34   90.10
 153.57   71.94
 153.86  206.87
 154.38   60.26
 154.47  115.89
 154.56   81.83
 155.07  181.45
 155.20  166.10
 155.22  191.85
 155.48  159.15
 155.96  197.31
 156.02   63.91
 156.22  110.43
 156.37  178.15
 156.62  130.50
 156.77  118.14
 158.03   71.93
 158.22  173.04
 158.27  131.67
 158.51  143.51
 159.07  208.00
 160.35  204.72
 160.40  148.65
 160.92  182.64
 160.95  163.08
 161.08  168.09
 161.10  165.02
 161.27  200.78
 161.33  117.90
 161.40  194.43
 161.56  156.01
 161.72  151.86
 162.44  140.80
 162.46  145.03
 162.77   75.05
 162.87  110.23
 163.32  178.31
 163.81  207.33
 163.86   62.92
 164.55  195.63
 164.57  199.55
 164.99  132.66
 165.36  149.30
 165.63   90.30
 165.95  203.71
 166.00  185.12
 166.45  174.72
 166.63   94.12
 166.87   79.27
 167.27  187.71
 167.83  130.03
 167.90  197.47
 168.55  162.90
 169.10  139.80
 169.12  146.97
 169.18   89.72
 169.20  180.14
 169.40  205.70
 169.92  111.45
 170.22  133.19
 170.46  106.95
 170.59   76.79
 171.38   71.07
 171.58   84.52
 171.75  147.10
 171.76   95.17
 171.77  122.42
 171.79  159.91
 171.87  122.37
 171.87  158.83
 172.07  167.05
 172.34  175.68
 172.58  116.92
 172.69  129.97
 173.10  113.86
 173.43  151.94
 173.57   98.39
 174.00  212.87
 174.18  183.76
 174.56   77.60
 174.56  178.39
 174.82  163.53
 175.02  209.39
 175.20  143.43
 175.63   88.10
 175.94  210.05
 175.98  173.20
 176.10  154.72
 176.23  116.75
 176.75  105.77
 176.93  108.56
 176.99  112.96
 177.05   94.67
 177.83   98.20
 178.34   69.95
 178.34  148.89
 178.40  134.02
 178.64   63.38
 179.26  173.92
 179.60   81.01
 180.42  110.84
 180.47  152.87
 180.70  167.46
 180.80   40.95
 181.27   84.10
 182.48  176.07
 182.85  101.29
 183.55   88.32
 183.72   61.82
 184.61   42.50
 185.91  170.03
 186.46  152.98
 186.96  131.85
 186.97  144.53
 187.03  183.08
 187.16  211.75
 187.23  148.78
 187.38  178.99
 187.49  116.25
 187.50  174.00
 188.35  131.02
 188.71   39.15
 190.44  172.20
 190.51   61.81
 190.69  103.88
 190.70  143.98
 190.90   79.03
 192.23  152.01
 192.79  129.41
 192.86  111.97
 193.32  148.51
 193.60  140.47
 195.99  143.63
 196.78  120.25
 197.45   65.99
 197.56   91.83
 197.61   40.24
 199.93  128.12
 200.62   95.98
 200.88   87.18
 201.58  103.02
 201.64   72.89
 201.95   99.63
 201.98   64.15
 202.09  114.12
 204.54  124.20
 205.70   89.56
 205.76  185.24
 205.88   95.85
 205.98  115.48
 206.16  169.99
 206.30  100.15
 206.39  202.80
 206.62   66.84
 206.96   38.45
 207.06  150.82
 207.22  169.44
 207.43  104.88
 208.40  110.29
 209.05  124.43
 209.87  179.15
 210.01  165.97
 210.78   67.70
 210.90  159.95
 211.35   37.74
 211.42  153.92
 211.96  185.88
 213.17   88.39
 213.24   81.02
 213.24   80.87
 213.59  126.77
 214.22  113.53
 214.63   84.62
 214.70   68.94
 215.00   99.88
 215.12  199.10
 216.14   59.60
 216.41  162.98
 216.96  148.31
 217.47   87.34
 217.73  135.16
 217.85  116.08
 218.22   68.03
 218.42   79.15
 218.75  161.70
 218.78  103.46
 219.22   75.18
 220.11   92.77
 221.69  124.51
 222.01  110.99
 222.10  104.96
 222.14   77.44
 222.61  119.28
 223.36   96.87
 223.90  153.27
 224.13   92.98
 224.97  183.09
 225.80   63.96
 225.85  118.29
 225.99  124.38
 226.77  111.75
 227.42  104.85
 227.75  121.53
 228.40   66.27
 228.57   92.74
 229.00   85.56
 229.27  120.48
 230.25   77.24
 230.67  132.27
 230.75   90.39
 231.73   99.16
 232.65  112.06
 233.17  144.92
 233.23  133.57
 233.82   30.10
 233.85   96.24
 234.29  186.46
 234.33  103.80
 234.75  206.19
 234.76  129.22
 235.39  142.38
 235.50  150.48
 235.76   94.72
 235.77   99.64
 236.09  108.10
 236.60  136.41
 236.72  103.64
 236.77  116.17
 237.70   86.22
 237.79   96.26
 238.67  128.53
 239.49  207.62
 239.74  143.31
 240.32  133.37
 240.77  138.00
 240.83   79.78
 241.38  144.03
 241.85   99.40
 242.11   76.10
 242.28  125.35
 243.43   85.95
 245.02  116.90
 245.13   99.49
 245.27   91.64
 245.50   96.93
 245.71  123.36
 246.20  126.17
 246.23   25.15
 246.30   75.15
 246.32  141.81
 246.43   28.04
 246.45   79.92
 246.87  135.13
 247.30  168.16
 247.87   30.92
 248.20  149.89
 248.51  110.11
 248.96  103.91
 249.08   85.25
 249.46  158.33
 250.42   76.43
 251.09  136.21
 251.26  121.13
 251.45  132.96
 251.66  117.66
 251.71   95.02
 251.76  190.63
 251.81   89.67
 252.19  211.54
 252.60   70.57
 252.99  102.40
 253.01  126.79
 253.03  129.31
 253.13  110.01
 254.77  115.59
 255.05  133.69
 255.59   68.91
 257.73   95.66
 257.73  109.10
 258.70  117.73
 259.06   68.71
 261.07   78.73
 261.08  192.08
 261.19  154.96
 262.55   67.96
 264.84  212.42
 264.98  191.38
 265.11  170.06
 265.52   64.82
 268.36  151.78
 268.49  206.89
 269.02  203.90
 269.40   67.29
 270.53  183.80
 270.73  137.89
 271.81  159.52
 272.26  161.59
 273.39   76.90
 273.45   91.46
 273.60  135.63
 273.90  134.64
 274.72  107.52
 274.97  123.28
 275.15  163.48
 276.70   83.90
 276.75   80.97
 277.06  157.76
 277.55  119.80
 278.71  131.05
 282.91  180.16
 283.01  200.97
 283.09   73.52
 283.27  176.40
 283.39   91.30
 283.72  138.53
 283.78  195.98
 283.97  160.69
 284.45  164.54
 284.57   84.78
 285.05  101.52
 286.29   73.32
 286.39   89.34
 286.49  130.73
