   7.21  116.57
   8.42  126.62
   9.39  157.30
  10.29   59.12
  11.02  171.34
  11.42   86.88
  11.67   80.75
  11.85   93.97
  11.91   74.74
  13.09   36.21
  13.59  166.58
  13.88  159.37
  14.39   95.94
  16.32   33.71
  16.71  121.06
  17.06   53.91
  17.79   59.95
  18.29   87.37
  18.65  118.54
  19.64  134.71
  19.82    9.90
  20.32   19.20
  20.39   50.49
  20.87   64.73
  20.95   72.55
  23.02   55.41
  23.02  154.48
  23.02  145.52
  23.52   42.27
  23.93   65.29
  25.25   80.46
  25.89  113.41
  25.95   54.66
  26.47   49.64
  27.11  142.30
  27.71  151.62
  28.66  186.85
  28.90  148.01
  29.24  135.86
  29.36   54.39
  30.59   47.05
  31.61  178.37
  32.06   77.97
  32.59  196.67
  32.81  167.01
  33.92  127.31
  34.03  165.20
  34.23  145.96
  34.27  146.03
  34.60   46.96
  34.91   62.35
  34.98  113.84
  35.70  179.49
  36.23   35.34
  37.03   59.31
  37.29  122.98
  37.96   78.29
  38.28   44.73
  38.46  166.87
  39.60   57.21
  39.86  163.11
  40.24   93.98
  41.58  148.83
  42.19  148.90
  42.80   54.34
  43.46  160.85
  44.47  123.52
  44.48   49.61
  46.39  135.32
  46.62   55.90
  46.73  151.60
  47.15   46.65
  47.40  141.07
  47.52  200.50
  47.60  145.98
  47.62  159.89
  48.67  113.69
  49.33   13.46
  49.36  206.76
  51.31  117.54
  51.62  150.56
  52.03   60.42
  52.32   83.69
  52.52  156.92
  54.24  150.07
  54.78   79.99
  54.79  133.04
  54.79   79.59
  55.13  170.08
  55.14  160.56
  55.17  148.41
  55.62  127.04
  55.99   31.65
  56.38  198.48
  56.39  183.46
  56.98   39.69
  57.01  203.55
  57.46   74.21
  57.48  111.60
  58.10   84.39
  59.16  201.65
  59.41  193.53
  60.21  175.73
  60.88  153.92
  61.05   88.58
  61.91   73.27
  62.13  196.63
  62.31  135.43
  62.73   57.40
  62.76   17.80
  63.04   62.29
  63.50  174.12
  63.69  154.68
  63.97  161.49
  64.14   99.28
  64.15   84.39
  65.47  129.78
  65.99  140.56
  66.50  152.19
  67.20   96.45
  67.41  187.60
  67.42  179.49
  67.65  174.07
  67.83   79.00
  68.02  191.35
  68.43  183.22
  69.86  172.89
  70.00  132.69
  70.74  156.47
  71.14   58.93
  71.25   43.44
  71.86  178.39
  71.98   96.15
  72.92   21.59
  73.39   83.80
  73.66  114.06
  74.41  133.68
  74.94  165.37
  75.39  136.94
  76.35  191.17
  76.39   56.83
  76.42  201.71
  76.48  174.12
  76.59  182.04
  76.72  178.90
  76.87  170.08
  76.95   46.42
  77.13  186.67
  77.39  147.21
  77.80  196.86
  78.26   16.48
  79.38   71.08
  79.63   22.21
  80.05  146.84
  80.28  168.99
  80.48  190.55
  80.49   96.76
  80.76  135.74
  80.83  186.81
  80.90   62.97
  80.99  161.24
  81.10  139.25
  81.34  178.21
  81.86  156.96
  84.20  164.72
  84.51  196.74
  84.57   41.59
  84.62  182.37
  84.65  157.90
  84.89   92.59
  85.52  177.54
  85.88  187.00
  85.93  205.02
  87.03  107.71
  87.62   96.90
  88.34   35.63
  88.35  129.34
  88.56   81.77
  89.08  201.85
  89.13  125.14
  89.22  201.63
  89.51   87.05
  89.58  186.14
  89.60  169.66
  89.79  154.53
  90.21  101.29
  90.46  207.17
  90.89   52.76
  90.89  159.82
  91.07   95.00
  91.37  171.93
  91.55   26.48
  91.63   26.92
  91.77  165.66
  91.80  151.75
  92.16  105.50
  92.31   79.91
  92.40  204.05
  93.46  186.35
  93.71  177.32
  93.73  125.13
  94.00   79.92
  94.14   96.85
  94.53  113.98
  95.58  107.90
  95.71  145.54
  95.71   52.62
  95.91  150.66
  96.00   34.93
  96.02  100.98
  96.51  168.15
  97.48  202.52
  97.77  170.46
  98.05  181.94
  98.84  155.71
  98.97  126.51
 100.73  186.36
 101.15   83.69
 101.16  176.12
 101.16  101.84
 102.33   77.59
 102.53  106.49
 103.58  148.40
 103.63  207.10
 103.74   42.00
 103.97   31.96
 104.05   96.68
 104.16  152.41
 104.51  129.02
 104.63  135.16
 105.66   78.57
 105.96   71.77
 106.01   39.15
 106.21   74.89
 107.66  167.98
 107.72  177.52
 107.91   91.88
 108.62  109.85
 108.63  199.53
 109.12   74.04
 109.18   65.22
 109.52  208.63
 109.84  123.40
 110.17   83.18
 110.33  151.99
 110.76  169.70
 111.36  163.15
 111.42  178.09
 111.65  129.22
 111.87   39.62
 114.45   66.67
 114.99   44.67
 115.32   25.51
 115.53   75.53
 116.00   84.95
 119.40   60.30
 119.57   66.35
 119.70  165.82
 119.71  142.31
 119.92   86.66
 120.12  105.84
 120.63   26.08
 121.82   24.26
 123.41   87.55
 123.85   99.84
 123.87   41.18
 124.53   52.61
 126.82   87.87
 126.97  111.98
 127.21  209.47
 127.29  209.36
 127.98  169.06
 128.77  129.70
 129.75  143.14
 130.34   79.98
 130.48  122.73
 131.53  193.59
 132.20  165.87
 132.49  186.11
 135.91  188.67
 137.57  211.64
 137.73  164.97
 138.41   81.67
 138.46  171.84
 138.48   41.17
 138.96  176.36
 140.15  137.06
 140.25  212.80
 140.50  209.09
 140.67  133.10
 141.25  147.30
 141.68   31.44
 141.92  195.40
 142.63  126.26
 143.06  177.73
 143.09  170.15
 143.64   82.89
 143.95   77.62
 144.35  103.35
 144.75  173.68
 145.09  155.07
 145.26  133.29
 145.31  128.89
 145.50   33.42
 145.55   98.29
 145.69   37.62
 146.02  212.29
 146.28  199.37
 146.82   51.92
 146.96  191.71
 147.12  100.99
 147.23   80.49
 148.22   76.55
 148.51   26.49
 149.49  174.35
 149.85  132.70
 150.13  100.19
 150.44  105.43
 150.69  184.74
 151.14   71.70
 151.41  112.98
 151.67  123.07
 151.80   15.02
 152.50   11.64
 152.60  135.83
 153.15  208.55
 153.17  205.27
 153.37   40.92
 153.60   33.44
 153.79  172.13
 154.31    9.30
 154.47  174.89
 154.94  100.45
 155.04  155.43
 155.29  143.08
 155.49  168.57
 155.91   95.94
 156.05  106.24
 157.49   32.21
 158.34  172.89
 159.05  135.45
 159.46   95.97
 159.68   80.88
 159.90  205.02
 160.70  152.90
 160.76  107.66
 161.41  126.99
 161.45  164.15
 162.21   44.04
 162.72   33.86
 163.18   24.43
 163.20   16.03
 163.25  173.80
 163.98   51.09
 164.26  159.23
 164.72  128.31
 165.12  108.97
 165.37   36.52
 166.16  204.90
 166.21   91.57
 167.28  117.56
 167.31  136.78
 170.02   69.34
 170.46  197.87
 171.37  193.46
 171.65  189.21
 172.17  150.47
 172.66  167.61
 175.79  189.65
 176.21   40.17
 176.25   74.78
 176.38   57.52
 176.59   48.05
 176.89  111.47
 177.44   84.44
 177.55  176.19
 177.78   98.90
 178.14   91.60
 178.54  191.95
 178.96  102.46
 179.37  157.89
 179.42  119.67
 179.44  206.38
 179.76  124.59
 179.84   67.35
 179.94   31.87
 180.22  124.84
 180.36  209.70
 180.80   45.32
 180.83  136.82
 180.83  134.22
 180.88   78.45
 181.04   35.13
 181.74   99.81
 182.27  143.53
 182.41  114.47
 182.46  191.16
 182.51   92.76
 182.62  110.76
 182.67  168.89
 183.11  206.43
 183.34  193.54
 183.64   22.38
 183.70  154.63
 184.12   40.66
 184.82  105.10
 184.84   34.84
 185.30   93.65
 185.48  183.33
 186.22  121.28
 186.43   30.57
 186.45  127.67
 186.70  136.76
 186.77  114.63
 186.92  177.28
 186.95   38.48
 187.08   44.77
 187.29   74.10
 187.42   51.36
 188.38  102.88
 188.53   11.50
 188.92   69.60
 188.93   48.00
 189.01  116.53
 189.41   31.02
 189.61  128.33
 189.62   41.71
 190.09   63.96
 191.13  134.95
 192.90  178.56
 193.15  182.83
 194.58  112.78
 196.53  202.20
 197.32  147.92
 197.68  179.24
 197.82  179.23
 197.90  155.98
 198.06  101.96
 198.14   72.02
 198.82  120.11
 198.89   77.10
 200.10   38.66
 200.44   55.46
 200.70   87.06
 200.78   93.46
 201.25   63.70
 201.39  187.75
 201.41  174.72
 201.65  126.75
 202.27   67.35
 203.76   41.69
 203.85  177.44
 204.32   77.08
 204.42   52.80
 204.46  183.22
 204.68   47.87
 204.81   29.85
 205.05   90.28
 205.52   58.84
 205.84   95.15
 205.91  173.04
 206.09  162.32
 206.55  113.09
 207.39  155.17
 207.91   49.37
 208.95   89.50
 209.02  190.03
 209.13   64.70
 209.55  172.86
 209.57   31.06
 209.70  184.51
 210.01   71.55
 210.32   35.47
 210.73  162.05
 211.00   78.67
 211.04   54.93
 211.07   62.09
 211.14  116.66
 211.83  144.27
 212.28   97.77
 212.37  123.47
 212.38  195.98
 212.56   69.27
 212.63   27.78
 213.04  167.20
 213.07  177.55
 213.84  158.85
 213.99  188.29
 214.18  119.86
 214.33  126.08
 215.24  188.61
 215.57   74.08
 215.94  162.44
 216.04  173.25
 216.61  116.42
 216.76  123.65
 217.04  127.56
 217.05  182.05
 217.10   90.25
 217.11  192.26
 217.14  197.85
 217.50  198.12
 220.02   66.75
 220.42  123.41
 220.47   88.62
 221.09  100.67
 221.14  179.00
 221.94  196.68
 235.35  137.02
 235.61  132.59
 237.78   95.11
 238.09  102.15
