   7.91  115.94
   8.55  153.54
   8.89   11.12
   8.95   29.95
   9.47  145.02
  11.66  119.18
  11.87   10.33
  12.62  104.12
  12.63  173.14
  13.27  143.34
  13.47   70.05
  14.86   40.46
  14.98  151.26
  15.15   33.43
  15.21   11.39
  16.75   36.51
  17.05  104.59
  17.51  142.08
  17.69  186.91
  18.09  142.45
  18.74  113.00
  18.88  109.12
  18.93  135.84
  19.06  180.63
  19.40  129.23
  20.27   34.07
  20.41  173.55
  20.45   14.92
  21.27  151.60
  21.27   43.69
  21.73  113.27
  21.82   60.32
  23.02  203.18
  23.13   84.57
  23.17   18.43
  23.49  192.99
  23.95  143.31
  23.95   42.45
  24.15  120.31
  24.52   37.89
  24.54   50.89
  24.84   87.33
  25.34   54.53
  25.55  152.65
  25.89  101.64
  26.51  114.30
  26.91   75.57
  26.92  133.48
  28.75   73.01
  29.04  119.54
  29.58  151.88
  29.76  197.26
  29.91  125.06
  29.99   54.92
  30.23   54.72
  30.46  130.16
  31.30   58.22
  33.05  150.75
  33.71  206.95
  33.97  101.18
  34.34   93.94
  34.50   94.18
  34.82  121.12
  35.05   97.08
  35.27   70.47
  36.24  204.98
  36.35  212.30
  37.27   36.39
  37.72   46.36
  37.94  145.56
  38.41   64.55
  38.47   62.14
  38.48   20.15
  38.82  150.68
  40.27  153.58
  40.74  179.08
  40.82  115.85
  40.86   36.58
  41.09   71.54
  41.89  126.61
  43.46   50.48
  43.81   23.85
  44.15  204.06
  44.51   36.49
  44.57   41.24
  45.16  105.24
  45.64  152.42
  45.72   93.61
  46.91   25.22
  47.08  138.57
  47.73  101.40
  47.79  152.20
  47.88   73.23
  48.03   46.78
  48.75   29.26
  49.30   41.44
  49.58   34.03
  50.18  205.43
  51.05   69.68
  51.25  152.63
  51.32  125.28
  51.92   51.21
  52.79  146.39
  53.19  200.88
  53.84   45.55
  53.87  159.42
  54.08   57.97
  54.21   99.44
  54.38   69.89
  54.90  123.06
  55.26  153.89
  55.70  119.18
  55.81  206.50
  56.52   98.06
  57.09   25.93
  58.00  123.45
  58.40  209.54
  59.50  153.01
  60.01  100.96
  60.05  107.03
  60.66  131.67
  60.80  188.06
  62.12   76.80
  62.24   36.11
  62.75   40.36
  63.12   31.52
  63.19   49.60
  63.62  197.87
  63.69  120.15
  63.86  108.19
  64.13   28.48
  64.61  201.20
  64.71  123.21
  65.38  153.20
  65.68   73.41
  65.72  103.89
  66.56  122.95
  66.65   12.58
  68.20  111.41
  68.87  120.17
  68.95  155.26
  69.10   55.67
  69.45   63.86
  69.81   18.29
  70.05  130.81
  70.47   51.81
  70.59  171.42
  71.19   97.42
  71.27  122.92
  71.31   38.98
  72.20  178.42
  72.20  127.71
  72.35  124.98
  72.54    9.58
  73.83  138.77
  74.28  146.62
  74.73  123.96
  74.76  149.39
  76.36   55.13
  76.41  204.80
  76.54   70.13
  76.86   97.95
  76.95  130.80
  76.96  114.53
  77.33  125.45
  78.23  113.59
  78.69  183.27
  79.57   62.49
  79.83   57.34
  79.88   73.94
  80.26  134.27
  80.29   49.13
  80.37  122.39
  80.61  143.48
  81.05   90.32
  81.63  108.41
  81.95  138.19
  82.41  198.32
  82.95  148.66
  83.76   56.96
  83.99  184.20
  84.02  184.79
  84.10   72.44
  84.14   71.66
  84.25  105.28
  84.78   61.38
  85.04  122.00
  85.29  138.81
  85.53  109.01
  85.65   66.18
  86.56   85.60
  86.64  193.78
  86.93    9.61
  87.17  171.58
  87.23  133.77
  87.72  113.68
  87.77  144.31
  88.12   80.00
  88.30  137.09
  88.73   67.52
  88.79  107.07
  89.04  211.63
  89.60   55.32
  89.78  187.61
  89.87    8.38
  90.15  194.06
  90.45  116.97
  90.88  111.12
  91.36   52.96
  91.46   56.66
  91.58  206.61
  91.66  211.80
  92.11   75.82
  92.27    7.07
  92.69  194.94
  92.70  139.38
  92.74   37.47
  92.94  105.10
  93.40   59.10
  93.84   23.80
  94.24   29.73
  94.45   95.06
  94.70  197.20
  95.22   21.48
  95.68   18.50
  95.72   41.16
  95.95  187.64
  95.97  175.83
  96.24  131.07
  96.45   37.45
  96.76  122.70
  96.98   22.92
  97.02  140.48
  97.81  107.02
  98.01   48.10
  98.09  126.20
  98.48   82.04
  98.86  113.78
  98.92   61.57
  98.98   19.54
  99.07  178.44
  99.09   26.03
  99.56   30.14
  99.74  192.49
 100.29   12.00
 100.41  130.84
 100.47  133.90
 100.65  127.30
 101.62   36.95
 102.06   27.83
 102.10  122.56
 102.32  113.78
 102.70   50.37
 102.84  136.00
 103.05   23.86
 103.47   38.88
 103.95    7.21
 103.96  149.53
 104.57   16.24
 104.79  102.77
 104.80   47.03
 105.55   30.54
 106.02   71.95
 106.75   82.66
 107.09   67.53
 107.21   55.53
 107.24  176.16
 107.58  133.64
 107.68  167.30
 108.10   76.98
 108.62  210.47
 108.73  207.02
 109.02   52.59
 109.59   45.72
 109.99   12.56
 110.51  109.73
 110.58  162.60
 110.94  145.52
 111.51   58.93
 111.89  205.86
 112.40  118.80
 112.70  128.13
 112.74  195.85
 112.96  195.70
 114.09   76.93
 114.45   74.21
 114.80  142.68
 115.03   68.46
 116.21  113.76
 116.34   40.13
 116.53   24.93
 117.57  192.13
 117.71  165.56
 117.92   80.86
 117.96  119.67
 119.13  120.46
 119.43   19.98
 119.54  141.05
 120.59  144.34
 121.73   75.68
 121.78  194.82
 122.05   51.62
 122.06  175.40
 123.04  117.35
 123.38  132.22
 123.78  145.95
 123.94  105.43
 123.97  181.10
 123.98  171.05
 124.19   79.33
 124.85  198.34
 125.15  141.05
 125.87  172.74
 126.21   28.01
 126.31  204.29
 127.07  195.08
 127.84   67.48
 127.86   76.27
 128.16   53.38
 128.20   78.85
 128.35  103.50
 128.58  189.62
 128.94   26.79
 129.16   40.04
 129.29  130.52
 129.40   60.32
 129.47  197.28
 130.14   70.05
 130.18   35.07
 130.29  117.19
 130.51  109.40
 130.78  134.16
 130.85   75.19
 131.17  145.09
 131.23  150.16
 131.43  105.05
 131.48  113.84
 131.74  120.81
 131.78   64.67
 131.80   96.53
 132.05   92.84
 133.00   60.70
 133.03   60.76
 133.21  191.19
 133.29  102.22
 133.33  190.34
 133.65  138.68
 133.90   76.43
 134.38  145.80
 134.39   57.27
 134.61   52.23
 134.68   83.40
 134.98   35.27
 135.59   39.56
 135.92   89.63
 136.11   78.42
 136.39   14.05
 136.53  100.78
 136.70  192.88
 137.45  135.82
 138.16   59.74
 138.26  110.09
 138.53  141.55
 138.69   85.62
 139.03  145.27
 139.08   39.53
 139.18   42.71
 139.46   49.14
 139.56  193.29
 139.61  190.02
 140.14  107.56
 140.53  141.47
 140.67  101.76
 140.93  126.60
 141.27   16.69
 141.28   65.38
 143.11  212.27
 143.88   25.41
 144.31   31.22
 144.63  185.45
 144.71   51.75
 145.18   73.64
 145.76   85.70
 145.99  127.06
 146.75  180.86
 147.36   97.62
 147.62  158.37
 148.69   86.97
 148.91   73.23
 149.92  101.91
 150.23   67.39
 150.28  140.38
 150.58  162.64
 150.67  105.94
 151.06  117.78
 151.69   56.22
 151.80  118.42
 152.96  209.45
 153.30  125.99
 154.99   94.72
 155.08  152.32
 155.39   48.80
 155.54  116.55
 155.73   72.14
 156.07  144.41
 156.94   77.17
 157.30   89.42
 157.75  166.53
 158.45  136.07
 158.68   44.12
 158.91   34.94
 159.12  106.16
 159.14  106.16
 159.53   70.84
 159.64   78.04
 159.96   65.84
 160.35   94.67
 160.66   74.75
 161.79   44.05
 161.86   87.75
 162.46   35.05
 163.28  132.13
 163.32   48.51
 163.39   54.21
 163.95  120.85
 164.08   59.05
 164.18  124.55
 164.33   71.06
 164.56  162.57
 165.11   98.49
 165.64   63.99
 165.80   84.05
 166.22   17.97
 166.35  103.14
 166.44  127.18
 166.46   40.48
 166.46  117.79
 166.50   94.59
 166.74   44.28
 167.18   73.65
 168.13   20.77
 169.26   55.74
 169.32   84.04
 169.53   85.52
 170.36  107.73
 170.75   33.08
 170.85   65.85
 171.38   44.73
 172.14  199.20
 172.22   91.63
 172.38   84.31
 173.83   62.46
 175.22  201.31
 175.25  102.76
 175.33   30.57
 175.56   14.74
 175.72   50.31
 175.87   83.06
 175.94   42.14
 177.71   47.30
 177.74   77.58
 178.11  104.33
 178.38   68.63
 178.55   54.51
 178.84   50.35
 180.06   19.23
 180.12   92.94
 180.56   45.53
 181.27  106.13
 181.47   89.33
 181.53   39.04
 182.06   89.45
 182.11   63.54
 182.93   84.90
 183.57   74.92
 183.67   20.97
 183.99   94.58
 184.08   43.98
 185.38   61.72
 186.48   76.69
 187.21   21.41
 188.45   81.82
 188.49   88.24
 188.56   14.32
 190.06   55.92
 191.38   66.03
 191.45   45.58
 193.47    7.37
 193.57   89.71
 194.35   45.59
 195.95   91.20
 196.27  108.32
 196.76   99.08
 197.35   52.21
 197.55   35.31
 199.41   59.35
 199.63   86.61
 199.80  101.87
 200.02   49.42
 200.91   71.43
 201.29   22.10
 202.74   29.75
 202.98   97.99
 203.63   80.41
 204.00   92.62
 204.77   57.43
 206.08   70.61
 206.18   60.78
 207.04   85.52
 207.67   47.12
 209.14   82.37
 209.19   24.78
 209.31   24.93
 209.37   29.84
 209.56   67.09
 209.58   59.09
 209.95   51.14
 210.09   49.38
 211.05   53.33
 212.70   64.60
 213.00   72.77
 213.00   72.78
 213.95   19.72
 215.39   92.84
 215.62   97.45
 215.75   22.03
 215.98   24.88
 217.63   74.76
 217.79   67.27
 218.43   61.19
 218.93  171.69
 219.26   87.27
 219.71   47.16
 219.87   24.22
 221.28   75.98
 221.98   61.00
 222.16   54.31
 222.48   44.29
 223.80   49.65
 223.93   80.81
 224.31   67.69
 224.40   58.09
 224.66  121.69
 225.47    9.89
 226.25   65.04
 226.83   83.48
 227.26   59.30
 228.01   13.62
 228.12   56.56
 228.34  114.00
 228.76   93.17
 228.85  106.53
 229.19   68.88
 229.75  117.31
 229.93   86.53
 230.31   42.52
 230.33   61.90
 231.99  109.19
 233.43  118.49
 233.45  128.74
 233.80   49.27
 234.13   41.40
 236.37   44.53
 238.42   81.89
 238.61   48.53
 238.90  118.65
 239.11   96.79
 239.16   63.22
 239.58   41.65
 239.75   67.05
 240.85   40.53
 241.78   55.40
 241.97   50.42
 241.99   48.30
 242.64   97.23
 242.68  116.76
 243.19   24.07
 244.00   62.56
 244.03   38.72
 244.28   38.59
 244.67   10.00
 244.73   91.44
 244.87   56.01
 245.27   53.05
 245.34   28.27
 245.72   34.08
 245.81  117.69
 246.50  127.15
 246.73   84.14
 246.94  106.77
 247.09   98.83
 247.64   78.96
 248.11   43.95
 248.11   68.39
 248.22  129.74
 248.57  126.06
 248.78   60.07
 249.48   36.99
 250.45   47.34
 250.80  122.76
 251.56  131.45
 252.59   89.29
 253.42   35.62
 253.54   31.79
 253.84  176.32
 253.96   44.79
 253.97   62.04
 254.17   70.34
 254.38   91.89
 254.47  183.19
 254.83  153.26
 255.12  188.99
 255.40   51.53
 255.54  137.57
 256.76   41.21
 257.44  148.87
 257.74   99.71
 258.00  125.25
 258.37  136.60
 258.63   60.13
 258.91   84.32
 259.01  184.24
 259.30  175.21
 259.34  189.79
 259.92   68.78
 259.96   44.92
 260.70   48.41
 260.74   86.01
 260.88   85.72
 260.92  116.14
 260.94  103.08
 261.30   40.28
 261.82   59.81
 262.10  123.47
 262.81   70.64
 262.89  113.53
 262.90   32.08
 262.94   28.63
 263.31   36.78
 263.58   74.45
 264.07  181.31
 264.39  136.26
 265.09  180.38
 265.27  116.21
 265.63   70.23
 266.33  103.05
 266.45  173.16
 266.51  128.61
 266.62   51.12
 266.80   80.47
 266.80  122.57
 266.87  111.87
 267.02   73.09
 267.57  124.81
 268.29   93.40
 269.05  209.94
 269.68  108.07
 270.03  149.73
 270.09   30.28
 270.25   75.57
 270.32  125.31
 270.36  154.75
 270.65   42.92
 270.97  108.02
 271.53  207.72
 271.91   77.41
 272.21  115.27
 272.36  122.18
 272.84   54.04
 273.77   87.34
 274.54   99.49
 274.67   37.55
 275.28   45.26
 275.74   55.60
 276.89   48.44
 276.90   37.10
 278.24  153.40
 279.35   70.97
 280.50   51.73
 280.64   45.85
 280.68   45.49
 281.88   63.00
 281.96   83.08
 282.30  210.63
 282.75  154.57
 284.42   43.22
 284.56   94.08
