   6.79  136.57
   7.67   86.20
   9.48   74.98
   9.63   88.21
   9.67  151.40
  10.02   52.43
  10.07   89.08
  12.87  142.72
  14.99   73.04
  15.84  158.97
  16.08  173.13
  17.28   81.50
  19.33  178.39
  19.76  180.61
  20.12   69.83
  20.32  145.36
  20.69   69.87
  21.05  164.36
  21.09  152.96
  21.54   57.86
  23.02  169.93
  23.88  189.08
  24.07   43.48
  24.22  184.33
  24.69  124.60
  25.00   82.36
  25.76   38.03
  26.55   75.68
  27.29  149.79
  28.64  190.36
  29.82  130.09
  30.46  174.94
  30.57  139.96
  30.91   31.07
  31.26  166.89
  32.40  133.11
  34.26  170.68
  34.60   79.12
  34.70  178.67
  35.86   78.62
  36.74  121.00
  37.07  166.88
  39.50   27.24
  39.83   52.46
  40.96  163.42
  41.04  183.81
  41.05   87.08
  41.09   83.90
  41.19  114.55
  41.57   41.54
  41.71   75.23
  42.07   75.31
  42.08   50.50
  42.13  163.42
  42.19  140.94
  42.23  114.79
  42.55  190.27
  42.73  126.51
  42.83   61.35
  43.28  143.24
  43.69   57.93
  43.94  181.27
  45.51  185.22
  45.52  198.96
  45.86  168.60
  45.97   27.07
  46.09   65.91
  46.54   65.67
  46.70   42.70
  47.19  117.60
  47.47  103.34
  47.61   97.12
  48.22   76.89
  49.64   88.62
  49.75   72.61
  50.69   47.91
  51.51  126.02
  52.79  185.78
  53.19   97.50
  53.19  106.83
  53.36   78.09
  53.44  107.26
  53.96   42.97
  54.64  117.96
  54.90   61.14
  55.49  165.06
  56.10   96.77
  56.26  168.76
  56.47   57.30
  56.68   66.53
  56.75  131.01
  56.80   74.01
  56.90  111.11
  56.95   38.36
  57.89   12.57
  57.93   46.10
  57.99   46.92
  58.11  176.34
  58.53   23.83
  58.60  117.48
  58.93  186.15
  60.04  171.79
  60.16   97.70
  60.47   68.02
  60.54   60.29
  63.05  118.82
  63.23   73.15
  63.66   26.58
  63.82   47.73
  64.66  106.40
  65.20   99.20
  65.22   63.91
  65.27   53.27
  65.32  121.95
  65.52  110.75
  66.32  102.49
  67.11  192.29
  67.24  185.74
  67.24  115.97
  68.17   48.12
  68.22   30.04
  68.30   20.72
  69.22  103.72
  69.23  103.50
  69.33   60.75
  70.53  176.07
  70.80  109.20
  71.10   76.59
  71.77  119.90
  72.26   80.07
  72.56   85.75
  72.73  119.52
  73.64  180.05
  74.45    9.71
  74.67  186.32
  74.79  140.79
  74.97  110.73
  75.03   60.02
  75.61  138.93
  75.80   68.13
  75.83   52.11
  75.91  131.11
  76.34  118.85
  78.85  140.36
  78.92   93.91
  80.05   97.74
  80.57  116.13
  80.63   30.62
  80.78   66.60
  80.97  125.11
  81.34   86.41
  81.58   72.34
  81.95  131.10
  82.21   54.75
  82.64  102.13
  84.44  132.16
  84.67  169.15
  85.04  107.02
  85.75  112.45
  86.01   78.56
  89.11  122.29
  89.47  143.70
  89.61  187.03
  90.11   72.01
  90.51  116.99
  90.58  132.02
  90.72  109.82
  90.78   31.51
  91.08  145.17
  91.77   95.06
  92.03   24.46
  92.33   65.08
  92.75   15.66
  92.79  184.18
  93.89   71.38
  93.89   84.64
  94.52   89.62
  94.91   90.15
  94.94  124.16
  95.14   27.64
  95.53   18.47
  95.66   22.53
  96.36   76.08
  96.48  136.20
  96.77   15.17
  97.18   25.32
  97.89  184.37
  98.11   80.60
  98.69  122.02
  98.98  140.80
  99.69  186.99
 100.00   58.56
 100.41   72.45
 100.55  101.86
 101.58   22.57
 101.67  104.32
 102.29  138.46
 102.56  184.56
 102.72   29.03
 103.01  145.49
 103.37   59.82
 103.53  186.85
 103.58   83.37
 104.53  117.84
 105.15   54.13
 106.00  105.17
 106.70   84.33
 106.73  184.74
 106.94   78.98
 107.22   18.55
 107.28  187.92
 107.63  113.30
 107.77   92.14
 108.05  165.18
 109.81   47.32
 109.90   20.68
 110.48  114.33
 110.62   90.80
 110.85  155.88
 110.92  190.06
 111.13   41.53
 111.39   97.77
 112.77   22.51
 113.27   77.91
 113.37   59.98
 113.49  188.08
 113.58  128.15
 113.93   82.00
 114.64   53.08
 114.83   24.97
 115.06   20.24
 115.45  200.40
 115.52   15.43
 115.60  110.40
 116.99   55.12
 117.04   22.66
 117.06   65.12
 118.62  123.41
 119.36   59.29
 119.72  212.11
 120.14   15.02
 120.24   67.80
 120.28  106.93
 120.52  102.29
 121.46   22.29
 121.64   22.71
 121.86   62.55
 121.99  115.94
 122.02  204.58
 122.26  178.00
 122.37   96.58
 123.03   65.03
 123.70  118.64
 124.10   45.96
 124.30  111.80
 124.38   59.86
 124.55   22.83
 124.64   73.79
 125.16   94.50
 126.07   53.90
 126.61   56.61
 127.24   97.40
 127.63  115.43
 127.63   25.30
 127.70   24.19
 128.04  125.54
 128.46   59.76
 130.05  104.42
 130.47   25.96
 130.51  116.69
 132.31   31.45
 132.87   75.38
 132.91   98.45
 132.98   19.59
 133.07   23.52
 133.25  119.55
 133.34  119.52
 134.65   42.24
 134.69  158.40
 135.08   26.06
 135.11   54.11
 135.42   59.84
 135.76   82.08
 137.49   86.45
 138.29   95.07
 138.37  128.14
 138.73   24.64
 139.48   48.93
 140.43  104.82
 141.69   26.24
 142.35   15.46
 144.02   42.51
 144.76  139.82
 145.16   21.71
 145.17   15.03
 145.25   29.77
 145.30   53.50
 145.82   77.66
 145.90   58.17
 147.14  120.44
 148.96   36.79
 149.32   86.51
 149.68   90.25
 150.10   98.46
 150.13  118.86
 150.56   25.11
 150.75   20.35
 150.96  179.90
 151.05   61.86
 151.24   47.78
 151.43   31.20
 152.41  208.56
 152.71  190.62
 153.13   65.59
 153.27  190.54
 153.99  206.22
 154.57  126.89
 155.59   56.58
 156.06  124.85
 156.31   36.69
 156.71  192.20
 157.02   77.75
 157.16   41.36
 157.30   22.98
 157.31   53.07
 157.68   40.44
 158.13   48.66
 158.62  125.94
 160.12   79.73
 160.36   25.47
 160.96   21.19
 161.06  206.29
 161.28   51.78
 161.66   15.02
 162.50  191.30
 162.60  209.58
 163.28   76.12
 164.14  191.91
 164.44   18.71
 166.16   32.24
 166.51   54.13
 166.71   20.79
 167.53   23.42
 167.99   50.34
 168.14   42.90
 168.20   23.74
 169.05   75.78
 169.06   86.80
 169.71   79.02
 170.66   89.90
 170.96  110.05
 172.30   86.86
 173.98  109.42
 175.59  100.35
 176.11   96.04
 177.28  188.31
 177.93   50.32
 178.43  163.78
 178.62  100.15
 179.02  108.17
 181.34   92.62
 181.45   49.06
 181.87  126.01
 181.89  100.96
 184.21   66.60
 184.98   24.14
 185.08  122.01
 185.14   51.33
 185.58  122.74
 187.25   32.07
 187.35   80.04
 187.76  108.50
 188.11   83.03
 188.45   48.70
 189.14  126.19
 189.21  109.79
 189.74   76.27
 189.90   35.11
 190.87  123.95
 191.08   71.30
 191.42   51.11
 191.46   80.18
 192.43   48.75
 192.84  127.07
 194.05   76.48
 194.35  207.77
 195.20   71.19
 196.58   48.54
 196.85   33.66
 196.87  182.20
 196.94   54.20
 197.23  140.92
 198.59   64.54
 198.89   15.32
 199.70   25.07
 199.71  204.57
 200.59  197.35
 201.38   71.36
 201.45   72.02
 202.38  179.52
 202.42    8.64
 202.96  120.58
 203.14   48.12
 203.20   42.96
 203.29   57.92
 203.39  116.92
 204.01   97.82
 204.32   98.27
 204.77   32.30
 205.85   52.85
 205.94  127.10
 206.19   69.06
 206.42   60.60
 207.26   19.90
 207.55  179.70
 207.70  101.43
 208.57  106.01
 208.87  167.65
 209.04  119.93
 210.06  190.83
 210.30  168.82
 210.30   15.28
 211.20  185.89
 211.87   58.85
 212.13  114.50
 212.20   77.92
 212.33   97.61
 212.76  142.63
 213.13   73.03
 214.23   14.02
 214.26  150.19
 214.27  147.80
 215.32   86.02
 215.42   86.73
 215.46  111.83
 216.46  210.41
 216.65   51.73
 217.11   59.40
 217.96  124.20
 218.13  117.08
 218.50   65.41
 218.58   96.29
 218.58   52.68
 218.68  179.82
 219.08   96.52
 219.29   43.78
 219.94   16.50
 219.99   26.50
 220.00  142.05
 220.26  104.04
 220.61  169.00
 220.66   58.11
 220.71   58.14
 220.88   99.11
 221.28   36.34
 221.57  192.39
 221.66  137.53
 222.07   63.37
 222.31   48.95
 222.44   93.90
 223.75  104.09
 224.06   30.21
 224.80   38.82
 224.91  112.81
 225.17  186.64
 225.38   97.34
 225.55  106.11
 225.58  146.58
 225.77   51.77
 226.11   21.18
 226.20   48.40
 226.20  124.20
 226.45   30.28
 226.69   57.10
 227.11  143.41
 227.68   86.95
 227.74   91.07
 227.83   49.29
 227.85   67.24
 227.86   87.30
 228.15   72.42
 228.30  189.56
 228.88   46.21
 229.01  185.73
 229.08    6.83
 229.16   53.32
 229.32   95.80
 229.58   79.85
 230.08   59.65
 230.28  166.92
 230.76  146.32
 231.83  143.18
 232.30   61.84
 232.96   70.35
 233.30   78.44
 233.44   45.23
 233.67  102.67
 233.72   38.07
 233.84   81.69
 233.94   90.60
 234.10   97.81
 234.22  146.68
 234.25   75.26
 234.71  122.45
 235.50   50.83
 235.64  118.51
 236.55   23.94
 237.21   40.46
 237.25  104.87
 237.42  199.53
 238.11  124.32
 238.12  210.33
 238.14  185.17
 238.19  113.45
 238.25  185.05
 238.25  205.52
 238.42  121.26
 238.52  136.87
 239.51   86.38
 239.53   94.70
 240.04   86.59
 240.19   39.16
 240.50   49.46
 241.45   57.88
 241.83  134.49
 242.25  174.26
 242.53   65.54
 242.83  190.28
 243.56  142.74
 243.95  101.89
 244.56  194.11
 244.99   51.09
 245.10   51.81
 245.40  162.34
 245.58  156.28
 246.17  152.04
 246.55   63.70
 246.56  129.04
 246.84   58.24
 246.96  141.69
 247.08  148.10
 247.32  144.94
 247.35  193.19
 247.55  159.53
 247.96   96.94
 248.12  134.86
 248.85   89.77
 249.14   56.00
 249.18   75.19
 250.18   10.16
 251.39  138.85
 252.77  202.23
 253.04   90.16
 253.79   82.00
 253.96  105.55
 254.71  125.97
 254.86  111.67
 255.47  100.67
 259.39   80.56
 260.13  126.17
 260.37  125.93
 260.48   78.31
 261.03  150.20
 262.57   10.57
 263.32  110.37
 263.39  118.28
 263.67   82.96
 263.82  212.73
 264.53  106.44
 264.61  126.04
 265.45   85.90
 265.55  205.95
 267.13  101.07
 267.57   87.03
 267.71   96.47
 267.81  130.40
 267.96  107.41
 268.33  190.09
 268.82  138.09
 269.83   83.26
 269.91  116.98
 270.38   96.30
 270.47  131.30
 270.50  109.75
 271.40  135.42
 271.59  177.73
 271.70  140.23
 272.51  163.29
 273.26  119.87
 274.42  137.63
 274.72  109.97
 274.76  165.50
 275.42   97.87
 275.47  144.17
 275.84   89.06
 276.05   66.77
 276.58   78.79
 276.71  102.91
 279.33   96.48
 279.82  122.92
 280.03  113.07
 282.21  107.75
 283.47   64.51
