  13.26  166.70
  13.57   28.63
  16.45  185.16
  19.24   99.63
  19.41   93.14
  22.03   59.50
  22.07  122.12
  22.92   52.07
  23.30   97.35
  23.31  116.84
  23.37  109.54
  23.80  182.13
  25.50  181.89
  25.90  178.38
  26.41   97.14
  26.92  168.83
  30.38   64.89
  30.44  181.01
  30.62   38.25
  32.34  156.63
  32.88  107.36
  34.07  183.58
  34.58   66.42
  37.71  112.30
  37.81  154.24
  37.88   73.79
  38.04   88.70
  38.45  212.63
  39.22   69.75
  40.21  148.89
  41.11  213.29
  41.40   54.02
  41.75  159.37
  41.84  145.62
  43.86  154.13
  47.02   52.07
  47.64   66.27
  48.40   49.98
  49.50   76.37
  50.57   60.86
  51.99   77.81
  52.75  170.04
  53.30  178.13
  53.93  156.14
  54.34  167.10
  55.77   56.27
  55.97  169.99
  56.08  170.21
  56.26  160.02
  58.35  155.56
  58.67  162.05
  59.83   80.49
  60.24   47.93
  62.38  159.17
  62.65   71.92
  63.24  175.70
  63.30  176.03
  63.86  180.60
  65.17  209.32
  65.29  164.97
  65.52   61.97
  65.79   60.59
  65.97   79.76
  66.28  152.06
  66.69  168.16
  68.08   39.11
  68.52   43.53
  69.13  195.86
  69.24  205.81
  69.32  190.61
  69.53   76.63
  72.93  198.87
  73.11  167.29
  74.00   85.84
  74.30   85.71
  74.63  151.57
  74.99   85.29
  75.39   66.99
  76.03  196.04
  76.09  110.27
  76.78  148.24
  76.81   69.99
  77.28   89.51
  78.48   78.20
  79.44  107.02
  80.82  162.71
  81.52  183.12
  81.78   66.40
  82.15  194.29
  82.20  194.27
  82.57  105.56
  83.10  187.56
  83.37   73.26
  84.57  154.12
  85.64  145.80
  86.16  113.19
  86.53  166.38
  86.85  142.03
  89.06  198.47
  89.50  195.36
  91.04  202.85
  91.45  191.39
  92.86  209.45
  95.06   98.62
  95.09  105.49
  96.12  184.94
  96.90  134.91
  98.34  155.06
  99.06  213.14
  99.33  180.21
 100.84  150.29
 101.15   89.25
 101.66  173.21
 102.57   97.83
 102.62   98.35
 103.36  127.58
 104.82   77.52
 105.42   75.11
 105.45  171.52
 106.64  155.03
 107.86  208.58
 108.02  203.56
 109.02   84.07
 110.12  118.79
 110.63   95.40
 110.76  129.92
 110.92   77.67
 111.02  102.62
 111.34  205.84
 111.46   75.37
 111.53  119.17
 114.22  101.08
 114.35  143.20
 115.44  158.27
 115.74   79.52
 116.04  118.15
 117.13   93.94
 118.26   71.40
 119.26  105.57
 120.41   75.28
 122.04   97.40
 123.21  119.95
 123.80  106.69
 125.04   56.10
 125.16   90.00
 126.51  104.55
 130.85  122.21
 131.10   93.21
 132.04  100.56
 132.55  105.78
 133.69   72.13
 134.34  115.59
 136.63   56.88
 136.73   64.43
 136.92  130.45
 137.10   94.54
 140.88   82.95
 141.29  141.99
 141.56  110.85
 141.62   37.38
 141.78   99.59
 142.12   99.51
 143.50  120.86
 144.74   31.02
 145.37  129.40
 145.69  131.00
 146.06   87.46
 146.13   99.61
 146.91   57.12
 146.92   29.95
 147.91  149.00
 148.64   80.59
 149.51  144.32
 149.74  117.57
 149.80  117.60
 150.12  110.74
 151.09   99.76
 151.43  129.38
 152.03  150.10
 152.83   80.34
 154.03   57.11
 154.86  104.05
 156.39   59.62
 156.96   82.91
 157.63   33.14
 157.99  120.02
 158.77  155.25
 158.84  133.30
 159.36   24.57
 160.93   64.43
 161.02   21.66
 161.07  122.84
 161.30   14.25
 161.66   73.12
 161.88  168.59
 161.97  148.74
 162.01   36.72
 162.17   22.96
 163.21   27.51
 163.37    8.39
 164.13  146.23
 164.16   83.17
 164.86   15.45
 165.46  123.95
 166.49   84.47
 168.18  137.25
 168.41   70.46
 169.67   10.85
 170.07  170.92
 170.60   75.85
 171.49   46.54
 171.75  163.60
 172.29  159.77
 172.79  166.96
 172.91  115.42
 172.98  159.55
 173.26   57.89
 173.27  100.95
 173.34   81.00
 173.47   84.37
 173.72  107.47
 173.85  123.76
 174.36  195.96
 175.07  117.61
 175.38  165.36
 175.50  159.79
 176.84  169.62
 178.19  153.17
 178.20  126.22
 178.47  165.62
 178.52  198.67
 178.81  112.35
 179.04  194.51
 179.17   58.62
 179.19  122.40
 179.23  101.77
 179.39   59.01
 180.54  105.75
 180.68   78.42
 180.88   96.69
 182.93   65.03
 183.11  117.87
 183.27  168.58
 183.79  194.19
 184.19  104.39
 184.64  173.06
 185.11   62.24
 185.65  128.47
 185.69  118.11
 186.01   71.21
 187.21   96.97
 187.71   85.23
 188.46   90.54
 189.11   79.98
 189.16   95.27
 189.36   58.29
 190.86  134.56
 191.87  129.28
 192.63  194.61
 192.99  173.60
 193.03   66.74
 193.37   58.43
 193.50  202.11
 193.51   80.76
 193.52   91.78
 193.57  202.52
 193.63   71.77
 193.75   88.12
 193.88   76.61
 195.36   98.28
 196.20   93.22
 197.35   40.02
 198.22  202.54
 198.27  177.69
 199.22  133.29
 199.79  102.91
 199.83   37.43
 200.82  109.71
 201.13  186.64
 201.18   55.98
 201.18   59.87
 201.33   59.49
 201.35   73.00
 201.86   40.03
 203.75  202.84
 204.98  169.22
 207.44   69.21
 208.65  160.57
 213.18   73.01
 214.05   59.55
 214.49  153.28
 214.74   19.20
 214.96   17.11
 216.56  177.69
 216.70  134.26
 217.07  159.97
 217.92  156.19
 219.60  133.05
 221.34   69.39
 222.19   35.39
 222.58  110.30
 222.92   94.03
 223.36   23.13
 223.56  112.38
 223.56   63.73
 223.62  154.99
 226.28  151.02
 226.70  127.57
 226.90  121.33
 226.97  161.16
 228.51   85.68
 229.40  141.27
 229.82  155.99
 231.67   59.39
 231.75   14.30
 232.18  158.66
 232.27   85.71
 233.11   89.33
 233.65  164.22
 234.02  109.44
 235.04  132.14
 235.60  156.54
 235.61  152.39
 236.85   91.12
 238.97  158.42
 239.20  153.78
 239.48  149.38
 239.73  166.52
 240.77  105.65
 240.79  170.62
 240.99  175.20
 241.26   80.48
 241.97   94.96
 243.50  180.29
 244.03  126.47
 244.05  126.45
 244.07  189.57
 244.96  160.16
 245.08  178.38
 246.32  113.18
 246.54   60.69
 247.35  166.44
 248.37  134.66
 248.86  109.53
 249.97  172.52
 250.01  153.45
 250.50  108.64
 250.63  113.44
 250.75   61.37
 250.76   42.11
 251.83   54.90
 252.36  149.75
 252.48  100.64
 252.84   57.38
 252.91  160.86
 253.80  185.75
 253.90  156.28
 253.96   47.34
 255.41   97.05
 256.44  151.20
 256.49   85.66
 256.71   45.10
 258.10  110.15
 258.98  139.30
 259.22  158.71
 259.32  116.34
 259.33   80.18
 259.41   53.69
 259.98  149.85
 260.01   98.27
 260.22  113.35
 260.27  153.11
 260.42  161.88
 260.97  156.18
 261.04   59.17
 261.13   93.98
 262.64  158.52
 263.03  193.21
 263.30  166.02
 263.72   55.56
 263.88  117.01
 264.67   66.45
 264.75  139.53
 265.54   86.91
 265.77   50.13
 266.04  114.08
 266.21   56.81
 266.91   85.43
 267.40  130.26
 267.51  117.18
 267.58  125.26
 267.75  198.27
 267.85   66.22
 268.10   83.90
 269.08  157.63
 269.28  198.90
 269.38  156.14
 269.43  157.53
 269.57   98.53
 269.57   98.49
 269.86  139.07
 269.96  191.86
 270.30  130.26
 270.34  134.10
 271.03  158.48
 271.25  153.13
 272.66  140.95
 272.68  149.92
 272.94   53.62
 273.05   68.80
 273.19   27.17
 273.56   31.45
 273.91   99.03
 273.99   90.25
 274.40   49.53
 274.92   20.87
 274.94  182.00
 275.92   40.75
 275.99   40.26
 276.79  110.46
 277.37   15.12
 277.42  183.91
 277.69  173.63
 277.72   97.84
 278.12  147.17
 278.16  113.99
 278.57  162.94
 279.41   21.98
 279.98  132.61
 280.03   94.11
 280.57  145.51
 280.59    8.63
 280.65   49.16
 281.27   90.32
 281.35  175.86
 281.82   50.28
 282.14   78.41
 282.24  150.52
 282.93  157.69
 283.04  162.86
 283.26  166.75
 284.27   57.76
 284.50  119.76
 285.09  151.55
 285.21  152.86
 285.59  196.40
 285.61   52.43
 285.81  149.54
 286.18   21.85
 286.64  122.51
 286.66  123.56
 286.66  136.88
 286.79   47.16
 286.79  121.42
 286.97   59.42
 287.45  199.16
 287.53  130.53
 287.69  184.09
 287.85   16.62
 288.06  109.64
 288.13  161.83
 288.73  118.73
 289.30  176.50
 289.35   26.32
 289.84  112.38
 290.05  142.06
 290.84  172.07
 291.01   18.12
 291.07  130.81
 292.05  184.58
 292.19  167.43
 292.60  191.96
 292.77  119.22
 292.77  133.08
 293.46  102.74
 293.76  115.36
 293.87  146.22
 293.88  111.15
 294.04   22.61
 294.19   98.58
 294.47  185.63
 294.69   55.20
 295.31   67.95
 295.33  139.26
 295.43   55.29
 295.57  187.99
 295.62   83.95
 296.44   50.48
 296.90   27.41
 297.16   59.70
 297.26   96.33
 297.86  205.26
 297.89  189.61
 298.17  111.98
 298.54  134.30
 298.75  157.05
 298.85  129.43
 299.66  200.26
 300.42   87.93
 300.72   32.05
 301.06  193.77
 301.54  151.54
 301.67  156.08
 303.02  144.96
 303.77  140.36
 303.85  196.98
 304.05   89.06
 304.18   20.33
 304.44  112.06
 304.48   26.97
 304.72  116.54
 305.85  120.65
 306.01   23.30
 306.11  174.06
 306.25  107.15
 306.29  168.87
 306.32  199.24
 306.79  179.99
 306.81   70.37
 306.86  194.59
 307.19  116.99
 307.76   75.66
 308.50  173.57
 308.75  123.63
 309.17   18.51
 310.91   84.77
 310.93  166.32
 311.42  111.68
 311.55   11.51
 311.75  133.77
 311.78  208.53
 312.11   65.36
 312.51  129.20
 313.08  205.54
 313.11  116.97
 313.12  105.90
 313.13  151.93
 313.47   97.70
 314.38  126.69
 314.62  167.15
 315.13   12.68
 315.62  108.47
 315.70  175.57
 316.23  113.46
 316.60   19.39
 316.73  160.00
 316.73  159.92
 316.91  103.13
 318.25   99.24
 318.43  109.92
 319.58  155.31
 320.45   77.13
 320.56   64.81
 320.73  100.44
 320.89   94.50
 322.56  153.66
