   6.69   27.37
   7.32  186.52
   8.44  139.12
   8.61  167.47
   8.74  116.09
   9.80  192.86
  10.06  156.35
  10.77  145.53
  11.62  137.22
  11.70  137.16
  12.11  164.68
  12.57  176.86
  13.51  238.31
  14.75  186.37
  15.10  202.36
  15.11  137.11
  15.46  177.00
  15.55   63.18
  15.72  210.98
  15.75  168.10
  16.55  270.44
  16.56  152.81
  16.57  127.19
  16.96  134.00
  17.24  279.05
  17.50  206.96
  17.56  173.20
  17.81  233.16
  18.42  180.74
  19.95  130.67
  20.63  187.28
  21.44  123.53
  22.27  127.98
  22.36  181.15
  23.00  234.95
  23.15  278.58
  23.35  189.81
  23.44  174.95
  24.61  148.73
  26.49  261.69
  26.57  235.23
  29.12  255.66
  29.82  263.93
  30.02  278.90
  32.41  174.62
  32.90  168.47
  33.14  141.53
  33.51   50.04
  33.88  215.23
  34.07  278.30
  34.09   36.92
  35.84  149.03
  36.65  219.33
  36.70  219.07
  36.72  164.29
  39.39  182.23
  40.27  176.97
  41.38  173.44
  41.47  152.35
  42.45  151.00
  42.72  277.45
  43.23  147.95
  44.28  132.22
  46.48  117.24
  47.22  265.21
  47.42  282.10
  49.13  158.11
  49.68  148.02
  49.87   17.00
  49.92  160.47
  50.87  145.48
  50.93  279.84
  51.06  248.86
  51.48   98.31
  51.66  207.99
  51.94  177.35
  52.12  154.54
  52.26  154.30
  52.36  100.62
  53.91  190.98
  53.97  163.78
  54.28  239.00
  54.48  144.30
  54.52  174.96
  54.70  240.06
  54.76  156.60
  54.85  204.72
  54.99  249.86
  55.04  123.95
  55.04  169.44
  55.21  244.56
  55.57  266.78
  56.00   30.99
  56.14   83.76
  56.51  108.41
  56.69  117.61
  56.77  272.07
  59.03  153.42
  59.40  137.46
  59.51  240.48
  59.68  121.87
  59.72  266.40
  59.74  143.77
  59.86   99.69
  59.91  236.29
  60.09  269.86
  60.18  145.90
  60.58  146.46
  61.07  108.11
  61.66   89.58
  61.67  212.02
  61.86  262.06
  61.92  105.42
  62.03  243.66
  62.23  154.15
  62.40  112.32
  62.60  233.57
  63.81  151.22
  63.87  225.60
  64.13  249.97
  64.24   29.96
  64.32  123.80
  64.58  238.02
  64.68  127.32
  64.72  181.38
  65.19  119.26
  65.23  156.61
  65.56  277.50
  65.63  230.20
  66.03   72.54
  66.08  115.76
  66.23  270.67
  66.34  281.96
  66.50  163.62
  66.65  175.73
  66.79  211.79
  66.85  286.43
  66.94  263.42
  66.96  221.56
  67.17  168.48
  67.28  116.16
  67.28  249.92
  67.47  159.70
  67.71  180.76
  68.08  206.83
  68.16  145.26
  68.80  215.65
  69.46  114.46
  69.62  148.96
  69.81  253.86
  69.85  174.11
  70.56  249.24
  70.62  159.01
  70.81  230.97
  70.89  188.45
  70.89  163.98
  71.23   90.50
  72.56   28.04
  72.61  133.13
  72.74  215.74
  73.09  152.97
  73.10  191.91
  73.23  251.38
  73.23  101.59
  73.24  127.71
  73.31  269.42
  73.57  106.98
  73.86  176.12
  73.93  121.82
  74.24  143.56
  74.41   74.37
  74.58  237.40
  74.63  188.30
  74.86  157.12
  74.99   90.08
  75.25  163.40
  75.88  128.27
  75.98  183.68
  76.24  258.75
  76.49  197.29
  77.03  110.38
  77.46  210.76
  77.97  193.90
  78.03   87.50
  78.03  187.88
  78.19  243.88
  78.21   70.99
  78.64  146.30
  78.70  212.88
  78.72  209.91
  78.86  186.67
  78.93   68.83
  79.10  190.50
  79.20  102.88
  79.45  281.48
  79.46  222.98
  79.53   60.98
  79.96  263.55
  80.49   50.06
  81.16  192.64
  81.69  250.05
  81.97  145.40
  82.00  245.16
  82.03   88.00
  82.04   57.65
  82.17  161.73
  82.91  268.89
  82.98  114.87
  83.14  165.65
  83.18  166.85
  84.24  212.05
  84.24  152.69
  84.32  162.45
  85.03  281.78
  85.14  180.47
  85.42  123.07
  85.96  100.96
  86.07   55.76
  86.16  241.34
  86.20  286.32
  86.28   88.46
  86.37  231.04
  86.39   81.95
  86.77  183.83
  86.86  204.57
  86.95  172.09
  86.96  165.58
  87.10  276.96
  87.14  233.84
  87.44  256.65
  87.47   70.34
  87.47  248.99
  87.60  104.83
  87.91  225.32
  88.36   91.97
  88.53  245.24
  88.77  136.22
  88.80  141.33
  88.84  220.24
  88.89  101.16
  88.98  280.03
  89.09  206.20
  89.25  272.63
  89.95   51.24
  90.31  166.53
  90.39   67.92
  90.57  241.46
  91.68   48.16
  91.81  277.73
  91.84  147.74
  92.01   43.26
  92.11  130.62
  92.39  121.93
  92.46   99.41
  92.55  117.70
  92.88  227.63
  93.00  233.65
  93.00  195.97
  93.07   52.13
  93.13   94.35
  93.63  125.56
  94.21  242.86
  94.45  186.90
  94.47   93.46
  94.60  253.75
  94.63  121.55
  94.81  174.97
  94.89   40.07
  94.98  191.02
  95.48   69.03
  95.49   88.06
  95.76  171.26
  95.97   43.60
  96.13  166.19
  96.37   84.44
  96.52  196.92
  96.71  279.95
  96.98  112.84
  97.14   48.97
  97.21   93.70
  97.31  137.56
  97.63   73.42
  97.69  123.44
  97.72  218.51
  98.04  131.52
  98.17  193.54
  98.19  275.53
  98.20  102.57
  98.57   77.56
  98.82   45.29
  98.87  179.08
  98.92   95.88
  99.71   37.16
  99.80   67.81
 100.10  105.36
 100.16  186.89
 100.42  170.86
 100.50  268.94
 100.91   58.42
 101.48  250.63
 101.53  164.55
 102.06  261.55
 102.24  198.87
 102.50  111.76
 102.96  277.63
 103.03  192.36
 103.26   60.48
 103.32  109.47
 103.44   64.04
 104.40   96.26
 104.63   71.87
 105.16  151.06
 105.27  193.56
 105.65  101.69
 105.72  242.46
 105.97  271.24
 106.06   69.28
 106.13  171.46
 106.16   61.85
 106.25   39.52
 106.97   35.96
 107.20  241.95
 107.60  123.49
 107.64   71.53
 107.75  156.15
 107.76   80.90
 108.17  266.98
 108.28  111.87
 108.31  187.55
 108.87   99.56
 108.96  193.57
 109.80  174.77
 109.96  275.50
 110.07  253.80
 110.21  284.30
 110.35   29.64
 110.45  169.79
 110.55  113.11
 110.99   74.80
 111.72   31.98
 111.86   40.86
 112.50  121.75
 112.55   95.80
 112.58   47.13
 112.62  242.16
 112.79   92.73
 112.90   52.41
 113.13  181.41
 113.58  204.91
 113.92  261.14
 113.94   60.66
 114.26  250.37
 114.30   35.61
 114.76   27.68
 115.39  170.57
 115.43  277.53
 115.55   45.44
 115.60  239.38
 115.90  238.80
 116.24  119.32
 116.50  210.17
 116.59   50.51
 116.77   71.75
 117.56   96.79
 117.90  268.13
 117.92  108.90
 118.52   63.24
 118.60   43.99
 118.62  195.36
 118.83   28.23
 119.01  199.81
 119.34   34.26
 119.35  278.23
 119.39  105.57
 119.96  243.26
 120.16   86.38
 120.29   58.15
 120.34  203.72
 120.39  161.84
 120.60  115.61
 120.86   87.93
 121.03  263.51
 121.84   96.95
 121.96  273.04
 122.03  156.05
 122.07   50.25
 122.29   70.03
 122.46  268.27
 122.59   21.01
 122.96   71.16
 123.11   99.58
 123.21  165.25
 123.85  159.50
 123.86  194.69
 123.88  179.03
 123.92  138.27
 124.44  281.50
 124.52  104.98
 125.88  109.88
 125.91  140.20
 126.28  170.00
 126.83  243.81
 127.22  135.67
 127.56  101.07
 127.60  122.10
 127.70  155.38
 128.12   66.23
 128.45  141.52
 128.60  159.25
 129.12   20.17
 129.13  185.89
 130.92   74.99
 131.15  142.28
 131.32   82.65
 131.85  148.28
 133.83   81.68
 133.88   24.46
 133.89   53.02
 135.72   37.60
 136.36  112.23
 136.52   10.11
 136.78   76.84
 137.15  153.48
 137.91  123.28
 137.94   39.91
 138.00  142.73
 138.08  150.17
 138.29   35.52
 138.52  148.04
 139.36   25.20
 139.44  118.35
 139.71   24.57
 140.46   62.49
 140.47  102.20
 140.52   41.67
 140.57   80.43
 140.71   53.89
 140.80   79.93
 141.01   19.68
 141.25   72.36
 141.67   22.71
 141.80  278.69
 141.88   70.94
 142.01  120.40
 143.11   45.20
 144.02  158.15
 144.30  114.74
 144.73  145.83
 144.77   50.51
 144.87  101.99
 144.87   19.41
 145.77   92.82
 146.64  160.54
 146.72  108.01
 146.89   16.23
 146.96   82.49
 147.17   31.71
 147.35   59.98
 147.40  152.01
 148.38  102.49
 149.87   76.90
 149.93   77.66
 150.08  118.99
 151.57  112.45
 151.59  144.52
 151.60   68.66
 151.87   41.25
 151.89   28.57
 152.47  104.39
 152.57  131.01
 152.91  114.52
 153.27   72.68
 153.43   56.68
 154.45   60.67
 155.22  112.86
 155.77   45.65
 155.87  157.55
 156.16   73.84
 156.35  117.61
 157.85  150.78
 158.83   36.45
 159.13  114.94
 160.07   40.77
 161.03   51.21
 161.26  191.62
 161.89   33.14
 161.97  117.45
 162.06   30.34
 162.46   79.84
 162.67  151.17
 163.27  161.27
 163.44  101.81
 164.00   34.09
 164.28  155.21
 165.39  103.82
 166.83  111.53
 166.95  158.57
 167.06   21.99
 167.79  100.24
 167.88  154.47
 167.96  251.55
 168.73  220.93
 169.67   26.91
 170.66  136.08
 170.95  225.06
 171.07  212.27
 171.14  258.57
 172.79   94.67
 172.94   97.45
 173.56  112.68
 173.60  104.95
 174.45  211.21
 174.47   99.83
 174.52  115.71
 174.64  199.34
 174.76   33.67
 175.17   90.55
 175.29  131.29
 176.18  195.97
 176.30  120.23
 176.47  224.80
 176.51  231.56
 176.92   90.57
 177.16  217.04
 177.19   94.70
 177.53  116.51
 177.57  128.50
 178.05  252.72
 179.17   15.34
 180.01   97.58
 180.22  220.68
 180.45   40.25
 180.71  204.92
 180.79  224.44
 181.02  123.18
 181.38  101.52
 182.01   76.48
 182.44  249.22
 182.52   19.71
 182.66  200.69
 182.75   46.03
 183.58  223.67
 184.37  213.66
 184.97   40.49
 185.21   37.58
 185.62   96.09
 185.65  209.91
 185.75   84.70
 186.37  145.30
 186.45  246.52
 187.00  224.75
 187.02  114.66
 187.65  152.50
 188.22   15.27
 188.39  203.84
 188.43   42.75
 188.47   68.20
 188.68  141.82
 188.90   68.48
 188.99   62.21
 189.86  147.79
 190.06  250.43
 190.43  235.08
 190.51   75.68
 191.18  243.18
 191.21  166.83
 191.36  152.52
 191.70  169.73
 192.37  235.39
 192.83   81.40
 193.01   77.38
 193.25   61.10
 193.59   19.47
 194.00   61.12
 194.41  159.75
 195.47  154.84
 195.54   82.51
 195.78   11.77
 196.22   85.35
 196.82  143.60
 197.41  140.13
 197.57   22.44
 198.06  252.47
 198.45   28.91
 200.66   27.32
 200.83  248.72
 201.99  145.84
 202.36  140.18
 202.59   27.07
 202.79  252.94
 204.08  259.23
 204.41  214.05
 204.95  256.47
 205.86  162.44
 205.99  148.44
 207.20  230.09
 207.22  265.90
 207.42   42.77
 207.47  262.49
 208.92  179.76
 209.39  146.57
 211.33  148.75
 211.83  122.61
 212.07  109.94
 213.17   61.50
