  15.08  110.01
  15.54  110.41
  16.92  121.94
  18.82   41.37
  18.83   45.08
  19.94   44.18
  21.31   22.22
  22.78   59.21
  22.82   66.00
  24.04   39.54
  24.10  134.13
  24.16  123.48
  25.59   43.44
  25.63   94.29
  25.74  108.30
  28.04  131.92
  28.29   25.81
  28.72   22.84
  29.16   90.98
  29.16   17.91
  30.90  116.83
  31.01   25.67
  32.72   49.30
  34.27   16.29
  34.92   50.62
  35.08   22.39
  42.18   62.37
  42.37   83.88
  45.27   83.70
  47.98   83.21
  51.58  177.04
  53.99  177.79
  62.94   12.93
  62.98   81.95
  64.77   87.07
  65.65   83.99
  66.96  194.76
  67.57   98.13
  68.30   51.48
  68.76  111.06
  70.25  169.12
  71.08   94.38
  71.41  173.87
  71.97  125.58
  72.72   90.39
  73.20  171.44
  74.53   92.78
  77.23  174.87
  78.56   92.14
  80.35  196.98
  80.40  122.44
  80.53  132.30
  80.66  135.12
  81.97   91.59
  82.28  129.10
  82.29  186.86
  82.55  105.33
  83.57  180.74
  84.74  108.68
  84.74   18.41
  84.81   13.42
  84.83  134.27
  85.40  140.17
  85.41  121.57
  86.17   96.29
  87.24   91.04
  87.25  183.99
  87.37   16.46
  88.12  160.51
  88.70    9.60
  88.74   83.52
  88.97  156.11
  90.29   87.48
  90.94  186.67
  91.06  186.93
  91.76  108.65
  92.86  125.13
  92.91   16.63
  94.29   77.25
  94.44   24.78
  94.85  111.70
  94.85  111.70
  96.07  126.28
  96.30  159.42
  96.32   20.45
  96.39  116.75
  98.84   72.00
  98.94  109.98
  99.28   71.72
 100.05  151.82
 100.06  170.23
 100.84  141.62
 100.93   76.73
 101.00  141.13
 101.36   88.51
 101.97  108.95
 102.54  156.92
 103.23  144.07
 103.50  151.29
 103.62  117.39
 103.70   71.08
 104.12   67.36
 104.17   86.79
 104.74   18.51
 105.42  120.27
 106.24   57.09
 106.26   77.38
 106.98   67.06
 107.19  156.45
 107.32  151.03
 108.12  173.12
 108.25   27.28
 108.49   16.51
 109.59   82.30
 110.01  106.34
 110.12  118.36
 110.12  151.79
 110.67   95.27
 110.72  114.79
 110.88  151.61
 114.17  110.81
 114.26  109.15
 114.94   16.56
 115.59   96.67
 115.86  160.98
 116.54   20.06
 116.95   81.29
 117.02  149.14
 117.94  103.39
 119.00   23.44
 119.05  129.03
 119.16   23.95
 119.29   79.88
 119.86  110.77
 120.00   25.22
 120.19  157.53
 120.63  157.99
 120.64   64.00
 121.05  154.29
 121.16  148.04
 121.56   84.39
 122.11  114.12
 122.28   94.00
 122.46  151.09
 123.09  126.20
 123.31  184.75
 123.31  138.25
 123.38  126.59
 123.73   66.31
 125.00  144.87
 125.10   83.14
 125.29   86.41
 125.41  124.16
 125.75   63.72
 126.09  157.30
 127.25  113.19
 127.95  192.36
 128.44   64.04
 128.60  163.53
 128.93  140.95
 130.30   87.88
 130.75  147.12
 131.63  100.18
 131.80  144.41
 131.92  191.83
 132.10   30.94
 132.17   80.14
 132.19  195.59
 132.43  130.73
 132.85  168.45
 132.88  205.02
 133.04   20.53
 133.55   24.72
 135.53   70.05
 136.80   57.15
 137.00   89.81
 137.69  110.99
 137.72  106.67
 138.02  162.49
 139.06  156.47
 139.21  203.67
 139.44   25.50
 140.31   88.10
 140.47  115.27
 141.48  174.79
 142.67  201.08
 142.81   88.97
 144.11  186.25
 144.85  164.69
 144.89   95.00
 145.33   60.38
 145.68  106.43
 146.41  175.91
 146.48  205.14
 147.18   86.76
 147.61   77.41
 148.11   97.53
 149.97   91.42
 150.35  142.98
 150.38  133.20
 151.80   73.87
 152.01   91.27
 152.83  101.00
 152.91  130.10
 153.45  138.36
 153.54  179.85
 154.41  119.22
 154.79  172.52
 154.80   68.15
 155.24  134.20
 155.44   95.62
 155.57  176.87
 155.70  144.33
 156.02   27.80
 156.23   24.51
 156.99  141.12
 157.18   51.41
 158.23  201.88
 158.32   74.39
 159.14   85.57
 159.24  135.90
 159.45  190.45
 159.52   89.81
 159.73  102.37
 160.09  141.80
 161.20   30.82
 161.38   83.41
 161.60   61.91
 161.83  184.33
 163.30   29.01
 163.62   64.64
 164.00  143.98
 164.11   84.32
 164.12  178.02
 164.39   81.05
 164.40   26.39
 164.59   30.94
 164.80   23.95
 164.88   66.47
 165.30   97.80
 165.30  122.05
 165.57   54.27
 166.45  139.31
 166.63  164.99
 167.36  136.17
 167.92   58.78
 168.03  131.57
 168.56  176.23
 168.69  144.60
 169.10  150.69
 169.71  210.01
 169.80  103.23
 169.93  141.41
 170.50  196.33
 170.50   78.16
 170.94   69.08
 171.60   62.44
 172.55  212.21
 173.55   80.72
 174.11   95.25
 174.56  110.40
 175.37  139.31
 175.65   70.20
 175.75   64.96
 176.44  168.52
 177.38  100.30
 178.75   63.66
 178.84  104.58
 178.89   89.92
 180.08   76.90
 180.28  160.07
 180.47  126.88
 180.69  142.94
 180.93  187.93
 181.38  177.09
 182.21  116.54
 182.85   80.77
 182.93  160.48
 183.20  141.13
 183.23   31.74
 183.70   53.69
 183.71   68.52
 184.12   73.24
 184.35   58.33
 184.96  194.77
 185.05  191.04
 185.09  110.17
 185.48  127.68
 185.78  131.90
 185.78  104.64
 186.15   50.13
 186.61   75.89
 187.29    9.65
 187.36   67.13
 187.36   96.38
 187.54   66.41
 187.59   93.20
 187.61   71.95
 187.84  150.10
 188.10   12.95
 188.46   62.86
 189.16  123.08
 190.02   53.79
 190.75  124.30
 191.03   12.80
 191.83   17.03
 192.07    9.55
 192.37  132.84
 192.66   24.88
 192.92  139.20
 193.23   79.48
 193.29   43.41
 193.54  143.15
 193.62   94.21
 193.87  197.91
 194.26   68.83
 195.45    9.74
 196.19  180.87
 196.80  121.72
 196.96   88.82
 197.90  157.04
 197.98  140.89
 198.05   59.85
 198.09   64.52
 198.21  141.90
 198.25  198.21
 198.83   57.49
 199.06  144.16
 199.67   99.55
 199.79   29.34
 200.05  124.71
 200.15  138.78
 201.67  129.82
 202.70  141.74
 202.98   49.50
 204.74  114.51
 206.04  149.50
 206.39   92.49
 206.50  136.40
 207.92   14.35
 207.97   20.01
 208.18  129.02
 208.56  119.91
 209.41  120.53
 209.91   91.79
 210.85  198.37
 210.94  207.37
 211.29    8.38
 211.86  142.42
 211.91  139.23
 212.01   17.04
 212.44  211.36
 212.77  131.95
 212.88   47.98
 213.97  100.74
 214.16   25.55
 214.94  114.41
 216.69  105.72
 217.17  186.04
 217.48  175.14
 217.90   18.94
 218.61  105.58
 219.57  199.93
 219.67  169.32
 219.92  167.28
 219.93  123.40
 220.01  119.59
 220.01  144.10
 220.14  136.56
 220.23  136.71
 220.63  160.32
 220.77  109.39
 220.92   39.77
 220.99  153.09
 221.34  202.99
 222.67  175.91
 223.82   74.29
 223.85   63.81
 223.93  131.04
 224.47  146.21
 225.20  137.87
 227.93  122.23
 228.14  157.50
 228.24  152.22
 228.53  120.24
 228.81  141.74
 230.41  101.21
 230.96  154.54
 232.07   29.76
 232.33  141.62
 233.58   99.27
 233.81   15.59
 233.93  123.68
 234.42   92.51
 234.66  132.92
 234.98  125.32
 235.48  120.60
 235.71  114.27
 236.49  110.87
 236.71   74.20
 236.80   13.91
 237.51  104.36
 238.66   95.24
 239.03   95.16
 239.48   15.97
 239.73   85.69
 240.84   38.65
 240.96   80.45
 242.81   22.72
 242.84  208.12
 244.15   16.18
 244.98   44.06
 245.75   74.52
 246.01  204.31
 247.31   29.30
 247.42   85.23
 247.83  185.46
 248.32   18.25
 248.87  180.71
 250.97  100.10
 251.94   94.35
 259.99  152.27
 261.38  137.06
 261.91   45.30
 264.75   83.99
 266.68   88.55
 270.48   31.31
 271.58   82.36
 273.74   32.48
 274.16   52.45
 275.53  152.81
 276.81   30.43
 277.74   21.73
 280.53   34.50
 283.00  110.31
 283.34   18.96
 283.99  152.80
 285.74  107.50
 285.75  140.66
 286.53  167.78
 286.60  155.21
 286.98  160.83
 287.39  171.44
 287.97  146.29
 288.91  141.73
 289.82  174.61
