   7.25  212.03
   7.92  181.23
  10.30  173.06
  15.50  180.88
  19.14   76.22
  21.19   16.89
  21.61   79.08
  22.39   23.68
  24.06   18.24
  24.42  161.05
  25.54   67.05
  25.67   28.82
  25.90   56.26
  25.94  112.23
  26.39   78.92
  26.40   74.69
  26.81  117.42
  27.28   47.93
  27.45  159.67
  27.54  166.79
  28.33  114.02
  28.62   38.37
  28.63  176.22
  29.14   69.00
  29.18   52.77
  29.49  162.96
  30.12  205.83
  30.19   43.99
  30.39   18.54
  30.63  172.33
  30.98  172.52
  30.99  211.06
  31.06   40.51
  31.56  195.64
  31.60  193.06
  31.87   16.78
  32.27   41.14
  32.87   72.20
  32.96   96.98
  33.35  162.40
  33.36   51.30
  33.86  180.00
  34.35  154.96
  34.99  187.90
  35.87   75.90
  36.31  175.72
  36.59  169.15
  36.91   98.06
  37.16   45.24
  37.53  194.62
  37.59  202.19
  37.79   12.07
  38.45  155.18
  38.47   50.70
  38.58   53.72
  38.62   58.30
  40.21  159.20
  40.28   47.13
  40.84   97.77
  41.17  209.70
  41.19  175.34
  41.96   99.96
  42.36  165.10
  43.07  203.85
  43.10  160.99
  43.41  116.22
  44.42   54.46
  44.78   56.59
  46.25  159.01
  46.73  174.04
  47.10  125.91
  47.29   10.86
  48.12   96.30
  50.55   49.38
  50.71   53.84
  50.85  131.94
  50.92   16.89
  51.02   76.18
  52.52  154.13
  53.46  130.14
  53.48   55.92
  53.69  181.75
  54.39  173.22
  54.94  210.90
  56.00  166.53
  57.87  108.91
  58.24  184.17
  58.96  187.07
  59.05   59.77
  59.98  203.18
  60.41  122.50
  60.54   54.63
  60.65  100.13
  61.13  209.66
  61.68  112.65
  62.29   44.59
  62.88  105.49
  63.41  203.71
  63.94   53.15
  64.02  184.02
  64.32  188.06
  64.33  166.24
  65.04  187.78
  65.27   71.51
  65.38   59.40
  65.38  128.66
  65.77  205.00
  66.18  101.32
  66.58   51.49
  66.95  161.27
  67.06  194.41
  68.02  112.33
  68.13  190.36
  68.67   16.97
  69.11   71.59
  69.39   67.66
  70.30  205.44
  70.45  121.02
  70.70  208.96
  71.38   52.67
  71.60  183.87
  71.63  161.05
  71.70  129.88
  71.78    8.02
  71.86  111.14
  71.89  106.80
  71.92  176.16
  73.06   72.30
  73.38  149.03
  73.47  190.38
  73.58  196.87
  73.85  160.55
  74.09   64.29
  74.89   10.00
  75.18   59.92
  75.97   75.40
  76.05  118.31
  76.06   53.47
  76.28  174.46
  76.35  114.80
  76.38  195.59
  77.77  102.59
  77.97  209.02
  78.58  127.45
  79.18   71.51
  79.34  137.13
  79.57  123.16
  79.64   63.51
  79.79  111.24
  79.95  118.71
  80.77  107.53
  81.13  173.14
  82.05  101.02
  82.10  129.48
  83.51  108.29
  83.53  144.34
  83.59  198.40
  83.63  105.78
  83.93  125.18
  84.30  117.82
  84.42  145.75
  84.47   60.65
  84.50   71.63
  84.77   96.80
  84.92   10.60
  85.15   65.97
  85.58  128.00
  85.76  154.85
  85.86  204.91
  86.02  111.37
  86.33  101.16
  87.02   63.37
  88.38  116.17
  89.21  192.68
  89.30   16.91
  89.71  104.73
  89.93   61.60
  89.97   19.10
  90.07  205.77
  91.06   64.21
  91.26  139.74
  91.32  114.43
  91.73   98.44
  92.53   96.07
  92.61   10.00
  92.67  123.00
  93.07  110.82
  93.11  104.48
  93.65  161.92
  93.75  204.09
  94.59  212.78
  95.18   47.43
  95.46   44.20
  95.97   78.61
  95.99   12.71
  96.00  142.14
  96.56   65.84
  97.26  117.82
  97.35  166.95
  97.63  203.47
  98.62   18.01
  98.84  138.03
  98.88  107.70
  99.21  194.37
  99.49  212.53
  99.58  200.84
  99.87   63.28
 100.14  199.91
 100.73   16.70
 101.10  185.61
 101.26  205.56
 101.31  152.83
 102.49   57.95
 102.53   99.52
 102.81   57.22
 103.80   65.23
 103.94  106.24
 104.93   67.79
 105.33  113.84
 105.37   45.64
 106.43  180.16
 107.25  176.89
 107.40  160.82
 107.57   42.52
 107.71   60.81
 108.04  131.10
 108.52   38.81
 108.73   39.23
 109.07  115.03
 109.52  158.55
 109.96  101.01
 110.52  213.59
 111.27  210.11
 111.59  138.53
 111.67  129.99
 112.36   74.76
 113.21  153.75
 113.41   19.04
 114.28  112.23
 114.83  149.13
 115.00   37.30
 115.26  119.36
 115.53  208.94
 115.60   66.56
 116.15  182.13
 116.20  101.50
 116.44   43.42
 116.74  147.00
 117.41   34.21
 118.28  123.43
 120.12   75.52
 120.25  148.89
 120.35  111.11
 120.43  207.00
 120.63  104.12
 120.81   66.76
 120.89   34.06
 121.68  156.65
 122.19  176.38
 122.26   17.78
 122.71   35.49
 122.94  124.04
 123.42  202.01
 124.00  130.20
 124.37  160.01
 125.01   67.55
 125.13   67.93
 125.49  157.58
 125.79  106.46
 125.88  106.26
 126.30  169.65
 127.34  126.46
 127.39  185.64
 127.55   63.94
 128.09   46.50
 128.84  115.37
 128.96   39.48
 129.14   14.57
 129.16  117.95
 129.20   53.45
 131.79  158.71
 132.25  148.50
 132.68   75.34
 132.83   48.76
 132.92  107.38
 134.17  131.19
 134.60  106.24
 134.73  126.46
 134.80   62.60
 135.46  122.61
 136.52   41.41
 137.27    8.01
 137.79  129.66
 141.11  166.73
 141.15   33.94
 141.65  107.07
 142.08   18.44
 142.27  124.62
 143.28   51.82
 143.52   16.56
 143.65   75.86
 144.25  129.73
 144.34  194.93
 144.34  125.32
 144.50  125.30
 145.34  192.76
 146.06  113.03
 147.09  201.36
 147.55   33.28
 147.62  149.77
 147.62   33.09
 148.20   49.97
 149.53  125.49
 150.21  103.55
 150.36   39.25
 151.72  173.27
 152.48   74.22
 152.49  137.76
 152.63   34.84
 153.72  107.84
 153.82   75.98
 154.62  126.63
 154.72  171.72
 154.83  168.33
 154.94  138.87
 155.87   38.71
 156.03  163.45
 156.99  142.54
 157.32  122.46
 158.18  166.32
 158.18  122.04
 158.41  175.06
 158.49  128.32
 159.03  180.68
 159.28   70.56
 159.85   76.05
 159.95  107.23
 160.28   78.48
 160.95  119.14
 161.32  171.63
 161.35  113.66
 161.73  174.94
 161.82  137.82
 161.86   72.34
 162.05   43.29
 162.21  143.21
 162.25  206.32
 163.09  152.65
 163.46  119.23
 163.56   67.54
 164.67   58.03
 165.35  102.39
 166.28   75.21
 166.54  126.93
 166.97   79.89
 167.50  152.68
 167.63  114.76
 167.76  204.84
 167.85  142.78
 168.32   45.74
 168.46  199.19
 168.67  141.25
 168.70  125.73
 168.81   57.63
 169.15   61.92
 169.64  116.89
 170.84  162.07
 171.37   53.64
 172.11  129.86
 172.70  159.65
 172.86  142.40
 172.94  101.42
 173.14  199.19
 173.69  213.42
 173.89  111.72
 174.71  156.07
 175.01  115.10
 175.38  174.08
 175.53  107.55
 175.90  159.84
 176.22  206.82
 176.34   55.89
 176.42   51.69
 177.28  127.47
 177.43  198.72
 178.59  124.75
 178.85  120.76
 179.11  113.87
 179.48  201.86
 179.91  186.83
 181.87  109.71
 182.22  108.33
 182.25  155.47
 182.26  132.53
 182.60  171.82
 183.68  115.99
 184.39  196.13
 186.42  109.21
 187.35  151.30
 187.37   53.68
 187.70   97.33
 188.47  117.59
 188.57  170.44
 188.60  211.94
 190.15  108.13
 190.59  161.85
 190.99   18.32
 191.27  154.98
 192.15   98.23
 192.49  152.76
 193.41  197.62
 193.86  167.85
 195.20  105.93
 196.21   43.81
 196.37  151.91
 198.08  195.96
 198.31   10.76
 198.73  157.37
 200.26  152.68
 201.38  203.02
 202.11   43.58
 202.41  119.18
 202.75  167.91
 204.09   20.60
 204.34  193.62
 204.88  165.14
 205.14  177.24
 205.27   72.86
 205.48  187.31
 205.50  187.30
 205.60  128.17
 205.95  113.21
 206.05  158.75
 206.71  122.37
 207.65   71.97
 207.68  155.21
 208.07  162.95
 208.90  197.12
 209.63  132.98
 210.18   95.05
 210.24  159.30
 210.28   94.72
 210.65  192.65
 211.08   46.73
 211.08  177.57
 211.33  169.61
 212.00  208.09
 213.06   70.83
 213.29  103.92
 214.14  168.26
 215.24  102.82
 215.36  202.95
 215.88  187.46
 216.04  138.32
 217.35  167.00
 217.80  194.92
 217.83  104.42
 217.97   10.39
 218.02  157.77
 218.13  209.32
 218.14  171.82
 219.05  159.38
 219.39   74.77
 219.77   25.88
 220.05   99.78
 221.32  187.04
 221.32  201.43
 221.41  192.58
 221.88   56.18
 222.28   68.58
 222.88  197.77
 223.81  170.28
 225.09  138.22
 225.75  146.95
 226.14   21.47
 226.96  200.30
 226.98  160.30
 227.05  205.60
 227.40  197.70
 227.48  131.91
 229.36   24.04
 229.37  165.06
 229.84  152.28
 229.92  105.55
 230.12  188.34
 230.15  102.66
 231.94  160.18
 232.78  207.30
 233.09  200.49
 234.05  111.32
 234.59  163.03
 235.12  142.18
 235.22  147.62
 235.44  206.03
 236.85  192.17
 237.05  132.77
 238.08  170.57
 240.17  208.92
 240.23   74.01
 240.66  166.54
 241.32  199.59
 241.72  206.89
 241.88  170.78
 244.41  192.31
 246.00  138.25
 246.07  186.20
 246.26   53.69
 246.42  114.97
 246.70  128.49
 246.80  190.02
 246.83  168.12
 246.87  171.84
 246.89  171.91
 247.18  147.27
 247.25  212.12
 247.79  208.41
 248.06  146.79
 248.43  103.67
 248.47  206.30
 249.01  166.01
 249.06  143.36
 250.54  117.74
 250.84  203.77
 251.57   99.65
 251.76  162.20
 252.01   49.83
 252.04  131.05
 252.94  177.76
 252.94  168.02
 253.17  121.10
 253.26  148.31
 253.44   52.72
 254.69  126.10
 255.01    8.45
 255.27  208.56
 255.71  131.05
 256.13   59.38
 256.20  211.87
 257.00  164.75
 258.36  106.62
 258.80  161.29
 259.34   74.74
 259.39  119.08
 259.94   53.70
 259.94  114.96
 262.76   69.54
 262.78  107.22
 262.84  110.89
 263.82  103.81
 265.84   78.48
 267.67  110.31
 270.77  194.26
 271.40  172.97
 272.48  195.83
 274.81  137.87
 275.69   98.07
 275.79   90.22
 276.30  172.06
 276.57   33.38
 276.60   41.71
 276.76  163.63
 276.98  160.38
 278.41  132.73
 278.70  126.82
 279.43  113.76
 279.81   93.92
 280.31   87.60
 283.64   96.65
 285.48  156.10
