  11.26  142.13
  12.57  111.57
  12.81  115.62
  15.61  190.99
  15.88  127.55
  17.18  155.70
  18.12  189.37
  18.72  118.27
  19.49   47.85
  20.52   40.00
  20.74   66.96
  20.96  124.11
  21.01   99.52
  21.11  138.82
  22.36   29.35
  22.65   11.14
  22.71   16.29
  23.57   43.30
  23.66  151.78
  24.75  119.63
  24.86  156.26
  25.08  132.59
  25.56   70.23
  25.65   82.07
  25.65   70.09
  25.80  139.23
  25.82  124.69
  26.04  103.90
  27.43   18.76
  28.30   48.14
  28.33  111.98
  28.59   35.87
  29.10  115.75
  29.73  124.15
  30.08  138.74
  30.40   46.13
  31.20   76.36
  31.95   67.73
  32.10   62.88
  32.69   54.64
  32.96   68.21
  33.07   43.78
  33.42   22.79
  33.49   10.69
  34.93   15.99
  35.40  127.43
  36.85   82.37
  36.89   69.76
  37.14  143.87
  37.30  109.30
  37.70  130.94
  37.72   49.32
  38.56   35.53
  38.59  156.75
  38.61   23.06
  38.81   54.67
  39.03   40.90
  39.31   29.07
  40.20  188.68
  41.14  110.97
  41.60  190.05
  42.14  135.41
  42.25   49.07
  42.58   44.05
  42.63   65.40
  43.22   78.36
  43.34  101.19
  44.14   54.91
  44.36  156.93
  45.42   19.44
  45.51  132.84
  45.61   54.86
  45.64   29.33
  45.73  119.07
  45.77  124.14
  45.81   23.98
  46.19   11.42
  46.27   94.73
  46.41   63.53
  47.12   69.19
  47.24   16.64
  47.37  139.22
  47.41   22.36
  47.45   82.28
  47.60   33.01
  47.75   49.81
  47.86  111.61
  48.16   91.05
  48.34   41.95
  48.74  190.60
  48.95   13.14
  49.89  135.37
  50.10   19.29
  50.23   24.27
  51.16  142.53
  51.38   49.89
  52.18   44.98
  52.22   91.42
  52.31   20.85
  52.86   26.94
  53.00   66.72
  53.07   77.33
  53.10   66.65
  53.45  112.95
  53.98  116.22
  54.47  188.90
  54.95   24.80
  55.43  157.21
  55.97   54.88
  56.17  139.33
  56.21  124.65
  56.34   79.02
  56.49   13.38
  56.52   75.30
  57.41   69.93
  57.53   96.59
  57.54   81.87
  57.73   50.38
  57.79   36.88
  58.04  111.43
  58.16   19.45
  58.52   42.48
  58.59   10.48
  59.42   16.74
  61.68   38.78
  61.81   45.31
  61.91  124.23
  62.67  156.20
  62.87   67.20
  62.95   76.71
  63.12  111.89
  63.19  131.74
  63.36  128.23
  63.38   16.78
  63.44  144.63
  63.49   20.79
  63.66   70.87
  65.79   62.71
  65.93   96.08
  66.78  105.76
  66.95   48.56
  67.33  113.70
  67.36   36.65
  67.57   82.60
  67.57  142.77
  67.65   70.24
  67.96   76.01
  68.38   41.90
  69.61  102.68
  69.71   11.77
  70.09   23.72
  70.31  157.12
  70.85   16.33
  71.07  153.59
  71.39  109.33
  71.56   54.42
  71.96   45.19
  72.13   83.22
  72.38  124.60
  72.47   59.46
  72.79   77.02
  72.96  139.66
  73.05   66.65
  73.56  111.53
  73.95   19.06
  74.14   23.82
  76.01  157.24
  77.04   49.82
  77.17   36.41
  77.82  140.76
  77.92   41.39
  77.94  137.23
  78.09   29.03
  78.14  134.98
  78.46   81.63
  80.58   57.22
  81.40   63.67
  81.44   24.32
  81.48  109.84
  81.51   49.78
  81.59  124.99
  81.60  104.20
  82.55   43.99
  82.60   19.45
  83.03  139.80
  83.57  139.85
  84.22   78.10
  84.26   67.91
  85.56   29.67
  86.47   23.52
  86.67   12.13
  87.06  157.45
  87.88   88.94
  88.14   49.73
  88.21   16.73
  88.23  108.47
  88.23   78.14
  88.76   40.06
  88.90   65.64
  89.04   71.55
  89.15   81.72
  89.32  132.34
  89.48  144.45
  90.06  128.75
  90.70   20.01
  91.08   90.31
  92.90   30.18
  92.97   43.47
  93.66   83.20
  93.91  200.68
  94.04  109.95
  94.41  155.56
  94.67   67.41
  95.31   79.35
  96.87  136.56
  97.93  201.99
  98.49   77.52
  99.15   70.49
  99.43   82.30
  99.61  125.17
  99.68  207.63
  99.77  211.82
  99.80  140.19
  99.88   40.13
  99.89   49.04
 100.88  113.87
 101.19   11.91
 101.63  157.40
 101.88   97.01
 102.09   25.79
 102.56   17.91
 102.66  189.57
 102.73   60.74
 102.87  109.34
 103.04  205.16
 103.83   83.57
 103.91   83.56
 104.05  134.12
 104.51   50.47
 104.89  101.95
 105.31   76.69
 105.85   67.17
 106.94  182.59
 107.33   73.19
 107.79  164.32
 108.70  189.15
 109.09  125.06
 109.20  139.95
 109.26  185.27
 109.69   29.87
 110.33  157.41
 110.68   76.80
 110.71   50.02
 110.83   76.49
 110.83   70.46
 111.35   40.91
 111.44   57.93
 111.45  161.73
 111.70  114.78
 112.97  167.71
 113.10  184.01
 114.06   18.84
 114.63  187.80
 114.67   44.91
 114.77   50.80
 115.17  148.29
 115.30  144.96
 115.43  158.64
 116.16  129.03
 116.98  187.66
 117.00   60.43
 117.10   66.61
 117.54   77.42
 117.71  157.13
 118.12   30.72
 118.50   24.06
 118.80   15.64
 118.96  192.44
 119.01   71.63
 119.12   56.18
 119.77  189.38
 120.16   51.45
 120.90   42.68
 121.81  160.50
 121.81   70.31
 122.21   63.76
 122.23   82.91
 122.25  174.68
 122.57   18.74
 122.91   25.02
 123.19  205.58
 123.40   32.19
 123.84   70.69
 124.00   57.86
 124.08   19.40
 124.11   45.64
 124.30   41.27
 125.11  125.30
 125.44  125.33
 125.82  140.28
 125.90  161.11
 126.76   83.95
 126.99  154.56
 127.01   79.14
 127.02   79.33
 127.04   67.69
 127.17  179.28
 127.43  168.85
 128.59  191.35
 128.73  149.95
 128.83  201.89
 129.20   62.76
 129.40  163.97
 130.01   50.27
 130.13  137.64
 130.89   27.16
 131.23   41.38
 131.36   66.74
 131.49   71.24
 131.56   19.26
 131.82   13.87
 132.33  186.22
 132.41   82.56
 133.11  177.62
 134.58  140.27
 134.93   41.14
 135.01   21.56
 135.32   50.28
 135.32  181.66
 135.46  125.56
 135.50   59.69
 135.51   68.25
 135.97  164.80
 137.09   76.72
 137.44  211.57
 137.64  115.40
 139.40  103.00
 139.56   41.26
 140.31  166.97
 140.37   92.73
 140.67  115.85
 140.77   71.45
 141.03  145.28
 141.14  129.90
 141.45   82.44
 142.00  158.38
 142.14   51.62
 142.24   44.87
 143.23   98.75
 144.53   55.31
 144.62   55.12
 145.15   68.41
 145.57   57.13
 145.85  192.88
 147.10  179.97
 148.07   86.74
 148.35  115.38
 148.76   19.71
 149.01   79.86
 149.21  175.31
 149.37  207.56
 149.45   70.61
 149.47  196.93
 150.03  164.50
 150.42   99.13
 150.85   32.06
 151.05  140.44
 151.40   43.14
 151.42  125.68
 151.52   52.09
 151.94   20.32
 152.78  200.68
 152.93  205.77
 153.31   22.70
 153.59  160.77
 153.86  156.04
 154.62  179.67
 154.70  168.73
 154.97  173.84
 155.06   98.39
 155.19   46.30
 155.47  117.79
 156.15   82.67
 156.56   93.66
 157.39  106.29
 158.28  188.68
 158.40  153.00
 158.50   93.63
 158.99  163.65
 159.71  189.69
 160.78   97.76
 160.93  186.74
 161.03   90.38
 161.20    9.43
 161.25   93.64
 163.38   73.93
 163.68   27.98
 164.00   68.62
 164.13  125.59
 164.41  140.53
 164.58  107.23
 164.60   41.07
 164.67   86.22
 164.67   47.21
 164.93   32.77
 165.05  117.32
 165.45   10.68
 165.63  162.80
 166.41    7.55
 166.64  186.73
 166.90   78.90
 167.57  191.10
 168.78   45.35
 169.43   32.98
 169.47  145.49
 170.25  129.75
 170.66  105.93
 170.67   79.56
 170.77   87.10
 171.01  113.49
 171.41  156.52
 171.54   43.81
 172.74   33.10
 173.32   99.63
 174.04   42.42
 174.32  204.30
 175.63  113.98
 175.67  162.75
 175.70  169.71
 176.78   72.29
 177.49  117.43
 177.61   51.76
 177.71   47.88
 177.82   81.40
 178.19   76.29
 178.25  208.02
 178.46  163.00
 179.86   23.35
 180.04  125.89
 180.11  185.95
 180.25  171.25
 180.42  140.73
 181.05   78.29
 181.27  166.08
 181.45  202.43
 181.88   45.31
 183.36  157.44
 183.57   41.60
 183.81   27.69
 183.86   19.90
 184.25  134.39
 184.88   27.08
 184.93  205.16
 185.07  127.09
 185.17  123.44
 185.54  189.80
 186.41   51.15
 186.98   77.87
 187.13   23.48
 187.31  177.53
 188.08  145.78
 188.61   53.62
 188.72  140.58
 189.24  126.13
 191.09   74.35
 192.02  194.60
 192.42   52.79
 193.86  196.89
 195.01  174.04
 195.07  150.57
 195.07  180.13
 195.18  145.80
 195.54  105.24
 195.95  130.30
 196.13  157.66
 196.18  157.75
 196.62   77.63
 197.45   53.43
 197.99   12.69
 198.69  114.51
 200.05  171.33
 201.65   49.43
 201.68  166.59
 202.48  118.41
 203.20  111.43
 204.19  208.84
 204.58   55.97
 204.87  176.52
 205.22  140.73
 205.94  126.31
 206.50   27.23
 206.59   27.13
 207.58  115.38
 207.85  134.84
 208.88   54.15
 208.91   54.26
 209.19  142.85
 209.75   99.05
 210.35  127.49
 211.07  122.70
 211.24  111.95
 211.58  102.34
 211.60   25.18
 212.22  157.76
 212.56  105.82
 212.77  209.61
 213.71  140.68
 213.78  126.57
 213.90  149.33
 214.18    9.31
 214.22  126.56
 214.51  133.50
 214.77  115.47
 215.42   53.50
 216.89  155.50
 217.06  167.07
 217.10  188.73
 218.57  195.93
 219.11   96.21
 219.15  201.45
 219.83  113.17
 219.83  145.71
 220.01  156.53
 220.39  150.79
 220.44  130.57
 220.68  195.03
 220.83  183.37
 220.84  168.47
 221.10  117.98
 221.11  106.97
 222.70   25.53
 223.56   86.09
 224.19   74.57
 225.23  157.36
 225.24   74.39
 225.60  188.84
 226.11  150.83
 226.20  165.85
 226.54   26.50
 229.13   81.47
 229.51  140.74
 229.75  116.45
 229.83  157.34
 229.87  110.56
 230.09  206.66
 230.71   24.42
 231.43  104.60
 231.45  209.41
 232.10  154.07
 232.98  135.66
 233.56   80.12
 233.79   81.39
 233.83   76.55
 233.88  111.82
 234.26  199.72
 234.27  170.73
 234.57  179.54
 235.60  106.48
 236.34   94.52
 236.63   98.36
 236.91   74.78
 237.10  168.13
 237.23   54.74
 237.50  148.59
 237.77  209.77
 237.84  140.59
 238.05  189.08
 238.09  178.43
 238.10  200.06
 238.24  209.80
 238.40  118.90
 238.48  126.71
 238.51  194.48
 239.19  185.70
 239.35   91.69
 239.53  133.34
 239.56  169.25
 240.28  206.88
 240.54  157.29
 240.97  192.56
 241.68  200.10
 243.02   98.49
 243.08   84.99
 243.32  209.22
 243.35  161.76
 243.37  113.56
 243.59  145.73
 243.72  150.92
 244.15  117.96
 244.44  130.58
 244.51  140.52
 245.32  133.88
 246.17  155.84
 247.20   83.45
 247.60   98.72
 248.15  158.27
 249.20  115.32
 249.47  154.98
 249.52   80.63
 250.07   75.72
 250.49   98.49
 250.78   27.13
 251.29  109.81
 251.83  198.88
 251.90  209.66
 251.94   82.46
 252.18  156.99
 252.23  132.97
 252.42  126.50
 252.82  140.54
 253.49  100.99
 254.40   79.01
 254.76   88.61
 254.76  176.22
 255.25  154.07
 256.09  157.05
 256.27   55.38
 256.28  118.96
 256.41   25.57
 256.75   76.73
 256.99  127.51
 257.48  134.42
 257.64   44.03
 257.70   27.59
 257.74  165.19
 259.73  210.11
 260.19  140.48
 260.26   57.54
 260.51  157.14
 261.04  126.76
 261.78  169.19
 261.96  205.32
 262.30   54.39
 262.51   98.14
 262.62  112.56
 263.44   48.37
 264.04  186.41
 265.21   75.01
 266.36  145.86
 266.37  170.61
 266.69  150.89
 267.07   82.95
 267.26  130.72
 267.76  156.98
 268.38  162.50
 268.44  208.75
 268.53   26.72
 269.53   61.59
 269.61   56.55
 269.85   34.02
 270.62   78.07
 270.66   78.32
 271.01   74.42
 271.42   49.53
 271.44  169.37
 271.65  155.91
 271.69  152.30
 273.42   45.88
 273.71  118.15
 273.85  101.35
 274.27  207.59
 274.81   83.31
 275.21  140.64
 275.42  151.90
 275.43  127.00
 275.77  145.87
 275.92   33.91
 275.96   25.86
 276.37   62.53
 276.65  163.53
 276.92  175.66
 277.75   45.24
 277.78   56.55
 277.96  110.78
 278.35  204.20
 278.85  141.53
 278.92  142.02
 278.94   50.62
 279.33  156.51
 279.58   88.70
 279.90   84.34
 280.01  177.19
 280.06   78.12
 280.29  151.84
 280.61  183.43
 280.71  188.66
 282.14   57.25
 282.77  140.53
 282.99  181.35
 283.68  126.25
 284.84  164.33
 285.07   28.75
 286.04  181.61
