   9.31  126.77
   9.47   16.71
   9.83  130.90
   9.94   12.29
  12.42  115.76
  12.73  121.26
  12.98  159.98
  15.94   19.62
  16.01   16.32
  16.11  146.76
  16.19  184.25
  16.84  105.80
  17.61   86.17
  17.74  139.47
  17.75  136.28
  17.89  143.49
  18.23   99.57
  18.53  119.09
  18.83   14.01
  19.07   81.71
  19.66  115.51
  21.32  144.25
  21.41  133.20
  21.47  111.17
  21.80   84.23
  22.38  183.34
  23.02  152.87
  23.36   43.60
  23.48   97.32
  23.78   26.67
  24.23  119.05
  24.44  124.24
  24.60  100.69
  24.62  110.05
  24.91  151.23
  25.95   93.84
  26.04   41.97
  26.08  199.37
  26.55   12.32
  26.79  153.59
  27.06  149.08
  27.23   32.12
  27.50  100.51
  27.56   86.18
  28.35  161.09
  30.25  170.71
  31.05   30.36
  31.24   56.35
  32.11  162.42
  32.18   44.48
  32.21  114.98
  32.31  177.45
  32.64  139.62
  32.72  103.26
  32.74  192.73
  32.76  115.34
  33.22  154.55
  33.56   13.02
  34.53  105.99
  34.68  134.48
  34.72   60.66
  35.26  101.53
  35.89   28.58
  35.99  109.22
  36.31  191.16
  37.01   36.71
  37.14  132.90
  37.18   15.52
  37.20  171.82
  38.23  105.92
  38.57  126.47
  38.58  145.07
  39.15   92.95
  39.18  165.38
  39.74  114.99
  40.05   60.61
  40.06   28.31
  40.30  101.04
  40.57   46.68
  41.29  139.61
  41.47  108.86
  41.57   66.64
  41.93  169.72
  41.94  190.80
  42.21  132.33
  42.40  145.89
  42.46   45.61
  42.92  106.08
  43.23  153.49
  43.91   96.26
  44.21  203.49
  44.81  130.52
  45.60  105.51
  45.93  172.35
  46.02  203.93
  46.11  140.64
  46.25  179.22
  46.33  114.53
  47.09  150.11
  47.98  121.30
  47.98  127.25
  48.11  107.31
  48.20   45.40
  48.24  117.38
  49.19  130.66
  49.39   77.66
  49.45  110.82
  49.52  182.95
  49.95  204.84
  50.07   19.22
  50.51   72.38
  50.59  147.82
  50.76   43.82
  51.53   26.75
  51.73  106.05
  51.78   34.82
  51.98   40.07
  52.36  188.16
  52.36   87.62
  52.67  154.09
  52.88   76.15
  52.94  126.32
  54.02   80.82
  54.04  130.21
  54.96   15.06
  55.24  120.64
  55.37  185.64
  55.66   90.11
  55.67   96.84
  55.82   50.79
  56.18  136.44
  56.46   79.53
  56.66   26.82
  57.07   18.25
  57.32   38.11
  57.48   44.98
  57.60  211.54
  57.73  101.43
  58.36  145.96
  58.94  131.01
  58.98   76.64
  59.19  163.52
  59.34  113.61
  59.42   40.86
  60.06  157.24
  60.78  113.34
  60.82  121.22
  61.54   53.23
  61.55   97.65
  61.76   88.90
  62.54  179.62
  62.81  113.18
  62.90  206.31
  63.06  125.53
  63.22  172.02
  63.26   16.99
  63.67  108.20
  63.68  162.86
  63.73  161.02
  63.86  112.06
  64.43  213.54
  64.59   95.50
  64.79   68.90
  65.04  178.36
  65.44   55.67
  65.82  126.68
  65.92  122.70
  66.02   76.38
  66.08  165.48
  66.50  118.39
  66.55  157.40
  66.76  155.20
  66.89  209.99
  67.01  199.90
  67.04   71.64
  67.40  187.33
  67.43  126.15
  67.95  152.00
  67.97  112.31
  68.33   86.28
  69.14  138.07
  70.13  144.42
  70.26  172.50
  70.36  113.44
  70.51    9.87
  70.69   94.04
  70.70  107.11
  70.79  110.03
  70.80   64.42
  70.83  201.30
  71.26  137.25
  71.38   30.17
  71.81   19.34
  72.57   97.88
  72.68  156.94
  72.82  139.62
  72.84   85.25
  73.52   45.58
  74.53   10.26
  75.60  103.68
  75.99   18.20
  76.14  147.24
  76.16   86.41
  76.51   96.61
  76.76  132.00
  78.53  111.65
  79.10  104.67
  79.62  126.03
  81.12  137.93
  81.13  188.93
  81.20  184.42
  81.25  121.16
  81.96  124.84
  81.99  146.67
  82.70   96.46
  83.05   88.73
  83.07  158.61
  83.39   91.98
  83.60   64.40
  83.73   98.92
  84.23   74.32
  84.35   35.55
  84.37   39.65
  84.61   15.74
  84.84   85.97
  84.96  137.68
  85.19  182.31
  85.22  118.49
  85.30  106.36
  85.51  203.68
  85.51  152.43
  85.55  101.00
  85.87  196.97
  86.02   97.61
  86.89   88.84
  86.99  159.15
  87.10   34.58
  88.44  167.72
  89.09   92.60
  89.33   99.76
  90.60  145.33
  90.72   98.95
  90.96  104.05
  91.76   78.56
  91.94  111.83
  93.31  171.44
  93.37   94.34
  93.50  171.40
  94.80  109.92
  95.82   23.97
  96.19   98.14
  96.20  118.50
  96.52  180.44
  97.21  123.89
  98.11  138.94
  98.34  155.63
  98.52  171.81
  98.60  198.77
  99.77   73.63
  99.96  189.45
 100.07  102.11
 100.29  129.35
 100.49   94.88
 100.73  115.15
 101.04  121.60
 101.25  172.21
 101.71  166.47
 101.75  197.10
 103.43  117.81
 104.47  128.23
 104.94  124.94
 105.36   79.19
 105.43  152.42
 105.44  141.65
 106.10  103.75
 106.18   72.38
 107.80   88.96
 108.43   72.26
 108.72  112.14
 108.89   97.16
 109.13  141.15
 109.21  144.98
 110.10  192.69
 110.45  101.64
 111.13  202.28
 111.66  156.24
 111.83   37.09
 112.19  165.41
 113.27  126.83
 113.81  150.11
 114.06   87.72
 114.26   99.19
 114.62   90.45
 114.70  118.66
 114.80  112.59
 115.30  128.27
 115.38  105.02
 115.41   94.66
 115.58  143.37
 116.11  121.35
 116.12  161.28
 116.72  133.52
 118.05  131.12
 118.61  118.98
 118.86  105.25
 118.93   74.59
 119.73  113.62
 121.31  134.75
 121.97   90.53
 122.04   95.84
 122.15   93.13
 122.25   90.18
 122.38  162.85
 122.40  100.83
 122.63  145.86
 123.07  131.00
 124.05  139.72
 124.78   86.87
 124.90  105.41
 125.67   79.23
 126.15  113.85
 126.60  138.83
 127.07   35.14
 127.08  109.69
 129.02  126.59
 129.13  152.15
 129.24  148.98
 129.61  100.50
 129.71  161.03
 130.15  113.13
 130.68   72.27
 130.89  148.81
 131.09  105.70
 131.32   40.17
 131.75  112.46
 133.15   77.11
 133.30   93.69
 133.57  108.12
 133.57   89.46
 133.62   77.73
 133.63  157.04
 133.79  100.02
 134.62  125.55
 136.06   54.17
 136.06  142.22
 136.26   79.23
 136.28  159.85
 137.01   35.97
 137.36  147.56
 138.00  129.21
 138.10  107.29
 138.43   50.97
 139.38   94.76
 139.86   88.05
 140.13  131.74
 140.43   99.96
 140.97  110.81
 141.51   38.07
 142.01   68.70
 142.08   78.85
 142.13   29.79
 142.60   96.11
 142.63   20.32
 142.92  171.31
 143.40   55.99
 143.59  108.79
 143.65  184.60
 144.20  140.91
 144.29  166.99
 144.57   80.71
 144.84  137.48
 145.09  125.02
 145.60  103.69
 145.67  148.28
 146.06   93.89
 146.21   60.71
 146.48   48.86
 146.64  144.92
 146.72  151.68
 146.78   70.62
 147.20  164.67
 147.83   81.43
 147.93   31.94
 148.03   76.24
 148.06  171.81
 148.12  124.32
 149.22  137.47
 149.26   51.99
 149.57  166.81
 150.56  105.94
 150.61   65.36
 150.76   81.46
 151.03  118.50
 151.22   97.00
 151.71  179.23
 151.76   84.66
 152.02  160.17
 152.23  148.75
 152.27  122.71
 152.39  113.42
 152.77  139.13
 153.22   25.72
 153.26  174.04
 153.70   38.85
 154.75   35.02
 155.42   79.93
 156.11   71.38
 156.17  105.09
 156.79  106.08
 156.91  123.49
 157.17   38.36
 157.72   96.06
 158.28  172.41
 158.49  103.54
 158.88   56.26
 159.10   48.14
 160.16  191.02
 160.75  141.00
 160.79   37.15
 161.14   27.33
 161.15   78.66
 161.76  125.81
 161.93  103.29
 161.99  179.41
 162.07  187.92
 162.32   10.36
 162.88    7.58
 162.92   56.00
 164.12   28.68
 164.28   67.36
 164.55  127.30
 165.46   32.23
 165.62  109.48
 167.00  158.60
 167.04  179.13
 167.66  119.92
 167.82  106.96
 168.41  145.19
 169.00   93.94
 169.22  122.92
 169.73   55.26
 169.82  171.25
 170.60  109.08
 170.73  175.00
 171.05   88.83
 171.07  154.81
 171.10   81.06
 171.77   35.29
 172.26  130.66
 172.69   27.79
 173.02  121.01
 174.85   24.77
 175.56   84.38
 175.64  100.73
 176.09  103.14
 176.42  155.29
 177.18  180.10
 177.60   55.49
 177.72  182.87
 177.87  106.56
 178.01   91.80
 178.21   95.40
 178.82   26.27
 179.36  152.34
 179.48  144.92
 179.63  166.17
 179.79   30.75
 179.97   22.30
 180.66   84.89
 180.79   50.91
 180.84   26.93
 180.89  140.52
 180.91  166.72
 181.14   86.28
 181.43  126.52
 181.90  132.46
 182.14   73.98
 182.64  121.55
 182.78  135.79
 183.46  124.48
 183.85   48.71
 184.08   10.09
 184.97   97.42
 185.01   85.55
 185.93  126.48
 185.99  107.40
 186.08  110.13
 186.18   66.77
 186.51  124.11
 186.57  113.47
 186.59   49.43
 186.99   51.84
 187.33  149.78
 187.57   71.51
 187.62  156.34
 187.82   51.66
 188.13   33.71
 188.43  163.73
 188.47  153.49
 188.57   86.29
 188.68  126.54
 189.84  122.06
 190.12   92.34
 190.61   69.25
 190.64   51.94
 191.27   64.35
 192.12  128.91
 192.19  110.88
 192.70  163.37
 193.64   61.75
 194.17  139.95
 195.51   78.26
 195.87  107.03
 195.99   96.90
 196.50  101.91
 196.78  113.96
 196.84  144.10
 197.68   87.21
 197.88   72.39
 198.17  135.57
 198.33  138.99
 199.36  133.54
 201.03  111.08
 203.05  101.52
 203.18   47.97
 203.19   65.67
 204.09  120.02
 204.19  131.46
 204.27  135.51
 204.81  127.20
 206.09  108.50
 207.47   50.15
 207.57  101.61
 207.58  106.53
 207.64  155.67
 208.02  113.77
 208.20   96.53
 208.98  141.38
 209.27   37.45
 209.73  158.40
 211.55   78.75
 212.20   81.97
 212.49  124.49
 212.77  149.78
 212.81  155.70
 213.00   50.04
 213.02   50.47
 214.01  134.52
 214.21  160.91
 214.70   70.39
 215.61  128.47
 216.07  143.69
 216.57   31.84
 219.10  152.23
 219.48   76.17
 219.60   56.42
 219.98   61.51
 220.26   97.80
 220.29   44.25
 220.57  124.80
 220.70  101.79
 220.73   88.43
 220.82   82.87
 220.84  106.00
 221.11   28.50
 221.45  115.58
 221.55  129.74
 221.77  120.74
 222.56   23.95
 223.69   66.61
 224.58   61.51
 224.77  113.73
 224.96  139.25
 225.08  119.52
 225.59  131.96
 225.83  101.83
 226.46  111.04
 226.51  125.91
 226.82  174.84
 227.33   84.49
 227.88  124.44
 227.98   38.40
 228.45   50.96
 229.66  119.97
 229.87  174.00
 229.93   66.58
 230.76  161.70
 230.77  166.13
 231.06  103.98
 231.20   67.20
 231.24   97.40
 231.37   45.74
 231.72  170.79
 232.49   34.15
 232.90  136.57
 233.26   46.30
 233.63   61.70
 233.92  114.02
 234.01  143.59
 234.24   38.68
 234.35   89.59
 234.36   71.28
 234.40  128.42
 234.81  118.54
 234.98   96.71
 235.03   41.45
 235.12   77.49
 235.15   77.48
 235.17   82.97
 235.28  174.66
 235.28  141.27
 235.60   53.58
 235.65  155.77
 236.38   51.56
 236.43  123.98
 236.78  103.56
 236.78   45.08
 236.83   45.25
 237.27  111.58
 237.44  107.38
 238.97  125.80
 239.12   80.73
 239.21  107.20
 239.29  168.75
 239.63  128.29
 239.75  135.56
 240.80  160.74
 241.21  129.73
 241.92   45.70
 241.99  110.95
 242.24   42.49
 242.50  134.69
 242.82  143.73
 243.55  155.77
 243.79   83.12
 245.32  159.11
 245.44  126.86
 245.45  122.87
 245.82   39.09
 245.82  129.94
 245.92   34.89
 246.05  144.30
 246.66  113.85
 247.02  104.17
 247.81  153.05
 248.02   70.36
 248.13  133.31
 248.29  109.72
 248.46  118.01
 248.51  113.36
 248.51   63.77
 248.55  122.76
 248.64  126.98
 248.86   53.75
 249.03   93.75
 249.04  146.94
 250.02   45.18
 250.72   84.79
 250.82   58.26
 251.24   98.21
 251.42  143.41
 252.01  115.79
 252.98  104.56
 253.43   62.97
 253.50  114.65
 253.59   18.40
 253.62  130.56
 253.87   33.92
 254.38   93.68
 254.75   78.98
 255.13  106.26
 256.11   65.40
 256.73   60.15
 257.15   44.52
 258.40   35.73
 259.83   75.97
 260.24  122.21
 260.33   39.03
 260.42  126.49
 260.50   58.29
 261.17   66.42
 261.60   92.70
 261.65   70.33
 262.55  113.26
 262.61   66.07
 262.77  105.53
 262.83   73.28
 263.44   43.86
 263.48   35.58
 263.65   97.80
 264.99  127.46
 265.03   65.53
 266.06   84.31
 266.27  127.47
 267.13  104.43
 267.21  108.81
 267.29  100.89
 267.71   41.07
 267.93  137.33
 268.36  115.32
 268.50   47.25
 269.05   87.19
 269.32   98.74
 269.55   50.97
 270.21   46.87
 271.15  104.38
 271.37   84.37
 271.51   31.84
 271.61   11.29
 272.66  121.93
 273.02   55.87
 273.05   75.15
 273.28   17.91
 273.56   61.02
 273.83   87.52
 274.44  120.17
 275.81   27.80
 276.09   53.15
 276.51   62.02
 278.01   66.07
 278.54   41.94
 278.62  126.32
 278.92   94.94
 279.88  142.20
 279.97   74.04
 280.49   45.43
 280.50   19.51
 281.67    9.92
 282.28   69.99
 282.35   22.40
 282.57   62.06
 282.62   89.56
 282.77   13.34
 283.42  143.44
 283.45  100.81
 283.53  139.62
 283.59  103.32
 284.07  147.87
 284.15   76.02
 284.17  129.09
 285.25   48.53
 285.25  122.77
 285.75  157.74
 285.85   25.73
 286.03   86.98
 286.17   55.28
 287.18   65.86
 287.39   51.51
 288.02   93.06
 288.17   41.15
 288.64  155.66
 288.71  133.78
 288.85   32.43
 289.15   19.83
 289.50   46.65
 290.44    7.41
 290.67   49.52
 291.79  125.03
 292.22  176.55
 292.62   73.72
 293.53   83.58
 293.90   63.10
 294.18   99.64
 294.62   45.58
 294.70   99.59
 294.79   94.57
 295.00   31.06
 296.07  178.76
 297.79   34.57
 298.12  103.26
 298.14   21.16
 298.33  149.80
 298.61   64.11
 298.96   77.77
 299.08  159.07
 299.21  109.74
 299.55   99.00
 299.58   38.64
 299.76  150.15
 299.80  116.54
 300.03  130.34
 300.10  157.77
 300.95   27.62
 301.30   86.37
 301.45  131.44
 301.75   82.46
 302.04   65.98
 302.43   23.42
 302.51   96.79
 302.75  159.31
 302.93   13.66
 303.61   61.82
 304.26   98.25
 304.37  106.07
 304.92   27.77
 306.12   50.72
 306.34   16.30
 306.62   44.01
 307.07   87.73
 308.17   19.90
 308.84   93.61
 309.22   38.53
 310.02  103.28
 310.59   52.55
 310.98   44.80
 310.98   59.61
 311.04  149.41
 311.55  163.74
 311.87   95.85
 312.38   30.58
 313.02   45.82
 313.32  115.55
 313.49   82.96
 314.39  163.06
 314.93  149.37
 314.97  122.27
 315.26   69.91
 315.49  132.15
 315.78   55.98
 316.34   34.72
 317.92  114.48
 317.96  161.55
 318.07  144.94
 318.24  117.88
 319.13  130.05
 320.19   45.41
 321.24   43.88
 321.36   92.51
 321.37   50.22
 322.38   66.29
 323.70  169.42
