   8.81   43.15
   9.65   57.41
  10.80   66.93
  12.50   54.65
  12.51   40.23
  12.60   33.35
  12.80  162.15
  12.84   26.56
  13.07   17.71
  14.10  156.76
  15.89   78.08
  16.01   32.77
  16.21   49.69
  17.01   45.22
  17.08   54.28
  17.39    9.97
  18.48  173.60
  19.20   78.59
  19.36   68.81
  19.74  191.79
  20.43   74.78
  20.45   74.44
  20.57  198.12
  21.29   79.88
  21.58  184.24
  21.85   29.57
  23.93   74.29
  24.61  203.42
  25.52   70.56
  26.44   74.70
  26.71   53.61
  28.59   50.67
  30.12   72.18
  30.44   82.47
  32.96   58.15
  33.17   50.44
  34.45   65.83
  38.23   60.78
  38.59  156.56
  38.66   30.18
  39.06   30.66
  39.09   64.22
  39.17   57.43
  39.71   49.45
  39.90   31.96
  39.94   19.79
  40.05   75.05
  40.22   71.76
  42.74   54.83
  43.51   84.10
  44.16   27.19
  44.50   59.81
  44.84  181.94
  45.56   63.73
  46.32   37.05
  46.60   47.31
  46.93  161.80
  47.14   67.11
  47.35  167.95
  47.64  174.83
  47.95   28.75
  48.83   20.70
  50.55   82.26
  52.37   16.39
  53.13   75.55
  54.03   28.10
  54.11  164.87
  54.27   31.39
  55.48   50.53
  55.50  114.67
  55.52  109.60
  56.36   27.56
  56.65  129.21
  57.52  141.04
  57.71   47.07
  58.22   79.91
  58.54   52.84
  58.61   66.22
  58.62   24.15
  58.67   84.72
  60.27  118.52
  60.75  168.19
  60.76   49.79
  61.42   30.52
  61.42  139.52
  61.55   23.33
  61.81  124.63
  62.22  127.87
  62.71  206.04
  62.75   77.87
  63.06   43.60
  63.72  169.91
  64.61  166.21
  64.67  125.22
  64.80   96.26
  65.25  110.65
  65.38   35.11
  65.92  193.51
  66.04  116.02
  66.29   21.93
  66.56  161.80
  66.77   44.68
  67.48   19.47
  67.85  152.26
  67.91  122.91
  68.12  167.79
  68.17  202.03
  68.23   87.39
  68.34   22.46
  68.58   81.12
  68.70  114.07
  68.83   78.06
  68.90   37.03
  69.25  148.82
  69.55  103.99
  69.61   94.05
  70.58   14.77
  70.67   42.56
  70.78   30.36
  70.81  107.67
  70.94  154.32
  70.94  118.83
  70.98   99.10
  72.45  157.60
  72.53  105.27
  72.65  190.36
  73.24  151.04
  73.37  165.19
  73.46   70.55
  73.53   74.22
  73.79  202.57
  73.95   24.10
  74.26   69.18
  74.65  175.54
  74.66   20.54
  75.86  205.23
  75.95  166.14
  76.00  189.06
  76.35  194.68
  76.40   83.72
  76.74  120.69
  76.77  124.83
  77.34   18.13
  77.44  179.70
  77.70  185.76
  77.92   38.32
  78.19  159.92
  78.47  168.85
  78.87  115.02
  78.91   72.80
  79.00   64.65
  79.32  120.81
  79.60   61.79
  79.87  177.37
  80.40  137.87
  81.03  182.03
  81.13  145.68
  81.14   54.93
  81.19  182.00
  81.59  169.75
  81.59  161.52
  82.47  133.33
  82.56  199.38
  82.79  193.48
  83.20  151.57
  83.37   68.84
  83.42  100.58
  84.02  178.23
  84.09  146.91
  84.42   48.71
  85.12  144.90
  85.40  149.53
  85.76   92.89
  85.98  160.05
  86.38   86.45
  87.47  147.44
  87.87   43.32
  88.10  115.41
  88.69   84.25
  88.81   19.77
  89.21   64.52
  89.88  114.26
  90.44  168.66
  90.75   90.35
  91.43  112.09
  91.43   44.11
  91.51   32.23
  91.80  153.54
  93.66   23.42
  94.28  180.80
  94.36  159.50
  94.52  183.78
  95.10  178.01
  95.42   45.58
  95.70  143.01
  95.99   71.63
  96.12   31.08
  96.18   21.16
  96.41   83.76
  96.70  153.73
  96.74   50.01
  97.41   43.90
  97.82   76.48
  97.94  166.45
  98.01   54.05
  98.35   79.68
  98.63   45.91
  99.04  175.12
 100.05   24.81
 100.23   49.49
 100.27  181.52
 100.38  126.19
 101.67   53.17
 102.00  104.18
 102.55   74.88
 102.74  147.75
 102.78   27.81
 103.10  183.89
 103.31  116.35
 103.31   78.07
 103.44  196.01
 103.59   31.53
 104.09   48.76
 104.24   40.31
 104.54  128.84
 104.54   87.20
 104.75  150.64
 106.15   45.48
 107.29   12.09
 107.42   54.42
 107.69   78.89
 108.47  154.03
 108.90   38.58
 109.10  153.33
 109.14   27.73
 113.03   80.40
 113.30   83.55
 115.55   22.15
 117.22   85.65
 117.26  151.09
 117.31   88.95
 117.85  148.26
 118.37  128.08
 119.28   79.41
 119.70   53.87
 119.88   83.05
 119.97  164.62
 120.52  122.62
 122.02   83.38
 123.28   55.12
 123.30  137.79
 125.84   50.99
 126.92   85.66
 127.41   75.99
 128.02  144.21
 128.50   37.46
 128.90   41.12
 131.67   59.78
 132.69   95.01
 133.09   28.88
 133.18   48.59
 133.37  148.89
 134.72   66.07
 135.18   45.14
 135.59  146.21
 135.64   70.30
 135.98   77.42
 137.16   91.75
 139.48   48.57
 139.69   90.64
 140.22   61.07
 140.56   84.67
 140.58   41.96
 142.44  145.35
 142.96   97.08
 143.08  156.50
 143.49  146.20
 143.64   99.42
 144.08  121.05
 144.30   67.23
 144.36  151.49
 145.92   77.65
 145.94   70.43
 146.46   50.06
 146.72   56.09
 147.11  111.59
 148.00  103.46
 148.94  104.16
 149.14   70.63
 149.32   64.78
 150.81  144.75
 151.78  100.64
 151.88  161.54
 152.80  111.05
 154.29   74.17
 155.02   49.80
 155.29  103.08
 155.54  108.43
 155.56   50.47
 156.48   87.84
 156.84   72.39
 157.94  113.18
 158.53  109.52
 158.90   89.16
 158.94   93.62
 159.10  108.49
 160.09   74.50
 160.42  120.27
 161.20   53.34
 161.68   93.72
 161.73   39.74
 163.67  125.64
 164.00   81.04
 164.88  109.83
 165.31  136.27
 165.47  126.89
 166.04   98.25
 167.57   83.37
 167.64  154.14
 167.72   83.81
 167.73   91.52
 168.43   94.89
 168.44   88.79
 169.43  109.49
 169.85   49.78
 171.67  128.16
 171.98  104.60
 172.12   93.99
 172.42  153.19
 173.10   84.89
 173.24  147.40
 173.37  125.15
 173.64   72.37
 174.36   67.85
 174.65   80.23
 174.68  143.01
 174.69  117.22
 174.80  117.22
 175.16  157.87
 175.56  152.25
 175.85   62.05
 175.92   29.14
 177.27   91.13
 177.31  164.40
 177.67   67.81
 177.68  117.83
 178.67   74.92
 178.71  170.04
 179.61  167.02
 180.00  120.33
 181.07  108.27
 181.49   62.47
 181.61   93.33
 182.03  102.82
 182.92   66.78
 183.08  169.67
 183.28   53.96
 183.60  109.56
 183.69   53.15
 184.10   65.16
 184.39   76.77
 184.45   41.54
 186.77  172.09
 186.94   73.21
 187.07   98.18
 187.42   47.94
 188.14   59.04
 189.17   68.34
 190.12   70.85
 192.19   67.11
 192.30   62.93
 193.57   51.46
 193.87   44.73
 194.07   98.18
 194.19   69.45
 194.65  102.13
 195.64   34.08
 195.78   54.79
 197.01   39.21
 197.06   49.56
 197.17   78.72
 198.19  191.53
 198.21   66.22
 199.72   42.46
 200.09   69.13
 200.70  196.18
 200.95   52.54
 201.20  184.94
 201.25  204.09
 201.25   65.85
 201.74  200.19
 202.99   83.48
 203.07  159.12
 203.29  105.71
 203.85   58.39
 204.00  145.58
 204.18  185.28
 204.42  185.34
 205.24   78.70
 205.88   67.08
 206.91   72.63
 207.53  200.21
 207.63  204.56
 211.20   64.53
 211.95  107.69
 212.99   75.39
 213.04  100.70
 213.81   64.76
 214.06   36.87
 214.20   71.14
 214.23   34.09
 214.34   47.25
 215.15   58.28
 215.85   74.59
 215.89   67.74
 216.27  140.07
 216.60  191.23
 217.44   43.48
 218.25  204.08
 218.83   30.72
 219.22   75.00
 220.03  166.25
 222.25   82.87
 222.45   65.78
 222.48  112.51
 223.58  156.72
 223.96   65.96
 224.34   87.92
 224.74  107.95
 225.75   68.87
 226.07   84.39
 226.79   75.87
 227.82   55.42
 228.13   62.45
 228.99   66.96
 229.57  113.11
 230.25   58.78
 230.46  118.32
 230.69   64.99
 231.73   78.12
 233.39   73.67
 233.45   57.63
 234.23   67.92
 234.65  116.48
 234.72   71.38
 234.86  116.67
 236.47  101.57
 236.62  111.53
 236.87  120.32
 237.21   49.97
 238.85   39.36
 240.54   59.03
 241.08  206.94
 241.80  107.04
 242.66   68.39
 242.80   73.24
 242.92  184.10
 243.09   73.27
 244.99  160.39
 245.55  206.90
 245.55  180.36
 246.61  135.85
 247.51   71.49
 247.59   33.56
 248.34   62.03
 248.65  184.10
 250.37   97.86
 250.41  139.44
 250.80  160.41
 251.10  101.56
 252.21  135.95
