   9.37  124.74
  10.37  180.98
  10.99  212.49
  11.11  200.36
  14.34  183.59
  14.65  117.99
  14.68   36.54
  14.73  172.77
  16.27  142.46
  17.16   24.89
  17.36  151.25
  17.58  168.34
  18.39  135.90
  19.41  146.94
  19.91   28.56
  19.95   28.09
  20.20  182.06
  20.93   24.57
  21.14  172.79
  21.17  178.30
  21.63  194.93
  21.83   20.39
  22.51   34.62
  22.97  209.51
  23.08  140.06
  23.47   26.42
  23.70  146.29
  23.89  168.91
  24.41  190.92
  24.41  150.20
  24.65   19.12
  25.16   31.79
  25.30   36.09
  25.38  207.25
  25.62  196.14
  25.73  122.07
  26.03  211.57
  26.51   20.54
  26.53  196.03
  27.05   27.83
  27.08   62.41
  27.38  113.44
  28.90  185.33
  29.12   71.02
  29.39  201.33
  29.54  179.91
  29.76  141.45
  30.26  196.38
  30.29   79.92
  30.33   25.05
  30.40   68.17
  30.46   91.99
  30.77  120.63
  30.82  204.52
  31.52  137.33
  31.58   97.06
  31.73  103.54
  32.32   72.30
  32.48  146.00
  32.61   35.25
  32.63  141.26
  33.05   64.83
  33.26  193.61
  33.42   27.24
  33.71  207.13
  34.92   33.58
  35.29   57.78
  35.41  188.32
  36.17  150.69
  36.35   82.02
  36.78  187.24
  37.67  203.99
  38.38  204.36
  38.47  188.42
  39.91  126.17
  40.05   35.86
  40.23   99.76
  40.31  137.72
  40.58   61.86
  40.68   62.24
  40.73  142.88
  40.93  182.37
  41.06   40.40
  41.17  177.15
  41.59  193.66
  41.63   25.28
  42.87  126.73
  42.96  117.73
  43.17  165.15
  43.18  150.83
  43.37  173.65
  43.92  181.94
  44.41  137.99
  44.49  147.53
  45.16  131.01
  45.28  140.42
  46.18  124.50
  46.49  207.74
  46.65  201.95
  46.67   25.93
  46.91   25.90
  47.46   37.40
  47.52  161.58
  47.66   37.52
  47.90   20.51
  48.53  176.82
  48.93  193.98
  49.08  116.11
  49.13  124.06
  49.36   43.85
  49.41   43.61
  49.57   23.60
  49.70  173.04
  50.25   12.83
  50.49   17.58
  50.89  106.76
  51.62  164.87
  51.68  121.40
  51.98  117.86
  52.16  206.96
  52.18   75.65
  53.49  135.72
  53.65   18.51
  53.81  203.58
  53.88  129.66
  54.09   89.75
  54.15  122.94
  54.63   46.87
  55.69  183.46
  56.26  181.87
  56.92  207.76
  56.99  180.96
  57.02  175.46
  57.08  196.95
  57.09  169.79
  57.12  169.85
  57.16   44.90
  57.33  191.27
  57.78   42.08
  57.81   28.31
  57.96  185.91
  58.22  107.57
  59.03   31.86
  59.48  200.82
  59.78  165.67
  60.51  128.74
  60.77  124.96
  60.91  133.21
  61.11   46.36
  61.17  104.62
  61.22  142.56
  61.96  168.57
  62.54  100.59
  63.21  106.71
  63.53   76.09
  63.90   76.05
  64.08  129.96
  64.31  196.49
  64.49   81.20
  64.73  128.72
  65.20  128.17
  65.57  120.19
  65.92   89.96
  66.62  139.46
  66.97  105.40
  66.98  131.45
  67.35  196.20
  67.57   45.00
  67.63  177.79
  67.76  188.79
  67.80   98.41
  68.29   83.43
  68.54  119.74
  69.23  149.90
  69.36  207.14
  69.79  205.64
  70.29   38.95
  70.53  160.12
  70.66   44.11
  71.11   32.94
  71.13    8.43
  71.25  198.06
  71.42   30.08
  71.56  201.31
  71.99   24.08
  72.49   44.18
  72.89  125.51
  73.00   60.92
  73.20  171.65
  73.24  172.52
  74.39  133.17
  74.94  189.99
  74.98   27.22
  74.99  140.11
  76.37   68.06
  77.00  182.98
  77.56  185.14
  78.18   44.29
  78.50  158.68
  78.66  154.14
  78.69  168.00
  78.98   96.15
  79.02  177.62
  80.52  186.80
  81.73   26.15
  81.78   43.29
  81.97   91.99
  82.32   21.94
  82.42  128.07
  83.03  122.80
  85.34  170.10
  86.74   73.43
  86.75   19.39
  87.81  178.70
  88.04   43.74
  88.40    6.85
  88.81   51.71
  90.72   60.94
  90.86  202.90
  90.90   61.40
  90.92  164.86
  91.07   55.35
  91.93  169.76
  93.60  184.43
  94.05  156.85
  94.66  190.08
  94.79   34.49
  94.93   14.93
  94.94   19.06
  96.11  203.44
  96.29   41.30
  96.45   65.93
  96.84  195.36
  97.01  191.39
  97.88  128.86
  98.23  118.74
  98.23  147.40
  98.40  183.52
  98.65  136.21
  99.22  189.66
  99.34   66.59
  99.48   72.59
  99.55  170.10
 100.69  114.84
 100.70  159.99
 101.55  202.40
 101.63   81.78
 101.79   40.84
 102.12  173.82
 102.48   66.23
 102.53   53.89
 102.54  185.21
 102.55  185.07
 102.61   62.15
 103.00  140.39
 103.17  198.74
 103.83   43.64
 104.33   63.84
 104.40   40.61
 104.50   36.10
 105.21  125.86
 105.54  157.38
 105.63  133.54
 106.22  115.90
 106.57   54.67
 106.75   61.24
 106.82   46.39
 107.08  150.25
 108.49  112.66
 108.77  101.24
 108.83   41.33
 109.18   95.45
 109.51   68.36
 109.68  105.36
 109.97   60.52
 110.09  110.24
 110.43  135.53
 111.37   35.07
 111.59   64.81
 111.69   40.61
 111.78  109.98
 111.89   64.92
 111.95  132.57
 112.96   31.82
 113.59   35.01
 113.63  144.27
 113.81   47.95
 114.03  106.93
 114.43  123.72
 114.56  119.36
 114.96  154.66
 115.58  149.41
 116.44   54.92
 116.58   79.26
 118.01  141.39
 118.40   86.54
 118.65   59.86
 118.91  144.45
 119.53   55.35
 119.65  140.33
 119.72   46.25
 120.29   34.99
 120.35   80.06
 120.96   73.03
 121.00    9.85
 121.79  150.71
 122.22  138.93
 122.32  145.69
 122.36   47.27
 122.55   51.54
 123.59   77.30
 124.99  143.16
 125.66   73.66
 125.87   44.92
 126.19  154.01
 126.97   61.12
 127.44  127.64
 128.12   57.22
 129.10   43.07
 129.53   82.68
 130.12   49.68
 130.49  138.73
 130.92   91.18
 131.60   68.93
 132.52   56.66
 132.69   46.09
 133.31  114.41
 133.37  161.28
 133.70  144.71
 134.34   29.95
 134.36   90.84
 134.66   52.80
 134.73   93.47
 135.33  150.26
 135.34   83.30
 135.91  166.60
 135.94  117.91
 137.03   95.93
 137.44  147.57
 138.20  181.10
 138.63   49.04
 138.67   86.43
 138.67  166.40
 139.02  172.19
 139.31   65.24
 139.49   80.42
 139.65   70.08
 140.62   65.62
 140.85   61.12
 140.97  115.74
 141.54   92.87
 141.59  164.01
 142.08  149.65
 142.52  116.14
 142.53   77.07
 142.75   98.40
 143.02   70.38
 143.54   52.40
 143.63   60.58
 144.16  126.23
 144.54   88.83
 144.59  112.25
 144.78  166.87
 144.95  174.53
 145.25  131.94
 145.30  163.71
 145.72  153.31
 146.02  157.85
 146.40   68.90
 147.35  119.67
 147.51   95.00
 147.75   72.79
 147.81  139.21
 147.96   62.32
 148.12   80.61
 148.13   87.62
 148.27  136.25
 148.50   85.56
 148.58  150.37
 148.62   74.86
 149.01   58.63
 149.31   83.78
 150.50  101.12
 150.64  138.28
 150.93  123.11
 150.93   73.71
 150.99  106.91
 150.99  167.89
 151.01   94.66
 151.23   54.78
 151.35  116.26
 151.55  110.57
 151.72  130.49
 151.83   91.62
 151.96   88.51
 152.34  172.21
 152.34   47.08
 153.77  136.21
 153.91  155.49
 154.08  106.73
 154.43   76.79
 154.51   82.90
 155.13  141.24
 156.78  136.90
 156.85   58.72
 156.85  149.68
 156.92   55.30
 157.88   94.38
 158.76   69.51
 158.80  106.65
 158.82   77.59
 158.89   82.38
 159.35   98.62
 159.61  126.17
 160.07  157.45
 160.25  154.27
 160.36  146.55
 160.48  116.94
 160.55   87.98
 160.74  154.23
 160.75  160.56
 161.06   73.36
 161.66   79.57
 162.08  140.10
 162.34  123.63
 162.93   66.24
 163.10   84.95
 163.22   91.36
 163.37  132.45
 163.67   70.81
 164.05  138.22
 164.23  143.42
 164.26  149.65
 164.28  146.29
 164.53  163.73
 164.82  160.12
 164.90   81.32
 164.94  153.76
 164.95  110.73
 165.69  174.92
 166.05   90.57
 166.13  180.89
 166.22  125.85
 167.17   92.97
 167.54  103.67
 167.98  171.14
 168.16  166.56
 168.55   84.70
 168.68  110.19
 168.96  180.74
 169.35   82.02
 170.40  101.24
 172.55  112.88
 173.01   75.03
 173.40  107.34
 174.47   97.52
 175.69   81.87
 176.41   63.28
 177.88  109.62
 178.35  102.05
 178.63   99.61
 178.78   89.08
 179.09  115.47
 179.64  120.45
 180.91   84.34
 181.35   97.14
 181.56   92.93
 181.62   92.07
 181.73   50.86
 182.36  109.08
 182.51  131.76
 183.29  117.83
 184.54  122.45
 184.82  111.06
 184.83   92.47
 185.05   84.67
 186.34  101.57
 186.94   80.54
 187.73  168.27
 188.75   93.05
 189.61  159.00
 190.02   78.10
 191.58  165.38
 192.65  160.49
 193.57  103.37
 193.66   78.96
 193.97   56.27
 195.47   98.15
 195.52  191.14
 195.70   71.74
 196.38   90.94
 196.46   82.22
 198.04   40.93
 198.65   76.08
 198.97   40.66
 199.20   66.62
 199.37  102.00
 202.05   86.77
 203.08   99.52
 204.38   95.74
 204.72   95.09
 204.96   14.65
 206.54  193.74
 207.64  105.37
 208.12  103.93
 208.70  188.75
 209.09   94.75
 209.87   86.39
 211.03    9.29
 217.15  182.69
 219.16  182.88
 220.55  129.06
 221.09   99.56
 221.20  108.99
 221.29   95.24
 221.36  104.25
 222.19  114.90
 223.09   90.30
 223.63   84.85
 224.89  130.08
 226.06   92.38
 226.21   87.02
 228.18  125.19
 230.64   86.00
 231.03  133.97
 231.39  182.68
 231.97   69.93
 232.40  121.81
 232.98   91.94
 232.99   87.39
 233.26  131.36
 233.97   98.54
 234.15  125.30
 234.41  113.74
 235.01  134.45
 235.01   95.50
 235.23  178.92
 235.28   78.97
 235.41   76.12
 235.81   89.20
 236.76   72.90
 237.68  136.33
 237.89   69.13
 238.71   91.58
 239.52  204.49
 239.94   75.11
 239.98  125.48
 240.18  131.55
 240.39   85.12
 240.75  111.53
 241.18  166.24
 241.43  170.65
 241.62  193.41
 241.94  118.61
 242.07  104.09
 242.21  186.34
 242.62  112.48
 242.80   91.65
 243.06  125.54
 243.27   85.51
 243.92  136.58
 244.82  182.75
 245.24  167.64
 246.65  105.85
 247.31  178.99
 247.64   80.46
 248.99   73.87
 251.54   81.50
 254.94   91.83
 256.75   78.28
 256.76    9.42
 257.09   78.76
 259.17   61.97
 260.17   52.98
 260.89   66.17
 263.50   53.73
 265.18   43.75
 267.50   21.50
 267.57   47.57
 268.54   25.37
 270.60   34.94
 272.06   48.72
 272.18   48.34
 274.96   59.44
 276.65   26.57
 280.19   59.69
