   7.28   82.62
   8.55    6.95
   9.36  208.21
   9.93  136.52
  10.00   84.75
  10.18  128.46
  10.30  118.64
  10.32   88.08
  10.44  306.79
  10.54   74.13
  11.70   56.61
  11.77   98.31
  12.48  134.46
  12.77  140.53
  12.81  184.76
  13.18  303.56
  13.29  273.19
  13.48  283.51
  13.55  114.09
  14.39   27.09
  14.76  137.00
  15.18  142.30
  15.20  210.57
  15.52  167.78
  15.59  174.34
  16.25  186.70
  16.29  181.32
  16.48  269.82
  17.39  203.74
  18.38  206.95
  18.46  303.05
  18.88  266.55
  19.02  318.53
  19.06  176.15
  19.45  183.76
  19.90  119.68
  20.16   16.90
  20.25   97.67
  21.07  297.90
  21.19  291.88
  21.87  153.30
  21.96  167.58
  22.08   57.00
  22.10   20.04
  22.22  199.58
  22.54  314.56
  22.64  279.97
  22.74  140.18
  23.09  310.11
  23.39  285.19
  23.45   49.64
  23.51  248.25
  23.68   23.07
  25.40   27.35
  26.59  313.39
  27.17   59.67
  27.26  189.61
  27.80  114.98
  27.95   53.79
  28.30  262.18
  29.23  242.49
  29.25  153.29
  29.45   49.60
  29.55  300.51
  29.75  281.26
  30.14  285.91
  30.37  267.72
  30.51  309.30
  30.55  291.25
  31.06  322.59
  31.11  225.38
  31.13  314.32
  31.55  119.15
  31.76  304.01
  32.26  207.18
  32.50   20.42
  33.69  128.87
  33.93   96.55
  33.93  313.03
  33.99  114.56
  35.04  284.71
  35.61  300.48
  35.91  116.78
  36.13  309.46
  36.14  186.42
  36.22   15.45
  36.22  251.45
  36.43   93.42
  36.67  136.68
  36.87   27.84
  36.95  200.84
  37.06   79.31
  37.20   51.99
  37.29   91.80
  37.99  164.95
  38.56  187.13
  38.94   95.96
  39.15  118.73
  39.95  196.19
  41.08   16.05
  41.41  138.13
  41.65  141.08
  41.75   22.38
  41.96   69.76
  42.18   59.94
  42.54  208.45
  42.87   85.08
  42.96  297.32
  43.23  194.50
  43.24  133.92
  43.62  158.69
  43.75  194.57
  43.89  178.08
  43.95  142.79
  44.06  196.14
  44.12  166.03
  44.36  188.89
  44.68  104.44
  45.95  243.79
  45.96  223.95
  46.83  303.42
  47.18  216.87
  48.03   12.20
  48.19  240.01
  48.33  296.82
  48.47  132.31
  49.09  184.05
  49.32  212.90
  49.37  184.05
  49.41   91.68
  49.57  221.63
  49.71  291.03
  50.14  188.09
  50.25  231.51
  51.09  299.74
  51.36  313.35
  51.44  276.52
  51.59  225.37
  51.91  177.94
  53.04  243.94
  53.59  240.40
  54.57  183.44
  54.77  304.88
  55.31  168.47
  55.40  179.76
  55.85  317.56
  56.61  286.11
  56.81  117.84
  57.07  232.88
  57.82  227.01
  57.87  211.16
  58.15  176.69
  59.03  207.96
  59.51   94.00
  59.79  144.16
  59.89  207.98
  60.04  220.48
  60.81  300.90
  60.97   90.94
  61.33  289.73
  61.64  277.75
  62.16  294.40
  62.44  130.32
  62.92  194.36
  63.88   93.52
  63.89  283.96
  64.41  207.22
  64.65   23.28
  64.74  303.31
  64.80  294.58
  65.03  175.06
  65.04  144.78
  65.21   85.97
  66.02   40.63
  66.29   15.29
  66.77  164.64
  66.98   29.68
  67.14   76.22
  67.22  281.68
  67.22  178.42
  67.47  178.56
  67.75  169.81
  67.79  235.18
  67.99   66.36
  68.28  207.94
  68.38  222.18
  68.71  194.40
  68.90   92.72
  70.16  191.40
  70.69  312.49
  71.03  312.50
  71.07   42.31
  71.48   22.57
  71.59   58.29
  72.12  190.26
  72.13   70.98
  72.27  301.97
  72.45   84.75
  73.01  144.07
  73.32  102.93
  73.64   48.03
  74.11   37.27
  74.16   37.22
  74.24  306.47
  74.47  209.79
  74.57   23.47
  75.14  303.43
  75.49  221.74
  75.63  292.64
  75.97  160.95
  76.09  151.41
  76.09  142.00
  76.54   46.52
  77.23   39.80
  77.84  153.67
  78.38   92.25
  78.76   27.40
  79.01  168.62
  79.08  307.06
  79.10   19.60
  79.13   73.34
  79.17  232.29
  79.21  214.48
  79.40  197.41
  79.87  101.48
  79.89   88.56
  81.00   35.88
  81.60   54.57
  82.00    8.03
  82.20  214.58
  82.65  216.65
  82.97   80.26
  83.01   19.26
  83.10   47.32
  83.15  295.11
  83.17   44.88
  83.33  235.01
  83.33  116.02
  83.41  300.99
  83.54  226.07
  83.85  265.99
  84.03  125.69
  84.60   62.72
  84.81   76.13
  85.18  119.55
  85.30    7.32
  86.03  234.12
  86.17  163.25
  86.23  307.29
  86.84  209.68
  87.45  205.94
  87.81  273.93
  87.95   48.79
  88.91  122.35
  89.04  309.71
  89.17  302.05
  89.65   36.35
  89.67   90.91
  90.07   98.39
  90.14  169.41
  90.24  162.37
  90.41   52.33
  90.41   82.98
  90.56   73.76
  92.72  273.77
  92.86  267.89
  92.89   12.51
  92.96  220.95
  93.02   20.28
  94.06   60.91
  94.10   66.35
  94.25   56.87
  94.46  294.26
  94.66  214.23
  95.19  307.35
  95.21   98.88
  95.66  301.20
  95.75  269.30
  96.31  164.36
  96.50  190.57
  96.65  175.84
  96.85  220.99
  97.07  275.82
  97.37  102.44
  97.84  216.85
  98.46  261.41
  98.60   81.82
  98.65  134.07
  98.65   83.40
  98.69  254.70
  99.12  129.15
  99.42   45.32
  99.52   70.64
 100.80  310.55
 100.96  185.41
 100.97  193.74
 101.74  125.86
 101.95  220.53
 102.26  159.53
 102.32  231.28
 102.56  202.60
 102.59   92.35
 102.65  182.46
 102.66   40.03
 103.10   86.46
 103.12  138.94
 103.18   51.82
 103.68   75.27
 103.95   13.54
 104.52   64.42
 105.04  103.25
 105.56   91.14
 105.69  171.43
 106.00  187.10
 106.06  298.23
 106.13  287.80
 106.18  132.08
 106.41   99.86
 106.54  304.19
 106.94   94.96
 107.77  181.40
 108.32  307.23
 108.54   89.49
 109.40  274.53
 110.54   84.50
 110.77  231.93
 111.09   59.06
 111.76  292.72
 111.88  121.88
 112.12  280.47
 112.12  124.94
 112.51  221.31
 112.56  204.18
 113.21  129.95
 114.25  152.49
 114.31  166.50
 115.08   87.07
 115.64  103.72
 115.96   59.14
 116.14  305.07
 116.38   94.09
 117.26  191.01
 117.40  171.53
 118.75   98.32
 118.80  102.03
 119.04  308.58
 119.43  302.24
 120.17  233.93
 120.17   85.07
 120.41  159.13
 120.57  166.89
 121.06   70.82
 121.26   21.76
 121.95  100.81
 122.01  235.09
 122.16  127.05
 122.18  305.62
 122.20   77.23
 122.88  145.87
 123.21  105.18
 123.77  173.30
 123.81   88.31
 124.29  233.55
 124.68  153.00
 124.78  222.48
 125.30  165.58
 125.38  151.13
 125.62  142.09
 125.63   44.04
 126.05  210.68
 126.33   73.62
 126.61  144.76
 126.64  306.02
 126.65  101.25
 126.70  239.21
 126.84   79.95
 127.17  156.49
 128.51   98.00
 128.74  154.41
 128.93  149.00
 128.98   70.03
 129.70  157.86
 129.82  297.08
 130.27   36.49
 130.46  151.95
 130.75  171.26
 130.83   28.17
 130.94  133.79
 131.15  111.71
 131.63  272.21
 131.86  302.58
 132.77  162.97
 132.89  289.33
 133.48  122.70
 133.77  148.46
 134.14   40.03
 134.71  237.38
 135.46  102.99
 135.66  128.72
 135.93  103.57
 136.15   20.27
 136.45  247.17
 136.62  212.53
 136.75  204.05
 136.90  148.83
 137.40  121.67
 137.52   83.05
 137.73  276.51
 137.83   44.11
 137.89  240.98
 139.00   38.22
 139.14  141.43
 139.19  250.73
 139.20  291.93
 139.54  255.86
 139.94  270.93
 139.94  238.81
 140.04   49.35
 140.14  132.92
 140.31   19.04
 140.66  244.12
 140.74  244.20
 140.87  165.77
 141.16   45.92
 141.77  193.28
 141.91  182.60
 142.00  212.96
 142.61  205.77
 142.85  259.72
 143.15  189.64
 143.21  169.88
 143.38  263.79
 143.49  160.96
 144.25  124.21
 144.42  211.31
 144.52  263.76
 144.60  250.34
 145.33  195.67
 145.49  288.00
 145.95  116.73
 146.00   76.14
 146.06  274.54
 146.52  217.39
 146.76  120.22
 147.10  230.41
 147.28  249.10
 147.41  145.33
 147.47  245.57
 147.95  200.28
 147.98  154.44
 148.10  272.33
 148.41  129.99
 148.42  290.31
 148.74  124.55
 148.81  281.38
 148.87  256.17
 148.88   39.46
 148.96  252.43
 148.97  136.65
 149.28  218.45
 149.40  264.30
 149.70  168.36
 149.76  243.51
 149.90  226.87
 150.50  226.25
 150.53  268.95
 151.19  149.73
 151.34  192.94
 151.77  179.12
 151.86  256.78
 152.16  250.99
 152.49  218.98
 152.59  272.68
 152.64  279.01
 152.67  115.33
 152.72  101.19
 153.01   22.57
 153.41    7.47
 153.65  266.13
 154.12  277.19
 154.16   15.07
 154.23  172.31
 154.36  194.25
 154.37   72.76
 154.51  197.27
 154.52  241.80
 154.63  159.05
 154.78   85.29
 154.78  222.66
 155.02   10.78
 155.18  156.11
 155.31  190.76
 155.32  216.88
 155.47   98.72
 155.62   47.42
 155.89  152.54
 156.25  111.31
 156.46  176.30
 156.80  282.04
 156.96   50.59
 157.01   59.95
 157.07  250.67
 157.15   69.70
 157.24  170.11
 157.35  195.24
 158.05  165.73
 158.21  272.59
 158.25  256.94
 158.75  125.10
 158.83   97.96
 158.83  103.22
 158.84   94.15
 158.84  191.43
 158.94  246.38
 159.09  289.75
 159.28  300.34
 159.50  304.00
 159.83   40.93
 159.95   74.42
 159.98   73.44
 160.14  306.86
 160.15  298.25
 160.21  197.91
 160.36   57.90
 160.42  213.27
 160.61  183.41
 161.18  167.58
 161.49  158.47
 161.67  235.55
 161.69  208.98
 161.72  159.56
 162.16  229.23
 162.20  270.01
 162.30  269.85
 162.47   93.79
 162.55   98.54
 163.09   50.91
 163.10  223.39
 163.36  233.75
 163.95  286.74
 164.47  226.39
 165.10  241.97
 165.51  284.56
 165.56  110.37
 165.66  206.88
 165.96   64.13
 166.14  102.56
 166.79  281.51
 166.86  253.83
 167.01  294.98
 167.05  295.13
 167.56  306.90
 167.92  157.45
 168.13  130.79
 168.14   75.29
 168.15   66.55
 168.21  302.92
 168.27  172.00
 168.43  190.15
 168.77   84.36
 168.93  299.98
 169.03  296.10
 169.89  174.27
 169.89  227.49
 169.90  234.87
 169.93  227.83
 170.05  123.42
 170.15  202.08
 170.31  197.25
 171.07  187.24
 171.08   83.07
 171.13   98.39
 171.33   42.71
 171.64  205.27
 171.67  318.76
 171.70  205.42
 171.78   34.13
 171.84  269.31
 171.92  221.25
 172.21  245.91
 172.31  190.84
 172.62  181.25
 172.66  279.92
 172.90  264.51
 173.13  142.01
 173.48  292.70
 173.53  197.85
 173.60   67.89
 173.62  139.01
 173.68   31.34
 173.85  255.08
 173.97  183.40
 174.18  129.50
 175.03  151.62
 175.20  179.17
 175.29   78.55
 175.47  180.85
 175.57  224.06
 175.68  296.18
 175.73  316.25
 176.02  312.37
 176.03   94.48
 176.30   29.46
 176.37  175.40
 176.89   84.72
 176.89  107.53
 176.97  275.97
 177.01  204.76
 177.11   34.54
 177.15  267.41
 177.28  262.61
 177.34   88.91
 177.82  244.26
 178.20  297.73
 178.30  191.85
 178.32  271.04
 178.34  178.87
 178.34  191.69
 178.40  301.73
 178.86   42.29
 179.35  259.74
 179.60  114.75
 179.62  183.49
 179.88  188.03
 180.22  166.63
 180.46  131.77
 180.47  170.42
 180.50  152.98
 180.61  279.72
 180.62  136.97
 180.67   32.72
 181.06   72.08
 181.37  143.74
 181.58  296.00
 181.62  155.82
 181.67  110.26
 182.05  186.21
 182.09  214.16
 182.49  122.57
 182.64  313.45
 182.65  109.25
 182.71  109.30
 182.96  236.38
 182.96   29.46
 183.16  195.61
 183.20  289.58
 183.58  152.02
 183.99  167.11
 184.11  243.09
 184.33  297.96
 184.39   47.84
 184.42  240.44
 185.23  231.14
 185.26  123.72
 185.60  293.15
 185.84  231.49
 185.95  225.10
 186.27  216.28
 186.30   29.53
 186.33  154.89
 186.34  136.97
 186.36   54.25
 186.57  274.05
 186.66  173.03
 186.90  157.73
 187.11  317.21
 187.37  130.66
 187.69  228.83
 187.88   19.84
 187.89  188.40
 187.96  224.81
 188.05  299.42
 188.21  146.31
 188.24  237.37
 188.47  250.39
 188.87  213.41
 188.97  193.11
 189.06   23.34
 189.11  254.58
 189.35  207.60
 189.41  231.78
 189.56  250.15
 189.79  269.49
 189.80  271.76
 189.92  313.96
 190.13   39.94
 190.27  244.25
 190.41   43.80
 190.94  305.24
 191.00  296.39
 191.19  114.60
 191.35  193.20
 191.70  217.01
 192.07  161.49
 192.21  178.13
 192.68  276.76
 192.87  273.54
 193.06  281.20
 193.41  228.84
 193.68   21.89
 193.75  298.96
 193.78  223.58
 193.88  286.47
 194.07   80.63
 194.40   24.75
 194.49   38.78
 194.52  192.96
 194.95  214.88
 195.29  262.67
 195.31   69.82
 195.33  176.71
 195.51  278.38
 195.60   37.59
 196.03  152.39
 196.03  119.10
 196.45   18.95
 196.82  297.38
 196.98  167.49
 197.22   74.96
 197.23   85.42
 197.35  267.15
 197.48  235.61
 197.67  190.25
 197.81   92.35
 197.92  243.27
 197.93   66.24
 197.98  227.99
 198.13  178.37
 198.15  283.20
 198.22  103.22
 198.36  206.77
 198.52  113.35
 198.82   61.60
 199.58  286.48
 199.92  155.33
 199.94  210.89
 200.69  188.69
 200.94  302.49
 201.00  124.08
 201.13  177.41
 201.34  191.91
 201.57  313.65
 201.59  256.62
 201.61  313.75
 202.23  307.03
 202.27  198.97
 202.39  210.06
 202.39  251.99
 203.24   97.02
 203.51  144.58
 203.64  295.75
 203.72  290.89
 203.97  261.89
 203.99  263.51
 204.07  261.85
 204.18  186.04
 204.19  188.84
 204.52  127.96
 205.62  298.66
 205.66  304.79
 205.66  191.42
 206.04  110.14
 206.80  154.77
 206.97   51.91
 207.00  177.89
 207.49  203.91
 208.24  116.23
 208.37  227.71
 208.37  145.62
 208.75   80.36
 209.22   84.96
 209.81  295.36
 209.83   63.81
 209.95  308.55
 209.98  299.65
 210.23   95.49
 210.78  178.72
 211.02  129.22
 211.07  241.87
 211.26  250.21
 211.85  187.59
 212.21  290.41
 212.67  201.61
 212.76  118.23
 212.84   64.42
 213.31   73.60
