   7.89  283.45
   8.30  246.86
  10.35  218.46
  11.26  273.22
  12.09  210.08
  15.36  216.33
  17.72  194.66
  17.94  253.02
  21.18  260.21
  22.46   23.66
  23.25  256.57
  23.79  219.36
  25.14  264.72
  26.06  295.39
  26.44  285.08
  26.77  287.11
  27.84  256.01
  27.88  256.44
  28.07  216.48
  28.20  320.16
  28.30  222.04
  29.59  286.85
  29.71  230.40
  30.55  303.65
  31.93  297.65
  32.42  312.93
  32.53  257.92
  32.64  293.71
  32.77  218.73
  33.05  271.45
  33.27  281.23
  33.43  225.26
  33.99  285.94
  34.00  290.13
  34.08  170.45
  35.14  220.11
  35.40  200.21
  36.51  209.88
  37.00  149.28
  37.34  220.32
  37.37  237.07
  37.50  272.39
  38.31  245.32
  38.31  260.60
  38.33  250.04
  39.62  284.00
  39.88  238.88
  40.41  198.06
  40.54  229.31
  40.81  261.56
  41.14  242.65
  41.15  163.09
  41.43  195.07
  41.56  295.07
  41.57  222.38
  41.68  252.50
  41.68  200.60
  41.71  170.39
  42.37  205.91
  42.85  133.05
  44.42  167.91
  44.63  307.47
  45.17  162.29
  45.40  202.01
  46.01  269.09
  46.10  294.36
  46.49  231.03
  48.25  216.56
  48.33  207.33
  48.46  125.45
  48.92  221.68
  49.02  123.21
  49.42  271.79
  49.61  266.92
  50.51  311.44
  51.29  294.50
  52.46  157.37
  52.59   90.19
  52.74  143.50
  53.03  219.45
  53.22  125.88
  54.04  146.08
  54.24  227.96
  54.31  110.11
  54.63  210.50
  54.67  270.20
  54.95  122.73
  55.10  151.06
  55.14  240.32
  55.39  128.48
  55.43  117.70
  55.74  279.93
  55.97  132.46
  56.41  260.71
  57.43   99.78
  57.50  167.54
  57.56  299.33
  57.67  147.87
  57.69  202.31
  57.69  135.96
  58.08  119.08
  58.10  233.58
  58.60  295.41
  59.46  220.66
  59.71  195.15
  59.89  210.84
  60.72  274.97
  61.29  295.98
  61.53  134.97
  61.81  177.74
  61.85  156.75
  61.90  215.77
  61.92  184.19
  62.53  123.59
  62.75  105.33
  62.95   91.62
  62.99  150.32
  63.27  119.06
  63.97  129.79
  64.00   62.10
  64.41  206.85
  65.55  202.40
  65.66  162.17
  66.23   69.70
  66.59  206.62
  66.85  227.88
  66.86  100.92
  67.45  265.49
  68.03  212.14
  68.04  211.66
  68.72  183.01
  69.20  192.01
  69.29  153.16
  69.31  136.92
  69.66  206.64
  69.74  165.69
  71.19  210.18
  71.24   82.80
  71.26  259.42
  71.74  270.79
  72.46  243.16
  72.72  291.15
  72.84   27.63
  74.00  217.00
  74.02  118.96
  74.20  155.20
  74.75  136.04
  75.32  266.85
  75.33  172.73
  76.75   43.45
  76.80  150.48
  77.34  158.20
  77.97   15.58
  78.50  127.87
  78.86  127.87
  79.47   26.29
  80.52  168.63
  80.75  146.54
  81.06  210.52
  81.11   49.61
  81.13  280.34
  81.20   18.38
  81.50  219.67
  81.69  209.88
  81.79   45.57
  81.81  224.84
  83.14  165.27
  83.21  151.00
  83.69  211.92
  83.69   24.86
  83.70  277.07
  83.71   32.45
  83.75   32.52
  83.90  237.61
  84.34   57.48
  84.71  131.46
  84.88   45.02
  85.51  296.35
  85.55  274.49
  86.14  270.46
  86.19  112.65
  86.75  259.12
  86.87  278.92
  86.94   15.89
  87.23   95.81
  87.29  215.82
  87.43  222.89
  87.56   22.19
  88.00   75.63
  88.01   99.90
  88.38  286.81
  88.53  105.63
  88.84  162.29
  88.95   31.25
  89.31   84.54
  89.38  126.22
  89.53   37.93
  89.73  128.34
  89.78   98.84
  89.78   68.25
  90.03  147.43
  90.07  290.47
  90.59   73.81
  90.73   45.62
  90.89  263.61
  90.97  170.92
  91.07  271.67
  91.43   49.89
  91.52  155.13
  92.00  116.96
  92.42   59.37
  92.73   12.62
  92.76   39.70
  92.95   20.20
  92.97  269.33
  93.01   81.39
  93.23  219.27
  93.37  187.42
  93.42  100.29
  93.55  183.04
  93.58  178.41
  93.61  173.59
  93.62   66.73
  93.91   87.06
  93.94  159.31
  94.25  143.43
  94.49   15.55
  94.97   24.47
  95.37  268.17
  95.81  273.01
  96.01  263.43
  96.11   36.82
  96.38   84.80
  97.08  157.73
  97.11  145.11
  97.57  184.85
  99.36  112.72
  99.65  136.40
  99.75   98.60
 100.09   61.84
 100.33  154.03
 100.55   57.21
 101.49  292.65
 101.59  299.70
 102.37   30.17
 102.41  134.53
 102.53   57.23
 102.54  272.82
 102.58   77.27
 103.15   44.23
 103.75  208.58
 103.88  279.33
 103.92  151.70
 103.93  139.93
 104.41  295.99
 105.02   88.78
 105.76  176.63
 105.85   59.38
 107.17  157.10
 107.22  308.01
 107.50  223.16
 107.58  157.62
 107.62  264.46
 107.99  298.86
 108.32  282.09
 108.33  197.31
 110.83  302.53
 111.07  215.61
 111.66  155.93
 111.92  289.56
 112.01  213.14
 112.68  210.98
 112.70  204.44
 112.78  272.84
 113.64  162.34
 114.03  305.88
 114.73  147.69
 115.48  223.34
 116.42  283.69
 117.54  260.51
 118.68  199.34
 119.12  278.49
 119.65  256.70
 120.02  164.38
 120.03  234.63
 121.49  157.28
 121.98  214.11
 122.63  193.78
 123.94  249.33
 125.12  130.80
 125.85  238.15
 126.18  229.57
 126.32  130.55
 126.55  135.33
 127.33  151.72
 127.42  124.71
 127.55  208.73
 128.15  249.89
 128.88  139.48
 129.11  268.49
 129.55  219.77
 129.65  191.81
 129.69  278.20
 130.64  262.73
 130.72  209.25
 131.65  125.48
 132.21  271.91
 132.33  204.56
 133.27  214.69
 133.78  307.19
 134.26  131.47
 134.61  259.86
 135.27  277.28
 135.47  119.12
 135.71  144.76
 135.71  122.61
 136.58  197.04
 137.10  194.45
 137.42  130.85
 137.56  298.56
 137.79  298.48
 138.34  203.78
 139.01  112.38
 140.19  154.76
 140.57  116.60
 141.47  108.03
 143.25  186.62
 144.32  200.76
 144.41  194.15
 144.73  113.26
 144.79  113.07
 145.12  210.44
 148.21  184.03
 149.71  107.57
 150.83  190.92
 151.43  229.25
 152.32   68.73
 152.99  211.80
 153.09  194.64
 153.76   83.55
 153.79   96.01
 153.79   69.72
 154.79   96.42
 156.06   90.24
 157.07   77.28
 158.34   91.03
 158.49   62.39
 158.63   70.93
 159.47  104.72
 159.99  104.88
 160.04  217.37
 160.93  213.52
 162.07  187.57
 162.11   45.46
 163.46   46.35
 165.46   52.67
 165.60  188.37
 165.74  186.84
 165.89  192.15
 166.84  191.90
 168.07  229.21
 168.28  229.03
 170.04  216.21
 171.10  191.00
 171.46  194.68
 172.80   34.54
 174.70  180.62
 174.82   26.00
 177.33  215.44
 177.63   14.12
 178.65  195.27
 178.73  209.76
 179.46   29.62
 179.66  212.54
 180.59   13.19
 181.28  263.55
 182.00  319.58
 182.24  182.60
 185.69  203.89
 185.79  185.48
 185.87  263.97
 185.88  218.52
 191.17  196.99
 191.34   93.53
 193.24  201.49
 193.39   96.16
 195.80  163.14
 200.17  141.41
 200.92   10.63
 201.50  190.95
 202.05  186.76
 203.29  200.60
 205.43   10.90
 205.82  187.76
 208.19  190.16
 210.51   11.33
