   7.43   44.34
   9.48   57.66
  11.44   88.57
  14.23   56.23
  14.37  102.64
  15.82  120.78
  17.00  173.74
  17.39   57.88
  17.53   38.20
  17.71   27.17
  18.04  167.08
  18.49   97.07
  19.35   84.94
  20.32  174.26
  20.65  160.53
  21.15  179.09
  21.17  106.96
  21.50  130.35
  22.69  183.71
  22.87   12.43
  23.09  100.40
  23.27  113.77
  23.59   96.61
  23.80  145.07
  23.87   39.93
  23.88  161.81
  24.04  174.91
  24.36   82.16
  24.58   46.69
  24.72   22.46
  25.77   97.70
  26.50  176.66
  26.68  138.99
  26.93  157.87
  27.28  157.78
  27.43   90.95
  28.12  140.83
  28.14    7.94
  28.31  115.76
  28.31   83.09
  28.65   67.51
  29.21  129.66
  29.56   53.84
  29.64   40.00
  30.02  159.40
  30.65   62.74
  30.88   10.40
  30.93  150.20
  31.07   58.60
  31.29   73.83
  32.77   27.78
  32.82  101.31
  33.64  155.75
  33.82  161.11
  34.44  116.06
  35.93   46.49
  36.26   65.15
  37.40   59.98
  37.99  162.32
  38.44   80.25
  38.59   21.71
  39.49  158.75
  40.25   67.50
  40.67   12.40
  40.70   55.96
  41.02   41.70
  41.70   21.41
  41.97   95.04
  42.11   64.73
  44.44   73.71
  45.48  102.67
  46.55   60.85
  46.76   80.36
  46.94   13.60
  47.13   54.29
  47.51   18.53
  48.12   95.37
  50.05   76.84
  50.61   11.34
  51.36   23.93
  53.10   13.95
  53.22  102.26
  54.62  177.46
  55.07   32.87
  56.71   61.28
  56.80   16.20
  57.17   80.12
  58.57   86.74
  59.21   65.76
  59.38   69.96
  59.83   13.46
  60.65   24.80
  60.85   18.83
  60.92  159.21
  61.02  176.90
  61.63  170.26
  61.72   46.50
  61.77   39.91
  61.82   49.71
  61.93   34.68
  62.04   54.22
  62.31   97.81
  62.50   75.50
  63.31  187.93
  63.89   29.26
  64.12  106.85
  64.14   80.04
  64.75  115.28
  65.15   90.99
  66.28  151.36
  66.40   58.78
  66.56   14.42
  66.66   19.68
  66.77   75.41
  66.95  175.95
  67.37   64.04
  67.51  115.98
  68.42  149.89
  68.54  119.28
  68.68   36.50
  69.00  141.29
  69.28  210.53
  69.59   29.80
  69.69   67.71
  69.72   81.26
  70.02   41.16
  70.23   45.97
  71.04   70.23
  71.44  156.44
  71.54  140.37
  71.80  110.48
  72.35   65.19
  72.42  161.25
  72.58  140.37
  72.96  111.70
  73.92   43.11
  73.94  174.03
  74.44  153.75
  75.07  194.26
  75.12   38.37
  75.13   70.12
  75.38  158.16
  75.63  187.67
  75.65  150.19
  75.66   77.57
  76.01   85.97
  76.11   14.77
  76.33   45.95
  77.51  139.64
  77.97  203.68
  78.00  103.59
  78.31  208.73
  78.31   61.29
  78.52   11.23
  78.64   77.38
  78.88   46.81
  79.08  136.13
  79.32   28.07
  79.50   68.93
  80.39  169.04
  80.98   20.43
  81.00   57.16
  81.65  129.85
  81.72   80.30
  81.80   16.11
  82.16   29.73
  82.80  147.48
  83.02  153.18
  83.30   35.87
  83.49  163.94
  83.91  164.59
  84.09  195.32
  84.12   49.20
  84.24  111.59
  85.22  176.40
  85.49   33.13
  86.01   95.22
  86.60  204.95
  87.09  129.11
  87.35  150.28
  87.45  145.43
  87.78  107.13
  88.03  118.55
  88.51  153.92
  88.76  109.67
  90.31  167.08
  90.35  101.24
  90.97   40.53
  91.29  108.22
  91.39  157.29
  91.52   44.81
  91.83   25.97
  92.01   43.53
  93.27  129.48
  93.68   35.69
  93.72  210.74
  93.75  148.09
  93.78  202.64
  94.24  107.15
  94.29  124.36
  94.44  117.31
  95.36  154.38
  95.53  160.17
  95.78  167.27
  96.30   35.07
  96.31  209.81
  97.91  209.32
  98.00  108.19
  98.44  110.43
  98.53  170.62
  98.54   15.95
  98.59  195.14
  98.61   84.51
  98.63  128.59
  98.78   29.92
  99.27   82.32
  99.50   72.12
  99.93   57.07
  99.95   44.81
 100.62  201.43
 101.65  117.87
 103.22  158.36
 103.35   56.81
 103.36   70.64
 103.45  200.77
 103.50  138.66
 104.06   45.84
 104.72   91.13
 105.38  194.95
 105.64   41.80
 105.96  122.79
 106.89  175.42
 107.87  124.90
 108.09   93.81
 108.36   85.02
 110.07   73.04
 111.25   51.77
 111.68  102.84
 111.73   10.54
 112.54  211.06
 113.50   91.22
 113.71   37.87
 114.17  114.31
 114.37  200.90
 115.28  195.73
 116.24   87.98
 116.44  102.42
 116.85   93.90
 118.57   44.46
 118.97   85.69
 119.05   39.45
 119.31  112.83
 119.48   64.60
 119.49  118.88
 120.86   91.33
 121.49  200.44
 122.35  200.08
 122.65  204.43
 122.70   56.41
 124.28  200.03
 124.41   66.58
 124.78  114.53
 125.76   51.32
 126.20  128.76
 126.46   41.13
 126.85  198.03
 128.43   98.23
 128.55  124.54
 128.68  204.07
 129.03  110.80
 129.29   64.43
 131.17  149.63
 131.27  165.44
 131.56  140.87
 132.04  195.79
 132.65   39.46
 133.22   38.52
 133.45   59.78
 134.03  130.90
 135.15  142.09
 135.35  105.07
 135.40  204.77
 135.58  157.51
 135.70  169.44
 135.89   40.57
 136.94  107.59
 136.95   51.11
 137.47  122.64
 137.49   94.13
 138.47   98.07
 138.66  139.34
 138.79   64.22
 138.83  144.30
 139.54  152.66
 139.79   38.07
 140.26  201.22
 140.38  131.05
 140.67   94.94
 141.03  127.18
 141.51  149.35
 141.82  205.54
 141.92  143.37
 143.08  157.80
 143.15   48.38
 143.31  165.52
 143.69  200.77
 143.93  149.21
 144.06  184.27
 144.38   44.98
 144.71   67.41
 145.24   58.12
 145.73  122.50
 145.85  103.98
 145.96   62.60
 146.45  177.97
 146.82  167.67
 146.83  117.89
 146.86  136.38
 146.92  198.67
 147.06   68.75
 147.16  211.15
 147.52  205.44
 147.88  183.49
 148.00   53.18
 148.11   64.96
 148.50   93.78
 149.14  151.96
 150.31  211.22
 151.40   35.94
 151.44  158.28
 151.62   62.28
 152.05  108.05
 152.79   66.57
 152.84  100.68
 153.11   44.22
 153.19   52.55
 154.01  107.91
 154.18   91.77
 155.14  184.47
 155.19   77.21
 155.97  116.76
 156.19  108.91
 156.69  148.50
 157.02   41.12
 157.72  175.85
 157.73   98.18
 160.12   46.39
 160.31  150.57
 160.34  150.23
 160.49   70.36
 160.60  185.53
 160.67  153.14
 160.68   91.43
 161.40   86.36
 162.64   65.05
 162.87   79.33
 162.95  151.17
 163.09   76.32
 163.51  108.40
 163.59   53.35
 164.02  169.15
 164.06   82.99
 165.69   78.32
 165.96  119.43
 166.37   45.75
 167.34  125.02
 167.64  114.93
 167.89  148.65
 168.81  158.36
 168.82  134.79
 170.05  123.56
 170.14  121.64
 170.71   42.06
 171.25   47.28
 171.35  118.85
 171.70  196.36
 171.85   69.01
 171.88  206.08
 172.03  111.45
 172.03   52.28
 172.41   36.49
 172.47  211.37
 173.70  196.48
 174.46  139.33
 174.52   84.50
 175.59   54.45
 175.95   75.78
 177.67  121.13
 179.20   94.59
 179.40   45.98
 179.81   39.13
 179.87   43.23
 180.92  104.88
 180.94   74.03
 182.02   96.11
 182.22   59.20
 182.53  104.06
 184.28   45.75
 184.44  104.94
 186.13   62.84
 186.23   78.47
 186.77   39.62
 188.01  203.91
 188.92   47.78
 190.27  110.72
 190.64   38.89
 190.88   91.93
 192.13   96.00
 192.14  209.35
 193.18   47.63
 193.35  153.50
 193.66  156.50
 194.66  173.07
 195.02  148.85
 195.83   86.40
 196.43  136.52
 196.73  159.00
 197.75  147.23
 198.33  127.84
 198.34   50.31
 198.48  151.99
 198.75   41.36
 198.97  142.27
 199.34   46.64
 199.46   11.14
 199.58   85.39
 199.85   41.07
 200.18  118.86
 200.69   92.20
 200.90    8.56
 201.29  140.54
 201.34  109.07
 201.87  135.81
 202.36   55.86
 202.49   84.89
 202.62  124.86
 203.15  141.99
 203.34  164.13
 203.36   11.13
 203.54   96.33
 204.46   35.39
 205.57  168.63
 205.60   56.27
 206.10  135.33
 206.12   77.34
 206.23  113.63
 206.46  144.43
 207.28   48.75
 207.66   81.38
 207.86   63.78
 207.96  141.01
 208.11   96.86
 208.28  156.27
 208.47  105.69
 208.64   41.24
 208.75    8.74
 209.08   69.44
 209.19  128.87
 209.66  153.01
 210.31   85.26
 210.69  131.97
 211.50  102.46
 211.70   39.08
 212.64   81.73
 212.77   47.79
 213.53  150.04
 213.89   35.64
 214.14   68.48
 214.39  208.41
 214.42   71.42
 215.25   92.33
 215.29   35.92
 215.78   48.44
 215.88  107.96
 216.97  147.87
 217.05  100.66
 217.44  152.68
 218.06  156.59
 218.88  116.04
 219.71   97.84
 220.83   57.41
 221.02   39.30
 221.30   73.54
 221.43   38.73
 221.54   84.41
 221.66   83.62
 222.20   52.58
 223.03   86.98
 223.03  166.55
 223.13  166.18
 223.38   79.63
 224.17  104.62
 224.28   10.04
 224.31  102.25
 224.58  104.99
 224.76   45.56
 225.69   69.24
 226.13   64.44
 226.93   38.71
 227.29   52.67
 229.32  118.53
 230.65  124.23
 230.79   67.96
 230.90  127.70
 230.92   68.58
 231.13   81.48
 231.21   43.92
 231.29  114.03
 232.14   75.47
 232.85   35.73
 233.07   63.24
 233.41   78.62
 233.53  122.82
 233.54  121.00
 233.57  109.87
 233.68  211.71
 233.99   95.17
 234.07  173.14
 234.23   49.45
 236.14   75.13
 236.40   53.41
 236.40  129.82
 237.16  138.32
 237.59   83.44
 237.72   59.25
 238.05   43.76
 238.31   72.07
 238.40   89.73
 240.19   96.21
 241.07   57.50
 242.45   62.48
 242.57  198.66
 242.88   80.09
 243.09   75.28
 243.46   93.75
 243.63  104.07
 243.97   96.76
 244.12   84.20
 244.32   33.58
 244.71   46.45
 244.73   48.29
 245.88   39.93
 246.88   69.26
 248.33   95.78
 248.34   79.77
 248.45   36.20
 248.99   41.59
 249.53   51.10
 250.35   31.28
 250.88   67.52
 251.00  172.02
 252.18   91.14
 252.54  101.31
 252.72   39.99
 253.20   85.66
 253.39   33.01
 253.61   52.31
 253.69   81.05
 254.64   98.10
 254.70   27.82
 255.45  167.72
 256.61   53.08
 257.61  128.84
 257.75   89.90
 258.07   20.14
 258.11  124.18
 258.45   95.13
 258.81  203.43
 258.92  118.54
 259.18   44.10
 259.26  140.10
 259.39  112.93
 259.74   50.85
 259.93   83.44
 259.96  141.15
 260.14  133.22
 261.14   88.17
 261.15  137.55
 261.43   46.27
 261.50  177.93
 261.68   41.25
 261.75  106.16
 262.13   97.95
 262.40   77.68
 262.47   37.75
 262.50   69.88
 262.50  170.24
 262.73   26.23
 263.49  204.89
 264.21   65.38
 265.24   57.60
 265.44  175.77
 266.03   86.83
 266.38  133.82
 266.50  116.04
 267.11   75.72
 267.99   54.98
 268.16  102.06
 268.39  208.46
 268.72  168.93
 269.27   92.66
 269.48   22.79
 269.70   86.53
 270.75   17.50
 270.90   82.82
 271.08   56.68
 271.13  107.79
 271.36  186.87
 271.82  118.85
 271.82  107.01
 271.96  140.11
 272.44  160.58
 273.01  125.81
 273.37  150.92
 273.38  125.70
 273.40   49.82
 273.65   53.53
 273.71  205.76
 274.31   35.42
 274.48   41.56
 274.63   78.84
 274.97   61.93
 276.05   67.31
 276.80  101.86
 276.99   32.60
 277.67   92.56
 278.08  111.81
 278.24   42.07
 278.98  211.08
 279.10  101.24
 279.63  106.92
 279.65  106.89
 279.83   67.28
 280.08   73.23
 280.20   55.32
 280.57   10.27
 280.58  136.06
 280.82   25.16
 281.00   42.95
 281.44  130.21
 281.46   39.80
 281.57   95.92
 281.94   64.05
 282.30  142.55
 282.30  113.01
 282.96   38.60
 283.06   91.58
 284.26   65.62
 284.42   13.77
 284.71  186.19
 284.90  164.79
 285.08   95.96
 285.71   48.05
 286.24  102.60
 286.84   89.59
 286.92   37.56
 287.34  109.56
 287.46   33.88
 287.52   43.04
 288.68  111.40
 289.10  100.07
 289.26  209.77
 290.57   58.64
 291.71  142.41
 291.86   42.61
