  20.91  201.63
  23.10   35.72
  24.28   54.31
  24.44   37.23
  26.51   52.40
  27.22  102.41
  27.45   94.09
  29.16  141.00
  30.14  169.20
  30.16   86.19
  30.26  183.00
  31.68   90.63
  32.11  200.82
  32.67  137.33
  32.84  143.40
  33.02  205.20
  33.24   86.86
  33.60   91.77
  33.84  143.54
  33.88  226.02
  34.20   99.10
  34.60  139.46
  36.20  128.63
  36.53   78.36
  36.75  141.82
  37.80  139.42
  37.80   93.04
  38.58  225.16
  39.48   53.53
  39.59  104.94
  39.86  130.10
  41.28   93.85
  41.49  103.87
  42.24  126.19
  44.51  106.89
  44.74  228.05
  45.82  145.30
  51.94  117.44
  52.80   47.19
  53.98   94.82
  56.15  108.13
  56.38  129.31
  59.77  137.67
  61.93   99.79
  62.90  135.02
  64.46   57.49
  64.62   39.63
  65.25  104.32
  66.11  100.39
  66.43   55.45
  66.98   99.50
  67.59  150.34
  67.95  140.30
  69.57   92.94
  70.31   94.13
  70.39  127.95
  71.48  100.38
  71.63   86.46
  72.23  164.46
  72.53  152.74
  73.15   90.36
  73.53   69.87
  75.46  100.42
  76.34  249.29
  76.47   94.37
  77.97  148.87
  79.57   41.31
  80.21   40.69
  80.82   99.07
  80.85   40.10
  81.36   57.89
  83.98  139.28
  84.91  149.24
  84.94  255.06
  84.95  167.32
  86.57  256.44
  89.74  278.07
  90.40  133.19
  93.00   52.71
 102.41  157.05
 103.31   40.47
 103.66  149.00
 104.22   49.45
 105.86   99.53
 106.89  156.61
 108.46  137.38
 111.04  155.15
 111.49   40.58
 111.81   54.35
 111.93   98.62
 113.36  113.20
 113.66  148.41
 113.73  138.11
 113.92  134.44
 114.30  156.13
 114.55  123.07
 116.67  119.92
 116.78  120.79
 117.87  141.00
 118.52   94.79
 118.85  141.48
 119.22  116.80
 119.55  133.92
 119.73  122.97
 120.25  108.70
 120.42  149.63
 121.51  150.14
 122.21  150.30
 122.44  157.08
 123.39  105.51
 125.10  135.60
 127.30  150.86
 129.13  140.79
 129.23  124.50
 130.24  138.36
 130.26  129.94
 131.15  135.59
 133.21  126.32
 135.15   68.61
 135.34  136.68
 136.32  109.04
 136.64  157.10
 136.81  125.96
 139.12  154.04
 141.96  141.11
 142.10   40.08
 142.81   56.07
 142.95  134.81
 143.97   85.45
 144.07   97.29
 146.53  151.24
 146.88  115.87
 147.34  100.10
 148.60  119.57
 148.87   91.60
 150.72   91.04
 150.72   39.48
 151.41   45.40
 153.02  128.56
 153.28  229.88
 153.63  165.89
 153.87  165.62
 154.31  252.62
 154.79  147.79
 154.85  124.35
 155.88  129.08
 156.00  136.59
 156.06   97.67
 156.46   54.76
 156.53   85.01
 157.25  144.02
 157.78  230.17
 158.29  143.50
 158.50   39.20
 158.77  162.00
 159.06  127.61
 159.97  140.12
 160.04  134.12
 161.35  126.66
 162.24  161.53
 163.30  139.49
 164.12  131.48
 164.39  146.75
 169.13   92.36
 170.02   46.53
 170.18  136.52
 173.26  126.24
 174.57  125.95
 176.44  131.93
 178.27  138.34
 178.58  145.56
 178.79  128.57
 181.26  237.38
 182.77  139.31
 182.81  140.20
 186.21  149.23
 188.00  126.72
 188.54  105.25
 188.59  105.96
 188.84  137.71
 188.86   94.89
 191.06   35.96
 191.69  159.25
 191.71  167.07
 192.03   92.65
 193.03   84.86
 193.24  162.88
 195.06  140.49
 195.59  106.83
 198.51   35.07
 199.05  110.88
 199.50  163.00
 201.38  167.38
