  10.61  106.97
  13.51   90.27
  13.61  107.12
  15.33   88.09
  15.40  107.22
  19.01  103.51
  25.76  103.92
  26.20  103.89
  26.45   98.88
  31.93   98.16
  35.36  113.11
  35.62   90.79
  37.30   84.82
  38.15   46.15
  38.79   46.74
  39.46   88.80
  39.93  111.68
  43.31  110.05
  43.72  116.23
  43.77  158.85
  47.54  105.23
  47.58  119.45
  49.14  113.08
  51.52   48.97
  51.73   89.54
  52.71  100.45
  53.98  149.77
  56.43   49.64
  58.08  165.58
  58.61  107.56
  58.95  160.13
  63.69  157.98
  65.15   99.96
  65.37  130.67
  66.52  160.61
  68.62  126.78
  68.79  185.31
  69.08  143.98
  69.25   83.49
  69.34   91.61
  69.42   91.91
  69.54  190.22
  70.64  115.07
  71.38   87.87
  71.85  172.51
  73.26  196.32
  73.80   48.32
  74.09  152.34
  74.21  117.04
  75.26  168.07
  78.00  159.76
  78.12  159.57
  78.26  112.86
  78.27   80.94
  78.44  163.24
  79.74   51.84
  80.22  156.10
  80.33  100.30
  80.50  123.34
  80.66  139.05
  81.85   91.54
  82.09  183.00
  82.24  159.93
  82.28   86.16
  83.29  196.62
  83.58  114.61
  83.74  100.25
  84.31   95.69
  84.38  126.96
  85.05   85.47
  85.30  188.15
  86.06   45.14
  86.92   88.76
  87.12  166.82
  87.34   47.91
  87.48  181.92
  87.84   94.48
  88.08  162.34
  88.23  157.52
  88.86  187.61
  90.96   81.20
  91.58   52.32
  91.99  100.87
  92.38  124.40
  93.15  108.75
  93.31  182.92
  94.69   47.26
  95.18  152.83
  95.49   50.53
  95.66   82.35
  96.13  158.72
  97.17  175.63
  97.36  152.94
  97.56  122.20
  97.70  131.59
  97.99  135.13
  98.29   94.24
  99.84   81.67
 100.08  191.91
 100.91   88.21
 100.94   52.63
 101.25  100.97
 101.63   92.93
 102.57  176.85
 102.72  144.62
 103.48  160.71
 104.11  192.58
 104.70   78.49
 104.87   91.48
 104.92   97.00
 105.05  130.75
 105.55  181.83
 105.73   78.63
 107.15   83.45
 107.31  190.68
 107.75  168.90
 107.91  180.53
 107.92   31.05
 108.46   90.52
 108.49   94.38
 109.60   54.33
 112.66  152.71
 112.70  129.43
 113.33  138.53
 113.37  187.49
 113.69  134.00
 114.24   86.44
 114.40  149.80
 115.20   92.30
 115.27   52.41
 116.52  128.05
 116.54  101.24
 117.16  131.62
 117.28  179.05
 118.30   53.99
 118.37   98.55
 118.73   89.68
 119.37  150.21
 120.06  131.07
 121.28   84.35
 121.92  147.44
 122.07  159.05
 122.10  139.27
 124.10   96.55
 124.38  109.16
 124.59   78.78
 124.66  144.94
 125.08  153.48
 128.66   82.01
 128.85  158.30
 128.88   87.75
 129.31   92.78
 129.33   96.65
 129.42   86.71
 130.16   56.34
 131.04  148.17
 131.08  142.90
 131.66  146.24
 132.10  104.67
 133.20   91.52
 133.59   82.53
 134.59  113.70
 134.75   88.65
 135.08  122.97
 135.84  142.42
 136.14  117.90
 136.84  122.67
 138.91  118.97
 140.45  105.80
 140.94  111.63
 141.16   82.55
 141.23  120.41
 141.46   88.33
 142.20  114.74
 142.47  157.41
 143.61  169.24
 144.50  143.22
 144.88  150.61
 145.11  112.10
 146.39  116.82
 146.50  116.48
 147.67  104.54
 147.88  103.28
 148.41  157.15
 148.87   57.75
 148.95  111.60
 149.51  113.51
 151.21  114.46
 151.87  156.72
 152.36   90.72
 152.52  100.64
 152.68   55.99
 152.89   50.11
 152.93   79.81
 154.26   34.29
 154.76  145.71
 155.08   95.31
 156.37   51.72
 156.59   83.21
 156.78  133.29
 156.89   45.78
 157.32  127.63
 157.51   62.35
 157.82  151.67
 158.49  146.87
 159.46   80.40
 159.98  101.66
 162.88  118.85
 162.97  105.46
 163.02   51.28
 163.43   89.59
 163.76   29.67
 163.77   56.91
 164.06  100.88
 164.10  145.76
 164.85  155.80
 165.29  136.47
 165.40  146.68
 165.89  112.20
 166.37   97.43
 166.79   61.07
 167.41  118.54
 168.53  146.71
 169.45  153.51
 170.17  128.96
 171.19  144.85
 171.61  146.37
 171.77  155.95
 172.22  112.15
 172.83  123.89
 173.29   71.91
 173.50  131.40
 174.51  132.89
 174.74  149.30
 174.88  114.21
 175.34  104.20
 175.60  118.20
 176.04   44.28
 176.34   80.36
 176.47   95.96
 179.06  127.08
 179.14   80.62
 180.73  121.00
 182.15  165.04
 182.30   72.71
 182.31  115.75
 182.33  116.36
 182.41   62.17
 182.45  141.67
 183.27  136.12
 183.85  153.95
 184.15  104.80
 184.29   84.70
 184.50  112.97
 185.46  122.25
 185.64  151.00
 186.43   50.00
 186.57   56.71
 188.70   88.79
 188.96   72.32
 190.05  151.09
 192.32   80.99
 193.08  148.32
 193.34  167.61
 193.93  123.36
 194.66  145.47
 194.80  137.07
 195.23   58.08
 195.32   88.56
 196.39  110.70
 196.92   76.23
 196.97   72.01
 199.13   56.99
 199.21   50.86
 200.98   81.09
 203.72   83.51
 203.92   84.61
 206.22   67.86
 206.40   80.90
 209.23  147.27
 209.42  115.12
 210.26  135.50
 210.45   41.10
 210.82   72.58
 211.02   76.32
 212.37  144.02
 212.74  170.47
 212.92   80.82
 214.21  105.19
 215.54  106.37
 215.61   97.32
 215.72  206.35
 217.31  110.28
 217.50  134.94
 218.18  130.07
 218.52   84.81
 218.56  105.91
 218.68   99.00
 218.90   56.73
 219.37  153.19
 220.40  165.38
 220.95   72.21
 221.03   76.60
 221.42  134.40
 221.93  144.40
 222.46  108.00
 222.61   54.04
 222.79  124.44
 223.41  163.51
 224.39  119.77
 224.81  101.30
 224.89  120.66
 225.55   76.66
 225.96   49.52
 226.40   59.45
 226.72  168.74
 228.37  152.09
 230.88  147.51
 231.47  176.53
 232.14  130.81
 232.20   97.16
 233.06  117.34
 233.47   52.62
 234.47  143.87
 234.52  139.14
 234.85  136.52
 235.96   80.37
 237.02   44.14
 237.04  178.42
 237.56  128.04
 237.66   41.83
 239.61  165.42
 240.17   73.72
 240.69   80.35
 240.80  100.44
 241.66  137.18
 242.23  140.65
 242.86   91.29
 244.01   91.20
 244.01  142.66
 246.13  136.07
 246.48  108.95
 246.61   99.11
 246.84  163.58
 246.94  163.49
 246.94  133.53
 248.89  124.90
 249.40  167.02
 250.17   76.00
 250.77  112.69
 250.80  172.74
 251.09  119.37
 251.97  150.67
 252.69  130.24
 253.51  114.46
 253.73  145.63
 253.78  100.86
 254.20  108.94
 254.57  169.77
 255.45  104.50
 255.91  143.19
 256.58  126.00
 257.57  150.52
 258.33  170.89
 259.16  135.45
 259.52  165.02
 259.80  130.75
 259.99   84.32
 262.17  124.55
 263.97   69.36
 265.96   84.34
 267.16  135.50
 267.40  167.50
 268.09   90.03
 269.49  175.95
 269.53  150.44
 269.84   56.17
 271.23  135.15
 272.56  115.26
 273.41  146.04
 274.10   84.23
 275.50  110.01
 275.64  170.76
 276.04  133.23
 277.27  150.49
 278.47   98.93
 278.64  116.93
 280.12  173.44
 280.20  129.19
 280.34  136.52
 281.53  156.96
 281.72   97.40
 282.05   92.49
 282.11  101.82
 282.46  167.96
 282.86  102.95
 283.55   90.77
 284.28  116.40
 284.68  150.39
 285.10   76.17
 285.24   66.84
 286.08  112.26
 286.78  162.16
 286.87  120.15
 286.94  105.52
 287.09  110.72
 287.22  146.10
 287.69   70.52
 287.93   35.58
 288.97   70.26
 289.09  115.64
 289.15   72.37
 291.69   76.47
 291.82  106.98
 291.93  113.11
 292.49  100.11
 292.97   87.20
 293.12   35.67
 296.18  150.93
 296.37   82.60
 297.59   57.67
 297.76   82.45
 298.05  148.00
 298.52  106.26
 300.96   85.64
 301.32  153.88
 301.68   54.95
 306.56  127.22
 308.31  107.56
 308.98  119.10
 309.38  118.94
 309.54   80.66
 310.20   57.18
 313.45  134.09
 313.50   54.14
 314.78  134.33
 317.45  123.01
 319.92  119.06
 320.07  101.97
 321.02   56.49
 321.19  162.38
 321.96   96.75
