   8.60   12.28
   8.80   40.52
  10.22   63.41
  12.62   99.87
  13.29  155.11
  13.48   62.30
  13.52   41.27
  14.86  142.18
  15.71  117.34
  15.90  202.10
  15.96  206.87
  16.29   40.65
  16.79  205.44
  18.84   46.74
  18.87   15.35
  19.51  114.20
  19.65   49.84
  20.27   52.45
  20.69   39.52
  21.43  107.77
  21.68   15.54
  21.88   20.01
  22.89   42.48
  22.90   44.66
  23.66  113.78
  24.40   50.92
  24.72   57.44
  25.43   66.01
  25.62  174.02
  26.03  171.59
  26.32  141.68
  26.95  167.22
  27.12  160.86
  27.13   60.64
  27.27  148.34
  27.61  203.68
  27.62   69.07
  27.74  134.02
  28.36   28.55
  28.73  172.02
  28.95   51.91
  29.57  176.45
  29.57  206.17
  30.66  141.33
  31.24  129.96
  31.70  128.35
  31.95   68.61
  32.53   49.44
  32.71  181.03
  32.79  174.21
  33.22   72.81
  33.79   65.29
  33.85   99.06
  34.16  125.53
  34.79   68.45
  34.94  200.93
  35.72   55.17
  36.24   44.57
  36.59  175.42
  37.00  134.65
  37.17  160.34
  37.36   16.14
  37.37   57.46
  37.41   41.01
  37.41   20.09
  37.72  180.07
  38.29  166.78
  38.45  201.18
  39.03  135.02
  39.51  195.62
  39.85  154.86
  40.20   51.44
  40.23   14.93
  40.33  101.96
  40.35  148.35
  40.45  101.97
  40.54  115.55
  41.04  136.34
  41.09   38.57
  41.10  171.69
  41.44   38.72
  41.83   27.92
  42.00   10.84
  42.61  174.09
  43.08   25.09
  43.27  126.46
  43.38  180.66
  43.43  178.09
  43.49  106.05
  43.52   62.32
  43.55   98.36
  43.63  132.97
  44.09  145.06
  44.81   21.07
  45.03  112.70
  45.08  182.17
  45.74  197.91
  46.22  199.31
  46.24   54.42
  46.27   47.20
  46.58   15.71
  46.68  175.93
  46.73  133.37
  46.81   60.54
  47.10   93.14
  47.20  188.71
  47.65   29.84
  48.81   75.72
  49.36   24.91
  50.57  118.32
  50.85  192.42
  51.43  101.62
  51.85  106.30
  52.29   89.33
  52.61  165.86
  52.76   66.47
  53.09  153.99
  53.14  157.36
  53.73  170.10
  54.27  110.62
  54.32  147.50
  54.39   97.64
  54.51  103.81
  55.15    6.76
  55.43   74.70
  55.72  153.85
  55.78  174.54
  55.87   40.74
  55.87   52.57
  55.94   92.86
  56.10   65.03
  56.29   89.25
  56.33  201.68
  56.44   31.69
  57.14  113.60
  57.90   71.23
  58.18  210.94
  58.83   62.20
  58.92  125.04
  59.29  168.16
  59.63   98.14
  59.82   85.24
  61.21   70.94
  62.40   69.67
  62.54   80.04
  62.59  153.99
  63.07  147.25
  63.10  147.24
  63.61  108.19
  64.02  212.16
  64.29   89.91
  65.20  137.13
  65.34  168.18
  66.82    9.86
  67.32  141.84
  67.80   89.04
  68.37  123.35
  68.46   89.79
  68.50  114.90
  68.53  111.52
  68.63   50.35
  68.63  115.03
  69.86  128.93
  70.53  120.78
  71.32  163.31
  71.82  113.15
  72.00  198.29
  72.35  181.29
  72.52  211.00
  72.70  142.27
  73.95  122.33
  74.26  115.02
  74.63  127.41
  74.86  194.08
  74.98  161.89
  75.62  199.88
  75.82   25.85
  76.71   37.48
  77.15  165.19
  77.20   58.29
  77.34  132.64
  77.56  109.85
  77.72   86.82
  77.80  181.70
  77.92  103.56
  78.72  196.67
  80.29  110.31
  80.87   36.25
  82.14   81.07
  82.31   35.56
  82.37  113.97
  83.04  193.83
  83.23  185.91
  83.80  110.56
  83.97  120.60
  84.06  206.88
  84.12   83.54
  84.64  158.97
  85.45   56.60
  85.70  131.61
  86.32  104.71
  86.38  168.90
  86.69   81.88
  86.79  185.06
  86.94  191.14
  87.32   86.04
  88.47  206.40
  89.29   44.02
  89.41  197.99
  89.86  187.49
  90.72  156.57
  90.87   58.66
  91.26   88.75
  91.51   73.53
  91.91  107.89
  92.24  200.87
  92.38  177.30
  92.79  182.22
  92.83  171.16
  93.01  138.10
  93.12   49.95
  94.38  207.93
  94.44   80.25
  94.57   80.25
  95.05   76.39
  95.17  135.00
  95.18  186.33
  95.57  179.58
  95.60   50.96
  95.91  107.79
  95.93   70.16
  96.82  136.53
  97.09  209.38
  98.17   87.46
  98.48   51.75
  98.90  169.08
  98.92   78.99
  99.08   58.48
  99.33   90.21
  99.57  116.69
 100.37  164.71
 100.67  198.53
 101.54  112.57
 102.21  154.85
 102.30  130.24
 102.63  138.06
 102.73   61.87
 103.23  108.71
 103.52  108.82
 103.92  191.45
 104.14   92.48
 104.15  171.01
 104.25   88.20
 104.82   71.24
 106.83  108.93
 106.87  184.21
 107.18   80.83
 107.39  113.48
 107.59   86.60
 107.65  117.60
 108.21  123.10
 108.53  142.64
 108.68   69.19
 109.46  178.13
 110.31  147.52
 110.34   78.60
 110.95  140.59
 111.77  126.43
 112.51  178.66
 113.15  169.10
 114.52  104.04
 114.75   87.91
 114.93  156.53
 115.20  110.06
 115.52   91.69
 115.56  127.91
 115.87  162.44
 116.93  131.63
 117.04  131.71
 117.04   68.88
 118.38   94.93
 119.15  113.13
 120.11   98.90
 120.32  153.28
 120.89   82.41
 122.04   75.95
 122.16  100.60
 122.88   92.86
 123.46   27.54
 123.99  149.64
 124.51  133.95
 125.05  148.67
 125.39  104.10
 125.63  120.34
 127.19   97.08
 127.70   72.25
 128.48   52.28
 128.63  124.76
 128.82   17.92
 128.89   59.67
 129.39   61.71
 129.81  154.82
 131.15   76.98
 132.07  181.84
 134.89   27.30
 135.06   19.10
 135.40   68.23
 135.54   46.72
 135.87  188.12
 136.87  187.57
 136.94   65.55
 137.83  147.06
 138.20   25.01
 140.06  188.22
 140.95   22.23
 141.30   68.54
 141.93  109.25
 142.04   72.51
 147.07   92.72
 149.61  138.49
 149.98  104.75
 150.03   70.54
 151.63   61.27
 152.42  140.11
 152.62  184.19
 153.23  115.51
 153.58  129.46
 154.12  134.17
 154.14  154.27
 155.10   99.55
 156.59  125.93
 157.23   73.12
 158.38   40.04
 158.43  139.45
 158.98  134.52
 159.08  130.47
 160.85   31.96
 161.17  103.70
 161.42  121.35
 161.90  110.02
 162.42  113.65
 162.45  126.39
 162.62  141.55
 162.83  168.87
 162.89   64.85
 163.18  142.85
 163.36  134.14
 163.68   22.96
 163.77   49.68
 164.47  119.10
 164.49   58.70
 165.54  174.89
 166.45  128.92
 166.86  120.39
 166.88   83.34
 166.94  142.89
 167.51   72.87
 167.95   88.88
 169.51  173.47
 170.10   75.02
 170.63   35.04
 171.10  165.18
 172.38   84.54
 172.77  182.48
 173.93  140.07
 174.07   92.13
 174.10  173.74
 174.13  162.59
 174.44  120.61
 174.53   44.01
 175.12  187.60
 175.38   80.86
 176.22  155.61
 176.79  118.56
 176.90   73.91
 177.33  120.65
 177.38  188.51
 177.65   50.25
 178.32   65.06
 178.45  166.38
 179.14  128.30
 179.70  110.98
 181.06  138.84
 181.12  195.55
 181.37   33.07
 181.61  125.73
 181.62  160.87
 181.91  172.35
 182.01   98.55
 182.14  106.60
 182.39   83.20
 182.51   91.05
 182.52   40.07
 182.70   49.79
 182.87  168.92
 184.26  133.65
 184.74   30.23
 184.85  133.09
 185.21  205.39
 185.96  177.91
 186.26  172.31
 186.57   64.68
 186.64  197.30
 186.70   71.40
 187.07   37.39
 187.08   99.13
 187.47   93.45
 187.47   22.04
 187.87   88.15
 188.01  110.51
 188.10  146.72
 188.92  188.92
 189.07  131.00
 189.64   78.06
 189.92  205.43
 190.08   73.26
 190.38   91.37
 190.51   21.30
 190.80  143.91
 191.05  177.88
 191.12   81.76
 191.22  184.33
 192.29  111.02
 192.64   70.19
 194.54  186.39
 195.84  169.93
 196.36  165.11
 196.43  159.76
 196.64  153.10
 196.84   96.53
 196.89   65.88
 197.00  156.41
 197.52  128.56
 198.16   93.68
 198.26  121.28
 198.94   70.96
 200.41  164.25
 200.83  188.84
 201.15  196.50
 201.24   28.13
 201.45  159.36
 201.88   65.94
 202.51  166.01
 203.43   15.37
 203.52  117.13
 205.60  164.68
 205.86  211.05
 206.01   76.93
 207.35  106.63
 207.38   24.34
 207.49  127.42
 208.32  153.65
 208.67   88.36
 209.00   18.75
 209.68  173.10
 210.57  159.91
 211.32  116.66
 211.78  173.59
 212.01   90.87
 212.22  194.03
 212.46  141.02
 212.54  168.29
 212.90  148.32
 212.98   28.67
 214.16  110.80
 214.55  206.46
 214.61   89.21
 214.72   73.89
 215.00  202.85
 215.08  116.85
 215.16  120.27
 215.22   30.85
 217.55  125.30
 217.76   61.96
 218.58  185.00
 219.26  138.84
 219.28  170.94
 219.78  160.78
 219.94  141.82
 220.08   67.02
 220.17  134.76
 220.22   27.82
 220.33   25.48
 220.52  110.96
 221.16  124.19
 221.61   50.23
 222.77  112.21
 222.91   86.93
 222.92   30.16
 222.94   68.57
 223.00   84.14
 223.03   75.51
 223.65  106.71
 224.58  167.62
 224.62  188.26
 225.26  136.21
 226.45  191.55
 226.80   85.92
 227.55  111.26
 227.74  120.86
 228.69   89.32
 229.09  153.51
 229.17   64.72
 229.28  161.14
 229.75   85.48
 229.77   77.35
 230.76   17.02
 230.91  100.66
 230.93   46.85
 231.32  144.11
 231.34   77.47
 231.92  157.39
 233.01   66.00
 233.05  133.14
 233.17   20.09
 233.57   87.05
 233.74   31.81
 234.19  148.65
 234.37  111.52
 234.41  158.79
 234.73  122.11
 234.92   40.56
 235.60   58.58
 235.65  126.10
 235.99  106.19
 236.31  145.31
 236.55  162.53
 236.61   62.78
 237.99   52.60
 238.35   53.46
 238.95  150.46
 238.98  117.54
 238.98  129.63
 239.06  103.34
 239.23   26.50
 239.35   48.58
 239.39   89.56
 239.70   13.85
 239.92   35.02
 240.65   59.50
 240.67  159.92
 240.87  159.81
 240.98  139.21
 241.35   32.44
 241.89   80.01
 242.08   62.82
 242.43   35.26
 242.50   73.52
 242.75   82.95
 243.08   55.06
 243.12   45.68
 243.96  163.63
 244.31  201.91
 244.56   92.09
 244.74  172.56
 244.98  128.14
 245.28  205.09
 245.92   59.59
 245.96   14.50
 246.51  183.07
 246.64  123.63
 246.65   38.35
 246.66   66.52
 247.78   40.06
 247.99   11.06
 248.28  105.34
 248.77  180.57
 248.92  133.54
 248.95  157.99
 249.91   82.46
 250.19   17.42
 250.20   13.55
 250.27   20.05
 250.46   54.45
 250.77  148.30
 251.89   62.15
 251.89   10.98
 251.94  123.78
 252.02   33.04
 252.17   70.31
 252.35   70.62
 252.40   42.84
 254.37  108.99
 255.09   25.02
 255.16  119.53
 255.56   52.79
 255.57   88.57
 255.67   42.18
 255.71  158.73
 255.76   34.14
 255.79   46.49
 256.06   69.72
 256.15   59.06
 256.18   79.57
 256.22   27.26
 256.55  183.42
 257.22   72.98
 257.31   45.04
 257.67   92.06
 257.89   63.31
 258.13   17.74
 258.25  102.76
 258.39  149.82
 258.47   20.17
 258.50   76.91
 258.67  123.83
 258.69   35.92
 259.02  162.62
 259.50   55.50
 259.72  113.81
 260.14  129.61
 260.59  145.15
 262.27   59.95
 263.35   85.07
 263.45   68.56
 264.58   41.42
 265.55   82.36
 266.56   10.21
 266.88  143.58
 267.08   32.97
 267.23   35.42
 267.31   54.96
 267.35   39.22
 268.06  199.49
 268.54   73.23
