   8.26  167.16
  11.57   65.77
  15.12  163.84
  20.17   41.91
  20.24   65.25
  20.51  161.38
  20.84   65.52
  23.11   66.36
  23.28   44.09
  23.98   44.58
  24.88   44.85
  26.18  133.29
  26.34   41.21
  30.54   73.68
  30.64  173.77
  30.93  105.70
  31.55  132.09
  31.81  109.78
  32.56   79.70
  32.84   49.60
  33.53  165.64
  33.57   98.57
  35.95  162.94
  37.43   81.06
  37.76   82.65
  38.14  131.28
  38.75  100.17
  39.21   91.04
  39.87  128.12
  40.13  114.86
  41.62  100.74
  42.00  136.15
  42.49  125.48
  44.34  116.80
  44.77   72.17
  44.92  113.51
  45.52  101.47
  46.79  143.00
  48.51   81.39
  49.65  116.43
  49.70   81.85
  50.59   92.10
  50.70   63.70
  50.82  124.75
  51.92  152.97
  52.48  174.30
  52.48  143.81
  52.96  122.64
  52.99  134.78
  54.09  163.74
  55.22  107.83
  55.40  172.59
  56.84  128.62
  57.58  117.91
  57.96  145.78
  58.16  136.79
  60.32   62.74
  60.37   63.00
  62.18  174.11
  62.42  164.00
  62.47  169.16
  63.68   85.57
  64.34  106.61
  64.68   77.12
  64.71   87.18
  65.99  148.53
  66.11  125.79
  66.24  122.46
  66.51  136.53
  67.01  139.85
  67.34  159.14
  68.27   76.38
  70.73   93.03
  71.15  154.87
  71.23  121.82
  71.64   12.11
  71.86  100.85
  74.99  172.79
  75.02   99.03
  75.27  130.84
  75.90  128.23
  77.09   80.32
  78.41   95.39
  78.56  122.56
  79.79   49.14
  79.83   80.24
  81.61  145.64
  81.68   50.14
  82.12  114.59
  83.38  159.03
  86.19   90.75
  86.23  166.75
  86.50  126.62
  86.56  144.61
  87.86  136.95
  88.20   50.19
  89.03  111.77
  89.63   81.18
  90.97  158.60
  91.85   89.13
  95.82  152.07
  96.60   50.72
  97.24  171.75
  97.85  111.88
  97.91   99.80
  99.06  153.23
  99.10  152.88
 102.07  107.25
 102.08  141.52
 102.11  148.36
 102.46  113.31
 103.18  159.33
 103.74   50.79
 104.13   77.53
 104.44  123.85
 105.12  145.13
 105.26  133.22
 105.32  162.96
 105.52  141.42
 106.36  148.88
 107.30   50.95
 107.75  127.16
 107.93  141.12
 108.12  133.61
 108.49  148.21
 108.94  174.88
 109.81   66.03
 110.24  121.85
 110.37  106.44
 111.04   49.03
 111.05  141.25
 112.86   88.58
 112.98   63.97
 113.65  170.94
 114.26  108.45
 114.38  111.57
 114.79  161.55
 115.04   99.50
 117.64   80.25
 117.99  129.80
 118.04  147.85
 118.16   74.37
 118.52  140.66
 120.21  113.86
 121.55  145.60
 122.27  107.55
 123.07  117.50
 123.16  110.22
 124.94  131.26
 125.24   98.08
 126.76   84.13
 127.35  141.05
 127.44  106.11
 128.47   51.81
 129.50  132.81
 131.20  118.71
 131.97   93.82
 132.23  208.78
 132.75  174.88
 133.56  155.59
 134.22  163.33
 134.77  135.86
 135.25  104.90
 136.19  157.85
 136.34  171.51
 136.52   89.34
 136.56  168.47
 136.77  118.66
 138.49  163.00
 139.55  173.16
 140.16  102.41
 141.46   79.22
 141.73  134.11
 143.92  133.47
 145.84  145.16
 146.84   81.45
 147.08  102.14
 147.39   98.59
 148.16   92.96
 149.20  155.72
 150.29   83.72
 150.88  106.90
 150.94  101.77
 151.25   97.43
 151.65  137.47
 151.81  107.08
 152.05   98.42
 152.61  167.28
 153.63  140.87
 153.92  146.62
 154.16   93.99
 157.77   87.47
 157.95   66.95
 160.96  110.86
 161.36  131.96
 161.65   64.58
 162.28  103.18
 162.56  106.57
 162.88   94.10
 163.39  159.28
 164.87   67.87
 165.49   63.52
 166.42  158.69
 167.10   84.12
 168.63  158.88
 169.45  111.15
 169.47  101.72
 169.87   97.80
 171.40  142.68
 172.55  137.97
 173.22   91.73
 174.85  119.80
 175.53  107.11
 176.59  103.19
 177.17  118.17
 177.40  152.93
 177.56  103.99
 179.04  117.66
 180.08   85.57
 180.10  165.69
 180.32  123.54
 180.43  146.08
 180.44  133.26
 180.51   97.77
 180.53  155.72
 183.84   60.32
 184.36  116.58
 184.49  107.14
 185.32  111.14
 185.57   46.97
 185.65   97.63
 185.98   50.21
 187.99  102.33
 188.16   80.08
 188.57   60.45
 189.22   51.89
 189.47  106.23
 190.86  102.23
 190.92  142.96
 191.14   97.95
 191.25  109.58
 191.86  164.61
 192.50   78.73
 193.30  154.32
 196.48  103.37
 196.85  111.23
 196.99   76.02
 201.12  163.93
 202.08   19.58
 202.10   69.36
 206.10  150.65
 207.06  113.15
 207.28  163.04
 207.34   97.78
 207.98  155.98
 208.09  106.75
 210.75  131.06
 211.09   76.32
 211.10   76.35
 212.51   85.89
 212.56  156.56
 212.90  167.25
 212.92   71.10
 213.02  143.34
 213.22  108.37
 215.45   75.34
 217.31  162.97
 218.37  143.08
 218.56  102.97
 219.02  168.54
 220.72  126.98
 224.37  145.53
 224.41  116.04
 224.46   87.47
 224.52   97.41
 224.68  137.77
 225.63   75.02
 225.66  102.39
 226.10  143.17
 226.27   93.06
 227.22   78.05
 227.67   84.02
 230.82  109.48
 230.99  102.70
 232.10  156.15
 233.18   87.43
 233.51  163.65
 237.62   73.11
 237.97   94.69
 238.05  161.38
 239.08   90.90
 240.79   71.48
 241.89   75.42
 242.94  136.83
 243.53  154.51
 244.48  140.10
 246.10  123.05
 248.55  140.13
 249.53  136.88
 249.78   82.71
 249.91  153.98
 250.46   74.43
 251.01   74.77
 251.88   81.87
 253.24  160.62
 254.86  131.85
 255.67   70.99
 255.96   68.43
 259.37  159.97
 260.14  134.97
 260.99  100.01
 261.10  128.95
 261.23   71.11
 261.39  158.39
 263.78   85.10
 264.12   85.11
 264.20  117.80
 264.45  180.67
 267.31  138.57
 267.65  147.95
 268.40   98.19
 268.79  180.67
 272.49  147.00
 272.94  118.58
 273.24   65.26
 274.79  163.32
 277.37  157.07
 278.64  159.10
 279.37   51.95
 282.43  159.76
 282.65  146.20
 283.53  184.86
 285.24   66.09
 285.86  158.74
 286.31  150.71
 286.89  108.07
 286.99  119.08
 287.24  113.79
 287.32   23.06
 288.91   75.84
 289.02   93.42
 289.29  104.43
 290.27  110.59
 290.31   95.44
 290.97  179.40
 291.37  206.80
 291.43  146.92
 293.13  113.20
 294.04  147.73
 295.14  193.91
 295.18  119.98
 296.63  148.91
 296.69  156.03
 297.36  121.46
 297.85   84.85
 298.18  143.01
 298.45  116.43
 298.69  157.41
 299.26  147.55
 299.89  119.33
 300.39  144.99
 300.65  109.48
 304.35   81.77
 304.59   78.25
 304.94   90.00
 305.00   80.45
 305.27   62.21
 306.46  150.09
 306.47  105.56
 306.69  198.82
 307.04   95.89
 309.22   62.17
 309.36  203.57
 310.15   54.15
 310.56   72.80
 311.62  119.31
 312.44  156.60
 312.89  101.81
 317.20   70.64
 318.28   96.20
 319.20   66.73
 319.41   93.33
