  12.39  286.33
  18.75  136.70
  19.31  265.99
  21.85  142.41
  22.63  264.17
  23.32  132.73
  23.98  123.47
  26.88  263.22
  26.97   24.72
  27.80  134.55
  29.46  139.26
  29.93  119.56
  30.31   17.87
  31.50  177.71
  32.67  149.19
  33.63  267.82
  33.65  167.42
  34.63  144.20
  35.58  154.48
  35.84   62.87
  36.76  115.44
  37.14  169.40
  37.79  217.44
  38.11  200.88
  38.11  201.06
  38.32  103.07
  38.40  231.36
  38.63  235.27
  38.69  163.07
  39.53   33.95
  39.75  174.34
  39.93  156.00
  39.94  155.04
  41.02  158.67
  41.43  201.32
  41.48  163.97
  42.16  214.84
  42.64  195.98
  42.92  213.93
  43.91  291.93
  44.73  258.41
  45.65   73.25
  45.74   97.65
  46.11  188.59
  47.71  148.99
  48.00  112.43
  48.39  184.46
  48.81  158.76
  48.92  321.24
  49.01  126.77
  49.35   94.96
  49.77   25.25
  49.96   44.14
  50.13  207.16
  50.47  138.30
  50.98  135.12
  51.09  123.42
  51.36   64.34
  52.03  151.14
  52.24   77.16
  52.50  193.10
  52.92   42.43
  53.51  142.81
  54.53  117.88
  54.89  177.77
  55.09   66.34
  55.41   82.39
  56.19  181.22
  57.42  127.95
  57.77   41.05
  58.13  158.69
  59.37  121.57
  61.49   86.46
  62.20  117.02
  62.36  111.39
  62.63   25.88
  62.72   35.45
  62.79   31.77
  63.51   69.32
  64.31  104.34
  64.64   40.38
  65.50  150.84
  65.68   92.59
  66.08  240.23
  66.61  123.98
  66.74  107.50
  67.28   64.53
  67.53   30.40
  68.43   20.69
  68.47   72.52
  68.85   81.44
  69.33   87.10
  71.07   78.49
  71.08   70.03
  72.84   17.00
  73.32  221.69
  74.18  105.74
  74.26   79.26
  74.31   71.59
  78.24   41.25
  78.65  249.93
  79.00   29.64
  79.88   24.06
  81.40  131.42
  84.15   19.95
  84.60   23.43
  85.18   29.13
  85.34   40.99
  86.48   28.84
  89.09  241.53
  92.57   29.68
  92.72   38.85
  93.67   25.39
  95.06   40.83
  99.17   28.75
 103.00   44.39
 108.31   22.62
 116.58   23.80
 118.61   19.85
 120.85   55.02
 123.27   33.53
 123.73   18.73
 126.71  136.15
 127.42   19.68
 130.77   23.96
 131.03   97.25
 131.80   64.55
 132.12   64.55
 135.88  101.62
 135.99   88.08
 136.35   93.97
 138.37  224.90
 139.16   97.30
 139.75   24.25
 142.35  100.01
 144.10  229.65
 144.10   89.94
 146.66  229.48
 147.33   98.62
 148.00  101.70
 148.07  224.98
 148.51  157.60
 149.22   80.21
 149.99   95.12
 150.86  105.74
 150.88  129.95
 152.02   92.26
 152.28  184.00
 152.63   13.75
 153.63   88.90
 153.97   94.45
 154.15  129.16
 154.32  105.19
 154.93  101.61
 154.97   97.24
 155.18  117.38
 155.99   18.98
 156.32   72.36
 156.93   89.03
 157.02  195.16
 157.25  102.33
 157.79  188.10
 157.89  164.73
 158.02   63.14
 158.70   92.85
 158.70  247.92
 159.34   98.25
 159.64   69.23
 161.50  153.87
 161.52  123.53
 161.85  143.42
 162.29  108.94
 162.56  137.10
 162.89  113.07
 163.24  179.12
 163.41   65.31
 163.60   99.41
 163.94  106.18
 163.96  120.36
 164.15   80.17
 164.96   90.43
 165.02   72.19
 165.45   67.12
 166.01  103.20
 166.45   63.14
 167.31   92.41
 167.43  241.21
 168.56  220.94
 170.77   91.67
 171.20   28.05
 171.44  106.38
 171.90   72.95
 172.44   81.61
 173.85    9.00
 173.86  218.87
 174.00  149.60
 174.21  123.59
 174.30  139.75
 174.83  146.82
 176.17  205.09
 177.11   93.59
 177.98  143.15
 178.08  146.34
 178.91  123.64
 179.75  206.42
 179.81  115.03
 180.40  223.23
 180.69  194.59
 182.17  109.08
 182.20  220.66
 184.72  111.39
 185.69  117.88
 186.00   39.55
 186.70   58.58
 187.23   21.18
 188.20  137.63
 188.80   17.26
 189.59  192.06
 190.00   14.29
 190.37  195.11
 191.25   34.25
 191.41  123.06
 192.60  155.07
 196.11   39.42
 196.97  175.18
 203.15  132.53
