   9.86   82.28
  10.68  102.86
  12.55  130.71
  12.55  119.91
  13.08   84.70
  13.34  136.50
  14.41  151.18
  14.90  126.53
  15.18  122.51
  15.56   82.11
  16.14   88.13
  19.30   81.75
  19.64  123.41
  19.73   90.83
  21.22  163.42
  21.93  114.58
  22.93  158.86
  22.96  103.33
  23.81   81.76
  24.30   89.42
  25.05  130.17
  25.25  117.39
  26.10  119.90
  27.68  124.32
  28.62  160.96
  29.79  100.02
  29.91   82.07
  31.03   93.91
  33.00  132.51
  33.64  144.25
  35.55  105.30
  35.65  104.64
  37.50  100.67
  38.30  122.90
  39.23   92.09
  41.60  100.90
  41.84  117.97
  42.01  135.16
  44.06  123.12
  44.12  123.22
  44.25   26.70
  44.86   22.64
  45.18   26.92
  45.32  114.48
  45.34   99.80
  46.15  108.84
  47.55   23.66
  47.83   93.73
  47.89  132.17
  48.49   20.03
  48.87   99.47
  49.85  104.00
  50.58  124.52
  50.62   27.99
  51.11  112.80
  51.84   23.39
  52.48  104.78
  53.04   94.93
  53.07  101.32
  55.34   98.63
  55.64  130.71
  56.91  102.54
  59.77   95.84
  61.59   99.61
  62.01  125.19
  62.05  103.08
  63.14   92.23
  68.48  123.66
  68.62  101.26
  68.81  111.95
  68.91  130.89
  69.59   94.61
  71.93  147.69
  72.44   16.23
  72.54  107.05
  73.96   78.86
  74.41  124.24
  74.62  104.21
  74.65   98.72
  74.90   89.16
  74.99   93.83
  77.10   97.80
  77.48   92.06
  77.74   95.65
  78.34  117.17
  78.35  103.24
  78.58  134.33
  79.28   61.98
  79.34  111.55
  81.45   86.48
  81.96  154.37
  83.41  159.08
  83.50  122.96
  84.20  146.23
  84.79  116.60
  85.24  129.33
  87.04  169.89
  87.22  150.25
  88.62   80.98
  90.10  100.77
  90.84  103.98
  91.82  122.87
  91.96   81.86
  92.77  139.38
  92.77   90.44
  93.59   97.61
  95.24   83.33
  95.90  130.85
  96.07   99.61
  96.14  127.46
 100.12   82.97
 100.45   94.91
 100.64  143.51
 101.42  112.80
 102.65  120.15
 104.32  145.20
 104.39  136.51
 106.21  127.58
 106.34  130.42
 107.26  168.92
 107.38  132.58
 107.52  136.85
 107.89  108.15
 109.19  148.37
 109.59   82.47
 109.69   87.56
 110.57   85.49
 110.72   88.58
 111.51   92.38
 111.60  164.63
 111.77  155.37
 113.51  118.22
 113.97  117.92
 115.44  139.01
 115.57  147.77
 116.15  168.07
 117.33   48.54
 117.36   96.99
 117.84   21.89
 118.29  108.02
 119.45  147.02
 120.98  158.59
 121.14  172.90
 122.04   83.65
 122.73  172.70
 123.22  115.52
 123.44  159.90
 123.90  145.33
 125.03   80.68
 125.29  133.92
 125.57   61.97
 126.00   90.38
 126.95  118.75
 127.13  109.95
 127.28  143.17
 128.15  104.51
 129.01   56.69
 130.26  118.13
 130.26   95.22
 131.47  123.87
 131.55  119.13
 131.79  135.41
 132.00  151.70
 132.53   90.76
 132.59   90.74
 133.49   98.29
 133.62  154.22
 135.76  122.70
 135.81  122.91
 136.94   60.98
 138.44  140.12
 138.94  155.30
 138.97  161.81
 139.47  173.88
 139.49  167.72
 139.75   93.45
 141.50  105.57
 141.99  138.35
 143.03  180.92
 143.07  146.70
 143.34   98.37
 143.36   89.16
 146.00  169.47
 146.40  112.22
 146.97  115.56
 147.90  165.13
 148.49  106.10
 148.65  140.40
 149.52  143.00
 151.33  175.12
 151.94  127.24
 152.13  119.95
 152.29  131.65
 152.54  144.14
 153.98  120.60
 154.00  149.16
 154.19   83.70
 154.81  152.67
 154.98  110.68
 155.61   96.38
 155.77  182.10
 156.61  104.91
 157.80  128.65
 158.47  121.38
 159.72   89.17
 160.87  169.29
 161.45  104.82
 162.24  165.83
 162.42  183.71
 162.48  184.07
 162.61  117.85
 162.75  125.17
 163.62  135.61
 164.90   95.14
 166.23  120.67
 166.43   85.74
 166.53  100.04
 166.98  180.12
 167.21  170.36
 167.46  162.77
 167.56  188.50
 167.58  162.53
 168.20  196.71
 168.52   93.65
 169.16  117.05
 169.77  122.97
 169.81   71.91
 170.40   88.63
 170.90  109.05
 171.98   42.52
 171.99  173.29
 172.17   50.46
 172.41  117.51
 172.58   74.85
 172.68  142.79
 173.03  169.27
 173.08   60.79
 173.26   67.68
 173.45   89.40
 173.60  191.21
 174.73   71.76
 174.85  123.31
 174.87   81.61
 174.95   51.11
 175.16  110.49
 175.22  164.03
 175.32  195.03
 175.78   73.20
 176.49  159.36
 177.29  109.77
 177.61  155.07
 177.80  185.69
 178.71  115.26
 179.55   82.78
 179.57  142.67
 179.60  148.93
 180.19  110.78
 180.21  138.18
 181.57   67.61
 183.50  187.75
 183.56  110.28
 184.07   81.24
 184.11   86.81
 184.98  147.18
 185.14   44.89
 185.71  191.39
 186.48  104.85
 187.89  165.48
 188.11   55.13
 188.12  108.17
 188.53   66.58
 189.68   49.42
 190.56  144.92
 190.78  152.83
 191.01  159.63
 191.54  121.80
 191.87  135.11
 192.03  110.70
 192.90  107.02
 194.08  182.49
 194.09   65.77
 194.13  138.76
 194.89  117.21
 195.16   83.82
 195.73  170.16
 195.74  126.92
 195.81  185.83
 196.26  167.63
 196.74  159.87
 196.90  147.22
 196.94  136.43
 197.00   69.26
 197.71  165.33
 198.25   61.21
 199.69  170.31
 200.50  142.16
 200.77  102.88
 201.61  165.52
 203.16   28.46
 203.19  149.39
 203.61  187.83
 203.64  109.31
 204.41   46.99
 204.55   31.10
 204.71  184.07
 204.72   94.54
 204.73  176.13
 205.72  113.12
 205.75  133.00
 205.89  159.20
 206.05  143.61
 206.70  123.07
 207.71   37.30
 208.27  167.82
 208.95  192.25
 209.01  188.97
 209.94   42.95
 210.37  142.99
 210.72  138.26
 210.83  169.75
 211.02  166.69
 211.91  177.83
 212.04  108.20
 213.20  135.41
 213.43  158.31
 213.62   52.72
 213.65  150.55
 213.74  104.23
 213.87  186.51
 214.44  193.61
 214.75  122.82
 215.22   45.94
 216.16   81.77
 216.22  132.24
 216.55  110.86
 216.92   54.59
 217.27  125.31
 217.33   62.00
 217.62  179.17
 217.88  101.27
 217.90  136.43
 218.28  150.85
 218.38  103.76
 218.48  133.28
 219.17   51.77
 219.74  113.52
 221.73  180.53
 222.16   54.12
 222.57  165.11
 223.02  138.04
 223.06  182.42
 223.15  111.07
 223.15  103.69
 223.41   40.55
 223.59  196.51
 224.34  172.24
 225.49   79.94
 225.56   15.21
 225.93  114.98
 226.62  135.56
 226.87  123.52
 227.62  193.36
 227.81  158.02
 227.87   46.23
 228.26  148.34
 228.45   61.86
 228.68   28.62
 228.75  174.55
 229.15   92.23
 229.36   32.98
 229.60  107.11
 229.60   38.54
 230.33   72.75
 231.23  167.80
 231.58  128.94
 231.67   65.38
 232.34   65.54
 232.38  180.23
 232.42   69.14
 232.61   78.19
 232.72   60.98
 233.21   86.22
 233.39  156.17
 233.64  134.82
 233.82  118.12
 233.96  138.18
 235.32  111.01
 235.58  146.75
 235.99  150.35
 236.42   71.78
 237.01   95.41
 238.93  127.12
 239.81  127.42
 240.78  162.01
 240.88  156.34
 240.93   85.50
 241.78  168.12
 242.12  174.08
 242.61  159.29
 244.08  184.14
 244.33   88.25
 244.52   84.08
 244.72  180.54
 245.63   93.73
 245.66  187.09
 246.79   98.80
 248.46  123.95
 248.51  123.94
 248.88   81.33
 249.14   90.71
 250.03   86.27
 250.81  170.22
 250.81  164.98
 251.03  155.18
 251.54  179.62
 252.00  194.01
 252.56  110.67
 253.54  178.91
 253.56  186.16
 253.65  172.31
 254.22   79.57
 254.31  191.56
 256.12  134.21
 256.34  134.24
 256.55   95.53
 257.25  129.06
 257.36   98.50
 257.77  168.42
 257.99  181.42
 258.93  190.49
 259.73  164.82
 259.76  108.93
 259.88  138.62
 260.29   92.86
 260.32  117.25
 260.33  174.16
 260.35   90.37
 260.56   81.46
 260.62  159.09
 260.90   88.43
 260.91  142.19
 261.77  171.13
 261.99   88.24
 262.71  167.82
 264.01   99.50
 264.08  114.35
 265.48  107.18
 267.82   95.38
 268.16  127.41
 268.41  175.39
 268.84  153.17
 269.06  196.05
 269.21   85.32
 270.11  146.93
 270.18  166.92
 270.25  165.59
 270.88   79.22
 271.90  174.89
 271.95  116.09
 272.23  110.11
 273.57  169.42
 273.78  159.65
 274.39  172.59
 274.85  185.07
 274.92  155.01
 275.85  114.89
 275.87   93.19
 276.42  120.47
 276.77  193.75
 277.27  146.36
 277.55  173.37
 277.70   81.48
 277.71  163.09
 278.43  154.54
 279.57   87.24
 280.43  107.31
 280.56  182.54
 280.79  168.04
 280.81  111.41
 280.93  189.09
 281.05   97.74
 281.39  149.76
 282.00   86.56
 284.22  193.84
 284.43  145.41
 285.11   92.86
 285.21  112.10
 285.25  111.57
 285.27  159.79
 285.76  179.06
 286.04  128.25
 286.09  115.28
 286.78  150.41
 287.61  172.41
 288.34  146.01
 288.46  163.06
 289.59  173.43
 290.50  121.72
 290.60   86.86
 290.92  138.75
 291.48  118.66
 291.83  161.73
 293.90  102.27
 294.11   96.09
 294.48  123.40
 294.53  152.69
 294.84   84.23
 295.30  144.79
 296.81  127.15
 296.82  120.62
 297.74   30.39
 298.60  132.28
 298.87   94.90
 298.93  152.39
 299.36  103.69
 299.43  107.74
 300.41   31.37
 300.56  113.12
 301.03   84.35
 301.40  135.80
 301.64  158.74
 301.65   94.11
 301.90  105.22
 303.40   80.24
 304.02   99.04
 304.53  152.99
 304.77  161.30
 305.66   82.52
 305.83   98.97
 308.06   84.97
 308.81  105.92
 309.06  109.97
 309.28  128.28
 309.44  137.45
 309.75  151.18
 309.78  109.36
 310.35  146.06
 311.04   82.29
 311.09  115.70
 312.68  100.05
 313.95   81.29
 314.47  108.45
 315.54   84.73
 318.08  147.89
 319.25  151.71
 322.40  132.93
 324.26  116.34
