   7.66   54.28
   8.65   62.42
   9.00   61.37
  11.72   60.22
  11.92   37.75
  13.56   86.69
  14.33   62.54
  14.93   74.56
  15.13   58.67
  16.10   97.50
  17.30   99.69
  17.99   53.12
  18.36  158.94
  18.58  211.47
  18.80  200.78
  20.03   94.67
  20.18   90.87
  20.30  206.10
  21.16  169.85
  21.88   86.08
  21.92  193.78
  22.60  172.16
  24.32   78.53
  24.60   74.70
  26.29   64.78
  26.68   57.17
  27.05  115.01
  27.41  157.63
  27.77   78.15
  28.44   70.18
  28.70   90.15
  29.50   46.12
  30.02   94.86
  30.67  116.18
  30.69   92.79
  31.48   77.68
  32.03   83.13
  32.08  109.89
  32.09  167.00
  32.18  171.75
  32.35  151.46
  32.73   65.86
  32.76  131.07
  33.23   74.84
  33.24   61.75
  33.59   70.11
  34.48  126.85
  34.73  110.65
  35.70  136.81
  36.92   88.17
  37.07  119.47
  37.08  146.71
  37.10  103.85
  37.15   75.79
  37.22   85.40
  37.29   52.91
  37.58  130.71
  38.36   93.10
  38.36  115.76
  38.56  110.38
  38.94  133.20
  39.15   62.86
  39.42  141.40
  39.74   66.18
  39.81  127.32
  39.92  133.58
  39.97   77.48
  40.17   89.32
  40.30   38.46
  40.90  133.64
  41.18   98.03
  42.07  138.10
  42.12   64.07
  42.26   80.93
  42.31   45.12
  42.79   73.26
  43.06   92.72
  44.81  127.52
  44.85   50.21
  45.26   76.64
  45.37   83.25
  45.87  136.72
  46.24   91.91
  46.51   86.21
  46.67  111.90
  46.99   89.08
  47.09  120.36
  47.27   96.94
  47.92  115.88
  48.03   53.03
  48.29   51.98
  48.59  140.01
  48.97    8.54
  49.06  132.49
  49.32  128.86
  50.02  108.69
  50.32   73.45
  51.64  133.22
  51.67  108.40
  51.68  100.88
  52.36   94.51
  52.88   97.78
  53.27   80.09
  54.13   47.36
  54.35  196.23
  54.49   41.46
  54.54  129.36
  54.78  126.06
  55.09  127.33
  55.58   99.75
  56.16  109.38
  56.39   93.04
  57.08   78.75
  57.43  119.06
  57.61  144.24
  57.92  101.96
  58.53  136.86
  59.28   25.38
  59.31  127.87
  59.31  128.33
  59.34  149.78
  59.73   48.25
  59.74   91.28
  59.99  140.92
  60.09  189.86
  60.12  152.86
  60.89   42.76
  61.02  170.99
  61.05   81.58
  61.14   98.16
  61.45  120.27
  62.53   87.62
  62.75  106.16
  62.88  133.26
  62.95  165.82
  63.01  147.49
  63.37  101.67
  64.31   95.08
  64.66  110.21
  64.69  198.00
  64.88  121.31
  65.22  116.18
  66.01  156.20
  66.02   85.95
  66.48   82.92
  66.59  151.49
  66.76   44.38
  67.07   78.92
  67.64  142.95
  67.81  131.89
  68.58  139.53
  68.97  104.03
  68.97  198.04
  69.96  101.19
  70.11   52.22
  70.14   55.42
  70.70  160.10
  71.42   65.24
  71.63   78.26
  72.05  103.38
  72.28   70.68
  72.31  106.24
  72.36   72.57
  72.51   75.03
  72.68  121.26
  73.10   52.66
  73.41   60.32
  74.10   87.13
  74.15   96.55
  74.17  132.17
  74.58   90.68
  74.90  133.30
  75.07  122.32
  75.09   40.66
  75.12  115.12
  75.66  102.66
  76.63  121.20
  77.14   53.41
  77.16   81.65
  77.41   63.42
  77.45  122.74
  78.04   33.18
  78.17  100.63
  79.23   89.59
  79.25   50.72
  80.04   58.80
  80.08   73.33
  82.41  105.43
  83.10   96.68
  83.13   28.72
  83.52   93.45
  83.91   48.33
  84.04  127.57
  84.29  192.34
  85.86  194.83
  85.97   53.11
  87.16  121.62
  87.55   87.47
  87.61   75.26
  88.48   58.02
  88.52  129.47
  89.09   45.19
  90.07  178.62
  90.42  183.77
  90.83   87.58
  91.05   68.05
  91.96  173.88
  92.05  112.18
  92.10   39.85
  92.71   20.55
  92.79  134.68
  92.85   53.35
  93.25  133.56
  93.27   40.15
  93.59  195.20
  93.65  196.04
  94.59   68.13
  94.68   69.21
  95.22   29.94
  95.45  186.41
  95.89  104.68
  95.96   99.67
  96.36  108.76
  96.52  191.61
  96.61  152.04
  96.63  156.82
  97.07   97.49
  97.27   37.70
  97.47  183.70
  97.56   51.00
  97.71  125.04
  98.00  160.62
  99.07  122.21
  99.32  131.76
  99.85   59.05
  99.94  150.05
 100.43  182.61
 101.53  182.89
 102.13   37.12
 102.51  186.98
 102.56   52.38
 102.79   17.93
 103.57  124.46
 103.79  127.48
 104.49   93.92
 104.99   83.54
 105.20  162.32
 105.66   59.55
 105.68   75.53
 105.93  109.86
 106.27  109.66
 106.58  121.00
 106.91  109.01
 107.44   17.15
 108.10  180.38
 108.44   61.54
 108.98   65.74
 109.28  112.49
 109.40   97.67
 111.28  177.09
 111.48   52.52
 112.03  136.87
 112.10  114.99
 112.23   55.14
 112.41  194.99
 112.51   68.31
 113.74  126.59
 113.96  199.24
 114.03   47.06
 114.16  198.74
 114.43   41.29
 114.52  112.08
 114.60  187.21
 115.08   53.81
 115.49  175.33
 117.01   67.56
 117.18   48.21
 117.49  104.46
 117.84  145.37
 117.84  116.35
 117.92  144.76
 118.13   53.94
 118.15  185.95
 118.26   45.64
 120.25   86.27
 120.97   52.06
 121.23   70.19
 121.36  205.58
 122.14  112.83
 122.93  126.72
 122.96  114.33
 123.51  141.56
 123.82   76.76
 123.92  202.18
 124.50  198.50
 124.84   40.29
 124.97  129.15
 125.41  135.04
 125.84   47.63
 126.24   22.49
 126.57   53.70
 126.86  187.25
 126.96  202.25
 127.39  208.05
 128.47  129.76
 128.84   18.25
 131.02  201.05
 131.10   64.45
 131.67   42.56
 131.88   26.40
 131.98   11.09
 132.64   69.38
 132.75   69.08
 133.08  142.07
 133.18   30.02
 133.25   23.06
 134.11  121.95
 136.05   10.60
 136.43  110.57
 137.39   44.06
 137.42   51.67
 138.44   60.81
 138.47  127.99
 139.58   75.53
 139.67   31.48
 139.81   48.87
 140.20   33.77
 140.23   41.29
 140.51    8.96
 140.92  122.69
 141.52  142.45
 142.00  104.16
 142.39   21.12
 142.83  114.23
 143.68  110.11
 144.13   40.82
 144.47   53.37
 146.88   67.15
 147.10  106.15
 147.21   69.99
 147.86  115.32
 147.87  118.78
 147.90   50.57
 148.18   41.14
 148.96  139.81
 149.22   66.63
 149.61   60.92
 150.29   46.15
 151.39   99.50
 151.80   41.20
 152.02  130.92
 152.03   86.53
 152.30  147.06
 152.34  108.59
 152.43   54.70
 152.53   50.91
 152.79   65.08
 153.57  126.14
 154.77   64.02
 154.90    8.68
 155.11   86.47
 156.72   81.86
 157.04   44.51
 157.57   50.70
 157.91  132.56
 157.97  134.95
 158.97   54.01
 159.96   85.66
 160.48   88.87
 160.67  124.16
 160.88  145.67
 161.82   66.55
 161.84   79.82
 162.46   52.22
 162.51   79.66
 163.60   48.38
 163.73   79.17
 164.66   73.02
 164.92   71.88
 165.01  121.50
 166.29   81.20
 166.43  148.26
 167.04   37.92
 170.22   73.19
 170.32   30.89
 170.62  117.00
 170.74   70.50
 171.64   54.15
 171.95  107.82
 171.97   45.58
 173.90  137.48
 174.49   51.90
 175.77  115.31
 175.87  120.76
 177.31   40.11
 178.03   52.56
 178.22  113.23
 179.02   43.43
 179.80  109.75
 179.85   47.99
 180.01   58.08
 180.19   55.94
 180.59   62.30
 181.79   81.76
 182.20  114.39
 182.39  150.42
 182.67   52.53
 182.89   43.85
 183.66  109.68
 184.28  133.43
 185.22   64.70
 185.42   49.87
 185.49   60.79
 186.52  105.89
 186.62  113.32
 187.39  109.97
 188.27   64.74
 188.43   49.94
 188.95   58.34
 189.74   46.06
 190.63  101.71
 190.78   77.90
 191.31  142.14
 191.99   85.32
 192.28   87.85
 192.54   75.00
 194.47   92.28
 198.03   88.21
 198.21   45.24
 198.53   52.77
 199.65   77.21
 199.85   90.00
 201.09   63.99
 201.60   82.56
 202.11   71.95
 202.36  151.13
 204.90  171.74
 206.03   70.33
 206.24   40.61
 207.26   88.00
 207.38   44.99
 207.78   61.65
 208.71   91.77
 208.75   73.79
 208.80   65.56
 208.97   25.45
 210.78   34.69
 210.87   40.24
 211.21   88.67
 211.39   28.74
 211.85   21.12
 212.03   15.88
 212.40    9.52
 214.01  187.67
 214.85   38.26
 215.03   31.20
 215.43   58.52
 215.75   27.64
 215.84   85.51
 216.26  186.02
 216.30  174.80
 216.47   70.34
 216.54   62.72
 216.58  174.23
 218.35   53.92
 218.52  187.55
 218.60   88.21
 218.66   66.77
 220.86   68.84
 221.17   82.31
 222.65   86.91
 222.81  178.44
 223.45   52.42
 223.59  178.25
 224.93   50.45
 224.99   47.23
 225.39   39.23
 225.50   44.06
 226.91   33.20
 227.16   64.95
 227.28   96.08
 227.83   52.29
 228.38   61.57
 228.50   48.25
 230.53   15.93
 230.90  103.07
 232.37  106.41
 233.25   78.51
 233.40   43.73
 233.45   38.75
 233.55   32.50
 234.11   62.55
 239.70   52.83
 239.71   49.35
 240.96  119.54
 241.48   66.08
 241.70  173.87
 241.95   60.96
 243.00   49.70
 243.17   63.12
 243.72   58.64
 245.47   50.13
 246.24  175.86
 246.37   63.00
 246.49   73.14
 247.70  179.56
 249.24  173.51
 250.74   62.32
 251.67   76.57
 253.96  181.28
 255.18   69.88
 255.66   54.11
 257.00   51.48
 257.19  149.57
 257.96  123.23
 258.39   91.40
 258.92  164.75
 259.25   72.10
 259.29   71.71
 259.67  123.17
 260.01  156.21
 260.16    8.52
 260.35  152.48
 260.53   50.22
 262.28   47.96
 263.50  155.63
 263.58  148.35
 264.02   39.81
 265.25  127.50
 265.79   59.01
 265.80  158.75
 265.87  163.59
 266.92  135.91
 267.23  109.94
 267.25   60.19
 267.63  106.15
 269.91   82.13
 273.20   69.79
 274.50   88.03
 274.87   66.12
 275.94  164.52
 276.58   71.25
 277.30   91.48
 277.81  159.88
 278.75   46.33
 279.20   52.73
 280.63   40.77
 281.54    9.95
 281.98   74.06
 282.60   60.78
 282.68   58.55
 284.61   82.11
 285.33   75.07
 286.80   53.80
 290.65  167.51
 290.76   39.98
 291.36   33.92
 291.89   55.14
 292.17   78.66
 293.07   83.16
 293.57  169.00
 294.86   46.94
 294.98   55.49
 295.30   28.02
 295.49   28.38
 296.71   58.13
 301.11   33.10
 301.51   50.96
 301.58   42.77
 301.71   58.46
 301.74   39.20
 301.82  179.32
 302.87   72.10
 306.86   85.60
 308.64  175.30
 308.74  164.64
 309.01   62.71
 310.47   21.95
 311.71   58.47
 311.79   58.54
 312.00   70.01
 312.13   66.41
 312.61   45.51
 314.23   11.14
 314.25   11.06
 316.26   60.13
 316.31   80.15
 316.42   14.57
 317.38   38.05
