   8.79   30.34
   8.93   89.74
  13.40   93.35
  14.84  105.63
  15.06   62.67
  15.87   67.53
  17.28   41.40
  18.00   73.89
  18.53   59.50
  19.05   69.75
  20.21   56.87
  20.87  107.16
  23.11   76.32
  25.29  109.13
  25.60  109.31
  26.90   38.98
  27.79   33.35
  29.26   36.58
  29.58  159.91
  31.27  128.09
  32.34   79.73
  33.04   39.81
  34.47   23.36
  34.53   17.95
  34.76   49.98
  35.59   45.68
  35.89  126.87
  37.26   21.19
  37.70   37.51
  37.73  100.05
  37.83   69.47
  38.36   39.14
  38.44  121.73
  38.68   18.55
  40.05   42.60
  40.35   42.82
  42.35   50.66
  42.57   65.82
  42.67   96.65
  42.87  102.77
  43.01   14.44
  43.12   27.40
  43.41   34.03
  44.32   61.31
  44.40  158.54
  44.40   25.42
  45.00  192.39
  45.52   46.69
  46.06   46.97
  46.06   51.48
  48.44   16.42
  49.25   89.00
  50.34    9.01
  50.99   47.95
  52.03   14.00
  53.42   98.50
  54.14  198.14
  54.58   95.91
  56.81  180.53
  58.12  100.20
  58.16   15.54
  58.50   92.45
  58.51  101.06
  58.57   42.44
  58.86  186.35
  59.90   51.94
  60.47  124.05
  60.51  210.15
  60.54  108.71
  60.75   26.05
  61.03   31.34
  61.08  192.27
  61.35   44.23
  63.56   21.31
  65.34   35.49
  65.43   58.88
  67.30   81.09
  67.65   72.67
  67.82   89.51
  68.03  210.01
  69.20   62.13
  69.36  206.13
  70.03   98.29
  70.38   23.50
  70.72   68.20
  71.06   67.76
  71.19   37.04
  71.65   83.91
  72.76  198.92
  73.48   41.95
  74.06  196.13
  74.16  116.01
  75.34  211.42
  75.68  198.58
  75.97   29.78
  77.56   36.87
  77.58   14.79
  78.01   41.67
  82.04   29.61
  82.35  175.38
  83.39  164.88
  83.94  168.78
  85.64   21.50
  85.92   29.96
  88.37   13.65
  89.04  172.05
  89.29   18.15
  89.79  163.38
  90.05   30.26
  90.27  123.31
  90.30   33.97
  90.41   20.47
  91.77   10.28
  92.39   76.93
  92.85   15.36
  93.93   63.29
  94.90   33.89
  95.00  130.57
  95.82  171.49
  95.95   23.51
  96.28   76.53
  96.75  123.81
  96.84   68.50
  97.00  123.87
  97.24   19.78
  98.80   37.40
  98.92   31.31
  99.62   78.59
  99.80   34.37
  99.93   18.75
 100.41  165.67
 102.19   74.16
 103.07   64.06
 104.67   93.43
 105.01   36.27
 105.07  153.71
 107.26  131.33
 107.80   70.51
 108.11  142.22
 108.48  154.63
 110.10   24.14
 110.27  145.77
 110.39   48.20
 111.14  152.28
 111.17  158.38
 111.40  158.20
 111.52   62.27
 111.56  127.82
 111.78   28.79
 111.79   34.72
 111.93  136.90
 114.68  162.26
 115.07   23.96
 115.18   28.86
 116.65   16.83
 116.99  153.32
 118.33    9.38
 118.46   73.20
 118.47  188.09
 119.37   32.92
 120.03   46.96
 121.05  101.24
 121.17   14.22
 121.98  179.87
 122.08   78.27
 122.15  183.20
 122.50   87.74
 122.83  185.93
 123.39   73.04
 123.53   41.45
 124.77  100.08
 125.78  181.29
 127.00  193.62
 127.93   70.06
 128.73  177.48
 128.87  107.60
 129.22  107.87
 129.23  165.87
 132.35  105.97
 132.35  106.35
 132.79  189.00
 133.27  180.67
 134.95   49.42
 135.20  178.19
 136.26   32.80
 138.26  183.37
 138.29   26.62
 138.70  190.17
 139.01   42.62
 139.62   91.37
 140.18  149.45
 140.95  163.56
 141.01  169.81
 141.42  168.65
 141.50   32.00
 141.67   61.04
 141.94  178.40
 142.23  121.75
 142.32  154.42
 144.20  151.42
 145.04  185.72
 145.32  174.62
 145.35   71.60
 145.44   88.81
 145.87  186.25
 146.73  154.46
 147.97   29.73
 149.47  162.05
 149.82   21.87
 149.92  158.62
 150.09  166.47
 150.29  179.62
 150.47  190.15
 153.29  114.64
 153.59   96.19
 153.95  153.40
 155.24   11.68
 155.36  168.44
 156.09   26.05
 156.28  168.08
 157.06  157.20
 157.61  167.15
 158.22  149.00
 159.13   58.65
 160.15   34.98
 160.34  132.05
 160.36  159.14
 160.50  154.28
 160.67  117.85
 160.71  207.45
 160.93   51.55
 161.32  170.71
 161.75   40.88
 162.56   32.39
 162.72   47.02
 163.08  159.90
 163.13   58.73
 163.77  172.91
 163.99   18.58
 164.07  155.75
 164.17  127.06
 164.31  148.87
 165.34   70.45
 165.42  121.70
 165.48   38.40
 165.53  169.48
 165.62  131.96
 165.65  175.60
 165.84   27.09
 165.84  166.62
 165.96   57.99
 166.04  133.26
 166.36  179.46
 166.56   16.85
 166.60   12.54
 166.96    8.87
 167.43  106.04
 167.47  152.08
 168.52   34.09
 168.59   38.81
 168.86   29.69
 169.19   24.55
 169.60   19.59
 170.10   99.43
 170.38  135.31
 170.39  107.27
 170.76  174.34
 170.77  124.47
 170.85  130.22
 170.99   95.83
 171.21   50.76
 171.78   42.52
 173.24  168.96
 173.44  166.14
 173.44   86.97
 173.91   58.15
 173.94   37.89
 174.00  153.00
 174.07   21.04
 175.72  109.79
 176.19   98.17
 176.29  179.63
 176.42   85.89
 176.95  199.54
 176.99   35.45
 177.29  169.19
 178.00   16.95
 178.19   89.80
 178.60   83.98
 178.73   23.67
 178.88   65.90
 179.46   38.06
 179.94  148.90
 180.13   43.50
 180.43   33.02
 180.65   72.48
 180.85   40.77
 181.52   54.58
 181.54  195.66
 181.63  169.68
 181.65  160.72
 181.76   11.69
 182.98   20.29
 182.99   17.23
 183.07   28.40
 183.12  163.93
 183.18   68.13
 183.32  174.47
 183.52  144.67
 183.54  155.19
 183.67   63.18
 183.92  196.89
 184.29   89.89
 184.45  102.99
 185.20  145.39
 186.10   83.78
 186.17   93.41
 186.36  116.32
 186.44   35.16
 186.88   40.83
 187.35  182.51
 187.78  168.98
 188.20  148.66
 188.83  177.23
 190.82  145.29
 191.06  161.51
 191.46  145.70
 191.74   96.39
 192.84   34.49
 193.72  211.05
 193.86   45.44
 193.99   32.43
 196.29   98.87
 196.85  191.36
 196.98   85.70
 197.00  167.01
 197.28   57.37
 197.75   92.21
 197.88  102.24
 202.69   90.22
 202.93  152.45
 203.03  212.32
 204.56   86.14
 205.10   94.78
 205.55   89.25
 207.66   78.94
 208.04   87.66
 208.18  210.35
 208.39   93.24
 210.24   70.46
 210.49   97.69
 210.95   52.77
 211.91   92.12
 212.09  128.48
 212.89   95.49
 213.52   81.17
 215.44   80.61
 216.86   94.04
 217.12  101.07
 217.20   86.75
 217.20   36.91
 217.54   50.96
 217.94   91.84
 218.20   94.55
 218.47   97.96
 218.54   41.82
 218.73   78.35
 218.84   13.03
 219.25  111.32
 219.57  101.50
 219.87   54.20
 221.61  205.09
 221.62   43.17
 221.87   15.56
 221.94   84.61
 223.00   97.61
 223.12   76.85
 223.63   87.39
 223.63   56.09
 223.73  105.31
 224.54  103.54
 225.19   48.12
 226.22  110.52
 226.23   43.48
 226.30  111.12
 226.32   40.45
 226.57   99.22
 226.74   95.74
 226.84  105.22
 226.90  194.80
 227.29  202.81
 227.30  202.81
 227.72   55.27
 228.01   58.39
 228.72   24.38
 230.04  182.55
 230.32  179.15
 230.98  172.94
 231.06   48.04
 231.52   78.22
 233.14  196.01
 234.20   15.95
 236.24  133.51
 236.84  194.62
 237.17   21.17
 237.64   16.74
 238.63   53.29
 240.47   23.26
 241.23   26.79
 241.67  192.73
 242.98   76.66
 243.20   50.67
 244.45  102.64
 244.47   62.14
 244.65  133.88
 244.95  191.53
 245.25   23.83
 245.52   29.54
 245.87   20.57
 246.61   54.10
 247.01   64.55
 247.13   33.25
 247.84   71.30
 247.88   23.02
 248.08   15.04
 248.46   59.87
 249.21   12.11
 251.00   66.50
 251.96   24.27
 251.97  188.81
 252.01   57.76
 253.60   16.13
 253.74   95.01
 253.90   59.79
 254.67   42.30
 255.96   36.37
 256.07   34.13
 256.75   38.49
 257.09   61.32
 257.44  143.21
 261.47   60.98
 262.09   17.28
 262.13   12.87
 265.35  106.06
 265.83  112.16
 267.34   26.23
 269.28   63.04
 270.05   28.32
 271.16   36.89
 272.10   61.45
 272.15  150.76
 272.70   17.20
 273.50   27.83
 273.94   13.27
 274.77   20.39
 275.12   20.48
 275.79   59.46
 277.11  116.77
 277.79   15.63
 278.51   28.35
 279.95   22.83
 280.53   52.49
 282.39   54.45
