   7.41  116.71
   7.74  138.98
   8.36  145.17
   8.91  141.64
   8.94   21.42
   9.13  158.14
   9.70   25.98
   9.99  123.89
  10.85  184.05
  11.66   35.76
  12.52   97.94
  12.87   91.59
  13.41  101.82
  13.80  107.65
  14.07   26.22
  14.39  130.31
  15.08  125.23
  15.25  141.84
  15.71  154.58
  15.77  182.54
  16.46  105.47
  16.62  149.86
  17.05  120.90
  17.17  133.09
  17.25  136.01
  17.29  102.71
  17.39   92.29
  17.42  127.67
  17.42  157.27
  18.16  184.34
  18.44  108.88
  18.76  188.11
  18.87  182.33
  18.93  109.69
  19.38   35.73
  19.45   97.33
  20.39  148.74
  20.40  104.23
  20.63  194.61
  20.82  145.07
  21.09  184.52
  21.17  166.74
  21.30  160.70
  21.56  190.14
  21.90  204.91
  22.77  208.08
  23.54  173.98
  24.34   95.36
  25.52   84.17
  25.69   84.56
  25.86  209.46
  27.18  198.38
  27.59   88.65
  27.80  102.70
  29.13  203.99
  29.22   92.98
  31.94  100.96
  32.30   95.84
  35.01  184.07
  35.79  103.35
  37.49  181.00
  38.70  207.50
  39.77   89.41
  40.60   84.52
  45.11   94.01
  45.34  147.81
  45.99   96.87
  46.01  197.04
  46.72   91.69
  47.16  180.05
  47.53  185.74
  48.36  189.81
  48.54  195.08
  48.55  100.94
  49.51   93.64
  50.69  192.65
  51.09  105.05
  51.71  201.65
  52.06  109.62
  52.13  102.85
  52.80   95.89
  52.93  164.37
  53.23  198.43
  54.13   57.28
  54.97  103.07
  56.45  108.54
  57.72   98.65
  58.79  102.20
  59.28  113.52
  64.42  185.12
  64.74  106.89
  65.77   92.59
  66.04  114.32
  66.54  112.85
  68.93  120.24
  70.71   73.17
  70.96   85.94
  71.15   86.05
  71.81  106.47
  72.53  147.15
  72.85  154.22
  73.73  110.09
  73.73  109.25
  74.13  115.65
  74.57  139.92
  75.27  120.18
  76.25  147.43
  76.25  156.80
  77.10   68.70
  77.21   69.02
  78.65  101.64
  78.78  120.53
  79.90  138.94
  80.88  130.47
  81.07  116.93
  81.26  130.11
  81.46   89.15
  81.55  113.06
  82.01  122.14
  82.04  102.26
  82.33   88.76
  82.73  157.77
  83.33  149.00
  83.69  141.33
  85.31  108.79
  86.01  151.86
  86.94  118.27
  89.12  116.60
  89.30  110.10
  90.32  160.17
  90.56  141.33
  90.83  145.38
  92.08  151.00
  92.74  158.26
  93.81   97.48
  94.61  147.05
  95.22  107.94
  96.46  140.03
  96.75  118.46
  97.07  157.63
  98.87  109.49
  98.89  115.04
 100.03  111.00
 101.88  146.08
 102.29  177.55
 102.43  158.00
 105.78  110.24
 108.02  148.48
 108.46  155.46
 109.02  135.95
 109.19  148.61
 109.32  151.81
 112.07  156.58
 112.26  121.57
 112.60  152.07
 113.68  164.63
 115.37  175.44
 116.00  111.48
 116.91  168.83
 117.40  126.30
 118.13  158.65
 118.66  110.03
 119.23  171.58
 119.90  132.78
 121.37  106.39
 121.45  139.64
 121.52  103.65
 123.58  119.47
 124.01  146.59
 124.06  110.78
 124.18  146.39
 124.42  152.77
 124.90  130.02
 126.16  100.38
 126.47  166.50
 126.58  157.08
 127.25  109.53
 127.61  173.28
 128.88  104.12
 128.89  104.85
 129.18  125.89
 129.32  131.36
 129.73  112.24
 130.08  127.36
 130.50  160.44
 130.82  149.28
 130.95  100.28
 131.84  143.60
 132.59  109.43
 134.05   95.51
 134.39  122.06
 135.07  100.18
 135.48  116.86
 137.32  154.04
 138.84  185.34
 139.22  146.41
 139.38   92.00
 139.59  121.75
 140.22  140.31
 141.36  115.73
 142.21  110.35
 142.25  174.33
 142.31  151.58
 143.07  167.53
 144.76  156.61
 144.85  156.83
 144.86  126.01
 145.85  177.36
 146.64  114.43
 147.40  166.32
 147.56  170.25
 147.67  106.15
 148.36  146.60
 149.27  177.52
 149.40  126.45
 149.52   99.64
 149.63  124.57
 149.91  141.07
 150.68  113.36
 151.37  120.32
 152.18  137.67
 152.22  105.90
 152.56  114.56
 153.52  169.93
 153.61  124.54
 153.80  117.53
 155.24  137.43
 155.66  175.60
 157.03  108.11
 157.49   91.73
 157.51  111.93
 158.62  173.54
 159.03  123.96
 160.22  130.40
 160.39  121.47
 161.21  167.80
 162.86  136.75
 163.16  157.10
 164.29  183.61
 164.62  120.44
 164.74  112.97
 165.07  142.76
 165.65  133.23
 166.60  138.44
 167.23   90.05
 167.29  194.19
 167.34  123.76
 167.49  124.89
 170.36  177.32
 171.25  185.20
 171.41  120.95
 171.66  107.89
 172.07  184.70
 172.22   85.64
 172.27  125.91
 172.56   97.34
 173.20  102.59
 173.52   86.30
 173.72  137.02
 174.02   80.47
 174.33  167.64
 174.44  183.98
 174.80  130.64
 175.22  117.00
 175.40   77.03
 177.06  123.24
 177.32  108.04
 178.09   80.81
 178.18  141.78
 178.37   86.03
 180.02  121.02
 180.42  115.99
 182.31  112.51
 182.78  107.47
 184.02  118.21
 184.60  141.31
 184.60  115.50
 184.68  141.19
 184.82  135.56
 186.05  100.00
 186.43  117.81
 186.58   91.46
 186.91   80.79
 187.53   85.94
 187.99  110.34
 188.72   72.22
 188.90   74.42
 189.08  140.49
 189.64  121.62
 189.82  138.80
 189.99  112.80
 190.65   97.44
 190.71  132.49
 190.85   98.02
 191.04  100.73
 191.95   83.04
 192.12   78.30
 192.91  107.63
 193.43  133.99
 193.54  111.50
 193.87   93.79
 193.99  179.97
 194.37  180.09
 194.53  144.89
 194.59  121.19
 195.59  136.28
 196.14   87.39
 197.08   99.46
 197.40  185.26
 197.70  107.12
 197.71  141.21
 198.07  177.94
 198.49  168.46
 200.01  131.49
 200.70  122.77
 201.33  197.49
 201.67  133.75
 201.88  102.96
 202.08  167.11
 202.43  192.13
 202.45  113.76
 202.90   76.88
 203.91   89.25
 205.30   55.99
 205.61  107.27
 206.25  119.58
 206.79   84.74
 206.88   98.51
 207.17   75.82
 209.94   97.41
 210.94  128.05
 211.40  139.71
 212.27   74.62
 213.06   92.88
 213.21  129.82
 213.28   99.94
 213.92  105.07
 214.16  119.35
 214.29  122.85
 215.11  131.76
 215.48   60.16
 216.14  138.83
 216.41  142.70
 216.57   66.62
 216.97  120.04
 217.58  110.45
 218.63   75.79
 219.43   87.36
 219.74   58.13
 219.96   85.39
 219.99  126.90
 220.04   56.99
 220.15  133.60
 221.50   71.01
 221.60   72.74
 223.54  117.38
 223.72  141.59
 224.14  125.01
 224.54  136.16
 224.94   79.06
 225.15   87.26
 225.15   85.67
 225.98  113.86
 226.19   81.36
 226.38  115.97
 227.46  105.02
 228.04   85.55
 228.50  124.42
 228.97   71.19
 229.35  112.51
 230.30   82.41
 231.33  139.70
 231.61  202.20
 232.24  142.69
 232.39  112.71
 232.41   92.23
 232.71   63.27
 232.79  131.10
 234.34   84.74
 234.59  105.91
 234.60   70.71
 234.74  135.06
 237.46   77.38
 237.95   52.74
 238.36   96.35
 238.66   84.66
 240.11  118.26
 240.49   69.08
 240.63  104.33
 240.71  202.30
 241.02   54.82
 241.22  132.84
 241.62  107.06
 242.25   89.07
 242.26   83.98
 244.03   49.85
 244.46  105.02
 244.65   45.13
 245.25  107.86
 245.73  142.94
 246.55  126.10
 246.72   37.86
 247.12  116.93
 247.13   96.99
 247.73  140.63
 248.29   81.44
 248.35  208.87
 249.62   64.61
 249.95   50.99
 250.54   66.63
 250.61  142.27
 250.95  122.72
 251.07  104.35
 251.40   61.69
 251.77   73.22
 251.90   88.48
 251.97  137.31
 253.98   63.86
 254.13   35.24
 254.23   69.28
 254.31  118.42
 254.52   46.82
 254.70  140.15
 255.08  104.23
 255.12  123.48
 255.20   57.96
 256.13  126.87
 256.72   81.32
 257.12   53.94
 257.30   64.73
 257.67   94.21
 257.68   71.70
 258.83  123.06
 259.12  104.17
 260.40   88.34
 260.42   46.36
 260.45   68.48
 260.59  140.24
 260.61   49.83
 261.23   45.09
 261.73   95.35
 261.95   40.45
 262.46   71.39
 262.48   76.66
 263.73  183.10
 263.78  104.23
 264.80   92.54
 265.10   51.93
 265.22  100.51
 265.32  140.92
 265.60  204.70
 265.73  174.64
 266.29  148.77
 266.69  159.63
 267.49  153.50
 267.95  163.95
 268.29  109.54
 268.85  113.42
 269.44   70.91
 269.51  198.90
 269.66   76.47
 270.03   47.57
 270.09  141.29
 270.18   51.01
 270.38   87.84
 270.77   36.48
 270.84  181.92
 271.12   64.00
 271.37  149.43
 271.52  114.70
 271.79  101.25
 272.08  157.92
 272.52  208.32
 272.95  164.01
 273.25   29.35
 273.70  136.87
 273.74  201.49
 274.52   61.83
 274.72   77.91
 274.73  104.75
 274.85   66.65
 274.94  187.50
 275.03   46.32
 275.19  199.09
 275.45  161.59
 275.66   34.47
 276.01  174.45
 276.35  199.24
 277.02   95.65
 277.11   75.33
 277.18   91.47
 277.35   69.47
 277.37   80.39
 278.14  210.36
 278.34  113.25
 278.34   39.66
 278.56  108.45
 278.83  114.75
 278.92  202.96
 279.25  178.92
 279.45   78.00
 279.51   86.30
 279.62  183.54
 279.69  135.47
 279.69   98.55
 279.88  104.46
 280.04  213.47
 280.71  165.36
 281.27   37.95
 281.27   93.70
 281.31  182.20
 281.62  206.38
 281.76   68.64
 282.18  211.55
 282.25   74.21
 282.28  138.99
 282.70  123.91
 282.84  131.97
 283.08   43.46
 283.27  108.37
 283.53  209.42
 283.66  117.43
 284.13  184.84
 284.14   59.86
 284.44   64.87
 284.54  195.12
 284.58  155.37
 284.65   77.28
 284.67   90.47
 284.67   71.52
 284.81   81.35
 284.84  147.42
 284.98   98.44
 285.13   60.40
 285.23  186.06
 285.97  135.51
 286.48   43.82
 286.73  161.83
 286.87  120.26
 286.87  191.76
 287.03  207.24
 287.54   77.12
 288.21  115.54
 288.31  213.80
 288.35   93.76
 288.66  129.53
 288.72  151.21
 288.81   59.91
 289.09  126.02
 289.35   68.36
 289.53   77.26
 289.54  125.71
 289.69   97.97
 290.81  112.19
 291.12  125.30
 291.14  105.62
 291.17  116.11
 291.47  165.44
 291.62   90.81
 291.63  140.62
 292.16   35.04
 292.20   41.91
 292.26  161.93
 292.45  209.06
 292.59  149.70
 292.73  121.55
 292.81  108.21
 293.53  113.54
 293.62  196.48
 293.70   57.42
 293.88  168.49
 294.12   63.33
 294.22   75.39
 294.28   70.09
 294.35   93.79
 294.69   80.40
 295.03   34.82
 295.08   40.45
 295.51  157.98
 295.96  112.36
 296.06  203.98
 296.61  164.12
 296.68   96.35
 296.68   66.14
 297.14  195.08
 297.28   82.01
 297.51   71.67
 297.53  160.15
 297.86   28.49
 297.93   40.81
 297.96   77.96
 298.00  107.61
 298.10  115.65
 298.95   56.93
 299.01   90.55
 299.13  139.97
 299.20   93.68
 299.27   97.31
 299.65    9.26
 299.88   21.58
 299.91   74.89
 300.07  204.89
 300.15  162.88
 300.24   79.85
 300.45  157.31
 300.72  109.75
 300.97  115.26
 301.12  160.67
 301.51   53.70
