   8.05   91.22
  10.79  107.26
  11.05  133.15
  11.61  206.85
  13.60  138.86
  13.69  108.98
  15.44   79.24
  15.56   18.51
  15.56   86.24
  15.97  136.33
  16.34  182.79
  16.48  129.77
  17.02  187.41
  17.36  121.23
  17.62   71.50
  18.29  133.23
  18.83   79.34
  19.20  194.53
  19.31   98.44
  19.45   13.76
  19.52  213.37
  20.01   88.11
  20.15  119.66
  21.35  101.27
  21.56  202.92
  21.87  104.83
  21.99  130.83
  22.56   82.44
  22.58  188.61
  22.92   75.04
  23.01  188.74
  24.33   89.60
  24.47   16.34
  24.60  178.39
  25.40  135.29
  25.47   21.98
  26.23   76.91
  26.34  182.41
  26.42  189.12
  26.72  182.34
  26.72   83.73
  27.29  203.37
  29.34  192.63
  29.58  128.64
  30.64   22.43
  31.21  174.85
  31.25  122.85
  31.44   17.69
  31.48   41.21
  32.00   78.09
  32.17  119.87
  32.38  103.04
  32.77   23.02
  33.27   85.56
  33.37  144.91
  33.94  137.37
  34.37   82.82
  34.55   14.36
  35.10   78.24
  37.00   93.23
  38.38  100.28
  38.66   86.61
  38.75   52.57
  38.96  103.68
  39.05  127.47
  39.15   83.07
  39.21   45.57
  39.63   66.06
  40.39  130.38
  40.42  198.98
  40.46   39.75
  40.89   63.67
  41.08  187.93
  41.15  124.62
  41.62   22.51
  41.63  135.57
  43.42   15.87
  43.73   13.03
  44.25   80.37
  44.47   85.32
  44.98  111.24
  45.85  154.96
  46.03   49.48
  46.54   22.15
  46.97  125.53
  48.20   89.89
  48.69   84.90
  49.78   35.28
  49.93  113.93
  51.13   94.79
  51.18   32.06
  51.29  146.67
  51.53  168.01
  51.95  197.75
  52.15   98.93
  52.30  160.41
  52.33   12.00
  53.11   85.33
  53.16   52.19
  53.31   46.92
  53.89  118.94
  54.01   23.30
  54.71  110.82
  54.92   90.37
  54.98  168.38
  55.83   99.55
  56.21   61.05
  56.30   14.73
  56.43  139.34
  56.71   13.78
  56.75  212.64
  57.69   41.01
  57.84   56.22
  58.25   35.20
  58.78   71.39
  59.00  132.39
  59.04  155.75
  59.06   86.00
  60.46   63.26
  60.63   63.33
  62.32   28.81
  62.57  118.40
  62.68   15.43
  63.22  124.32
  63.50  106.46
  63.73   29.65
  63.96  176.65
  65.01   45.86
  65.53   87.27
  65.65   60.97
  65.79   20.32
  65.83   50.17
  66.37  139.56
  66.62  183.82
  66.77  129.31
  67.43   96.96
  68.23  141.30
  68.46   30.38
  69.14   91.79
  69.31  146.33
  69.35   91.07
  69.49  130.57
  69.80  177.33
  69.97  199.76
  70.57  124.06
  70.62   47.71
  70.68   23.81
  70.89   88.42
  70.99  170.08
  71.49  125.09
  71.65  166.35
  71.82  159.72
  72.49  116.75
  72.86   45.97
  72.93  207.84
  73.49   51.84
  74.43   65.61
  75.32   35.12
  75.51  178.84
  75.80  196.73
  76.01   89.45
  76.02  150.15
  76.13   78.59
  76.23  121.98
  76.85  163.09
  77.22   48.65
  77.33  163.67
  78.09  147.86
  78.34   69.22
  78.81  128.47
  78.85  115.64
  80.56   94.12
  81.13   74.70
  81.57  198.52
  81.60  170.18
  81.62  186.74
  82.09  121.46
  82.10  111.57
  82.22   98.22
  82.63   79.04
  83.19   82.02
  83.37   89.75
  84.38   95.10
  84.58   98.54
  85.52  116.17
  86.11  194.54
  86.59   73.85
  87.44  169.85
  87.99   35.14
  88.42   45.13
  88.63  198.30
  88.99  191.03
  89.31  166.36
  89.40   85.86
  89.54   64.25
  90.82  116.46
  90.84  188.55
  92.84  131.02
  92.99  123.50
  93.02   82.79
  93.04   55.90
  93.54  134.34
  93.86  120.57
  93.95  134.99
  94.08   52.54
  94.24   60.26
  95.67   70.66
  95.86  115.27
  96.79   48.02
  97.06   74.61
  97.19   83.03
  97.23  130.01
  98.28   99.97
  98.29   33.38
  98.63   67.75
  98.74  105.35
  98.78   42.09
  99.09  166.19
  99.14  182.06
 100.46  120.72
 100.78  103.96
 101.47   99.11
 101.67  174.10
 101.80  198.23
 101.96   46.91
 101.97  186.92
 102.05  125.01
 102.08   56.77
 102.62   36.55
 102.96  191.51
 103.09  131.16
 104.80  127.36
 104.93  135.34
 105.27  186.17
 105.83  118.66
 105.89   47.65
 106.03  168.09
 106.04  211.77
 106.42   43.96
 106.51  124.37
 106.75   91.80
 106.80   61.01
 107.05   38.42
 107.83  171.29
 108.04  187.63
 108.59  111.94
 108.68  125.46
 109.28  190.51
 109.73  143.42
 110.40  139.62
 110.86   10.72
 111.66   99.68
 111.70   21.03
 112.13  204.34
 113.06  155.92
 113.16  117.49
 113.30  132.50
 113.63   22.86
 113.90  188.28
 113.95  128.30
 114.21  125.19
 115.00   14.10
 116.06  121.38
 116.62  105.05
 118.10  125.56
 118.12  137.16
 118.32  133.45
 118.80   32.56
 119.16   14.53
 119.65  121.42
 120.36  198.54
 120.76   75.88
 121.16   79.10
 121.67   21.19
 121.69   69.19
 122.36  138.11
 123.17  130.40
 123.46   60.07
 123.47  117.65
 123.51   33.83
 123.58  183.93
 123.58   45.25
 123.79   39.99
 124.42   93.19
 124.78  127.48
 124.84   28.66
 124.88  125.98
 125.31  174.59
 125.90   82.82
 126.59  135.51
 126.72  182.97
 126.76   50.38
 127.27   23.10
 127.39   47.48
 127.99  172.66
 128.67   38.24
 128.81  138.02
 128.98  128.62
 129.08  119.92
 129.08   69.20
 129.12   89.43
 129.24  190.59
 129.68  102.41
 130.15  130.90
 130.24  137.18
 130.61   45.36
 130.66   92.54
 131.33   75.42
 132.12   65.75
 132.24  148.94
 133.09   61.87
 133.76  120.90
 133.78   95.35
 134.17  127.52
 134.47  130.88
 135.25   61.92
 135.66  154.18
 137.45  136.55
 137.77   67.57
 137.97   71.58
 138.05   61.69
 138.22  190.78
 138.49  126.02
 139.46   96.45
 139.58  142.62
 140.16  178.30
 140.36   99.17
 140.92  127.88
 141.19  113.53
 142.61  132.05
 142.71   66.06
 143.07   77.01
 143.26  153.29
 143.42   56.00
 143.89  138.10
 144.12  144.73
 145.07  139.92
 145.09  121.11
 145.32  113.29
 147.69  157.86
 147.74  109.92
 147.75  105.22
 148.15  178.10
 148.20  182.98
 148.84   75.70
 149.27  189.87
 149.96  144.63
 150.53  166.09
 151.78  134.09
 152.20  178.08
 152.23   60.42
 152.70   97.16
 152.96  150.69
 153.03  130.08
 153.31  138.59
 155.27  124.23
 155.46   58.93
 156.32  158.44
 157.05  104.81
 157.74  209.26
 157.98   59.17
 158.21  169.34
 158.47  169.61
 160.16  127.36
 160.77  103.72
 160.84  166.02
 161.79  130.22
 162.09  158.39
 163.05   88.98
 163.51   98.40
 164.53  188.22
 165.27  107.90
 165.44   59.57
 166.20  144.21
 166.83  156.28
 167.35  168.32
 167.84   50.38
 168.06   45.19
 168.88  145.29
 170.16  107.89
 170.41  130.66
 170.88  108.69
 171.42  157.38
 171.99   43.43
 172.09   54.50
 172.09  180.11
 172.24  115.49
 172.61  124.01
 172.66  185.03
 173.15   38.27
 173.22   19.41
 173.68  122.13
 173.88  117.41
 174.16   41.21
 174.59  145.57
 175.09   43.36
 175.57  209.91
 175.59  193.56
 175.92   72.27
 176.04   38.23
 176.11  134.63
 176.29   71.26
 176.70   14.83
 176.76   59.24
 176.95   88.99
 177.46   25.02
 177.63  207.67
 177.68   76.11
 177.88  172.69
 178.12  142.42
 179.10  157.47
 179.18  122.61
 179.35   49.66
 179.97  122.32
 180.01  184.23
 180.11  137.16
 180.48   61.25
 180.50   72.30
 180.59   46.00
 180.77  197.89
 181.08  113.30
 181.21   49.39
 181.54  156.25
 181.64  164.60
 182.33  145.51
 182.56   63.83
 182.57   13.85
 183.40   75.97
 183.61   19.48
 183.65  106.04
 184.39  110.86
 184.50   56.36
 184.66   49.55
 184.77   35.20
 184.86  122.57
 186.01  117.16
 186.27   61.11
 187.27   44.37
 188.75   26.65
 189.93  158.79
 190.11  110.18
 190.22  168.30
 190.27  100.33
 190.31  130.22
 190.40   47.47
 190.54  161.36
 191.03   21.09
 192.16   49.02
 194.57   44.59
 194.88   24.78
 195.03   81.03
 195.68   44.29
 195.79   94.78
 197.34   59.15
 197.36   58.90
 197.80   86.95
 197.83  112.43
 198.04  122.55
 198.10  131.86
 198.53   27.33
 198.58   84.30
 199.52   92.77
 200.38   22.72
 201.00   79.43
 201.47   85.87
 202.59   48.69
 203.28  121.98
 203.48   24.44
 204.48   35.74
 204.56   88.17
 204.76  155.86
 204.84  111.41
 204.86  104.60
 205.70   35.20
 205.85   79.50
 207.50  145.59
 207.82  122.53
 207.88   84.66
 208.00  137.15
 208.40   95.40
 208.58   54.72
 209.30  116.37
 210.24  134.49
 210.73  120.27
 211.12   99.95
 211.15   48.86
 211.46  104.88
 211.60   48.89
 211.98  112.27
 212.94  134.30
 214.71   43.92
 215.57  137.26
 215.70  108.17
 215.77   43.93
 216.00   94.89
 216.74   76.59
 217.29   38.49
 217.87  100.29
 218.17  142.83
 218.89  122.93
 219.28   71.81
 219.86   38.43
 220.31  111.49
 220.52   67.66
 220.86   58.66
 221.06  131.39
 221.50  134.88
 222.97  113.38
 223.55  109.67
 224.24  165.43
 226.10  155.95
 226.49   17.45
 226.75  112.25
 227.10   94.28
 227.65   58.82
 227.93   58.81
 228.24  131.21
 229.23   61.86
 229.30   61.76
 229.40  100.04
 230.11   28.59
 230.40  100.59
 230.49  143.87
 230.84   61.18
 231.11  122.55
 232.53  104.11
 234.15  112.02
 234.30   95.85
 234.68   57.76
 234.94  131.54
 235.02  166.04
 236.01  121.75
 236.11   61.00
 236.28   26.40
 236.88  122.28
 237.09  100.29
 237.32  100.24
 239.14   14.14
 239.16  116.01
 240.05   83.24
 240.31   93.69
 240.67   88.24
 241.65  131.22
 241.98  134.69
 242.03  122.43
 242.34   88.56
 244.14   35.13
 244.21   55.02
 245.06  109.36
 245.14   88.19
 245.55   86.50
 246.96  131.20
 248.51   88.48
 249.08  174.66
 249.80   13.62
 249.89  196.84
 250.19  143.81
 250.33   88.19
 250.58   83.18
 250.67  121.18
 251.01   93.46
 251.53  112.97
 251.54   36.02
 251.77  134.57
 252.26   48.33
 252.43  172.91
 253.56   44.40
 253.80  122.27
 254.09  158.34
 254.21  158.33
 254.50   34.61
 254.58   80.96
 254.74  181.60
 255.10   58.84
 256.43  109.24
 256.61  146.31
 257.19  132.55
 257.95   83.50
 258.16  138.32
 258.28   76.62
 258.58   59.82
 258.61  167.88
 258.63  170.75
 258.65   99.50
 258.79  170.81
 259.28  146.04
 259.49   35.87
 259.52  122.46
 261.13  190.12
 261.18  190.53
 261.55  194.77
 261.76  122.33
 261.79   44.46
 261.88  197.79
 262.13   38.86
 262.50   35.22
 262.91  208.34
 264.08  145.46
 264.32  202.65
 264.54   71.60
 264.78   55.62
 265.01  165.50
 265.66  158.67
 265.77  161.60
 265.99  118.27
 266.09  122.30
 267.41  148.17
 267.70   13.16
 268.20   84.00
 268.65  190.70
 268.77   59.88
 269.35   69.08
 271.00  154.42
 271.32  109.03
 271.55   64.00
 272.45  122.27
 272.58   12.63
 272.64  158.91
 273.71  135.57
 274.43  148.47
 275.34   28.51
 275.72  187.16
 275.72  117.65
 275.73  104.77
 277.03  201.88
 277.50    6.73
 278.27  180.97
 278.93  152.35
 279.03  121.89
 280.23   99.19
 280.53   20.76
 281.40   59.53
 282.35  143.69
 282.67   28.89
 283.34   93.31
 283.69   72.71
 284.74   21.55
 284.77  122.77
 285.80   91.26
 286.31   65.49
