   8.46   40.47
   8.83  136.27
   9.58  150.87
  10.14  159.21
  10.41   92.46
  10.83   13.68
  11.37   70.49
  11.76  153.38
  11.91  106.44
  11.92  161.11
  12.62  109.83
  12.91  141.74
  12.95  113.11
  13.56   15.06
  13.81   89.10
  13.83   19.44
  15.43   48.71
  15.56   46.47
  15.69   10.50
  15.92  162.27
  15.93   50.60
  15.94  135.61
  16.09  175.09
  16.27  175.14
  16.92  188.04
  17.11   77.70
  17.45   53.84
  18.02   64.44
  18.71   33.04
  19.09  115.14
  19.23  140.03
  19.26  157.35
  19.27  181.29
  19.62   18.14
  19.70   49.22
  19.80   17.79
  20.15  162.93
  20.54  129.27
  20.95  146.06
  21.35  109.52
  21.46   60.78
  21.62   14.31
  21.76   83.10
  21.78  153.86
  22.43  129.14
  22.47  114.43
  23.39  133.21
  23.77   20.32
  23.86   76.62
  24.32   39.10
  24.40   34.66
  24.48  194.74
  24.51  170.38
  24.55  149.43
  24.98  138.70
  25.22   45.83
  25.53   48.94
  25.82  180.05
  25.84  208.59
  25.96  193.12
  27.65   72.69
  27.68  161.40
  27.93  166.46
  27.96   86.01
  28.15  156.89
  28.17   35.93
  28.37   35.96
  28.38   79.77
  28.44  114.55
  28.65   65.52
  29.07  104.51
  29.09  140.49
  29.14   15.55
  29.20  140.49
  30.43   29.64
  30.98   37.29
  31.07  132.25
  31.67  163.03
  32.10  204.96
  32.24  114.84
  33.67   74.69
  33.85  176.27
  34.53  108.00
  34.58   56.44
  34.75   52.36
  35.16   35.01
  35.23   69.40
  36.01   48.14
  36.19   38.66
  36.78  143.01
  37.13   18.36
  37.35  189.52
  37.96   75.67
  38.08  173.91
  38.10  126.75
  38.32   72.18
  38.73   59.11
  38.76  100.95
  38.76  116.71
  38.78   30.61
  38.80  116.58
  38.83   59.15
  39.11   23.07
  39.55   38.47
  40.61  103.76
  41.45  152.22
  42.92  147.47
  43.04   98.75
  43.08  107.52
  43.29  154.44
  43.51  122.22
  43.73  142.41
  44.06   34.14
  44.12  159.67
  44.37   34.33
  44.83  164.69
  45.08   22.31
  46.06   68.97
  46.18   95.62
  47.07  140.95
  47.30   75.10
  47.34  130.67
  47.91   33.55
  48.03  124.92
  48.04   52.90
  48.39  145.72
  48.52  159.93
  48.75   92.76
  49.41   61.40
  49.61   85.78
  50.66   64.47
  50.85   34.95
  51.14   57.81
  51.83  105.47
  52.52   60.87
  52.53   47.84
  52.95   33.20
  53.06  151.51
  53.27   78.42
  54.18   96.80
  54.19   90.23
  54.42  158.00
  54.45  129.40
  54.51   63.82
  54.58  129.40
  54.75   54.72
  54.79  162.56
  56.03   34.31
  56.09  166.51
  56.94   48.06
  57.07  140.62
  57.20  134.05
  57.44  127.81
  57.64   17.93
  57.66   37.06
  57.77  143.77
  58.30   73.07
  58.44   96.19
  58.97  117.82
  59.32  111.23
  59.49  109.65
  59.64   77.18
  60.18  164.55
  60.24  134.79
  60.26  102.49
  60.34  166.41
  60.78  182.29
  61.02  156.24
  61.30  161.17
  61.51   36.99
  61.64   81.91
  62.05   39.38
  62.99   21.44
  63.01  101.13
  63.33   77.77
  64.59  102.00
  64.92   72.09
  65.30  180.47
  65.58  145.20
  65.79  133.28
  66.88  141.77
  67.09  159.26
  67.26   24.08
  67.56   94.52
  67.64  167.94
  68.50  138.20
  68.65  105.22
  68.83  163.84
  69.10   67.00
  69.63   57.00
  70.20   34.51
  70.21   75.61
  70.67   80.03
  71.24  107.90
  71.58   44.43
  71.82  178.40
  72.09  150.16
  72.43  150.13
  72.47  115.27
  72.65  143.67
  73.33  157.74
  73.58   23.47
  74.03  119.56
  74.64   29.29
  74.79  128.18
  74.93   56.51
  74.97  132.25
  75.18  161.94
  75.24   93.26
  75.70   99.73
  76.31   13.52
  77.01   38.82
  78.25  176.46
  79.09   69.97
  79.24  155.95
  79.26   16.60
  79.33  133.92
  79.38   23.65
  79.90   75.15
  80.11  102.59
  80.57   49.53
  80.76   92.21
  80.87  164.29
  81.10  129.08
  81.24   78.94
  81.48  160.09
  81.53  117.15
  81.57   31.08
  81.66  122.94
  82.57   53.55
  82.86   63.48
  82.89  116.04
  83.01  115.85
  83.13  142.44
  83.69  160.02
  84.07  174.24
  84.29   26.87
  84.62   60.88
  84.67   12.51
  84.87   26.69
  85.41   69.22
  85.47   44.13
  85.65  147.48
  85.96  131.41
  86.05   97.74
  87.12   59.60
  87.28  105.48
  87.46  148.03
  88.13   29.07
  88.15  115.54
  88.50   34.22
  88.54  149.31
  89.00  120.28
  89.07   12.88
  89.09   56.17
  89.15   83.74
  89.17   63.24
  89.88   66.99
  90.23   37.84
  90.58   97.56
  91.01  170.06
  91.16  144.35
  91.38   49.80
  91.46  182.84
  91.90  182.81
  91.95  157.36
  91.98   74.57
  92.37   16.73
  92.58   23.10
  93.00  187.07
  93.06   53.43
  93.11   26.55
  93.30   84.77
  93.33   30.47
  93.36   65.34
  94.16  152.90
  95.14  149.38
  95.64  130.84
  95.77  168.65
  95.83   30.08
  96.35   42.19
  96.65   24.31
  96.71   88.89
  96.91   34.20
  97.07   49.02
  97.60   34.54
  98.11    9.85
  98.23   72.06
  98.65  133.36
  98.94  117.14
  99.80   56.64
 100.69  167.22
 100.75   21.20
 101.32   73.62
 101.66   95.87
 101.77   95.88
 103.46   86.77
 104.59   46.71
 104.62  120.76
 104.76   37.18
 104.97   99.18
 104.98   42.01
 105.17   41.67
 105.27   84.64
 105.36   24.32
 105.79   65.39
 105.86  108.26
 106.21  133.89
 106.37  137.28
 106.46   65.43
 106.58   30.16
 107.92  146.88
 107.96   78.75
 108.05  109.02
 108.17   33.66
 108.20   20.48
 108.22  142.96
 108.47   13.95
 109.13   37.33
 109.51   95.43
 110.22   67.97
 110.82   71.09
 110.96   91.95
 111.55  172.51
 111.73   30.18
 112.43  118.89
 112.77   85.84
 112.81  147.26
 112.87   56.70
 113.67   38.62
 114.03   18.21
 114.12  165.60
 114.18   29.77
 114.39  142.90
 114.62  129.86
 114.81  100.53
 114.89   56.14
 115.13   63.78
 115.32   69.28
 115.62  135.28
 115.89   22.38
 115.92   25.23
 116.08  114.54
 116.59  122.51
 116.78   59.61
 117.20   76.22
 117.92  103.94
 118.12  108.01
 118.31  175.47
 118.35   24.16
 118.80  163.53
 119.04   48.06
 119.54  180.33
 119.59   65.97
 121.20  107.62
 121.37   47.65
 121.51  126.44
 121.90   74.74
 121.90  115.45
 122.85   62.96
 123.10  169.70
 123.76  125.02
 124.75  130.75
 124.88   75.66
 124.92   10.04
 125.16  112.99
 126.14  118.29
 126.27   69.68
 126.36   33.60
 126.52   36.97
 126.64   20.86
 127.51   27.57
 127.52  154.26
 128.18   82.81
 128.47   96.22
 128.47  138.91
 128.49  178.17
 129.09   71.99
 129.37   30.11
 129.46  111.59
 129.54  171.05
 129.55  149.30
 130.02   17.19
 130.08   55.23
 130.30  120.06
 130.37   24.60
 131.17   49.40
 131.35   41.91
 131.38  156.32
 132.29   73.72
 132.64   81.97
 132.80  151.08
 132.89   59.87
 133.33   79.15
 133.37   20.30
 134.14   83.93
 134.25   86.63
 135.65  108.80
 136.18  158.88
 136.27  158.48
 136.89  119.99
 137.02  137.75
 137.67   55.23
 138.26   36.20
 138.63  109.11
 138.80   20.11
 138.92  133.78
 139.69   99.38
 139.84  100.41
 140.10  147.74
 140.17  104.03
 140.40   68.10
 140.50   63.49
 141.30   83.43
 141.33   49.04
 141.53  142.96
 142.25   23.78
 142.55   53.97
 142.88  122.54
 143.48   88.66
 144.34   27.29
 144.88   82.05
 144.98   94.68
 145.06  151.82
 145.48   40.29
 145.51   85.78
 145.60  117.32
 146.15  150.29
 146.32   89.19
 146.82  155.26
 146.90   36.02
 146.92  144.66
 146.95   28.69
 147.10  121.87
 147.47  118.81
 148.76   27.20
 149.17   13.91
 149.76   60.92
 149.98  123.75
 150.02   96.78
 150.27   42.42
 150.51   93.49
 150.58   46.92
 150.82   69.87
 151.20   67.86
 151.78  138.50
 152.17   21.29
 152.86   35.60
 152.97  104.05
 153.07   17.07
 153.97  137.83
 154.04  145.14
 154.44   73.52
 154.47   61.17
 156.30   14.11
 156.40   31.58
 157.32   79.76
 158.14  116.23
 158.49   74.90
 159.10  112.93
 159.42   93.69
 160.01   56.20
 161.10   18.63
 161.26  132.46
 161.35   43.55
 161.45   64.37
 162.03  122.98
 162.12   26.62
 163.03  129.94
 164.21   80.43
 166.05  101.55
 166.42   58.79
 166.78   85.28
 166.84   79.22
 167.05   64.54
 167.06   22.33
 167.20   51.38
 167.28  139.94
 167.32  142.39
 167.49   11.98
 167.74  136.59
 168.68  101.76
 170.69   47.94
 170.72   68.46
 170.93  147.35
 171.12  139.67
 172.09   31.32
 172.20   51.84
 172.51  130.07
 172.89  162.51
 173.35   37.43
 173.56   71.40
 173.84   64.62
 174.25  134.19
 174.50   14.45
 174.92  100.53
 175.02   95.63
 175.12  113.75
 176.82   83.88
 177.49   98.77
 177.53   69.29
 177.65   28.94
 177.76  134.88
 179.07   60.81
 180.06   46.27
 180.08   22.54
 180.40   69.82
 180.76  141.23
 181.04   18.01
 181.09   98.41
 181.28   58.44
 182.27   78.25
 182.28  101.71
 182.51   93.89
 182.60  136.75
 183.92   69.32
 184.03   46.36
 184.14   24.17
 184.23  133.60
 185.76   37.24
 186.42   33.41
 186.58  150.20
 187.31   62.91
 188.55   28.45
 188.59  104.36
 189.23   74.38
 190.21   60.21
 190.23   23.77
 190.28   26.81
 190.42   91.71
 191.54   33.27
 192.03   98.09
 192.14   64.18
 192.76   24.25
 193.35   83.03
 194.20  143.11
 194.46   17.65
 194.49  119.71
 195.24   28.00
 195.99   94.57
 196.18   66.39
 196.64   57.01
 198.18  212.55
 198.23   60.04
 198.37   59.75
 198.86  102.69
 199.98   24.40
 200.34   14.64
 200.42   98.55
 200.53   80.67
 200.68   12.18
 200.85   92.14
 202.51  124.63
 204.19  205.24
 204.39   40.60
 204.57   39.47
 205.01  126.81
 205.42   44.52
 205.54  117.76
 205.95  135.43
 207.82  202.24
 207.99   27.56
 208.05  197.11
 208.45  211.98
 208.58   99.25
 208.86   16.71
 208.94  118.65
 209.41  188.92
 210.26  131.98
 210.31   72.16
 210.39  110.71
 212.53  175.10
 213.15  128.21
 213.41   25.91
 213.50   81.57
 214.05  202.15
 214.65  136.23
 214.73   20.21
 214.94   92.44
 215.44  178.09
 215.72  103.40
 216.05   29.85
 216.10   50.00
 216.70  184.90
 217.15   32.65
 217.38  125.77
 218.03   55.69
 218.04   55.83
 218.27  205.48
 218.85  102.93
 219.75   57.75
 221.05  142.81
 221.14  147.70
 222.68   49.66
 222.74  132.29
 222.94  199.93
 223.12   60.20
 223.20   19.30
 224.90  164.46
 224.97  156.09
 225.03   97.58
 225.06  116.07
 225.13  201.04
 225.14   38.03
 225.15  110.72
 225.16   41.84
 225.48  192.92
 225.49  173.57
 225.81   78.38
 225.95  114.89
 226.41   64.33
 226.63   53.60
 226.65   49.23
 226.81   25.47
 227.00  151.77
 227.39  209.03
 227.59   98.06
 227.71  143.64
 228.08  137.41
 228.08  166.55
 228.47   73.49
 228.49  137.74
 228.56  107.68
 228.96  120.58
 229.04  170.59
 229.09  104.07
 229.14  202.10
 229.34   78.51
 229.40   60.84
 229.57  175.47
 230.87   57.88
 231.44   19.39
 231.52  147.26
 231.73  165.72
 231.88   65.04
 232.35   53.66
 232.50  178.54
 232.96   49.04
 233.19   79.78
 233.31   86.13
 233.72   15.33
 233.90   15.14
 233.96   28.83
 233.98   23.19
 234.71  202.02
 234.73   58.42
 234.74   83.13
 234.96  111.83
 235.04   74.33
 235.06  155.53
 235.43  177.14
 235.61  135.54
 235.66  193.52
 235.74  202.58
 235.88  101.89
 235.89   62.86
 236.39   46.21
 236.73   53.84
 237.24   95.26
 237.57   43.42
 237.68   33.64
 237.90  143.69
 238.58  153.46
 238.60   79.29
 238.71  112.52
 238.81  138.76
 238.89  150.76
 239.09  197.62
 239.44   29.11
 239.92   40.90
 240.52   69.12
 240.56   83.48
 241.02  165.88
 241.49   59.92
 242.07  100.01
 242.34  190.77
 242.37  198.62
 242.42  174.74
 242.78   87.16
 242.87   38.46
 242.90  119.70
 243.45   91.85
 243.49   75.79
 243.82   16.69
 243.98   81.99
 244.57   25.05
 245.17   60.05
 245.30   29.54
 245.40   51.21
 245.42  187.59
 245.83   41.24
 246.16  110.66
 246.24  178.97
 246.28  178.89
 246.30  169.67
 246.44   18.88
 246.62  125.93
 247.04  146.95
 247.46  138.27
 247.57   63.26
 247.67  198.70
 248.28  187.93
 248.51  116.17
 248.70   36.97
 248.73  153.57
 248.98  156.49
 249.46  145.47
 249.47  115.21
 249.62  121.12
 249.64   54.62
 250.09  204.47
 250.15   21.46
 250.21  204.39
 250.34  175.94
 250.65   66.45
 250.97  194.46
 251.33   81.31
 251.41  198.57
 252.52  103.91
 252.95  207.35
 253.13   29.61
 253.16  169.62
 253.25  186.36
 253.30  178.69
 253.30   47.01
 253.70   39.69
 253.82   87.22
 254.75   65.71
 254.99  201.26
 255.18  170.33
 255.31   61.92
 255.46   14.53
 255.99  155.71
 256.26   42.12
 256.31  141.20
 256.77  185.76
 257.15  147.28
 257.26  146.96
 257.50   95.74
 257.60   38.88
 258.10   30.13
 258.22   99.87
 258.40   59.65
 258.47  125.84
 259.19   42.99
 259.60   94.15
 259.89  205.97
 260.72   51.70
 260.90  144.72
 261.27  127.97
 261.53  132.48
 261.54   61.54
 262.16   12.62
 262.64   30.77
 262.72  182.29
 262.86   86.21
 263.38  156.36
 263.76  160.12
 264.48  202.08
 264.61  128.11
 264.81  193.98
 265.82   70.32
 266.11   87.38
 266.14  153.16
 266.75   31.01
 266.87   24.23
 267.76  185.92
 267.80   76.16
 268.26  155.68
 268.30  177.49
 268.75   24.33
 269.43   51.41
 269.64  201.91
 269.88   66.89
 270.24  122.55
 270.33   54.14
 271.02  197.38
 271.23   87.98
 271.64  183.76
 271.75  165.36
 272.13   57.01
 272.20  182.22
 272.90   29.15
 273.37  173.84
 273.48   74.13
 274.87   64.13
 274.90  101.34
 275.34  109.67
 275.89   55.47
 276.54  170.80
 276.61  184.57
 276.81   87.89
 277.75   24.17
 277.89   28.99
 278.08  212.21
 278.24   18.27
 278.82  161.05
 278.88   59.82
 279.09   35.44
 279.95   90.86
 280.63  173.57
 281.62  110.34
 282.17  117.51
 282.95   79.05
 283.28   82.20
 283.59  170.21
 284.42   39.52
 285.05   76.33
 285.17   29.29
