  12.06  142.65
  13.94   39.97
  14.99   50.67
  16.50  144.44
  17.10  150.22
  17.59   49.97
  17.97   73.15
  18.59    6.91
  19.65   42.05
  19.93  181.07
  20.30   74.03
  20.70   44.35
  21.09   13.37
  26.36   63.05
  26.67  141.19
  29.26   65.52
  31.43   66.80
  31.82  138.82
  32.50  145.52
  34.08  160.89
  34.50  168.51
  35.37   64.45
  35.98  163.30
  39.27   66.67
  39.34  160.75
  43.29  134.94
  43.39  165.80
  45.13  138.36
  46.44   68.83
  47.95  161.08
  49.94  135.93
  51.72  105.79
  51.82  101.99
  51.95  125.33
  51.96  118.40
  52.24   90.68
  54.96  130.59
  55.95   37.05
  56.84   97.09
  57.29  148.20
  57.73   58.64
  57.92   40.03
  58.25  117.44
  58.37   76.37
  60.20   47.48
  60.21  132.52
  60.60  122.14
  62.51   79.80
  62.82   67.56
  63.11  133.66
  64.53   51.68
  65.11  129.61
  68.62   46.23
  69.10  160.27
  70.28   21.18
  70.81   27.29
  70.83   27.42
  70.91  135.97
  71.54    7.71
  72.47  156.00
  73.65   44.72
  73.79  128.79
  74.01  138.10
  75.04   82.83
  75.05   87.24
  76.96   54.74
  77.15   54.56
  77.42   23.47
  77.76  117.83
  78.99   90.91
  78.99   86.70
  80.82  108.01
  80.96  152.76
  81.12   71.65
  81.37  125.37
  84.22   69.60
  85.46   60.26
  85.49   49.96
  85.91  138.35
  85.96  133.60
  86.61  130.23
  86.72  155.80
  87.47  123.87
  89.35   79.12
  89.73  112.55
  90.52   68.98
  91.37   51.55
  93.06   47.16
  93.39  132.41
  93.42  129.15
  93.68  147.94
  94.17   39.73
  94.20   23.07
  94.85   64.31
  95.05   51.02
  97.19   72.35
 100.33  123.29
 100.76   55.03
 101.21  107.70
 101.32   78.75
 101.57   60.06
 101.80   98.58
 102.00   47.42
 102.04  118.00
 102.33  152.26
 104.44   13.75
 104.78  141.53
 104.99   58.86
 105.29  104.88
 105.70   49.62
 105.72  100.53
 105.95  128.82
 107.54  115.79
 107.74   44.71
 108.40  103.08
 108.52   55.95
 109.30  131.53
 109.88  132.41
 110.02  114.02
 110.25  143.08
 110.72   14.20
 112.11  137.69
 114.69   76.68
 114.82  127.12
 115.15  123.46
 115.35  123.36
 115.69   83.51
 116.99   47.42
 117.03  135.13
 117.04  197.00
 117.76   80.53
 118.35   97.35
 118.79   72.87
 121.01  127.16
 121.07  194.71
 121.68  197.42
 122.29   76.97
 122.67   94.66
 124.18   92.23
 124.21   29.79
 124.35   55.81
 124.50   88.59
 125.30   37.30
 125.36   79.94
 127.87   24.43
 128.64   95.71
 129.40  116.06
 130.50   60.49
 130.94  102.74
 131.50  116.80
 132.17  108.98
 132.26   95.13
 132.83   90.58
 134.52   30.23
 134.62  100.23
 134.71   80.64
 134.77  125.63
 134.78   24.31
 134.83   55.03
 135.45  132.02
 135.78  133.45
 136.46  122.07
 136.58   59.77
 138.71  113.51
 139.73   77.47
 139.90  104.38
 140.90   94.97
 142.01   85.82
 142.52   88.04
 142.64  125.71
 143.24  185.17
 147.60  109.82
 147.95  185.83
 148.12   60.51
 148.17   80.20
 148.25   61.02
 148.26   30.28
 148.55  131.29
 151.16   71.19
 151.24  138.28
 152.20  142.75
 152.84   57.35
 153.07  119.09
 154.07  130.47
 156.82   60.08
 157.18   35.64
 158.55   87.81
 159.32  120.90
 159.96   64.06
 160.97  132.76
 163.20  109.51
 163.45   86.62
 163.88   42.86
 164.09   60.53
 165.11  134.05
 165.62  122.12
 165.82    7.77
 166.53   61.98
 166.95   95.74
 167.35  115.55
 167.56   65.19
 168.39  142.04
 168.52   54.87
 168.52   82.07
 169.13  110.04
 169.29  144.91
 170.01   33.48
 170.15   26.67
 170.29  111.38
 170.95   60.80
 170.97   45.52
 172.03   78.71
 172.81   84.19
 173.71   66.51
 173.81   37.77
 174.17  131.31
 174.86   61.28
 174.99  119.19
 175.04  110.53
 176.55   81.02
 176.94   53.03
 177.64  108.09
 177.65   59.08
 181.73  131.23
 181.98  118.14
 181.99   80.28
 182.03  123.31
 182.30  145.08
 183.26   62.69
 183.60   74.35
 184.73  103.63
 185.08  115.78
 185.46  122.39
 185.88   73.76
 186.01  129.83
 188.79   96.06
 188.87   67.06
 188.95   82.00
 189.08  126.30
 190.24  145.45
 191.94   70.14
 192.19  189.59
 193.35   64.92
 193.47  118.23
 194.14  147.01
 194.28   61.60
 196.69  121.07
 198.16  184.52
 198.88  196.04
 199.13   70.64
 199.16   60.66
 199.31   70.73
 200.40   69.54
 200.77   84.96
 200.81   44.82
 201.49  171.58
 201.76  111.23
 202.15   64.27
 202.16  204.63
 202.45  204.71
 203.46  116.51
 203.71   49.66
 204.75  112.83
 206.12   21.05
 206.29   69.02
 206.73  207.41
 207.34   45.03
 207.37   53.51
 207.89  177.52
 208.04  205.14
 208.77   75.08
 209.18   96.31
 210.87  178.41
 212.57   60.34
 213.01  116.45
 213.28   84.70
 213.31  124.65
 213.65   65.92
 214.44  163.74
 214.62   55.13
 216.30  176.94
 216.83   72.41
 216.92   61.00
 218.32  182.54
 218.72  179.03
 219.30   66.89
 219.64  122.61
 219.93  118.62
 219.96  196.55
 220.16  152.21
 221.02   71.04
 221.76  119.20
 222.02  172.26
 222.46   71.03
 222.57   65.96
 222.96   75.72
 223.77   81.33
 225.11  121.40
 226.93   74.83
 228.21  145.80
 228.53  115.56
 229.36  164.89
 230.26  100.81
 230.34   90.21
 231.46   72.16
 232.02  111.26
 232.15  155.32
 234.91  101.74
 235.93  204.40
 236.31  108.80
 237.33  198.73
 237.45  172.15
 239.50  159.26
 241.35   88.99
 242.00  164.21
 242.11   45.98
 242.26  186.94
 242.47  193.67
 242.53  127.01
 242.82  141.16
 242.96   76.90
 243.90  178.01
 244.04  156.65
 245.95  150.95
 246.92  141.34
 246.92   98.58
 246.96  154.83
 247.40   22.44
 247.44  134.12
 247.84  161.48
 247.84  149.20
 247.88  179.20
 248.48   65.09
 252.06   96.47
 252.30   90.49
 252.54   70.17
 252.70   56.11
 252.71  136.38
 253.32  180.75
 253.35   80.44
 253.37  166.55
 253.94  109.76
 254.66   76.81
 255.71   93.61
 255.93   88.96
 256.68  136.60
 257.58   66.73
 257.98   66.88
 258.00  161.70
 258.06   75.20
 258.46  168.33
 258.51   91.54
 258.67   49.97
 259.21  173.19
 259.76  150.62
 262.29  160.93
 262.70  167.98
 264.03  133.70
 264.58  107.08
 265.22  126.82
 265.30  162.09
 265.46  126.27
 266.02  111.96
 266.55  174.43
 266.68  138.66
 266.85  150.50
 266.87  144.70
 267.02  154.45
 267.27   37.08
 267.31  106.18
 268.62   67.93
 269.25   75.16
 269.34  141.30
 270.50  172.39
 271.08  135.02
 272.36  122.73
 274.50   92.08
 274.67  146.12
 275.68  150.33
 275.93  150.04
 275.97  167.18
 276.30   89.61
 276.45  103.70
 276.50  121.38
 277.40   98.05
 277.46   80.11
 277.48  115.75
 277.96   71.21
 278.51   74.86
 279.22  145.78
 279.40  128.79
 280.25   77.72
 280.41   61.04
 280.43  138.91
 280.71   65.34
 280.95  113.48
 281.13  102.36
 281.20   57.34
 281.60  123.21
 281.92   98.87
 282.33  134.02
 283.84  122.26
 284.22   78.70
 284.37   90.95
 285.67   65.40
 286.35   98.00
 287.76   56.90
 288.65   84.76
 289.33  134.92
 289.52   71.86
 289.78  118.93
 290.12   58.84
 291.22   98.01
 292.19  114.52
 292.73   69.04
 292.76  100.95
 293.99  113.58
 294.52   95.45
 301.84  112.27
 302.94   87.21
 304.45   83.32
 304.90   90.13
 307.65   94.35
 309.52  100.17
 310.13   83.51
 313.71   95.62
 314.97   16.90
 315.61   87.73
 316.05   71.93
 319.18   57.27
 320.09  125.37
 320.43   95.04
 321.74   83.55
 322.26   99.20
 322.36   91.01
 322.94   52.79
 323.88  116.83
 325.48   86.16
