  10.90  142.61
  11.23  126.66
  11.42  138.84
  11.73  131.73
  12.69   98.05
  13.04   98.07
  14.42  134.11
  14.45  153.96
  16.81   50.32
  16.92  108.50
  17.01  123.21
  17.55  165.75
  18.55  154.93
  20.10  159.77
  22.24  108.45
  22.71   93.18
  23.52   94.33
  26.79  109.06
  27.10   95.10
  28.46  164.81
  28.57   89.66
  30.87   92.93
  32.45  114.53
  34.02  154.52
  38.17  158.38
  38.51  126.28
  38.96   96.66
  42.55  126.42
  43.00   94.07
  43.01   83.94
  43.43  157.37
  43.56  141.89
  45.65  114.71
  46.04  132.72
  46.30  152.32
  47.31  133.40
  47.55  123.25
  47.96  157.89
  48.22  148.91
  48.72  127.54
  49.12   84.71
  51.42  132.87
  51.89  123.79
  52.07  156.67
  53.08   95.29
  54.11  119.35
  55.15   68.95
  55.29   92.16
  55.38   98.05
  55.43  138.84
  55.93  103.59
  55.99  156.63
  56.14  156.62
  57.66  128.50
  58.35  109.84
  58.74   95.60
  59.27  164.32
  61.36  158.32
  61.51  162.19
  61.80   64.86
  62.65   92.75
  62.74  133.24
  62.88  128.42
  63.52  171.96
  64.92   87.18
  65.36  152.29
  66.29  110.23
  66.37  172.22
  66.44  168.75
  67.30   93.17
  67.98  127.41
  68.14  141.59
  68.41   56.86
  68.88   98.87
  69.61  157.19
  70.33  170.54
  70.50  124.26
  71.61  151.28
  71.66  133.24
  73.62   96.35
  73.78  162.61
  74.30  115.03
  74.53  104.94
  76.19  119.81
  76.57  160.33
  77.71  154.49
  78.11  132.19
  78.47  188.04
  79.19  146.58
  79.71  149.74
  80.06  163.69
  80.79  186.14
  81.64  152.90
  81.70   94.65
  82.07  182.15
  84.19  158.29
  84.42  124.33
  84.76  116.15
  85.03   99.99
  85.09   95.03
  85.25  165.01
  85.40  161.54
  85.54  133.11
  85.93  151.78
  86.37  119.85
  86.96  185.59
  87.43  106.26
  87.71  128.39
  88.29   98.27
  88.67  153.77
  88.95  132.78
  89.65  150.50
  89.73  160.13
  91.05  176.32
  91.30  124.57
  91.43  158.31
  91.55   95.74
  92.22  115.39
  93.42  132.62
  93.53  145.79
  95.29   98.03
  96.52   96.50
  97.59  155.50
  97.85  142.67
  97.91  132.90
  98.62  107.66
  98.99  107.40
  99.19   98.97
 100.24  151.33
 101.43  162.55
 101.49  169.30
 102.48  153.58
 102.99  156.90
 103.04  128.26
 103.87  160.83
 104.58   98.96
 105.93  191.88
 107.07  162.44
 107.29  170.85
 107.87  167.36
 108.60  137.66
 108.66   79.45
 109.71  189.31
 110.05   81.47
 110.94  168.78
 110.96   97.58
 110.97  175.26
 111.78  163.50
 112.38   94.38
 112.74   80.88
 113.05  143.47
 113.20   87.81
 113.30  100.67
 113.36  107.88
 113.68  136.83
 113.72   76.73
 114.66  121.00
 115.24  134.98
 115.80  163.77
 116.56  159.58
 117.35   67.62
 117.62  183.52
 117.73  165.97
 118.07  165.52
 120.51  141.77
 120.63  165.29
 120.83   96.79
 120.89  187.24
 120.94   81.57
 121.16  190.64
 121.66  170.18
 122.71   74.72
 122.78  163.78
 122.92  166.99
 124.60  132.87
 125.37  195.12
 125.60  152.28
 126.00  115.54
 126.22  156.65
 126.78   93.74
 127.59  101.43
 127.77  171.03
 128.01   72.20
 128.80   76.53
 129.96  139.35
 130.34  115.99
 130.41  119.62
 130.50  167.10
 130.78  106.64
 131.14   96.81
 131.15   74.48
 131.22  128.51
 131.64  120.89
 131.97  100.02
 132.21   82.97
 132.26  134.98
 133.97  108.71
 133.98  149.84
 134.38   88.14
 134.68  102.30
 135.38  135.24
 136.06  127.40
 136.29   92.05
 136.93  153.79
 137.42  100.21
 137.43  140.92
 138.50   87.87
 140.88  180.32
 141.18  107.55
 141.73  177.67
 141.93  166.26
 142.67  148.60
 142.70  174.56
 143.08  119.89
 143.39  140.11
 143.86   98.19
 144.81   75.28
 147.07  116.85
 149.19   84.18
 149.40  176.49
 149.72  117.41
 149.99  102.72
 150.40  109.23
 150.60  135.75
 151.28  171.77
 151.82   96.20
 152.12  121.20
 153.19  128.18
 153.95  163.77
 154.00  147.68
 154.01  109.00
 154.20  178.82
 155.73  159.94
 156.34  112.38
 157.31  172.76
 157.34   83.92
 157.54   78.59
 157.72  153.99
 158.11  179.44
 158.18   99.74
 159.02  159.94
 159.37   96.01
 159.43   84.66
 159.88  113.73
 160.66  183.92
 160.68  136.52
 160.80  158.97
 162.38  178.30
 163.09  119.35
 163.65  106.90
 164.84  106.67
 165.36  121.67
 165.46  209.28
 165.69  151.79
 166.34  115.84
 166.51   24.10
 167.77  131.68
 169.06   95.40
 169.26  110.77
 169.48  102.20
 169.61  154.76
 169.98   89.19
 170.10   78.02
 170.92  192.19
 171.30   81.28
 171.30   72.01
 171.54  118.96
 171.79  174.15
 172.01  126.17
 172.47  133.42
 172.60   92.84
 173.03  113.66
 173.13  149.04
 173.31  142.47
 173.47   84.69
 173.73   24.48
 173.87  160.45
 173.87  190.84
 173.92   70.09
 176.08  174.86
 176.31  132.20
 177.01  105.80
 177.53  195.57
 177.76  114.47
 178.05   93.77
 178.12   83.67
 178.22  140.46
 179.04  185.63
 179.42   90.28
 179.90  107.57
 180.19  157.79
 180.44  101.72
 180.53  123.80
 180.60   73.21
 180.69  201.00
 180.74  134.43
 181.07  188.37
 181.36   71.81
 181.84  172.61
 182.59   99.63
 183.34  147.36
 184.08  148.73
 184.10  110.22
 184.71  102.04
 184.83   84.46
 185.44   65.65
 185.48  205.21
 185.59   66.77
 185.62   69.77
 186.03   80.33
 186.12   91.71
 187.27  157.83
 187.31  209.41
 187.76  165.26
 187.84   74.70
 187.92  102.32
 188.47   90.86
 188.66  177.78
 188.76  148.46
 188.98   66.41
 189.48   68.57
 189.58  140.48
 190.04  111.46
 190.37  184.03
 190.76  129.57
 190.85   83.45
 190.88  155.50
 192.53  159.49
 193.14  152.51
 193.18  191.08
 193.30   72.49
 193.80  151.21
 194.62  182.76
 195.14  135.32
 195.43  188.95
 195.46  143.48
 195.98  121.65
 196.38   63.50
 197.63  164.99
 198.21  171.59
 198.32   72.22
 199.55  180.37
 199.57  157.61
 199.58  186.25
 200.05   92.69
 200.56  169.01
 200.82  138.32
 201.04  161.73
 201.09   98.76
 201.20  155.09
 202.16  104.62
 202.63  132.05
 203.43  192.88
 203.59  181.27
 203.77   70.68
 204.63  152.63
 204.97  116.83
 205.08   74.33
 205.68  173.63
 205.71  149.20
 205.77  127.17
 205.85   74.07
 206.24   53.41
 207.27   72.08
 207.28   92.40
 207.44  191.41
 208.00  165.81
 208.14  101.72
 208.48  103.16
 208.66  134.31
 208.77  109.37
 209.88  186.00
 209.99  128.27
 210.30  159.91
 210.79  138.00
 211.29  190.28
 211.92  121.15
 212.13  184.10
 212.68  152.23
 213.58   75.68
 213.82  172.87
 214.13   66.60
 214.26  115.58
 214.43   26.95
 214.85   80.86
 215.10  178.42
 215.58   95.46
 215.85  128.05
 215.91  113.46
 216.42   90.92
 216.51  139.99
 216.69  166.09
 217.85  163.57
 218.18  169.45
 218.19  175.85
 218.33  137.41
 218.38   85.36
 218.46  148.85
 218.65   80.29
 219.26   88.02
 219.88  137.31
 219.99  114.79
 220.25  121.30
 220.58  190.81
 220.77  130.78
 220.88   68.49
 221.08  142.34
 221.68  184.02
 221.98  117.18
 222.13  181.15
 222.49  181.13
 223.16   85.58
 223.30  158.76
 223.46  152.43
 223.78   82.04
 224.61   64.54
 225.36   78.17
 225.59  176.76
 225.82   85.00
 225.90  114.52
 227.08  117.85
 227.22  188.68
 227.36  127.42
 228.04   98.56
 228.33   81.32
 229.02  182.78
 229.40  172.66
 229.61   56.65
 229.65   86.95
 230.47   63.12
 230.91   83.64
 231.86   92.26
 232.48  144.17
 232.91  133.84
 233.24  153.99
 234.49  123.94
 235.15  151.26
 235.85  176.21
 235.94  157.21
 235.94   81.55
 235.96  184.18
 235.98  100.47
 236.44  112.48
 236.55  116.34
 236.78  199.93
 237.10  108.56
 239.80  128.89
 240.26  102.92
 241.24  202.92
 241.51  109.85
 241.77  149.44
 242.66  116.24
 243.19  124.70
 244.41  175.87
 245.19  161.62
 245.83  127.85
 246.94  110.01
 247.61  132.29
 248.85  122.68
 248.87   98.82
 249.28  200.38
 249.37  197.17
 249.57  193.99
 249.86  190.03
 249.94  113.71
 249.97  140.43
 249.99  158.43
 250.62  176.41
 251.92  179.84
 252.72  126.52
 252.97  185.15
 253.55  132.57
 254.10  155.08
 254.54  164.39
 255.17  202.51
 255.24  183.33
 255.81  174.23
 255.99  112.99
 256.72   11.31
 256.75  180.13
 257.46  163.08
 257.93   76.80
 258.04  198.81
 258.47  187.29
 258.94  202.86
 259.10  110.56
 259.31  128.40
 259.41  116.35
 259.51  193.03
 259.74  174.37
 260.00  181.83
 261.92  113.80
 262.18  127.84
 262.89  186.66
 263.06  193.42
 264.00   94.59
 264.47  128.26
 264.69   79.82
 264.85   86.11
 264.87  146.07
 265.36   98.12
 265.98  113.09
 266.69  196.14
 266.70  106.34
 266.77  161.95
 267.02   73.13
 267.54  110.64
 267.79  172.37
 267.98  179.50
 268.68  190.85
 268.77  186.62
 269.15  132.51
 269.31  119.46
 269.68  124.99
 269.87  203.16
 270.59  128.54
 271.52  169.15
 272.09   11.61
 272.31  149.73
 272.61  174.11
 272.88  189.71
 273.68  144.42
 273.93  207.83
 274.57  204.96
 275.67  194.79
 275.78  178.95
 278.00  189.13
 278.87  199.12
 279.13  126.07
 280.05  207.04
 280.17  202.82
 280.75  169.02
 280.84  143.74
 280.95  115.48
 280.95  147.52
 281.17  177.97
 281.26  193.66
 281.52  160.91
 282.17  166.59
 282.61   89.61
 282.77  129.37
 283.22  163.88
 284.17  196.87
 284.33  118.28
 284.67  201.10
 286.32  164.54
 286.58  144.99
 286.66  191.98
 286.91  178.94
 287.29  129.48
 287.40  196.08
 288.97  186.51
 291.47  159.74
 291.61  168.54
