   6.86   14.82
   7.45   21.95
   7.76  176.06
   8.12   54.48
   8.42   82.03
  10.25  179.47
  10.33   45.31
  10.64   67.60
  10.79  184.75
  11.04   74.07
  11.96  128.48
  12.05  134.18
  12.21   29.06
  13.26   57.34
  13.35  143.75
  13.43   93.88
  13.96   34.77
  14.32   43.80
  15.05  169.51
  15.17  129.62
  15.36  101.84
  15.62  174.55
  15.81    9.47
  15.86  102.41
  16.10  140.22
  16.24  184.51
  16.47  135.46
  16.93  189.45
  17.19  142.45
  17.27  194.72
  17.34   89.75
  17.36   25.13
  17.52  112.33
  17.76  199.18
  17.82  204.24
  18.21  209.15
  18.24   45.59
  18.48   29.91
  18.56  138.61
  19.33   47.86
  19.37   34.85
  19.71  105.76
  20.96  131.34
  21.29   18.55
  21.53  119.72
  21.64   42.42
  21.95  125.28
  22.73  128.35
  22.76  190.68
  22.80  112.63
  22.96   63.49
  23.36   94.07
  23.64   27.99
  23.73   21.56
  23.84  175.82
  23.98  122.65
  24.44   30.52
  25.03   37.31
  25.76  108.89
  25.85   25.91
  26.28  131.06
  26.58  144.59
  27.03  127.93
  27.32   18.45
  27.55  104.69
  28.74  195.47
  28.77   23.07
  28.78   23.03
  29.38  142.70
  29.56   36.41
  29.78   49.73
  29.98  190.73
  30.73  129.81
  30.99   31.11
  32.14   43.71
  33.03   99.92
  33.23   99.97
  33.29   22.63
  33.51   58.17
  34.36   31.84
  34.61  182.17
  34.82   49.53
  35.80   73.77
  36.39   63.36
  38.03  174.86
  38.24  192.14
  38.79   36.23
  39.21   77.10
  40.20   18.28
  40.39  104.28
  40.55  202.09
  40.85   56.52
  40.90   30.80
  41.35  146.10
  42.62   31.42
  45.25  201.74
  45.27  133.81
  45.96   48.10
  46.10  169.98
  46.29   27.96
  46.74   31.91
  46.79   17.01
  48.11   50.60
  48.53   71.71
  48.73   68.65
  48.75  119.11
  48.81   50.67
  49.41  178.55
  49.72   84.32
  49.85   98.41
  50.14  105.03
  50.56   35.53
  51.26   64.35
  51.43  108.05
  51.46  133.76
  51.52   28.16
  51.66  186.92
  52.80  114.13
  53.06   19.29
  53.35  143.05
  53.59   89.32
  53.79  154.40
  54.15   48.04
  54.49  108.21
  54.55   24.18
  55.34   52.14
  56.11   64.09
  56.22  123.38
  56.41  176.36
  56.51  197.24
  57.31  103.22
  57.53   74.01
  58.04   78.45
  58.06  192.12
  58.11  130.98
  58.51   80.47
  58.59   50.83
  58.63  160.61
  59.11   92.80
  59.45   43.57
  59.96   22.70
  60.25  183.51
  60.39   47.94
  60.77  173.63
  61.22  119.01
  61.32  194.76
  61.65   57.51
  61.75  153.53
  62.03  142.68
  62.49  153.39
  63.07  111.98
  63.08  212.72
  63.21   19.79
  63.37   26.34
  63.38   99.61
  63.52   31.22
  63.85  121.71
  65.27  136.61
  65.56   58.45
  65.88   50.70
  65.89  169.46
  66.10  124.31
  66.97   92.93
  67.22   73.55
  67.35  118.74
  67.36   74.24
  67.51  181.55
  67.65  189.31
  68.27   26.25
  70.39   86.72
  70.63  120.89
  70.83  180.74
  70.92   37.09
  71.30  158.15
  71.69   22.26
  72.07   69.54
  72.38  140.85
  72.62  213.06
  73.95   90.52
  74.66  135.33
  74.93  182.40
  75.05   36.99
  75.14  178.25
  75.24   55.11
  75.52   59.78
  75.70  138.04
  75.83  169.51
  75.86  163.50
  75.91   24.41
  76.30  122.48
  76.40  117.27
  76.46   69.91
  76.57  108.53
  77.38  125.24
  78.74   94.57
  79.45   60.69
  79.45   64.94
  79.51   55.25
  79.59  120.70
  79.78   30.36
  80.10  169.33
  80.48   23.96
  81.44   91.86
  81.49  108.18
  81.61   49.52
  81.67  194.51
  81.87  139.45
  82.38  100.16
  82.48   73.08
  82.58   88.42
  83.25  160.93
  83.31   92.29
  83.34   67.41
  84.26   48.85
  84.46  136.88
  84.67  110.21
  85.54  162.66
  86.11  168.08
  86.58   43.75
  86.71  180.34
  86.84   96.06
  86.89   56.20
  86.98   49.83
  87.04  104.19
  87.05   27.95
  87.47   74.07
  87.98  113.81
  88.72  104.84
  88.89  157.99
  89.09   78.93
  89.74   49.12
  89.90  138.43
  89.97  103.49
  89.99  176.49
  90.35   74.71
  90.43  107.74
  90.58  107.81
  90.67   45.92
  90.93   52.50
  91.00   57.47
  91.01  117.90
  91.09  125.24
  91.19   98.49
  91.56   92.00
  91.89  100.25
  92.60  160.48
  92.66   24.15
  92.69  166.51
  93.00  112.42
  93.62  155.54
  93.69   89.59
  93.78  107.27
  94.42   28.76
  94.54  178.90
  94.62   56.69
  96.14   90.59
  96.61  122.65
  97.13  182.72
  97.36  114.44
  97.53  137.05
  97.71   51.83
  98.06  177.27
  98.78  103.36
  98.85  136.34
  98.98   25.47
  99.57  164.70
 100.05   65.74
 100.15  114.33
 100.35   19.39
 100.85   13.87
 102.18   37.38
 102.90   26.92
 103.06  117.16
 103.07  164.95
 103.61  199.03
 104.13   50.07
 106.68  116.75
 106.94  176.93
 107.29   88.86
 108.66  164.92
 109.17  100.60
 109.68  120.53
 109.87  206.28
 110.63   34.36
 110.78   57.99
 110.84  116.56
 111.09   52.37
 111.74   29.01
 112.18   81.60
 112.29   44.32
 112.39   44.31
 112.42   61.16
 112.53  119.45
 112.93  182.72
 113.00  171.07
 113.05  110.76
 113.57   48.80
 113.63  150.39
 113.95  165.37
 114.05   40.91
 114.09   52.62
 114.43   94.37
 114.77   35.41
 115.11  102.22
 115.37  211.37
 115.42   31.86
 116.24   27.01
 116.33  162.44
 116.34   62.68
 116.43   77.62
 116.45  206.77
 116.64   46.19
 117.11   86.37
 117.18   39.87
 117.36  174.01
 118.77   43.49
 118.84   41.43
 118.98  162.22
 119.64  153.75
 119.68   57.80
 120.02  169.87
 120.15  169.87
 120.46   25.06
 120.54   53.16
 123.18   32.45
 124.31   40.84
 124.40   22.72
 124.46   50.28
 124.47   50.71
 124.62   55.57
 124.88  206.31
 125.21  201.69
 125.39  118.46
 126.52  106.04
 126.66  108.51
 126.67   25.23
 126.75  172.67
 126.77   25.03
 127.88   51.71
 128.28   22.39
 128.75  197.24
 129.21  100.07
 129.70   86.70
 129.93   96.26
 129.94   58.74
 130.35   25.72
 130.52   44.14
 130.53   80.49
 130.82  201.42
 130.89   93.84
 131.31   48.07
 131.31   89.33
 131.67   55.02
 132.14  109.02
 132.16  166.80
 132.29   18.97
 132.32   74.77
 132.92  155.54
 133.07  123.72
 133.22  118.42
 133.98   86.74
 134.65   31.59
 134.78   51.34
 135.21  104.94
 135.36  211.78
 135.73   63.07
 136.22   89.21
 136.51  207.44
 136.65   78.44
 136.84   22.39
 136.87   80.83
 136.91  162.54
 137.61  159.03
 137.73   55.05
 139.24  196.88
 139.59   82.17
 140.51  158.27
 140.77   62.39
 140.84   25.01
 140.93   33.48
 141.08  202.87
 141.34  110.85
 141.59   75.57
 141.85  209.94
 141.86  154.23
 143.32  207.58
 143.66  193.46
 144.18  106.71
 144.64   30.71
 144.93  202.76
 145.24   25.96
 146.63   55.67
 147.07   28.93
 147.56  101.14
 147.60  161.90
 148.52  137.03
 149.32   22.81
 149.82   36.94
 151.01   95.53
 151.52   89.94
 152.10  203.50
 152.14   42.23
 152.48  213.41
 152.56  142.30
 152.85   92.41
 153.50   28.15
 154.24  101.99
 154.83   45.60
 155.07  208.16
 155.12   88.46
 155.14   50.52
 155.35  156.62
 155.58  212.06
 155.67  152.14
 155.76  110.17
 155.78  106.44
 157.12  167.43
 157.19  189.82
 157.70   35.28
 157.74   35.10
 157.97   40.61
 158.04  111.07
 158.08  144.64
 158.20  201.54
 158.23   93.02
 159.69  149.56
 160.12  108.90
 160.25  154.15
 160.46   37.07
 160.48   88.44
 160.57  120.15
 160.83   43.95
 160.89  210.20
 161.00   50.45
 161.03   26.65
 161.66  194.60
 162.15  162.17
 162.54  202.52
 163.55  158.28
 163.65  118.51
 164.18   27.95
 164.27   58.56
 164.27   37.55
 164.56  207.92
 164.60  129.67
 164.80   40.75
 164.81  105.34
 164.97  154.51
 165.08  204.35
 166.22   96.76
 166.58  145.25
 166.74   44.06
 166.93   89.27
 166.98   25.64
 167.29  151.13
 167.35  156.66
 167.68   50.81
 168.05  186.62
 169.28   54.11
 169.58  102.58
 169.82   47.78
 170.46  112.52
 171.03   66.41
 171.73   97.08
 171.96  159.13
 172.82  119.86
 173.30   29.13
 173.34  110.24
 173.41   38.88
 174.74  135.22
 175.30   51.49
 175.52   98.10
 175.93  109.40
 175.94  194.89
 176.51  149.16
 176.62  104.76
 176.72  197.97
 177.37   30.64
 177.44   86.82
 177.55  117.59
 177.68   35.64
 177.86   41.19
 178.02  145.50
 178.95  113.99
 179.04   58.45
 179.06   74.16
 179.73  156.66
 180.00  136.44
 180.47  123.41
 180.57  196.48
 180.60  193.33
 180.81   87.53
 180.94   27.56
 181.04  148.13
 181.06  129.95
 181.15   44.11
 181.61   50.58
 181.68  177.42
 183.43   54.85
 183.58   47.64
 183.63   54.47
 183.85   28.73
 183.90  190.72
 183.95  152.72
 184.47  208.10
 185.19  103.24
 185.89  136.61
 185.90  116.23
 186.11  161.37
 186.15  179.54
 186.20  141.30
 186.30   36.22
 186.42   88.34
 186.64  190.90
 186.90  129.97
 187.64  156.31
 187.69   57.39
 187.77  108.57
 187.87   94.42
 188.92  101.45
 189.00  173.69
 189.08  132.35
 189.13  189.96
 189.27  109.20
 189.50  162.04
 189.79  149.76
 190.04  142.88
 190.47  153.93
 190.57  137.70
 190.85  126.03
 191.13   51.79
 191.29  173.83
 191.66  194.17
 191.94   42.29
 191.96   71.04
 192.16   59.78
 192.48  181.64
 192.82   96.46
 193.67  133.78
 194.19  101.77
 194.50   39.11
 194.61  114.68
 195.63  151.52
 195.84   60.09
 196.11  144.52
 196.16  170.98
 196.43   55.87
 196.74  147.34
 197.58  128.61
 197.85   57.44
 198.24   74.26
 198.54   84.41
 199.00   89.51
 199.18  149.79
 199.40  153.56
 199.96  135.14
 200.32  131.48
 200.41   44.29
 200.78  146.82
 200.90  111.78
 200.92  143.17
 201.24  123.46
 201.29   86.57
 201.38   76.76
 201.56  186.76
 202.29   56.43
 202.48   42.68
 202.49  114.10
 202.87   92.87
 203.14  100.31
 203.42  152.15
 203.43  168.46
 203.94  146.89
 204.04   46.25
 204.15  135.41
 204.16  123.12
 204.18   73.46
 204.37   79.17
 204.91   48.92
 205.27  145.69
 206.10   40.99
 206.35  154.28
 207.42  128.65
 208.21   43.67
 208.47   51.16
 208.52   59.19
 208.70  107.65
 209.04  150.75
 209.07  103.57
 209.56  153.75
 209.64  124.45
 210.43  167.88
 211.00  145.05
 211.25  183.23
 211.28  147.86
 212.17  111.59
 213.06  169.60
 213.65   74.06
 213.82  125.46
 214.98   89.74
 215.28  151.36
 215.44  110.01
 216.02   59.00
 216.10  102.21
 216.32   59.37
 216.96   42.75
 217.80  195.55
 218.15  179.90
 218.28  111.41
 218.35   57.25
 218.67   50.89
 218.72   75.77
 219.02   98.58
 219.47  149.85
 220.19  190.25
 220.57   52.50
 220.82  119.14
 221.19  188.67
 221.95  102.01
 222.91   54.04
 222.95   88.80
 222.97   50.28
 223.05  152.56
 223.19   45.44
 223.30  103.24
 223.31   59.46
 224.00   97.81
 224.17   72.76
 224.29  190.47
 224.47  109.83
 224.76   82.96
 224.93  180.62
 224.99  174.67
 225.26   94.62
 225.41  151.01
 225.99   55.53
 226.08  140.20
 226.17  132.67
 226.74  201.42
 227.03   60.82
 227.86   78.50
 227.93  177.64
 228.04  152.29
 228.35   50.95
 230.08  104.81
 230.10   53.37
 230.17  100.84
 233.92  140.60
 234.11   59.03
 235.42   84.53
 235.73  124.97
 236.37  168.65
 237.37  102.88
 237.58  115.21
 237.64  141.57
 239.75   93.97
 241.42   81.25
 241.73  139.77
 242.08   67.74
 242.25   91.51
 244.08   55.56
 244.43  142.01
 244.57   93.56
 245.00  130.54
 245.21  130.36
 246.80  126.33
 247.40   94.05
 248.52  130.48
 249.13   68.20
 249.66  101.95
 251.33   63.27
 251.52  119.44
 252.23   55.12
 253.14  170.80
 254.89   52.36
 255.11  113.22
 255.71   95.92
 256.26  101.53
 256.62  167.20
 256.62  151.89
 256.78   95.54
 257.25  162.48
 258.54   85.62
 258.72  100.62
 259.29  135.42
 259.75  174.52
 259.93  123.40
 260.36   50.48
 261.79   54.47
 261.88   60.68
 262.96   56.15
 263.15   49.99
 263.50   88.86
 263.90   71.94
 264.26   45.30
 264.55  143.51
 265.40   42.35
 266.31   76.70
 266.50   54.37
 266.89  124.08
 267.38  177.81
 267.40   48.34
 267.44  132.29
 267.76   94.27
 268.07   56.99
 268.10  139.78
 268.22   99.98
 268.74  127.62
 269.02   42.03
 269.98  144.41
 270.68  164.50
 271.09   66.42
 271.90   44.74
 272.47  163.50
 272.48  124.78
 272.80  134.03
 273.42  130.85
 273.48   54.11
 274.31  113.85
 274.37   58.36
 274.52  210.07
 274.59  108.13
 275.41   50.72
 276.03  165.66
 276.10   40.83
 276.42  179.99
 276.46   41.39
 277.01  182.54
 277.10   62.73
 277.55   54.81
 277.61  153.85
 279.27  179.92
 279.28  100.96
 279.39   44.44
 280.69  164.28
 280.86  164.90
 280.91   61.46
 281.14   47.98
 281.82  114.59
 282.09   75.18
 282.80  157.35
 283.42  106.66
 283.54  117.79
 283.90  135.67
 283.95   91.63
 284.11   44.70
 284.51   80.39
 285.09   49.57
 285.16   56.13
 285.27  103.95
 286.49   63.85
 286.63  146.92
 287.00   53.37
 287.60  156.75
 287.84   44.04
 287.91   74.47
 288.75   93.17
 288.90  119.50
 289.06  115.36
 290.81  206.82
 291.94  210.15
 292.39   49.55
 292.66  179.68
 294.48   72.39
 294.83  109.68
 295.64  169.04
 296.45  181.37
 296.55  155.83
 297.64  203.57
 298.26  131.05
 298.36   87.56
 298.49   97.96
 298.70  191.84
 298.75   46.16
 299.76  128.68
 302.15   61.34
 302.80  111.39
 303.62   89.30
 303.88   91.68
 305.53  138.18
 306.03   68.13
 306.52  149.18
 306.93  196.11
 308.11  114.02
 308.74  156.67
 308.88  156.33
 312.52   69.67
 312.67  175.28
 315.80  116.95
 319.46  125.34
 319.81  175.67
