   7.12   77.15
   8.65   80.56
   8.84  202.15
  11.26  134.02
  11.69  169.60
  12.04  149.63
  12.51  210.94
  13.10  146.04
  13.62   76.67
  14.65   53.36
  15.89  150.13
  17.30  200.67
  18.23  147.49
  19.10   36.35
  19.65   49.26
  19.65  142.88
  21.51   43.41
  21.64   43.26
  22.03  161.48
  22.99   47.83
  23.61  158.56
  24.47   86.33
  24.63   52.24
  24.91   53.44
  24.95   76.30
  25.17  133.86
  26.22   63.36
  26.23   63.55
  27.25   35.21
  27.89   66.20
  28.83  145.12
  29.72   63.30
  30.01  160.85
  30.21   42.20
  30.31   42.19
  30.73  205.02
  32.52  130.10
  32.59   75.18
  32.89   50.99
  33.39   15.70
  33.88   15.78
  33.93  190.22
  34.04   38.82
  34.10   57.16
  35.09   23.16
  35.37   84.52
  35.61   34.28
  35.63   79.50
  36.26  193.90
  36.90  158.97
  37.99  166.47
  38.04   45.97
  38.44   41.15
  38.47   15.69
  39.26  186.18
  39.32   19.64
  40.09  190.94
  40.20   26.72
  40.30  134.62
  40.76  134.92
  41.22   54.19
  43.52   49.64
  43.74   33.59
  44.57   32.05
  44.71  194.18
  45.56   21.08
  46.00   10.08
  46.23  117.39
  46.72  141.58
  46.94   26.04
  47.19   40.34
  48.28  155.33
  48.86  195.76
  49.21  212.02
  49.58   14.31
  49.65  134.71
  49.99  190.76
  50.43  186.30
  51.80   32.59
  54.39  150.32
  54.44  203.99
  55.44   40.03
  56.15  174.28
  56.21  193.93
  56.54  140.04
  57.64  102.93
  58.07  106.15
  58.82  207.15
  58.86  113.78
  59.22  207.04
  59.66   17.01
  60.29  151.48
  60.63  101.53
  63.70   40.92
  64.57  199.37
  65.11  192.54
  65.98   39.70
  67.95   16.38
  68.07  180.03
  70.21  108.00
  70.80  151.09
  71.99  172.98
  72.64  198.90
  72.66  198.60
  73.10   54.12
  73.29   18.06
  73.32   79.77
  73.75  185.61
  73.78  193.99
  74.23   62.18
  74.42  152.40
  74.48   53.68
  74.49  207.71
  74.51  157.39
  74.92   29.39
  75.17  161.72
  75.90   58.18
  76.13  126.40
  76.62  179.06
  78.07   22.26
  78.07  182.17
  78.61   50.82
  80.02   48.08
  81.11  151.89
  81.69   11.69
  82.46  170.31
  82.93  191.71
  83.49  158.40
  83.51  114.91
  83.65  131.92
  83.74  176.37
  84.09  167.42
  84.68  209.10
  84.78  188.66
  85.16  150.42
  85.35   35.49
  85.42   74.69
  86.18  122.82
  86.43  136.74
  86.89  196.18
  87.78  144.23
  88.23  107.17
  89.46   39.25
  89.65   81.44
  89.71   96.85
  90.24  165.60
  90.31  161.16
  90.45  103.10
  90.57  111.19
  91.92   69.35
  91.96   74.72
  92.76  167.51
  93.08  142.84
  93.25   20.69
  93.35   17.62
  93.88  126.87
  93.95   42.82
  93.98   90.63
  94.04  184.58
  94.80   84.88
  94.98   63.57
  95.83  153.52
  96.20  201.47
  96.31  135.04
  96.62  167.39
  97.04  104.03
  97.40   70.66
  97.47   36.59
  97.88  185.04
  98.03  205.66
  98.65   32.19
  98.97  202.08
 100.37  106.74
 100.39  160.40
 100.45   29.30
 100.62  106.76
 100.83   39.87
 101.21  200.23
 101.34   51.75
 101.38  187.20
 101.70  134.32
 101.71   43.35
 102.59  103.13
 102.89   86.20
 103.41  193.55
 103.90  148.47
 103.91  175.58
 103.93   49.72
 104.24  120.88
 104.33  111.08
 104.62  205.75
 104.67  184.24
 104.91  156.88
 105.06   35.52
 105.43   67.59
 105.70  130.79
 105.99  115.20
 106.12  198.69
 106.58   39.26
 106.79  151.28
 107.11   98.06
 107.40  202.70
 107.49  186.17
 107.52   30.57
 107.89  174.29
 108.25  106.84
 108.43  102.87
 108.56  151.92
 108.95  133.37
 109.18   52.13
 109.70  197.76
 109.78  120.60
 110.64  204.41
 110.72   48.36
 110.74   95.64
 110.94   47.12
 111.25  143.35
 111.49   91.92
 112.31  105.42
 112.33  131.05
 112.40  186.91
 112.85  134.95
 112.89   49.44
 112.90  183.50
 112.91   35.21
 113.19  107.22
 113.66  118.28
 113.81  121.26
 113.90  205.85
 113.98   45.85
 114.01  193.44
 114.28   38.61
 114.72  131.16
 114.77   73.71
 114.81   56.14
 114.88  179.77
 114.96   23.85
 114.99  102.96
 115.37   79.54
 115.58  202.49
 115.85   90.49
 115.86   79.77
 116.06  107.12
 116.43  126.64
 116.89  198.67
 116.94  126.68
 117.17   51.49
 117.65   18.65
 118.31  167.31
 118.40  145.91
 118.57  102.94
 118.71  130.92
 118.76  102.92
 118.92  111.77
 118.99  172.86
 119.12  179.43
 119.46   29.83
 119.46  184.98
 119.96   98.04
 120.07   85.98
 120.31  120.43
 120.51  181.94
 120.89   70.87
 120.92   12.07
 121.08  201.37
 121.14   81.80
 121.38  130.53
 121.54  172.09
 122.00  158.73
 122.13   71.27
 122.76  191.58
 123.32   13.97
 124.29  101.92
 124.45  179.32
 125.05  175.68
 125.17  105.72
 125.22  125.88
 125.57  151.58
 125.70   51.28
 126.03  109.16
 126.30   33.52
 126.47   74.82
 126.99   84.81
 127.11  131.61
 127.61    9.17
 128.00  164.62
 128.07   99.49
 128.24  172.18
 128.29   77.97
 128.29  185.33
 128.80   95.08
 129.05  115.18
 129.21  181.72
 129.47  191.43
 129.78  102.16
 129.92  196.12
 130.30  175.39
 130.91  132.03
 131.00  122.60
 131.00   51.59
 131.07  141.12
 131.44  146.67
 131.47  178.67
 131.54  159.82
 131.55   66.90
 131.96  194.13
 132.18   88.19
 132.40  106.97
 133.12  190.53
 133.54  103.55
 133.63   98.13
 133.64   85.46
 134.15  118.67
 134.55   21.98
 134.84   26.15
 134.98   26.12
 134.99  196.03
 135.08   75.90
 135.52  111.89
 135.80   72.95
 136.67  178.59
 137.16  204.29
 137.95  131.93
 138.06   12.77
 138.07   28.55
 138.52  127.62
 138.74  183.49
 138.93  186.18
 139.23  109.01
 139.30  189.63
 139.32  193.43
 139.37   53.29
 139.51   65.21
 140.81  211.09
 140.94  176.10
 141.28  171.97
 141.52  166.25
 142.13   33.58
 142.29  188.59
 143.03  124.76
 143.15  120.08
 143.56  178.08
 143.95  147.83
 144.75   36.15
 145.00   31.79
 145.20  131.50
 145.21  167.56
 145.91  127.48
 145.94   71.14
 146.05  211.64
 146.10  181.53
 146.39  185.06
 146.41  101.07
 146.49  118.63
 146.69  193.76
 147.40   41.52
 147.74  114.89
 147.78   52.65
 147.81   10.84
 148.47  139.43
 148.69  190.14
 148.75  165.26
 148.77  175.95
 149.11  129.60
 150.42   29.94
 150.84   69.95
 150.96   73.47
 151.10  156.46
 151.12  172.40
 151.51  112.64
 152.17   28.30
 153.12  111.96
 153.33   25.99
 153.49  164.96
 153.80  175.40
 153.85  121.94
 153.95  189.58
 154.92  131.50
 155.10   51.25
 155.36  166.15
 155.79  160.96
 157.24  187.92
 157.37  125.53
 158.29  121.90
 159.71   63.97
 159.87  191.90
 160.32  200.48
 160.40  114.55
 160.55  106.88
 160.61  178.50
 160.89   71.44
 161.20   12.65
 161.37  123.48
 161.80  188.01
 161.83  156.13
 162.56  147.88
 162.82   73.58
 162.98   57.16
 164.14  166.31
 164.34  210.73
 164.35  169.45
 164.49  183.95
 164.77  123.02
 165.25   92.86
 165.35   36.49
 165.71   30.61
 165.97   17.59
 165.99   13.17
 166.12  126.42
 166.17   98.56
 166.30  106.33
 166.33  102.57
 167.27  189.28
 167.57   57.32
 167.91  173.13
 168.04    7.33
 168.23  117.52
 168.42  169.29
 168.85   90.83
 169.67   54.60
 170.29    9.23
 170.34   50.70
 170.38   17.00
 170.54   24.34
 170.65  186.60
 170.77  211.40
 171.45  124.71
 171.73   41.31
 171.75  106.88
 172.66  166.64
 172.68  191.78
 173.09  157.20
 173.24   98.64
 173.28  188.64
 173.65   31.25
 173.67   26.54
 173.76  182.04
 173.99   63.15
 174.03  110.56
 174.18   16.35
 174.82  178.59
 175.14  116.57
 175.44  168.75
 175.68  121.09
 176.10  160.98
 176.60   93.63
 177.09   10.97
 177.29  157.64
 177.39   59.18
 177.87  114.71
 177.98   73.81
 178.33  142.48
 178.38   44.42
 178.46   67.63
 178.49  110.78
 178.51   27.52
 178.58  123.34
 179.18   43.99
 179.67    9.33
 180.05  182.89
 180.13  166.82
 180.82   85.93
 180.94   90.39
 181.06  107.03
 181.12   38.83
 181.28   48.59
 181.75   79.25
 181.92   30.62
 181.96  111.58
 182.64  163.31
 182.73  185.73
 183.49   93.54
 183.88  121.04
 184.00   58.96
 184.53  105.21
 184.55   84.44
 184.62  147.74
 184.75  155.54
 185.05  116.56
 185.48  166.06
 185.66  188.33
 185.79   80.23
 186.11  177.30
 186.14  162.99
 186.41   14.21
 186.43   91.02
 186.84  199.95
 187.07  145.79
 187.10   48.86
 187.19  156.28
 187.46   25.43
 187.81  123.24
 188.00   20.49
 188.05  180.51
 188.72   91.38
 189.12  119.49
 189.26   91.44
 189.29  197.44
 189.50   65.45
 189.51   28.31
 190.30   13.52
 190.33  190.32
 190.37  103.51
 190.40   35.12
 190.72   39.41
 190.83  183.46
 191.07   57.96
 191.33   87.42
 191.35  143.05
 191.41   45.31
 191.70  108.24
 192.09   70.15
 192.34  114.80
 192.61  176.74
 192.83   27.97
 193.02   16.85
 193.17   79.20
 193.58   95.05
 193.98  147.86
 194.35   91.19
 194.35  116.23
 194.37  185.61
 194.43   35.20
 194.47   53.81
 194.68   48.79
 195.50  175.64
 195.67   81.01
 196.08  127.37
 196.53   87.58
 197.02   27.16
 197.16   57.21
 197.55  106.40
 197.55  181.59
 197.56   45.93
 197.84  195.40
 198.02   50.37
 198.14   13.12
 198.39   89.67
 198.61   34.23
 199.77  110.04
 199.96   22.12
 200.49   97.00
 200.52  158.57
 200.74   17.02
 201.05  154.86
 201.06  118.75
 201.38  178.95
 201.60   62.60
 202.01  175.21
 202.28  102.14
 202.35  123.06
 202.50   78.85
 202.77   26.43
 202.98   41.46
 203.33  181.28
 203.34   86.73
 203.67   70.95
 204.13  153.89
 204.73   37.01
 205.26  106.09
 205.72  149.98
 205.89   94.50
 205.93  115.79
 206.13   25.69
 206.49  111.68
 206.84   54.30
 206.87   78.83
 207.18   45.65
 207.28  159.52
 208.01  209.19
 208.03  171.36
 208.32  118.31
 209.18  110.16
 209.29  211.72
 209.66  176.25
 209.90  156.66
 210.54  106.55
 211.43  179.10
 212.04  159.36
 212.22  182.56
 212.46   24.08
 212.55   14.94
 212.71  162.40
 212.81  175.69
 212.85  211.61
 213.08  156.34
 213.50   87.20
 213.64   55.96
 213.64  139.22
 213.65   38.41
 214.14   20.08
 214.26   94.33
 214.50  145.09
 215.12   83.02
 215.30   90.75
 215.52  116.49
 215.75  112.59
 215.77  140.38
 216.02   40.21
 216.11   32.31
 216.46   34.82
 216.54  122.73
 216.63   46.76
 216.81  184.83
 217.05   12.38
 217.33  149.17
 217.57  164.24
 217.75   81.55
 218.25  173.11
 218.53  115.95
 218.63   27.81
 218.64  188.05
 218.89   51.23
 219.32   78.19
 219.85   46.09
 220.03  153.05
 220.14  126.24
 220.17   27.19
 220.37   56.34
 220.70   56.15
 221.03  168.75
 221.05   36.81
 221.11  156.94
 221.28  172.70
 222.13  144.23
 222.51  114.46
 222.69   77.09
 222.79   41.73
 223.43   85.59
 223.90  110.56
 224.39  159.58
 224.44  124.04
 224.50  170.09
 224.70   89.68
 224.73   55.72
 225.00  174.77
 225.06   93.99
 225.50   34.29
 226.04  128.81
 226.11   67.40
 227.38  155.59
 227.41  134.71
 227.42   46.11
 227.51   85.95
 227.62   61.22
 227.93  111.39
 228.15   75.60
 228.20  169.52
 228.57   39.63
 228.66  192.07
 229.35  115.36
 229.52  111.30
 229.62   97.49
 229.63  105.53
 230.11  130.98
 230.96   29.68
 231.64  153.21
 231.73   69.60
 231.88   34.79
 232.13   60.39
 232.37  166.85
 232.67  149.79
 232.68   90.85
 233.38  174.51
 234.20  108.62
 234.29   64.33
 234.92   39.39
 235.02  104.94
 235.06  172.31
 235.17  114.87
 235.66   36.37
 236.08  145.31
 236.10   33.08
 236.11  153.94
 236.13   26.60
 236.18  111.41
 238.04  125.35
 238.29   44.69
 238.63   35.93
 239.09  109.65
 239.67   89.83
 239.94  151.21
 239.94  119.01
 240.12  179.34
 240.31  138.98
 240.61  122.05
 241.57  154.01
 241.60   63.07
 241.87   62.75
 242.65   32.17
 242.80   36.77
 243.45  106.26
 244.18   87.09
 244.23   93.99
 244.33  172.78
 244.35  150.55
 244.54   38.61
 244.70  118.17
 244.85  182.79
 245.55   90.50
 246.53   16.56
 247.23   12.40
 247.28   43.60
 247.45   75.53
 248.01   82.09
 248.19   43.87
 248.43  124.16
 248.63   54.37
 248.65   65.41
 248.86  136.56
 248.90  160.76
 249.05   88.58
 249.27   56.56
 249.47   61.42
 249.73   78.12
 249.82   58.25
 249.86   31.87
 250.36  130.41
 251.27  144.39
 251.91   67.42
 252.45   75.09
 253.36   85.44
 253.60  201.94
 253.90   53.84
 254.74   23.40
 254.87   18.64
 255.95   25.90
 256.44   57.38
 256.44  201.13
 256.67   70.16
 257.23  132.01
 257.54   73.60
 257.99   78.84
 258.02  101.84
 258.71   60.33
 259.53   54.25
 259.65  189.67
 260.19  142.61
 260.37   78.40
 260.41  173.34
 260.44  185.87
 260.52  183.79
 260.92   90.90
 261.31  103.34
 261.31   28.63
 262.29   80.98
 262.98  126.97
 263.06  151.97
 263.40   86.04
 263.65   24.40
 264.06  175.40
 265.20  110.08
 265.30   53.64
 268.00   99.08
 268.04   33.03
 268.75  164.60
 268.90   43.44
 269.79  167.86
 269.81  148.88
 269.85   84.14
 272.59  172.63
 272.74  182.09
 273.22   57.62
 273.38  139.43
 273.50  141.68
 273.74  153.11
 274.08   32.50
 274.71  108.33
 275.00   59.79
 275.46   49.32
 275.77  127.84
 276.02  160.33
 277.22  192.18
 277.25   80.58
 277.37   90.79
 278.22   96.88
 278.25   23.05
 278.73   61.92
 279.21   58.36
 279.51   16.35
 280.18   52.83
 281.05   87.70
 281.53   20.68
 281.76  144.46
 282.33   81.30
 282.52  154.38
 282.71    9.20
 282.90   49.01
 283.62   51.97
 284.46   77.46
 284.99  120.10
 285.23   95.82
 287.67   88.34
 288.02  124.31
 288.76   51.89
 289.00  170.23
 289.57  138.82
 289.60  118.45
 290.11  168.03
 290.29  138.41
 290.32   44.65
 291.83  145.71
 291.98   42.01
 293.53  105.95
 294.70  173.42
 295.53   59.27
 297.20   30.07
 297.42   52.47
 298.18   80.57
 298.89   99.92
 299.37   31.30
 299.82   86.73
 299.84  147.86
 300.31  146.17
 300.32   42.30
 300.42   86.56
 300.71   96.62
 301.82   47.16
 301.83   50.47
 302.59   37.75
 302.60  112.96
 303.70   97.66
 304.25  155.65
 304.37   33.79
 304.48   52.04
 304.73   77.88
 304.78   90.41
 304.86   50.05
 305.65   20.61
 305.78  138.45
 306.02   40.31
 306.26   35.95
 306.33   28.51
 306.51   47.28
 306.90   59.63
 307.34  125.75
 307.41   23.88
 308.20  166.05
 308.27   46.51
 308.65   49.84
 308.75   20.06
 309.07  130.28
 309.56   32.44
 311.29   51.83
 311.55   29.82
 311.81   82.74
 313.09  129.84
 313.45  128.96
 313.89  137.86
 314.22   72.90
 314.25   72.96
 314.69   10.23
 316.89  102.59
 317.48   46.80
 319.39   74.76
 321.57   74.47
 322.31   30.69
