   7.35  140.92
   8.86   72.52
   9.78   49.88
  11.94   82.86
  12.03   73.45
  12.07   11.03
  13.28    7.93
  13.44   33.56
  13.71   69.75
  14.08   94.49
  14.28   33.63
  15.07   80.59
  15.14   37.35
  15.51   78.14
  17.00   65.49
  17.10   17.64
  17.75   83.33
  17.87  123.22
  19.23  207.83
  19.80   30.24
  20.35   63.59
  21.68  126.70
  21.87   39.98
  23.25   75.20
  23.73   23.28
  23.82  179.97
  24.54  179.95
  25.49   42.14
  26.34  164.95
  26.45    7.98
  26.62   96.69
  26.63   35.50
  27.35   47.88
  27.95  172.46
  28.24   70.13
  28.67  194.99
  29.35  177.50
  31.01   58.92
  31.76  150.15
  34.68  203.09
  35.48    8.39
  35.73  175.67
  36.10  197.12
  37.11   25.33
  37.46   25.22
  37.69  184.12
  37.87   93.74
  37.96  190.70
  38.62   20.40
  40.23  115.01
  41.97   23.06
  42.92   27.26
  43.15  124.94
  43.80   63.56
  43.93    8.17
  43.95  177.36
  44.50   54.94
  44.70  133.89
  44.88  189.06
  45.07   21.58
  45.44   31.26
  45.55   18.54
  46.63   46.71
  46.71   49.82
  47.09  148.62
  47.17   33.95
  47.17   91.67
  47.50   46.80
  48.81   30.73
  49.55  135.02
  50.24   54.98
  50.75   74.04
  50.76   59.17
  51.09   26.39
  51.37   78.85
  51.46  157.80
  52.95   48.00
  53.01   82.48
  53.38   41.06
  53.54   17.52
  53.65   53.08
  54.22   69.16
  54.45   37.84
  54.74  167.89
  55.32   75.34
  55.62   24.92
  55.83   35.03
  55.84   28.58
  56.20  158.46
  56.44  158.51
  56.52   49.87
  56.55   31.98
  56.63   62.75
  58.70   94.39
  59.84   21.10
  59.96   83.41
  60.02   46.12
  60.26   86.05
  60.78   17.80
  60.87   33.13
  61.12   78.05
  61.74   72.14
  62.00  131.06
  62.05   39.56
  62.78  160.66
  62.89   10.48
  63.24   63.78
  63.50   85.40
  64.14  103.12
  64.98  152.78
  65.03   19.05
  65.22   36.36
  65.72  198.03
  66.86  124.55
  67.22  142.60
  67.57  172.76
  68.19   31.36
  68.32  162.94
  68.60  101.65
  68.65   21.50
  68.71   48.24
  68.73  159.24
  69.36   39.37
  70.41   90.78
  70.97   24.79
  71.04   36.27
  71.23   20.36
  72.02  174.42
  72.43   97.41
  72.44   54.09
  73.57   89.23
  73.62  122.45
  73.63   43.23
  74.01  200.85
  74.14   29.84
  74.21  102.58
  74.36   61.41
  75.14   68.23
  77.02   40.43
  77.62   28.20
  77.83   62.18
  77.88   48.06
  77.91   29.11
  78.24   33.06
  78.54   17.16
  78.93   81.65
  79.88   11.98
  80.17   77.44
  80.93   22.14
  80.97   38.51
  82.54   77.75
  82.92  195.79
  83.28  200.29
  83.31  112.48
  83.64   18.84
  83.88   64.65
  84.15   57.62
  84.46   31.95
  85.32  144.25
  85.81  101.27
  86.08   72.42
  86.12   47.89
  86.90   24.42
  87.00   91.18
  87.58   30.49
  88.69   11.09
  91.92   82.18
  92.38   83.85
  92.49  123.78
  92.97   87.81
  93.02  163.48
  93.03   50.55
  93.25   51.91
  94.26   62.90
  94.74  104.74
  94.92   20.37
  95.86   98.82
  97.02  202.05
  97.70   71.05
  97.85  105.36
  98.07  198.82
  98.31  147.01
  98.32  198.39
  98.82  108.98
  99.11  185.16
 100.81  202.61
 100.99   38.61
 101.63   88.48
 101.88  146.89
 103.03  199.76
 103.53   74.63
 104.60   31.43
 104.91   64.66
 105.02   41.89
 105.54   54.99
 105.55   52.40
 106.04   58.93
 106.88   61.30
 107.23  118.08
 108.57  120.73
 109.00   31.85
 109.63   59.08
 109.85  193.28
 109.95   11.83
 111.27   20.77
 111.36   35.32
 111.57   78.43
 111.75  111.08
 111.88   40.93
 111.94   85.20
 112.41  115.64
 112.69   52.83
 112.98   30.55
 113.16   57.46
 113.42  118.98
 113.43   25.64
 113.86   19.53
 114.78  188.20
 115.27  141.20
 115.43  188.92
 115.73   37.31
 115.85   63.46
 116.39   52.66
 116.42   11.07
 116.74  193.47
 116.99   60.50
 117.31   40.67
 119.86   57.30
 120.75   29.93
 121.53   36.92
 123.30   19.43
 123.37   53.72
 123.50   58.58
 123.76   89.86
 124.13  134.68
 125.37  148.37
 126.02   40.88
 126.43   46.79
 126.48   28.70
 126.54   86.57
 126.97   92.11
 127.60   81.99
 127.72   58.04
 128.52   47.70
 130.54   19.30
 130.99  130.01
 131.21   44.86
 131.36   51.64
 132.22   33.84
 132.43   73.38
 132.45  156.92
 132.47   66.43
 132.68   28.88
 132.93  140.29
 133.48   11.50
 134.40   59.49
 134.85   46.69
 136.17   36.18
 136.53   42.07
 137.11   65.60
 137.26   83.17
 137.77  153.64
 138.23  123.65
 138.42   23.07
 138.63  197.09
 138.98  193.58
 139.02   70.04
 139.18   49.15
 139.37  204.66
 139.55   39.08
 139.91  190.98
 140.16   79.91
 140.26   28.45
 141.79   12.04
 141.96   46.81
 142.52   57.92
 142.66  212.50
 143.18   25.19
 143.73   19.05
 143.88  100.87
 144.03   63.27
 144.15   42.39
 144.29   57.26
 144.49  104.21
 144.71  138.24
 146.28   49.49
 146.30  124.60
 146.93   39.04
 146.97   81.92
 147.00   57.83
 147.05  142.27
 147.08   32.38
 147.33   28.63
 147.56   11.90
 148.12   79.34
 148.43   65.76
 148.68   34.17
 148.77   96.06
 148.79  103.52
 149.01  114.25
 149.17  179.95
 149.53  183.16
 149.84  145.16
 150.21   40.90
 151.24  141.24
 151.26   52.65
 151.27  117.29
 151.29  177.37
 151.45   63.80
 151.53   72.49
 151.68   31.15
 151.97   59.89
 152.45  108.06
 153.10   86.14
 153.40   55.52
 153.58  108.80
 153.65   38.86
 153.93  112.79
 153.98   58.75
 154.06  176.00
 154.14  144.55
 154.29   78.57
 155.81   31.43
 156.41   92.50
 156.77   51.38
 158.02  125.64
 158.37   13.05
 158.89   24.08
 159.49   57.82
 159.70   89.12
 159.87  161.87
 159.87   67.82
 160.34  148.52
 160.63   41.40
 160.65  102.97
 160.72   98.67
 161.35   77.59
 161.62   21.49
 161.62  124.30
 161.81   84.71
 162.12    7.42
 163.24   31.43
 163.91  181.16
 164.91  114.20
 165.43  144.23
 165.45  150.38
 166.15   46.84
 166.16  106.41
 166.18   19.97
 166.40  171.51
 166.64   89.02
 167.03   95.78
 167.29  192.59
 167.47  135.67
 167.72   52.29
 168.88    7.84
 168.98  103.77
 169.75   70.74
 169.90   80.16
 170.28  131.47
 170.66  127.87
 171.14   28.63
 171.48  104.49
 171.67  152.59
 171.86    9.80
 172.06   20.09
 172.07  137.43
 172.28  106.71
 172.39   52.98
 172.58  200.53
 173.02  100.56
 173.36  115.10
 173.86  123.14
 174.08  190.28
 174.17  186.48
 174.26  165.89
 174.55  128.32
 174.63   72.26
 174.75   60.93
 174.99  205.39
 175.16   19.89
 175.27  168.72
 175.40   38.04
 175.59  180.24
 176.01  132.65
 176.32  144.67
 176.35   14.50
 176.49  138.28
 176.97  196.43
 176.98  191.35
 177.22  147.62
 177.25  203.29
 177.27  177.68
 177.45   86.76
 177.52   86.71
 177.62  125.58
 177.71  161.34
 177.89   52.72
 178.13   60.35
 178.54   51.73
 179.06  166.91
 179.29  152.49
 180.55  119.68
 181.48  186.99
 181.50  114.70
 181.54  154.45
 181.94   95.09
 182.16  159.77
 182.30  190.75
 182.40   60.40
 183.16   87.29
 183.47  111.68
 183.52  100.87
 183.54  106.25
 183.95   91.61
 184.01  123.26
 184.16   74.98
 184.26  155.45
 184.27   52.07
 184.29  171.60
 184.30   13.55
 184.62   57.93
 185.46  114.39
 185.50  207.28
 186.07   97.47
 186.12  104.02
 186.38  153.75
 186.42   87.50
 187.32  124.24
 187.54   60.66
 187.90  146.36
 188.56  157.11
 190.09  204.95
 191.17   61.38
 191.65   90.46
 191.81  118.38
 192.31  179.72
 193.01  133.03
 193.60  150.22
 193.98   58.76
 194.15  101.30
 194.21  203.24
 195.14  184.99
 196.47   26.47
 196.91  160.60
 197.15  182.73
 198.22   94.64
 198.26   25.06
 198.45   13.40
 198.65   61.22
 199.34  141.74
 199.55   58.06
 199.64  115.09
 200.77   19.78
 200.79  147.52
 201.28  207.92
 202.01  115.00
 202.26  147.44
 202.65  181.61
 203.23  120.91
 203.48  151.66
 203.65  138.36
 203.75   51.40
 203.81   58.99
 204.25   52.00
 204.41  156.35
 204.94  124.15
 205.02  105.50
 205.25  177.82
 205.84  202.79
 206.26   98.95
 207.27  108.24
 207.47  205.41
 207.85  124.13
 208.55  174.22
 209.53   24.42
 210.29  142.15
 210.88   51.97
 211.26   80.28
 211.50  134.31
 212.13  165.89
 212.62   14.74
 213.33  140.88
 213.99   16.75
 214.25  100.84
 214.39   93.83
 215.23  112.06
 217.36  177.13
 218.00  123.65
 219.12  152.80
 219.27  106.28
 220.31  144.36
 221.23   99.49
 221.30   71.22
 221.45  133.02
 221.96  136.90
 224.05  105.65
 224.25   14.65
 224.45  164.37
 224.47  108.52
 224.49  153.51
 224.53  187.47
 225.20  109.77
 225.42  187.43
 225.42  195.02
 225.88   16.02
 226.12  117.88
 226.13   10.00
 226.24   56.91
 226.70  116.49
 227.64  163.98
 227.82  168.95
 228.05  181.66
 228.70   75.36
 228.98   52.00
 229.04  174.07
 229.26  142.41
 229.42  189.84
 229.65  127.95
 230.43  120.19
 230.48  134.55
 230.68   66.32
 231.40  102.79
 231.44  102.67
 232.39   97.34
 232.58   55.32
 233.44  109.24
 233.69   58.84
 233.96  118.55
 234.14  151.89
 234.32  114.46
 234.38  170.50
 235.19  181.82
 235.25   87.02
 235.48  200.72
 236.41  201.35
 236.60   80.60
 236.83   48.84
 236.99  132.56
 237.17  162.85
 237.46   63.87
 238.00  143.54
 238.29   67.98
 238.40   63.70
 238.79  126.69
 238.88   53.07
 239.59  166.45
 239.79  167.12
 239.84   78.60
 239.97  150.78
 240.28   72.32
 241.89  154.67
 241.96  170.34
 242.12  125.73
 242.49  187.89
 242.50   15.84
 242.84  117.13
 242.85  162.67
 242.97   25.86
 243.33  183.78
 243.50  132.54
 243.83   47.35
 244.44  176.20
 244.47   41.41
 245.04   21.07
 245.46  112.48
 246.09  164.69
 246.40  213.41
 246.49  107.46
 246.75  126.21
 246.81  182.66
 247.94   23.70
 247.98   67.90
 248.01   79.01
 248.85   47.05
 250.55  131.27
 251.11  171.28
 251.30   60.58
 251.34  188.43
 251.76   44.22
 251.84   36.20
 251.88  121.26
 251.90  113.77
 252.00   69.05
 252.17   27.26
 252.23   94.65
 252.27  129.39
 253.58  174.68
 253.76   51.23
 254.57   42.35
 255.07   38.34
 255.37  147.81
 256.71  198.12
 256.99   27.78
 257.20   86.17
 257.39  179.64
 257.66  180.58
 257.88  208.75
 258.12  142.98
 258.76   79.51
 258.92  163.27
 259.34   14.16
 259.44  120.06
 259.74  120.26
 260.65   38.28
 260.78  124.69
 261.73  190.79
 262.70  150.98
 263.42  183.00
 263.91   20.02
 264.23  142.83
 264.39  133.09
 264.40  175.13
 264.68  157.12
 266.65  147.27
 267.66  155.13
 267.80  159.54
 269.95  104.55
 270.01  180.45
 270.04   20.17
 270.78  183.95
 271.12   63.55
 271.95  149.39
 272.20  198.07
 272.20  156.80
 272.41  195.07
 273.03  130.12
 273.17   79.21
 273.19   41.13
 273.36  130.86
 273.96   37.26
 275.00  104.12
 275.16  209.72
 275.19  168.61
 275.26   82.80
 277.09  165.10
 277.61   27.02
 277.72  201.16
 278.45   43.04
 278.76  183.02
 279.58  196.48
 280.02  131.14
 281.23  109.12
 281.90  205.97
 282.00   36.12
 282.03   44.87
 283.03   11.59
 283.08  201.09
 283.22  171.10
 283.81   54.81
 283.99   68.97
 284.16  161.16
 284.86  170.18
 284.92  127.41
 285.14  176.32
 285.14  176.31
 285.82  204.17
 287.78   17.30
 288.06   52.77
 289.05   64.84
 289.26   68.03
 289.45  168.59
 291.25  188.94
 291.31   18.27
 291.35   59.34
 291.42  206.36
 291.53   87.64
 292.02   62.54
 292.22   27.28
 292.84  179.55
 293.09  128.97
 293.21   29.54
 293.30  152.85
 293.43  183.74
 293.45  183.96
 294.43    9.07
 294.60   52.60
 294.77  207.15
 296.37   60.67
 296.46   66.17
 296.87    8.25
 297.21  211.66
 297.26   54.88
 297.94   24.66
 298.24  122.79
 298.25  203.65
 300.02  123.94
 300.20  187.64
 300.86   16.99
 301.38   60.23
 301.96  191.71
 302.29  182.50
 302.43   28.00
 303.03  196.03
 303.27   76.24
 303.28   54.68
 303.47   78.61
 304.32   21.77
 304.96   29.87
 305.43  137.04
 306.41   59.91
 306.61   83.40
 307.00  123.31
 307.26   80.47
 307.50   84.67
 308.38  190.16
 308.39   88.27
 308.59   79.09
 309.07   30.34
 310.01   93.40
 310.08   96.23
 310.19  201.61
 310.40   16.63
 310.41   27.38
 310.57  197.90
 310.61    8.89
 312.05  102.17
 312.97   62.92
 313.11  105.49
