   6.96  108.13
   9.63  120.62
  11.30  107.25
  11.70   79.43
  11.82   97.29
  11.84   64.01
  12.67   52.51
  13.77  103.00
  14.39   92.31
  15.42   86.89
  16.36  129.23
  16.54   60.28
  17.73   86.64
  17.98  143.08
  18.39   93.72
  19.16   32.31
  20.24   56.50
  20.33  106.71
  20.47   52.55
  22.21   91.23
  22.38    7.69
  22.39   19.62
  22.49   74.59
  22.77  102.54
  23.04   32.03
  23.33   22.60
  23.51   99.39
  23.59   76.91
  23.79   60.54
  24.78   70.72
  24.86  146.34
  25.11   85.53
  25.50   56.37
  25.86   74.63
  27.61  158.37
  27.81  106.13
  28.10   52.58
  29.70  102.21
  29.73  125.88
  29.77  141.94
  29.81  118.15
  29.87   27.26
  30.23   98.21
  30.63   60.04
  31.45  107.14
  32.44   83.29
  32.56   78.93
  33.91   92.70
  34.76  101.94
  35.20  106.02
  35.48   52.84
  36.10   75.46
  36.46  142.71
  36.74  133.20
  36.79  124.77
  36.97   90.62
  37.46   71.93
  37.58   98.05
  37.64  130.01
  37.77   65.41
  37.86   12.78
  38.38   79.18
  38.60  140.18
  38.82   82.93
  39.02  111.97
  39.55  125.01
  39.70  135.61
  39.71   85.06
  39.96   92.35
  40.81  120.09
  42.06  141.78
  42.58  108.18
  42.62  133.21
  43.24   62.67
  43.43   72.65
  43.60   13.23
  43.62  124.35
  43.81  129.49
  43.91   97.90
  44.25  114.11
  44.38  117.09
  45.30  135.57
  45.96   41.56
  46.69   71.40
  46.97   79.99
  47.08  115.17
  47.24  108.04
  47.72  115.41
  47.78  132.23
  47.91   67.35
  47.99   96.43
  48.16   86.64
  49.81   56.27
  51.11   77.36
  51.97   93.66
  52.54   51.23
  52.75   64.04
  52.82   86.14
  52.95  115.22
  53.18  118.30
  53.32  108.12
  53.35   48.10
  53.60  132.78
  53.60  127.90
  53.75   56.45
  53.88  136.36
  53.98  124.16
  55.69   79.12
  55.76   70.80
  56.13  116.52
  56.13   93.17
  56.63  101.21
  56.83  101.52
  57.30  123.43
  58.28  108.76
  58.52   51.54
  58.56  104.79
  59.16  115.07
  59.25   60.42
  59.39   56.80
  59.51  118.33
  59.85  123.10
  60.43   99.38
  60.73  130.39
  60.74  134.36
  61.04   80.90
  61.29   27.76
  61.43   73.42
  61.52   77.67
  61.75  112.99
  61.84   77.01
  62.02   53.98
  62.43   94.90
  63.36   91.53
  63.74   23.60
  65.59   97.57
  66.13   56.80
  66.19  105.16
  66.27   93.19
  66.87   87.40
  67.29  107.85
  67.65  122.28
  68.03   73.82
  68.34   29.16
  69.14   95.13
  69.28   53.90
  69.59  135.99
  69.92  118.71
  71.15   10.91
  71.39   24.08
  72.03   21.34
  72.28  133.39
  72.50   56.67
  73.05   61.13
  73.17    7.72
  73.30  137.92
  73.32   52.04
  74.02   33.10
  74.09   11.64
  74.23   47.58
  74.74   73.27
  75.22   77.56
  76.37  110.56
  76.81   14.47
  77.13   69.46
  77.16   56.80
  77.29   64.16
  78.24   88.32
  78.72   51.57
  79.14  137.25
  79.36  135.24
  79.45   81.76
  79.76   60.31
  79.93  103.96
  80.42  105.97
  80.60   14.81
  80.60   99.95
  81.14   86.20
  81.43   77.69
  82.04   53.56
  82.65  133.26
  82.78   68.92
  82.89   57.24
  84.17  113.07
  84.19  137.10
  84.45   74.07
  84.47  117.61
  86.46  105.98
  87.14   62.50
  87.81   77.49
  87.82   94.26
  87.85   48.28
  88.41   98.04
  88.94   63.59
  89.18  136.12
  89.63   54.34
  91.05   74.22
  91.39   51.71
  91.46   96.30
  92.83   62.82
  93.23   68.79
  93.27  103.11
  93.30   75.01
  93.54  105.32
  93.55   85.93
  94.62  135.43
  96.56   12.34
  96.60  106.10
  96.77   70.58
  96.84   70.64
  97.00  108.94
  98.29   77.54
  99.76  134.84
  99.88    9.30
 101.36   74.62
 104.21   11.54
 109.39   67.00
 112.26   83.27
 120.90   71.24
 121.53  169.96
 121.63   57.04
 122.20   46.29
 122.25   62.90
 122.32   31.50
 122.50   40.97
 123.37   16.32
 123.53   25.36
 125.08   13.47
 125.63   30.53
 125.98   68.25
 126.31  160.42
 126.50   38.32
 126.57   34.12
 126.65   20.16
 126.93  174.87
 127.15  164.94
 127.76  105.16
 127.77   27.90
 128.39   76.06
 128.39  121.79
 128.40  125.93
 128.68  190.67
 129.24  172.37
 129.27  151.61
 129.29   48.87
 129.78  135.42
 129.80  145.06
 131.23   20.43
 131.57  106.67
 131.69   90.09
 132.20  161.10
 132.71  178.01
 132.97  183.76
 133.11   77.08
 133.37   32.16
 133.38  169.47
 133.81  147.45
 134.04   63.68
 134.05  153.03
 134.41   35.04
 134.50   16.96
 135.14  163.07
 135.46   40.26
 136.09  185.27
 136.57  169.14
 136.57  160.39
 138.07  194.74
 138.13   62.86
 138.63  123.39
 138.80   34.76
 139.46  109.41
 139.48  167.17
 139.74  117.25
 140.28  147.20
 140.49   57.36
 140.50  173.12
 140.72  127.28
 140.75  159.88
 140.82   91.33
 141.77   77.84
 141.77   88.84
 141.84   16.74
 141.93   64.48
 141.95   26.31
 142.24   80.07
 142.68   98.03
 142.78  181.06
 143.00  149.00
 143.66  162.40
 144.11   29.14
 144.19  153.19
 144.20  157.73
 144.37   14.47
 144.74   57.22
 144.84  146.05
 144.93   24.78
 144.99  104.04
 145.18  114.06
 145.34  177.79
 145.39   83.00
 145.46  125.14
 145.51   90.80
 145.70  175.13
 145.72   32.19
 145.86   58.18
 146.12   75.47
 146.67   40.24
 147.16   18.85
 147.51   63.47
 147.69  192.88
 147.73  108.76
 147.92  119.36
 148.07  195.93
 148.15  204.13
 148.23  150.90
 148.96  133.52
 149.43   46.59
 149.70  174.00
 150.09  156.37
 150.17   52.95
 150.60   85.87
 151.41  106.84
 151.71  184.98
 151.82   70.96
 151.96   58.85
 152.06  179.99
 152.36   80.30
 152.41  197.30
 152.70  153.63
 152.81  176.92
 153.07   77.35
 153.17  104.27
 153.25   65.05
 153.31  165.21
 153.34  207.81
 153.46  102.26
 153.46   53.83
 153.58  122.02
 153.61  100.02
 154.07  147.94
 154.09  201.29
 154.29  197.15
 155.42  115.65
 155.46  106.35
 155.50  138.77
 155.58  128.56
 156.04   86.68
 156.06   92.84
 156.59  189.48
 156.87  195.23
 157.21  189.25
 157.32  208.79
 157.58  104.05
 157.71  118.81
 157.72  112.01
 157.76  136.19
 157.89  199.45
 158.12  126.49
 158.21  161.04
 158.27  205.75
 159.51   91.90
 159.70  192.82
 159.90  113.79
 160.61  135.49
 160.63  138.47
 160.64  117.84
 161.37   74.41
 161.89  157.69
 162.37  194.39
 162.38   96.05
 162.66  190.02
 169.91   32.39
 169.98   67.26
 170.08  114.31
 170.21   61.11
 170.38  103.20
 170.42   90.61
 170.75   80.65
 172.20   57.70
 173.38  125.06
 174.43   48.95
 175.98  125.26
 180.16   57.60
 180.88   42.38
 182.26   75.22
 182.87  102.95
 183.20   35.63
 183.55   26.72
 183.56   23.26
 184.09  163.94
 184.63   50.53
 185.17  105.58
 185.31  123.67
 185.43  117.42
 185.63   67.65
 185.70  145.85
 185.96  150.71
 186.12  140.14
 186.55  162.14
 186.72   47.67
 186.90  158.03
 187.14   78.83
 187.34   20.83
 187.63   59.34
 187.82  182.84
 187.90   97.47
 187.93  100.84
 188.46   72.97
 188.59   78.26
 188.67  145.70
 188.99  136.94
 189.72  115.91
 189.82  179.54
 190.04   16.27
 190.48  133.67
 190.65   89.30
 190.66  111.64
 190.75   93.90
 190.89  140.93
 191.76  205.77
 191.78   82.27
 192.07  105.38
 192.29  185.74
 192.34  151.10
 192.37  158.04
 192.73   74.02
 192.88  185.36
 193.04   86.08
 193.12  143.47
 193.18   68.83
 193.24  168.60
 193.27   90.44
 193.65  121.43
 193.72  209.37
 193.93   94.56
 194.02   20.42
 194.08  139.69
 194.43   65.57
 194.62  129.12
 194.63  178.15
 194.66  200.11
 195.33   61.43
 195.55  152.97
 195.63  127.07
 196.05  188.92
 196.19   78.64
 197.23  184.55
 197.52   16.31
 197.58  144.61
 198.37  157.58
 198.38  104.60
 198.49  151.13
 198.82  155.04
 199.13   20.55
 199.20   65.07
 199.68  198.54
 199.71   46.06
 199.74  210.31
 199.93  116.64
 200.16  207.42
 200.33  121.49
 200.38  189.33
 200.46   54.93
 200.65  168.76
 200.76  104.51
 201.04  108.99
 201.07  112.36
 201.47  175.62
 201.56  213.14
 201.93  201.71
 202.00   78.59
 202.09  125.89
 202.28  178.34
 203.33  157.29
 203.36  145.86
 203.40   50.29
 203.49   69.58
 203.53  102.32
 203.97   91.19
 204.52  109.29
 204.59  112.19
 205.32  204.38
 205.59  104.63
 206.45  185.14
 206.74   63.88
 206.75   71.12
 206.92  211.89
 207.06   63.78
 207.09  145.71
 207.52  126.67
 208.70  143.18
 208.85  104.62
 208.89   63.04
 209.00  112.33
 209.60  110.10
 209.76  181.66
 209.84  131.97
 209.88   92.75
 210.24   24.50
 210.25  128.53
 210.41   99.77
 210.42   39.80
 210.51  195.86
 210.60   86.45
 210.79  137.61
 211.31  153.78
 211.46  192.18
 211.52   68.88
 211.53  102.12
 211.84  186.56
 211.96  106.80
 212.00   82.65
 212.55  125.89
 212.82  118.74
 212.88  118.79
 212.92  145.51
 213.00  111.54
 213.08  141.48
 213.71  129.32
 214.30  192.71
 214.34   57.73
 214.48  104.46
 214.66   62.64
 214.71   45.11
 214.98  109.34
 215.38   94.94
 215.47  176.87
 216.02  178.43
 216.19  198.01
 216.90   41.41
 217.42  100.04
 218.00  198.33
 218.46   67.99
 218.48   51.19
 218.48  140.64
 218.65  140.48
 219.65   75.12
 219.68   80.32
 220.41  126.28
 220.53  204.53
 220.67   41.02
 220.79  130.84
 221.23   61.41
 221.52  150.98
 221.84  159.26
 221.91  137.47
 222.10   88.83
 222.48  146.58
 223.11   57.40
 223.36   83.38
 223.59   40.14
 223.67   33.71
 223.84   80.56
 224.12  126.79
 224.15   92.71
 224.28   55.99
 224.48   36.96
 224.50   64.50
 224.54  207.39
 224.73   98.66
 224.76  172.73
 224.81   61.24
 225.96  133.48
 226.06  115.94
 226.39  129.78
 226.76  205.55
 226.81  118.83
 226.94   85.77
 227.01   85.58
 227.07  104.48
 227.20   28.03
 227.21  156.78
 227.25  195.37
 227.75  151.78
 228.09   97.94
 228.44  127.04
 228.59   38.34
 228.88   71.25
 229.76  129.58
 229.98   89.81
 230.06  117.31
 230.26  144.79
 230.64  159.44
 230.83   68.93
 231.04   62.80
 231.11   20.45
 231.58  126.59
 231.74  151.31
 231.87  195.16
 232.06  167.60
 232.95  106.26
 233.06   26.87
 233.16   95.90
 233.19  115.44
 233.64  134.66
 234.02  210.27
 234.55  121.76
 234.83   30.73
 235.05   63.69
 235.32  102.37
 235.32  202.97
 235.50   65.13
 235.52   65.08
 235.83   96.06
 235.94   72.50
 236.03   34.03
 236.33  108.03
 236.51  149.05
 236.82  197.59
 236.93   92.59
 236.97  157.54
 237.09  128.10
 237.34   89.88
 237.46  132.37
 237.50  150.24
 237.76  121.83
 237.81   70.80
 238.11   83.29
 238.13  206.82
 239.94  161.34
 239.98   73.00
 239.98  169.65
 239.99  113.67
 240.09   91.84
 240.24  201.42
 240.32  209.66
 240.36   79.69
 240.48   76.52
 240.52   27.47
 240.72   63.72
 242.49  121.20
 242.61  159.22
 242.82  164.75
 242.95  198.56
 243.08  205.88
 243.10   89.62
 243.20   70.44
 243.28  140.79
 244.42  119.14
 245.22  143.40
 245.88   29.19
 246.53  140.56
 246.68  155.67
 246.97  171.62
 247.35  154.56
 247.40   88.15
 247.41  186.02
 248.24  111.73
 248.73   69.81
 248.73  195.90
 249.30   62.56
 249.68  144.87
 250.56  139.47
 250.96  152.96
 251.26   87.72
 251.39  203.33
 251.75   79.69
 251.96  187.00
 252.32  200.02
 252.82  175.15
 252.87  135.66
 253.00   83.90
 253.95   69.72
 254.02  122.13
 254.18   27.89
 254.25  115.99
 254.34  164.04
 254.39  202.79
 255.46  112.48
 255.57  161.22
 255.63  156.97
 255.72  208.59
 256.15   21.08
 256.49  129.73
 256.54   66.13
 256.83   15.47
 257.47  205.85
 257.58  184.34
 257.87  125.57
 257.88  137.67
 258.13  152.89
 258.52  210.53
 259.05   71.02
 259.64  182.16
 259.74  204.84
 260.41  188.46
 260.61   87.50
 260.74  164.05
 261.11  173.23
 261.27  146.17
 261.43   66.34
 261.57  137.51
 262.01  143.16
 262.63  202.70
 262.78  112.35
 263.03  181.17
 263.38  116.35
 263.41   23.51
 264.03  126.53
 264.25  210.22
 264.56  133.79
 264.81   28.05
 265.07  120.44
 265.31   62.03
 265.43  148.82
 265.67  161.49
 265.69   70.58
 265.82  204.18
 266.10  189.02
 266.81  166.19
 266.89   17.90
 267.06  201.72
 267.41  140.93
 267.54   26.35
 267.70  112.90
 267.89  194.42
 268.33  144.54
 268.41   88.10
 269.03  115.47
 269.30   59.91
 269.49  120.68
 269.50  198.64
 269.58   29.34
 269.80  167.58
 270.25  154.66
 270.69   12.47
 271.20  201.93
 271.29   63.00
 271.29   73.87
 271.33   89.42
 271.86  164.30
 272.13  143.35
 272.94  136.44
 273.45  196.45
 273.53  185.75
 273.71  151.51
 273.80  203.65
 274.23  198.70
 274.73  189.00
 274.83  161.46
 274.83   17.59
 275.24  122.76
 275.33   62.76
 275.48  194.16
 275.51   99.62
 275.83   77.10
 276.00  148.11
 276.18  180.76
 276.23  167.85
 276.62  166.64
 276.65   80.13
 277.43  158.94
 277.87   88.50
 278.92  200.08
 279.57  183.19
 279.70  187.59
 279.73  118.06
 279.97  164.98
 280.00  195.64
 280.20  154.78
 280.30  145.60
 280.50  106.53
 280.50  162.33
 280.81  112.33
 281.56   70.45
 282.05   17.86
 282.38  137.85
 282.54   26.10
 283.17  168.46
 283.19  115.88
 283.25  204.37
 283.53   89.36
 283.99  188.49
 284.35  200.66
 284.36  155.12
 284.66   40.41
 284.68   85.15
 284.81  121.04
 285.42   14.74
 286.00   13.71
 286.11   93.37
 286.27  186.65
 286.49   99.05
 286.68   62.41
 286.71  208.28
 286.93   27.08
 286.96   65.71
 287.43   58.82
 288.01  192.13
 288.06   50.91
 288.27   89.46
 288.55   45.16
 288.60   77.36
 288.77  144.94
 288.84  154.06
 289.02  106.49
 289.05  212.91
 289.21   94.23
 289.45   30.54
 289.60   99.57
 290.52   60.56
 290.81   34.23
 291.13   81.88
 291.32   47.39
 291.32   65.38
 291.39  151.48
 291.46  138.23
 291.53  156.46
 291.54  176.18
 291.55  126.63
 291.60   77.48
 291.61  167.92
 291.67  172.05
 292.01  109.05
 292.07  134.24
 292.14  119.98
 292.23  103.29
 292.89   95.77
 292.95  100.46
 292.96   17.91
 293.21   85.18
 293.24   27.53
 293.42   79.84
 293.50   63.24
 293.75   75.08
 293.85  177.50
 293.86  190.90
 293.90  167.94
 293.96   21.82
 293.98   70.93
 294.74  119.33
 295.40  121.77
 295.57   98.92
 295.67  114.19
 295.78   93.79
 295.99  155.01
 296.19   89.10
 296.36   81.39
 296.53  124.71
 296.59  169.18
 296.61   76.36
 296.66  163.97
 296.95  143.77
 298.07   29.41
 298.21  152.83
 298.40   18.06
 298.67  110.28
 298.77   79.07
 298.86  166.10
 298.95   49.08
 299.04   60.35
 299.15   84.73
 299.65  181.45
 299.80  118.97
 300.00   13.40
 300.02  176.67
 300.30  134.51
 300.67   90.61
 300.87  126.97
 300.97   71.22
 301.29   30.13
 301.53    8.13
 302.53   56.87
 302.55   50.82
 303.14  159.84
 303.42  189.76
 303.95   67.59
 304.37  101.82
 305.00   92.12
 305.04  176.85
 305.07   73.57
 305.10   30.28
 305.48   98.84
 305.60   89.90
 305.73   87.62
 306.13  108.67
 306.35  145.19
 306.43  164.49
 307.06  133.69
 307.38  139.30
 307.67   79.85
 308.03  202.81
 308.42  179.13
 309.08  200.12
 309.37  115.79
 309.76  111.51
 309.79   96.31
 309.88   96.35
 310.53  145.87
 310.54   30.59
 311.25  164.27
 311.54  101.83
 311.82  101.70
 312.17  203.79
 312.45  133.21
 312.90   18.41
 313.15  169.63
 314.80  136.04
 315.31   62.67
 315.82  207.41
 316.32  181.97
 316.44  187.53
 316.85   95.85
 317.18   82.71
 317.34  166.54
 317.35  114.22
 317.85  132.68
 318.23  174.71
 319.16   18.39
