   7.99  183.95
   8.19   25.05
   8.82   63.56
   9.10  282.10
   9.31  256.60
  10.11  130.65
  10.98  270.63
  11.22  174.86
  11.30  162.21
  11.36  153.28
  11.51   25.35
  12.19  192.17
  13.78  164.98
  14.18  169.29
  14.24  188.02
  14.32  240.78
  14.56  248.35
  14.72   71.73
  15.15   86.65
  15.40   47.16
  15.65   74.74
  15.91  234.82
  16.07  135.84
  16.16  102.85
  16.20  253.73
  16.24  271.08
  16.35  191.07
  18.13   41.90
  18.31  165.12
  18.50  120.38
  18.52   25.78
  18.69  274.66
  18.69  128.60
  18.86  108.32
  18.93  258.47
  19.17   74.89
  19.41  189.39
  19.46   29.56
  19.81  156.66
  19.82   78.34
  19.98   46.94
  20.12  150.96
  20.51   90.06
  21.09  124.70
  21.17   97.06
  21.24  132.75
  21.58  106.36
  21.65  120.18
  21.91  175.97
  22.44  111.61
  22.98  239.50
  23.10  128.46
  23.20   32.65
  23.22  157.28
  23.25   38.72
  23.59   27.20
  24.23  148.88
  24.79  194.46
  25.26   48.29
  25.38  153.49
  25.45  194.99
  26.13   31.33
  26.27   99.62
  26.55  102.73
  26.67   33.35
  27.69  279.83
  28.16   89.08
  28.47   24.51
  28.75  267.20
  28.89  210.96
  29.02  239.81
  29.43  227.45
  29.67  253.12
  29.92   61.68
  29.96  272.11
  30.37  262.43
  30.48  222.53
  30.64  159.50
  31.41  186.19
  31.63  138.22
  32.05   73.82
  32.06  104.46
  32.49  107.90
  32.62  194.20
  33.00  122.35
  33.05  156.95
  33.10   64.07
  33.15  229.24
  33.57  199.75
  33.71  134.74
  35.06  189.32
  35.07   71.12
  35.12  280.59
  35.24  280.50
  35.28  243.88
  35.44   66.66
  35.55  253.95
  35.76  185.91
  35.83  221.25
  35.93  172.80
  36.49  220.67
  36.80  105.02
  37.50  138.91
  37.54  114.70
  37.55  111.13
  38.09  246.07
  38.20  125.13
  38.25  262.92
  38.55  276.45
  39.04  230.11
  39.16   50.61
  39.26  168.86
  41.18  177.04
  41.32  109.55
  41.73  273.38
  41.87  191.05
  41.88   43.02
  42.09  151.68
  42.20  190.80
  42.47  138.64
  42.53  200.15
  42.68  206.49
  43.21  150.47
  43.30  267.88
  43.39  160.38
  43.50  220.83
  44.13  239.65
  44.69  280.51
  44.95  101.14
  44.95  237.24
  44.98  228.66
  45.06  252.53
  45.16   96.46
  45.75  249.06
  45.76  209.48
  45.77  201.12
  45.92  177.23
  46.04   55.63
  46.06  245.08
  46.20  195.64
  46.32  187.36
  46.59  168.27
  46.88   48.65
  47.13  264.65
  47.17  225.93
  47.36   72.60
  48.32   63.33
  48.33  260.57
  49.13   77.86
  49.25   62.23
  49.39   58.83
  49.52   38.69
  49.62   44.94
  50.44  247.05
  51.24   59.87
  51.41   69.43
  52.26  267.94
  52.38   79.33
  53.05   54.13
  53.23  230.64
  53.56   48.64
  53.57  230.76
  54.97   14.07
  55.79  239.74
  56.50  263.48
  57.32  238.13
  57.69   81.20
  58.41   68.50
  58.73  101.58
  59.05   54.00
  59.23   59.64
  59.69  260.84
  60.07   46.53
  60.60    7.82
  60.84  266.29
  61.08   14.02
  61.28   99.41
  61.30   99.16
  61.57  246.66
  62.55  278.39
  62.77   73.18
  63.55  266.79
  63.85  239.60
  63.88  211.01
  64.09   23.08
  64.64  255.88
  64.92   55.76
  64.93   34.98
  65.34   50.17
  65.70  247.05
  65.74   59.90
  65.76  270.99
  66.04  282.89
  66.20   30.13
  66.39  206.98
  66.58  180.29
  66.75   26.68
  67.03  110.35
  67.63  244.31
  67.74  266.74
  68.12   54.25
  68.14   21.52
  68.75  279.01
  69.07  233.48
  69.42  235.40
  69.58   83.52
  69.87  183.97
  69.89   73.81
  70.29  247.81
  70.52   56.69
  70.68  266.62
  70.73   80.27
  70.83  114.04
  70.90  164.57
  71.82  145.47
  72.12   25.05
  72.19  220.78
  72.39  271.55
  73.05  245.14
  73.40   96.97
  74.15  162.87
  74.32  252.47
  74.36   59.74
  75.10  255.25
  75.26  260.29
  75.70  105.69
  75.74  185.12
  76.54  165.78
  76.76  263.20
  77.11  137.59
  77.51   85.17
  78.37  244.82
  79.48  240.61
  80.30   21.37
  80.38   98.12
  80.60   70.06
  81.29   12.90
  81.39  153.68
  81.84  241.42
  83.37  254.15
  83.41  244.85
  84.32  123.09
  85.26  136.72
  85.40  141.98
  85.75   13.50
  85.92  130.70
  86.09  221.97
  86.94  241.67
  86.96   45.30
  87.02  244.80
  87.11  274.50
  88.02  267.77
  88.83  153.52
  89.08  173.53
  89.36   57.40
  90.10   62.99
  90.97  242.33
  91.20  112.98
  91.28   16.47
  91.54   30.40
  91.56  245.27
  91.62   77.98
  92.31  185.88
  92.44  248.31
  92.45  285.80
  92.74   64.67
  93.60  241.85
  94.23  262.56
  94.48   15.31
  94.62   72.48
  96.01   47.14
  96.64   68.48
  97.37  268.12
  97.68  277.97
  97.72  242.86
  97.86   80.04
  97.90  122.75
  98.05  158.89
  98.48   73.46
  98.62  271.06
  98.70   20.65
  99.30  186.22
  99.63  110.53
  99.65   63.68
  99.69  240.12
  99.81  248.86
 100.17  285.46
 100.24  225.09
 100.33  264.70
 101.16  235.62
 101.32  258.48
 101.76  166.18
 102.63  210.38
 102.69  127.20
 103.07  246.03
 103.17   54.19
 103.45   67.49
 103.76  273.87
 104.21  256.42
 104.44  249.59
 104.66  259.58
 104.97  269.07
 105.12   95.61
 105.62  118.73
 106.58   25.16
 106.70  242.45
 106.75   22.35
 107.43  254.06
 107.45  125.63
 107.46   65.77
 108.28  245.95
 109.06   99.05
 109.20  264.19
 109.22   81.64
 109.42   71.12
 109.61  258.62
 110.09  275.83
 110.11   91.32
 110.65  157.13
 110.67  242.95
 110.80  266.99
 110.99  248.45
 111.03  145.38
 111.03  102.95
 111.62    8.38
 111.74  162.53
 112.17   41.45
 112.38  204.74
 112.52  154.97
 112.61  213.79
 112.70  173.42
 112.71  250.98
 112.75  173.48
 112.79   78.00
 113.04  261.65
 113.06  264.57
 113.41  113.68
 113.83  240.15
 113.95   66.98
 115.03  259.49
 115.27  253.28
 115.30  174.87
 115.44  270.24
 116.02  106.63
 116.24  249.02
 116.27  121.28
 116.43  232.32
 117.59  275.31
 118.14   82.24
 118.31  171.65
 118.42  254.37
 118.48   59.33
 118.59  113.79
 119.02   32.29
 119.24  159.06
 119.52   70.91
 119.65  264.35
 119.70  104.98
 119.74  269.58
 119.76  208.18
 119.77  155.18
 119.84  249.06
 120.15  165.38
 120.29  228.58
 120.31  241.65
 121.26  144.08
 121.38  251.88
 121.61  122.76
 121.89   74.40
 122.15  246.02
 122.23  249.51
 123.22  154.97
 123.28  157.48
 123.75  113.13
 123.78  255.06
 123.91  250.29
 123.97  274.72
 124.88  203.44
 125.23  181.22
 125.24  243.07
 125.28   46.42
 125.34  155.34
 126.02  160.59
 127.15  177.12
 127.33  246.95
 127.50  189.06
 127.94  255.07
 128.24  239.78
 128.64  172.47
 128.70  157.98
 128.89   53.65
 129.08  269.01
 129.34  289.20
 129.59  244.47
 130.49  215.98
 130.77   70.70
 130.91  180.60
 130.92  275.96
 131.70  103.24
 131.92   47.55
 131.97  169.28
 132.15  256.95
 132.26  226.94
 133.01  278.39
 134.02  122.50
 134.06  243.70
 134.16  195.68
 134.57  280.87
 134.70  275.24
 134.71   94.45
 135.16  108.24
 135.65  116.93
 135.87  100.01
 136.49   34.92
 136.57   31.10
 136.90   68.95
 137.15  123.34
 138.62   92.83
 139.13   29.06
 139.26  157.97
 139.43  137.45
 139.47  240.47
 139.50  268.51
 140.68   81.95
 140.69   83.83
 140.88  253.13
 141.02  179.51
 141.11   26.85
 141.14  111.77
 141.16  105.62
 141.47  264.06
 141.60   30.84
 141.62  189.39
 141.80  127.53
 141.82  270.31
 142.06  261.44
 142.45  118.99
 143.16   70.34
 143.34  108.77
 143.45   86.62
 143.74   49.98
 143.76  146.59
 144.94  155.31
 145.66   50.11
 145.96  131.39
 146.22  158.40
 146.37   38.57
 146.39   92.76
 146.96  262.33
 147.02  128.41
 147.10  100.14
 147.34  119.29
 147.46  276.88
 147.73  111.01
 147.88  238.68
 147.96  136.06
 148.51  186.76
 148.72  290.48
 149.11   69.95
 149.24  261.71
 150.53  267.23
 151.32   41.96
 151.46  136.16
 151.53  132.71
 151.75   95.53
 151.78  277.29
 151.94  248.54
 152.26  191.19
 152.59  285.87
 152.66  242.34
 152.73   83.43
 153.22  206.52
 153.45  121.86
 153.59   48.01
 153.59  203.17
 154.11  108.64
 154.17   70.00
 154.64  253.15
 154.65  238.50
 154.68  262.68
 155.00  136.65
 155.46  277.34
 155.63  188.97
 155.64  253.98
 155.71   45.50
 155.72  267.53
 156.33  282.52
 156.52  248.80
 156.68   19.45
 157.37  147.88
 157.81  253.48
 158.84   23.11
 159.37  119.84
 159.49   18.25
 159.56   68.75
 160.28  108.81
 160.44   87.09
 160.55  248.75
 161.07  283.35
 161.45  258.18
 161.46  218.09
 161.58   56.32
 161.72  135.34
 161.72   20.13
 162.28  180.90
 162.28   29.68
 162.63  263.07
 163.24   83.12
 163.49   90.46
 165.64  268.17
 165.73   53.37
 166.05   35.75
 166.64  204.58
 166.79  254.26
 167.10  278.18
 167.15  244.17
 167.55  188.88
 168.18   84.23
 168.33   69.85
 168.47   90.35
 168.81   78.58
 169.39  112.70
 170.06  103.74
 170.18  280.22
 170.25  117.56
 170.46  225.27
 170.63  181.12
 171.05   94.13
 171.45   62.89
 171.51   60.73
 171.79  260.59
 171.91  205.57
 172.20  255.32
 172.50  160.40
 172.73  252.31
 173.27   55.56
 173.42  102.33
 173.60   97.55
 173.65   69.25
 173.68  264.59
 174.00  114.78
 174.05  189.26
 174.44  246.33
 175.07  106.36
 175.73   81.55
 176.00  173.41
 176.28  274.85
 177.16  124.75
 177.17  152.51
 177.20  241.88
 177.24  269.95
 177.31  213.02
 178.24  251.10
 178.40  223.52
 178.53   98.64
 178.88  272.73
 179.82   59.02
 180.41  270.44
 180.41   68.88
 181.10   38.49
 181.25   44.72
 181.34  265.68
 181.70  250.99
 181.95  113.79
 182.05  100.71
 182.76  107.62
 182.87  169.27
 183.15  234.68
 183.44  229.49
 184.13  173.94
 184.18   85.91
 184.19  148.35
 184.32   69.48
 184.94   38.42
 185.07  152.99
 185.15  260.65
 185.20   48.57
 185.53  240.78
 185.54   33.31
 185.71  270.63
 186.02  265.72
 186.55  168.66
 187.28  255.80
 187.48  182.30
 187.75  228.22
 187.96   44.65
 188.37  161.36
 188.76  243.49
 188.81  104.42
 189.17  266.07
 190.66  280.57
 191.05  222.94
 191.51  190.82
 192.64  169.62
 192.69   79.04
 193.03  148.71
 194.23  246.89
 194.86  276.91
 195.75  230.72
 195.79   67.64
 196.11  293.06
 196.37  176.07
 196.46  273.01
 196.57  155.04
 197.34  218.41
 197.50  270.05
 197.67   55.82
 197.73   55.89
 197.79  289.67
 199.31  228.99
 199.92  232.12
 200.04  152.97
 201.03  264.90
 201.34  244.97
 202.04  175.81
 202.08   78.01
 202.33  227.50
 202.35  275.49
 202.82  282.39
 203.68  273.28
 203.95  223.15
 204.06  262.64
 204.29  157.66
 204.90  268.99
 205.35  245.56
 205.50  235.94
 205.51  154.92
 206.37  252.99
 206.43  258.07
 206.56  265.31
 206.58   76.39
 207.20  286.00
 208.18  315.38
 208.46  248.93
 211.52  314.66
 211.53   54.67
 211.68  189.99
 212.18  229.82
 213.53  292.42
