   9.88  152.15
   9.91  146.79
  10.85   88.12
  11.91  149.23
  12.41  191.89
  12.70  151.93
  12.77  126.72
  13.50   44.34
  15.33  149.83
  15.60  111.54
  16.01  212.51
  16.03  161.17
  16.07    8.88
  16.54  138.82
  16.55   50.72
  16.72   54.40
  16.92   67.04
  18.92   50.35
  19.17   86.73
  19.82  151.01
  20.44   40.87
  20.47   54.68
  20.47   68.44
  20.51  188.34
  20.78   79.58
  21.49  133.97
  21.65  122.87
  21.96  105.12
  22.08  126.18
  22.14   13.25
  22.46   26.04
  22.90   61.18
  22.97   74.77
  22.99   61.09
  23.72   65.80
  24.01   52.63
  24.99   24.73
  25.03  117.32
  25.07  164.85
  25.32   91.72
  26.01  130.40
  27.42  159.74
  27.45  143.09
  27.52  148.38
  28.01  116.01
  28.46  155.34
  28.66  172.27
  29.01  132.99
  29.31  167.45
  29.75  179.28
  33.13  201.43
  34.92  141.98
  36.67  177.57
  41.09   98.02
  42.72   30.33
  42.90  186.12
  43.14   64.53
  43.15  137.07
  43.47  194.04
  44.09  207.37
  44.90   49.12
  44.95   52.18
  45.91   35.42
  46.76  159.70
  46.81  147.06
  47.18  193.07
  47.24   44.21
  48.45  205.34
  48.60   85.47
  48.99   60.23
  49.36  169.83
  49.85  164.86
  50.50   39.51
  50.66  128.88
  51.04   55.04
  52.12   47.50
  52.57  160.24
  52.68   11.76
  52.81  162.91
  53.55   26.00
  54.84   38.16
  55.22  195.33
  55.48   52.14
  55.86  179.38
  56.03   73.71
  56.08   63.93
  57.12   57.23
  57.83   47.01
  57.94   36.27
  58.56  206.63
  60.27   17.54
  60.87   31.28
  61.51   95.79
  61.93  164.31
  62.36   63.39
  62.96   83.78
  63.55   22.36
  63.61  128.65
  64.45   36.03
  65.02   47.74
  65.11  158.68
  65.64  136.81
  65.85   65.66
  67.34   52.54
  68.08   56.50
  68.67   90.40
  69.58   83.66
  70.28  149.30
  70.57   26.47
  70.68  140.49
  70.71   35.88
  71.02   22.49
  71.25   40.09
  72.26   55.90
  73.10   50.06
  73.71  117.82
  74.05   18.28
  74.10   31.63
  74.54  176.55
  74.80  202.06
  75.24   53.01
  75.29   46.22
  75.36   92.81
  75.90   60.30
  75.99   52.60
  76.02   78.67
  76.37  134.06
  76.38   83.54
  78.03  168.58
  78.34   49.46
  78.42   35.16
  78.73  161.22
  78.78   23.49
  80.25  184.52
  80.34  171.14
  80.56  151.13
  80.90  177.44
  81.31   74.42
  81.83   61.08
  83.43  185.39
  83.53  161.49
  88.90   42.89
  90.57   79.49
  90.59  114.75
  91.37  145.69
  97.81  112.47
  98.03  124.57
  99.47   90.76
 100.58  138.82
 101.64   99.82
 103.97  195.74
 105.87   39.46
 106.79  114.58
 107.37  171.59
 107.46  186.88
 109.81   99.51
 110.92  192.01
 111.03  125.31
 111.55  176.02
 111.91  201.05
 112.81   40.50
 113.65   48.58
 115.21   45.44
 116.21   74.77
 116.23   65.74
 116.23  128.79
 116.82  102.71
 116.90  134.98
 120.17   89.57
 121.00  143.15
 121.00   95.44
 121.57   53.22
 124.53  143.75
 124.67  156.22
 124.95   49.11
 125.01   67.25
 126.08   90.88
 127.14   82.09
 128.74   59.00
 129.47   80.03
 130.52  106.69
 130.80  199.75
 130.95   87.93
 135.86  124.57
 137.36  197.35
 138.95  120.34
 139.20  203.75
 139.64  126.25
 139.94   94.20
 142.90  117.22
 143.73   40.03
 143.90  166.10
 144.06  109.34
 145.04  102.21
 145.72   67.56
 148.20   96.60
 149.69   81.03
 150.89  103.59
 153.60   55.38
 163.05   49.92
 165.33   38.17
 169.13   59.65
 170.07   39.28
 179.15   30.12
 183.23  152.61
 184.14  113.74
 185.09  128.50
 185.42   51.50
 185.70  115.61
 186.92   25.59
 186.96  117.82
 187.23   18.63
 187.88  126.30
 188.34   22.39
 190.45   19.16
 190.84  178.96
 191.40  160.68
 191.46   63.55
 192.53   46.87
 193.23   24.93
 194.02   66.40
 194.64  130.54
 196.98  166.00
 197.16  125.00
 197.29  151.22
 197.38  173.75
 197.53  161.04
 197.59  139.56
 201.18   63.20
 201.82   39.07
 201.98   26.17
 203.77   74.04
 204.50  147.83
 206.00  146.23
 206.21  142.40
 206.39  140.12
 206.49  137.09
 206.97  172.84
 207.83  154.21
 207.90  110.49
 208.45  149.27
 208.98  144.07
 209.99   65.81
 210.19   86.81
 210.76   62.08
 211.43  113.88
 212.55  141.58
 212.80   81.84
 213.27  116.26
 214.45  100.09
 214.60  101.67
 215.05  139.07
 215.96  146.82
 216.02   73.41
 217.73  169.34
 218.39  177.57
 220.10   79.41
 221.06  149.12
 222.18  140.22
 222.29  173.81
 223.65  120.47
 223.73   79.84
 224.23  171.28
 224.33   86.57
 225.98  128.58
 226.02   65.59
 226.12  190.33
 226.56  178.90
 226.60   93.63
 227.06  171.22
 229.09  150.03
 230.62  136.82
 231.39   92.39
 232.60  171.47
 232.81  142.53
 233.04   86.43
 233.30  188.20
 233.72  138.06
 234.07  177.97
 235.04  164.81
 235.15  116.76
 236.00  142.11
 236.04   83.30
 237.17  149.36
 239.16  105.01
 239.21  188.19
 239.46   78.97
 239.84  122.60
 240.21  142.52
 240.36   74.26
 240.48  170.36
 240.52  156.49
 242.83  159.60
 243.12   69.85
 243.42  186.93
 243.52  149.94
 244.50  180.70
 244.58  141.24
 245.77   61.48
 246.90  169.06
 247.25   65.61
 250.34   68.98
 250.53  179.39
 250.71   61.83
 250.92  171.51
 252.63  129.80
 252.85   64.41
 253.03   55.59
 253.88  181.66
 253.88   87.68
 253.94  168.22
 255.29  134.72
 255.66  139.81
 258.88  161.30
 259.05  151.60
 259.88  183.50
 260.50  136.71
 260.72  157.70
 262.17  169.96
 262.49   92.14
 262.51  139.36
 264.05   87.06
 265.10  142.57
 265.20  162.39
 265.38   61.26
 265.92  117.91
 267.52  150.81
 267.87  131.26
 267.97  104.71
 268.16   76.47
 269.08   82.17
 269.17   60.85
 270.79  137.13
 272.67   91.65
 275.68   87.62
 275.85  154.93
 277.06   62.73
 278.04  180.07
 278.52  137.86
 278.63  143.71
 278.90  132.20
 279.11   96.19
 280.36  125.15
 281.63  156.42
 282.94  110.42
 286.62  151.49
 287.84  132.25
 290.51  135.06
 292.98   59.73
 295.61   64.34
 297.97   59.04
