   7.40   28.69
   9.44   36.56
  11.57   80.16
  12.16  137.72
  12.51   76.98
  12.83   41.68
  13.23   63.60
  13.36   45.99
  14.90   58.57
  17.93   76.43
  18.19   59.18
  18.73   71.20
  18.95   97.26
  20.19   93.32
  21.03   59.15
  21.86  130.67
  23.08  100.61
  23.30   91.51
  24.05   51.10
  24.18  106.86
  24.29  118.52
  25.14   31.75
  26.41  130.54
  26.44   45.91
  26.68   38.17
  27.80   40.97
  28.21  113.01
  28.78  122.86
  28.96  122.78
  29.93   60.68
  30.23   98.98
  33.41   86.54
  33.72   92.37
  34.21  112.01
  34.64  133.12
  34.80   68.42
  35.10   95.47
  35.52  129.38
  36.13   54.66
  36.59  123.64
  37.51  116.72
  37.52  109.68
  38.40   81.79
  39.74   62.47
  39.88   32.76
  40.20  118.81
  40.23  130.67
  40.63  114.96
  41.50   84.06
  41.74   81.59
  43.71   45.86
  45.66  101.48
  46.15   75.57
  46.61   30.19
  46.83   43.50
  49.67   34.51
  50.25  102.38
  50.71   99.44
  51.02  111.87
  51.56   87.74
  52.09  140.49
  52.14   41.90
  52.20   60.40
  52.59   43.42
  53.06   72.14
  55.47   80.65
  55.80   48.65
  55.83  145.61
  56.40   96.02
  58.76   63.23
  59.33   47.61
  60.37   39.95
  60.61   91.87
  60.78   95.42
  60.97   87.69
  61.12   69.07
  62.28   77.05
  63.31   31.24
  64.25   47.63
  64.66  102.28
  65.04   33.85
  65.40   71.33
  65.83   98.51
  65.83   92.99
  66.72   83.07
  67.51   79.55
  67.77   84.74
  67.88  136.46
  70.08  124.77
  71.40   31.82
  71.59  100.95
  72.46   56.46
  72.92   48.28
  73.87   72.45
  74.11   84.73
  75.51  138.06
  76.25  116.70
  77.53   37.24
  79.79   41.72
  80.46   68.08
  82.31   51.54
  83.18   66.11
  85.14   44.28
  85.54  108.16
  85.75   37.88
  86.04  122.35
  87.56   42.20
  87.56   45.59
  88.01    8.39
  88.18   89.16
  88.28   68.33
  89.17   57.67
  89.29  119.96
  90.51  116.54
  91.33   32.77
  92.38   80.97
  93.65  108.51
  94.06   74.54
  94.19   50.16
  94.32  114.88
  95.42   42.99
  95.73   43.13
  96.14  118.84
  97.10   75.72
  97.53   92.80
  97.97  104.45
  98.16  122.03
  98.46   84.60
  99.23   37.54
 100.59   86.52
 100.84   83.64
 101.95   33.52
 102.43   71.15
 103.27  104.74
 104.45  118.64
 104.60   43.12
 105.06   55.70
 105.77   36.23
 105.97  126.48
 106.23   33.63
 106.37  105.08
 106.62   89.25
 108.63   45.14
 108.99  110.94
 109.21   73.20
 110.42   87.53
 110.50   35.92
 111.04   59.26
 111.39   94.52
 111.75   53.56
 112.19   98.13
 112.25   63.06
 112.57  146.06
 113.47  104.31
 114.64  133.24
 114.95   33.72
 116.19  130.10
 117.59  112.78
 119.14  147.22
 119.64   82.42
 120.30  123.51
 120.66  110.57
 120.87   44.59
 120.97   91.24
 121.43  120.81
 122.08  138.14
 122.43   64.58
 122.58   86.04
 123.35  200.09
 123.50   40.90
 123.84  153.39
 124.10   78.67
 124.12  117.71
 124.15  193.15
 124.88   37.63
 125.26   44.08
 125.73  100.32
 126.24  201.75
 126.26   34.77
 126.82   51.46
 127.89  105.39
 128.12   48.46
 129.19  153.72
 129.22  197.42
 129.54   90.57
 129.66  118.01
 130.06   93.80
 131.16  190.71
 131.60  199.39
 132.43  102.34
 132.73   46.50
 132.94  183.69
 133.09  181.13
 133.33  163.50
 133.78  163.23
 133.83  128.93
 134.35  176.23
 134.48  198.75
 135.29  191.01
 135.91  199.82
 136.49  129.90
 136.90  157.70
 137.06  115.20
 137.55  177.57
 137.64   97.35
 137.69  104.84
 138.73   93.14
 139.54   35.54
 139.83  208.74
 139.91   42.24
 139.94   54.02
 139.99  204.71
 140.49  183.56
 140.94  125.24
 141.09  136.00
 141.23  158.27
 141.28   45.48
 141.66  165.58
 142.26  193.08
 142.33  193.10
 142.38   87.11
 142.58  120.97
 142.94  129.23
 142.98  190.11
 143.06  206.21
 143.06   79.66
 143.31  201.56
 143.60    8.36
 143.75  101.89
 143.91  212.23
 144.35  108.36
 144.85   69.45
 144.87  106.15
 145.01   42.49
 145.25   35.64
 145.42  202.46
 145.57   96.83
 146.18   54.74
 146.20  205.73
 146.32  192.05
 146.41  142.06
 146.43   46.07
 147.29  130.59
 148.05  176.21
 148.18  163.84
 148.30  195.20
 148.59  144.26
 148.86   78.92
 148.90  139.59
 149.38  188.04
 149.49  120.41
 150.07  180.31
 150.40   42.61
 150.40  200.84
 150.56  211.73
 151.06   86.20
 151.11   46.32
 151.33  193.61
 151.52   77.67
 152.85  196.56
 153.22  168.34
 153.42   56.92
 153.52  121.05
 153.76  210.52
 153.85  205.63
 153.96   79.13
 154.30  117.06
 155.01  135.00
 155.15   95.05
 155.29  158.34
 155.34  102.38
 155.72   36.23
 156.13   43.03
 156.64  194.57
 156.65  182.92
 156.76  163.69
 157.36  190.30
 157.75   70.27
 158.65  198.13
 159.02  212.82
 159.42  108.61
 159.47  192.65
 161.02   46.91
 161.24  131.70
 161.45   97.10
 162.02  143.64
 162.15  196.13
 162.19  213.24
 162.54  115.63
 162.61   79.11
 162.90  186.07
 163.31   58.94
 163.67  188.37
 163.78  199.61
 163.96  100.41
 164.47  172.44
 164.52  132.32
 164.90  135.38
 164.92  126.84
 165.27   40.10
 165.61  126.76
 165.65   46.66
 165.67  158.41
 165.87   79.66
 166.66  118.44
 166.75   88.95
 167.26  132.73
 167.74  165.12
 167.94  201.21
 168.21  197.08
 168.35   56.81
 169.03  136.54
 169.30   37.15
 169.47   96.06
 169.52  175.47
 169.57  189.68
 169.95  146.38
 169.95  101.86
 170.47   47.05
 171.21  155.99
 172.35  128.67
 172.84  199.04
 172.93  186.48
 173.42  161.94
 173.51  159.91
 174.14  189.46
 174.51  169.72
 174.55  178.96
 174.60   74.68
 174.97  176.72
 175.12  149.45
 175.19   64.47
 175.68   37.68
 175.71   44.55
 176.12   48.21
 177.08  203.89
 177.26  142.04
 177.73  169.68
 177.82  199.85
 177.90  197.90
 178.08  157.86
 178.13  166.47
 178.64   54.55
 179.14  126.28
 180.09   76.05
 180.63  178.32
 180.90   48.78
 180.95  203.89
 181.30  145.67
 181.37  158.34
 181.48   37.70
 181.52  175.59
 181.61   44.71
 181.79  200.54
 181.95  197.18
 182.49  162.40
 182.61  153.67
 182.83  206.17
 184.47  192.70
 184.58  183.30
 185.08  145.93
 185.15  197.61
 186.39   71.92
 187.24   38.05
 187.35   45.02
 187.97  151.27
 188.12   89.69
 188.44  111.43
 188.44  168.52
 188.80  203.77
 188.84  160.34
 189.34  154.94
 189.89  145.72
 190.73  166.29
 191.24  207.00
 191.75   45.35
 191.81  142.86
 191.86   38.51
 192.07  101.87
 192.15  194.09
 192.44  142.42
 192.51  210.06
 192.69  202.04
 193.43  189.87
 193.80  149.50
 194.02   86.70
 194.44  159.20
 194.65   59.62
 195.02   92.06
 195.08  128.98
 196.00  200.45
 196.99   86.72
 197.58  188.38
 197.69  160.28
 197.72   49.78
 197.87   38.75
 197.90   45.98
 198.56   85.97
 198.72   73.68
 199.09  115.27
 199.31  141.95
 199.47  198.85
 200.54  142.56
 200.65   55.11
 201.03  146.57
 201.24   50.27
 202.33   70.18
 202.47   54.52
 202.67  197.46
 203.44  147.34
 204.23  205.57
 204.63  210.45
 204.77  169.27
 204.84   50.14
 204.86   42.73
 204.90   61.27
 206.16  195.73
 206.94   84.18
 207.85   50.52
 207.87  159.86
 208.11  163.29
 208.35   46.97
 208.77  206.97
 209.16   70.76
 209.40  202.67
 209.49  194.18
 210.10   59.83
 211.14  172.89
 212.39  207.77
 212.57  137.97
 212.60   60.94
 214.12   50.36
 214.15  159.06
 214.46   47.12
 214.49   40.26
 214.55   85.95
 214.74  186.51
 214.77  200.27
 214.96  204.46
 215.03  191.54
 215.48  196.11
 215.57  168.04
 215.62  171.77
 216.07  149.81
 216.37  126.39
 216.55   37.01
 216.95  208.31
 217.04   74.90
 217.88  204.20
 218.25  189.75
 218.33   69.33
 218.73  197.29
 219.94  201.35
 220.18  194.42
 220.52   47.75
 220.56   40.67
 221.99   59.11
 222.20  182.72
 222.70  125.29
 222.94  187.55
 222.94   75.76
 223.23   37.38
 223.44  195.20
 224.04  210.45
 224.48  174.33
 224.56  176.26
 224.79  198.94
 225.66  167.03
 226.06   59.54
 226.19  130.13
 226.20   72.30
 226.40  185.48
 226.89  194.43
 226.91   41.09
 227.12   47.79
 227.15  210.87
 228.50   57.53
 229.73  132.49
 231.05  183.20
 231.15   54.74
 231.24  177.96
 231.31   76.70
 231.78  120.30
 232.27  119.15
 232.28   62.70
 232.40  122.74
 232.45  193.75
 233.01  186.24
 233.67   41.63
 233.87   48.23
 233.92  129.04
 234.21  181.50
 234.52  189.87
 234.71  131.20
 234.82   80.52
 235.42   52.72
 235.42   59.57
 236.10   52.81
 236.12  184.91
 236.26   72.34
 237.20   62.25
 238.05  198.37
 238.74  179.50
 239.54  129.48
 239.71   43.52
 239.75  122.01
 239.81   48.56
 239.93   41.63
 240.10   60.11
 240.25  185.97
 240.35  173.75
 240.93   59.51
 241.19   66.70
 241.30  178.12
 241.88   62.52
 242.80  209.54
 243.31   45.90
 243.35  212.84
 243.47  145.84
 243.52  185.06
 243.70  176.84
 244.17  170.10
 244.27  128.23
 244.83   73.01
 244.84  158.75
 244.95   60.32
 245.11  195.37
 246.50   62.96
 246.80   41.83
 246.88   45.08
 247.23   49.00
 247.45  210.21
 247.76  178.65
 248.27  174.74
 248.87  157.30
 249.00   53.50
 250.00   76.98
 250.90  199.72
 251.19   64.91
 251.66  158.29
 251.72   95.36
 252.29  176.24
 252.36  161.42
 252.39  196.34
 252.41   80.77
 252.44  172.56
 252.45   55.83
 252.45  201.53
 252.57   49.77
 252.59  163.71
 253.17   52.84
 253.24   41.57
 253.55   58.50
 253.72   93.06
 253.74  167.61
 253.94   87.47
 254.22  112.14
 254.97  154.70
 255.23  171.62
 255.25   45.91
 255.32  184.04
 255.52   98.78
 255.76  178.66
 256.18  129.49
 256.88   41.49
 257.52   53.97
 258.36   80.80
 258.69   72.77
 258.70  176.65
 258.92  169.48
 259.43  191.54
 259.90  164.73
 259.95  198.10
 260.38  159.71
 260.75  175.94
 260.95  157.55
 262.11   91.04
 262.30  171.47
 262.42  118.73
 262.53  176.22
 262.53   58.82
 262.96  151.11
 263.40  128.55
 263.50  147.91
 264.73   99.05
 265.34   58.96
 265.47   75.50
 266.39  117.23
 266.42  192.75
 266.82   61.44
 267.17  104.15
 268.93   82.72
 269.08  154.02
 269.23  145.50
 269.50  112.86
 269.94   46.79
 270.29  109.02
 270.71   94.17
 271.45  188.26
 271.99   67.76
 272.60  100.09
 272.70  135.94
 273.21  104.84
 273.24   51.44
 273.92  145.71
 274.27  117.88
 274.29  119.51
 274.42   84.51
 275.30  133.74
 275.84   54.35
 276.13   67.75
 276.42   62.50
 276.65  123.42
 276.68  179.44
 276.68   91.62
 276.98  175.75
 276.98  116.16
 277.64  101.56
 277.74   51.38
 278.42  186.62
 279.25  105.05
 279.26   43.79
 279.61  134.68
 280.16  174.67
 281.48  118.00
 281.90   45.97
 282.31   54.97
 283.80  106.09
 283.91  135.48
 284.48  101.73
 285.27   47.88
 285.40   51.91
 285.43   44.39
 285.47  119.21
 286.38   69.13
 287.62  103.00
 288.53  136.29
 288.68   82.21
 288.69   56.28
 289.31   47.74
 289.37  106.27
 292.54   52.26
 292.72   48.50
 292.76  121.37
 292.87  136.79
 294.54  139.79
