   8.18   99.52
   9.31  140.11
  11.40   96.80
  13.72  100.83
  13.95  106.29
  14.66  113.84
  15.36  131.94
  17.35  119.96
  18.57  105.21
  19.15  100.05
  19.58  151.23
  21.43  143.35
  21.55   66.87
  23.19   66.37
  23.54  116.71
  24.28   45.56
  25.81   59.83
  26.97  125.34
  27.10  133.79
  27.29  152.48
  27.33  149.74
  27.44   50.13
  27.60   99.26
  29.20  102.84
  29.37   56.05
  29.50  113.31
  30.29  120.06
  30.47   61.88
  31.49  194.17
  32.15  188.88
  33.27  130.12
  33.84   57.45
  35.17  120.53
  35.67  120.90
  35.77   52.28
  36.50   60.07
  36.77   40.79
  37.58  104.30
  38.79   87.94
  38.83   44.70
  38.89  114.01
  39.76   65.06
  40.84  130.38
  41.41  146.86
  41.56   96.93
  41.58  120.33
  41.83   73.95
  43.09   51.60
  43.36  171.16
  44.11  187.18
  44.67   59.41
  45.35  198.94
  46.23  104.43
  46.62  178.07
  47.06  175.21
  47.22  200.07
  47.38  135.96
  47.65  146.45
  47.80  142.95
  47.85  160.65
  47.89   83.00
  49.00   66.42
  49.98  164.53
  50.73  101.89
  50.92  128.89
  50.94  138.12
  51.96  148.55
  52.67   98.40
  53.59   78.75
  53.93  137.45
  53.98  160.83
  54.11  177.52
  54.70  182.89
  55.40  125.85
  55.98  175.09
  56.55  178.50
  56.97  170.60
  57.24   66.49
  58.18   57.65
  60.59  158.42
  61.24   61.92
  61.67  199.97
  63.50  180.48
  63.65   81.42
  63.84  110.62
  64.21  137.80
  65.77   63.32
  65.98  133.64
  66.56  137.41
  67.09  185.88
  67.39  181.00
  68.56   59.57
  69.21  105.32
  69.26   84.17
  69.36   63.75
  69.98  181.37
  70.50  115.29
  71.02  124.50
  71.76  178.00
  71.78   50.38
  72.06  100.04
  72.09  166.55
  72.42  206.07
  72.65   20.84
  72.70   88.87
  72.73  160.57
  73.11  132.06
  74.98  133.21
  74.98  120.74
  75.62   57.05
  76.60   73.65
  76.96  196.87
  77.06   15.68
  77.36  137.25
  77.73   52.47
  77.92  178.62
  78.23  156.44
  78.94  167.25
  79.44  186.60
  79.85   60.67
  81.29  191.78
  81.57  191.67
  82.49   70.95
  82.62  129.25
  83.08  174.87
  83.12   57.64
  83.29  129.31
  83.67   72.34
  84.44  201.00
  84.59  121.30
  85.15  115.78
  85.24   98.25
  85.61  179.35
  85.72   73.70
  85.96   64.51
  88.27   82.75
  88.30  102.94
  88.34  133.46
  88.52  210.09
  88.69  109.49
  90.18  131.77
  90.37  199.73
  92.02  158.77
  92.05  104.75
  92.10  171.10
  92.53  180.04
  93.13  140.23
  93.31  176.06
  94.80   68.09
  94.83   77.20
  94.88  167.39
  95.15  151.64
  95.24  140.01
  95.88  134.74
  97.12   73.21
  97.63  212.87
  98.11  147.37
  98.67  135.41
  99.46  124.39
  99.60  200.86
  99.96   87.91
 100.22  145.97
 100.53   76.73
 100.77  145.69
 101.89  119.96
 101.96  180.99
 102.94  157.47
 103.13   92.20
 103.33  200.09
 103.51  112.39
 104.43  151.76
 105.31   73.80
 106.29  118.83
 106.56   67.67
 106.58  188.80
 108.82   90.99
 109.21  103.21
 110.39   69.06
 111.08   81.67
 111.14  128.73
 111.30  151.66
 111.44  154.50
 111.51  156.35
 112.17  115.10
 113.92  126.90
 114.05  162.83
 114.08  123.98
 114.51  165.72
 115.70  115.94
 115.87  154.08
 116.36   70.14
 116.44  142.10
 117.49  161.98
 117.74  120.03
 117.74   54.32
 117.80  134.37
 118.39  171.08
 120.55  214.16
 122.09  205.94
 122.43  115.31
 122.54  146.93
 122.61  171.22
 122.67  161.05
 122.91   65.51
 123.05  119.87
 123.64  213.06
 124.00  104.19
 124.37  162.36
 124.69   87.12
 125.07  154.62
 128.57  145.82
 128.82  148.26
 130.13  202.10
 130.69  112.01
 131.26  115.91
 131.50  170.54
 132.22  125.49
 133.37  119.46
 134.27  166.82
 134.32  165.27
 135.00  131.11
 135.67   56.14
 136.24  230.81
 137.46   49.11
 137.62   48.25
 138.81  176.38
 138.89  100.64
 141.11  118.47
 142.23  112.03
 142.70   55.51
 146.65   68.67
 146.99   56.44
 147.48  228.19
 147.71   73.09
 148.21  105.22
 148.39   24.61
 151.24  175.85
 151.44  117.98
 151.49  109.41
 151.87   92.71
 152.34  113.81
 152.87  102.72
 152.87  221.55
 153.80  213.74
 155.10   30.99
 155.42   75.92
 156.19  166.46
 157.81  116.10
 158.07   65.72
 159.36  104.39
 160.55   58.12
 161.34  163.71
 163.14   41.79
 163.26   16.90
 164.71  151.62
 165.20  165.67
 165.47  164.55
 165.62   59.80
 166.65  115.01
 166.73   69.74
 167.16   39.18
 167.33  186.40
 168.44  232.13
 168.70  104.35
 169.19  107.47
 169.48   49.76
 171.12  112.21
 172.14   59.19
 172.58  214.15
 172.70  117.23
 173.46  160.10
 173.98  211.70
 176.26   44.24
 177.14  117.48
 177.57  113.82
 177.82  141.41
 178.62   55.36
 180.48   35.30
 181.20   29.43
 181.83  141.87
 182.88   62.95
 185.49  190.41
 186.69  181.77
 187.22   32.55
 188.27  126.85
 188.48  129.88
 188.63  194.23
 188.84  194.06
 188.92   33.91
 188.95  142.13
 189.94  105.58
 190.87   54.40
 192.28  138.64
 192.29   66.89
 192.55  142.21
 192.89  129.85
 193.10   86.45
 195.48  123.41
 195.73   92.05
 195.85  103.20
 197.77  211.02
 199.50  109.42
 200.86  204.95
 202.77  150.01
 204.52   35.19
 206.32  127.27
 206.42  145.22
 206.67  182.94
 206.97  140.82
 206.98  140.81
 210.33  100.69
