   8.47   53.07
   9.42   55.91
   9.48  117.66
   9.83   41.36
  11.49   44.55
  11.75  111.91
  12.05   38.58
  12.08  184.69
  12.24   48.46
  12.87   41.51
  13.52  117.15
  14.21  103.04
  14.99  152.52
  15.65  169.94
  16.09  145.49
  16.91   96.29
  17.13   80.68
  17.36  106.00
  18.29   92.64
  18.29  142.36
  19.60  137.67
  19.82   59.22
  19.85  166.28
  20.20   73.42
  20.35  111.41
  20.50  154.43
  20.64  150.31
  20.70   41.88
  20.78   14.32
  21.19  147.98
  21.65   84.03
  22.23   22.31
  23.08   99.89
  23.33   45.51
  23.39  165.65
  23.49   45.68
  23.83  190.29
  24.11   74.66
  24.57  144.54
  24.86   77.91
  24.90  140.43
  24.99   44.84
  25.06   20.11
  25.18  154.09
  25.27  150.23
  25.57  137.61
  25.88   68.87
  26.22   81.82
  26.22  129.60
  27.06  165.13
  27.20  125.82
  27.38   87.91
  27.57   99.78
  27.73  172.80
  28.24   71.34
  29.07   39.97
  29.18  135.94
  29.75    6.81
  29.76  137.96
  30.45  186.21
  30.54   65.90
  30.57   76.91
  30.65  189.19
  30.79   99.73
  31.01  189.18
  31.19   42.72
  31.42  153.85
  31.60   81.22
  32.41  156.54
  32.46  146.33
  32.54  173.47
  32.71    6.63
  32.74  140.09
  32.92   62.66
  33.13  183.81
  33.50  122.08
  34.15  186.67
  34.34   22.20
  34.49   39.50
  34.58  139.01
  34.78  113.14
  34.83   66.20
  35.21   18.66
  35.24   50.86
  35.30   53.97
  35.61   99.64
  35.64  162.01
  35.87  118.03
  36.05   45.54
  36.12  156.85
  36.36   91.95
  36.48  125.09
  37.25  102.29
  38.13  180.35
  38.25   87.66
  38.68  105.60
  38.69  164.48
  38.77   34.31
  38.80  169.77
  40.11  110.11
  40.53   46.21
  40.72   84.43
  40.99  118.54
  41.21   23.57
  41.27  175.76
  41.60   92.05
  41.87  154.01
  42.56   74.99
  42.69   34.57
  42.80   66.10
  42.85   72.15
  43.08  163.10
  43.27   96.16
  43.46  130.42
  43.52  113.20
  43.71  139.75
  43.82  189.49
  44.30   99.45
  44.61   50.99
  44.62  201.30
  44.67   36.84
  44.72   69.29
  44.80   34.18
  45.00   58.20
  45.01  103.71
  45.83  192.56
  46.00  170.28
  46.08   24.67
  46.77   78.34
  46.82  165.10
  47.35   85.63
  47.41   54.87
  47.61   59.70
  47.73   72.14
  47.80   94.49
  48.46   99.30
  48.97   89.53
  49.30   45.62
  49.32   33.81
  49.35  135.43
  49.39  140.24
  49.67  125.60
  49.91   75.70
  50.17  112.47
  50.22  102.30
  50.23  102.33
  50.42   83.47
  50.52  109.11
  50.82  164.34
  50.88  174.25
  51.09   69.92
  51.20  191.03
  51.26   59.01
  51.34  176.67
  51.48   26.85
  51.68   12.39
  52.25   53.42
  52.31   75.02
  52.46  183.92
  52.75   91.05
  52.86  168.14
  53.20   38.64
  53.58  151.74
  53.89  141.16
  54.55  157.22
  54.67   62.98
  54.99   45.42
  55.14   51.38
  55.51   76.03
  56.06   40.99
  56.23   37.74
  56.26   34.85
  56.26  154.41
  56.45  180.13
  56.62   95.91
  56.66   78.75
  56.70   54.18
  56.74  149.46
  57.30  163.72
  57.45  114.87
  57.49  136.02
  57.56   82.42
  57.62   73.74
  57.69  183.27
  57.69   84.90
  58.11  120.81
  58.15   26.67
  58.36   33.44
  58.92  141.87
  59.40  166.50
  60.23   41.21
  60.79  195.82
  61.32  176.94
  61.67   84.95
  61.75  146.21
  62.55  168.16
  62.74   64.01
  62.75  164.28
  63.01  160.52
  63.71  145.30
  64.57  201.05
  64.66  136.09
  64.66  109.42
  64.67  181.93
  65.43  195.64
  65.61  145.85
  65.71   41.50
  66.45   79.22
  66.63  148.43
  67.17  126.50
  67.60  117.07
  67.66  116.67
  67.76   49.80
  69.03  130.19
  69.42   58.71
  70.14   19.94
  70.18   18.91
  70.19   33.90
  70.87  177.69
  71.80  118.75
  71.95  101.59
  72.33   73.67
  72.61   41.03
  72.84  183.17
  72.88  156.45
  73.15   62.25
  73.35  109.60
  73.77  124.31
  73.94  131.90
  74.11   56.15
  74.35  199.43
  74.40    9.95
  74.48   76.73
  74.70  124.19
  74.82  114.19
  75.23  105.84
  75.27   19.81
  75.60  175.36
  75.98  144.71
  76.21   86.86
  76.30  152.10
  76.52   77.81
  76.83   80.32
  77.01   33.97
  77.03   42.17
  77.46  148.71
  77.67   98.07
  78.26  178.37
  78.29  100.71
  78.37   92.84
  78.43   28.69
  78.43  118.50
  78.69  122.87
  78.89   77.24
  78.98   77.26
  79.10  192.54
  79.74  151.63
  80.07   59.96
  80.22   10.13
  80.58   85.11
  80.80  210.39
  80.95  119.36
  80.96  203.23
  81.28   74.35
  81.62   24.90
  81.65  191.64
  81.78   92.21
  82.03  155.57
  82.22  105.05
  82.38   88.81
  82.56   34.80
  82.57   70.60
  82.70   35.71
  83.03   43.08
  83.12   65.44
  83.43   49.52
  83.54  144.45
  83.57   96.90
  83.64   32.99
  83.66  177.35
  83.68  144.81
  83.78  140.21
  84.23   59.78
  84.50   40.37
  84.80    7.23
  84.80   14.52
  84.85   37.30
  85.12  157.43
  85.33   53.27
  85.59   27.44
  85.66  109.94
  86.03   84.11
  86.03  113.08
  87.00   50.50
  87.14   87.08
  88.15   66.88
  88.28   21.87
  88.78  129.88
  88.80  140.63
  88.94  132.44
  89.39   77.50
  89.48   61.38
  89.92  180.50
  90.01   81.26
  90.07   16.51
  90.30   64.25
  90.35   99.51
  90.55   11.51
  90.72   32.81
  90.75   15.61
  91.17  197.22
  91.32   41.72
  91.44   55.93
  91.97  190.91
  92.42  112.60
  92.47   92.89
  92.58   63.04
  92.69   46.60
  92.71   91.00
  93.30  207.15
  94.02   85.67
  94.24   22.05
  94.74  159.42
  94.85   80.71
  94.99  175.84
  95.29   43.87
  95.52  195.72
  95.73   72.57
  95.79  167.93
  96.01  181.50
  96.04  101.90
  96.09  157.05
  96.18   89.53
  96.21   79.11
  96.43  116.04
  96.69  210.52
  97.05   76.33
  97.10  201.25
  97.11  153.15
  97.13  144.42
  97.21   21.61
  97.39   55.58
  97.50  153.61
  98.97  176.17
  99.09  169.57
  99.31   43.98
 100.25  107.83
 100.72   44.30
 101.09   38.22
 101.10  145.94
 101.17  207.32
 101.36  154.69
 101.40   59.81
 101.40  123.49
 101.46  183.50
 101.56    7.23
 101.97   74.84
 102.03  164.40
 102.06  100.20
 102.08  164.34
 102.82   81.01
 103.07   39.70
 103.74  111.86
 103.87   68.68
 104.19  143.12
 104.51   43.68
 105.65  122.05
 106.00  171.22
 106.45   73.38
 106.69  110.64
 107.08  162.58
 107.60   40.15
 107.80   86.98
 108.06    8.23
 108.21  154.18
 108.68  133.72
 108.73   43.90
 108.81   89.54
 109.63   75.10
 109.95   89.87
 110.46  190.34
 110.72  189.77
 111.20   80.87
 111.52  174.34
 111.73  119.24
 111.84  119.52
 111.95  153.41
 112.94   62.64
 113.10  198.58
 113.46  140.59
 113.84  102.30
 114.55  151.11
 114.58   50.32
 115.05  185.66
 115.09  174.85
 115.10  155.49
 115.50   71.13
 116.17   90.69
 117.24  137.85
 117.31   56.38
 117.50  108.90
 117.53   80.54
 118.35   73.39
 118.36  158.58
 118.50  198.48
 118.61  175.98
 119.38   70.17
 119.93    7.85
 119.97  189.46
 120.57  144.20
 120.65   54.84
 120.71   73.76
 121.07  133.60
 121.50  138.68
 121.56  106.99
 122.13   59.07
 122.18  197.36
 122.34   83.40
 122.36  206.48
 122.58   50.76
 122.93  158.94
 123.03  166.60
 124.09  194.27
 124.50  199.58
 124.60  190.57
 125.65  137.13
 125.98  159.57
 126.06   84.78
 126.07  131.94
 127.11   16.71
 127.52   47.77
 127.54  167.75
 127.58   48.15
 128.88   24.86
 129.09   73.20
 129.10   99.60
 129.88  135.29
 130.07  141.49
 130.19  154.61
 130.26  136.77
 130.47   88.53
 131.94  105.91
 131.99   58.98
 132.48  130.36
 132.69  172.69
 132.92  159.10
 133.44   92.06
 133.52   24.56
 133.68  156.90
 133.75   47.23
 134.07   52.30
 134.09  103.48
 134.79  168.35
 134.96  168.30
 135.52  153.61
 136.59  138.30
 136.65  138.35
 137.57  153.12
 137.65   58.83
 137.90  175.21
 138.15  103.78
 138.26   75.34
 139.24   87.07
 140.50  189.48
 140.55   48.36
 140.59  164.64
 140.91   67.09
 142.11  134.26
 142.22  181.43
 142.37   90.14
 142.89   75.79
 143.04  188.20
 143.09  174.03
 143.31   24.48
 143.35   47.67
 143.76   84.82
 144.42   72.33
 145.00   77.96
 145.09  128.92
 145.22  107.08
 145.34   68.79
 145.99  157.70
 146.07  120.05
 146.11  159.26
 146.12  173.27
 146.42  200.29
 146.42  119.88
 146.44  139.67
 146.51  128.57
 146.60   92.67
 147.80  173.97
 148.41  112.34
 148.82  171.43
 148.89  201.11
 148.90  159.23
 148.90  128.51
 149.07  100.75
 149.44  197.30
 149.62  167.23
 150.19   63.90
 150.50  119.95
 150.67   94.89
 151.22  113.60
 152.87  106.63
 153.28  175.45
 153.33  170.98
 154.27   61.42
 154.27  153.29
 154.27  178.77
 154.44   82.53
 154.63  164.74
 154.64  114.08
 154.89   92.60
 155.02  137.05
 155.62  127.56
 156.07  157.71
 156.53   50.26
 156.67   71.27
 156.87   99.10
 156.96   94.15
 157.07  196.06
 157.77  181.27
 157.90   79.14
 158.02   66.35
 158.35  123.49
 158.78  174.00
 159.15  149.50
 159.30  148.62
 159.35  187.64
 159.50  175.55
 159.66   25.74
 160.12  135.84
 160.62   75.86
 160.74   22.89
 161.35  200.84
 161.77  119.89
 161.92  165.32
 162.38   93.43
 162.53   75.09
 162.62   70.84
 163.13   87.89
 163.31  150.32
 164.16   25.97
 164.30   63.27
 164.73  114.05
 164.85   53.81
 165.12   95.93
 165.81  145.56
 166.16  104.89
 166.95  148.70
 167.35  188.43
 167.53  110.90
 167.53   85.90
 167.71   27.00
 167.76  129.09
 167.92   71.41
 168.12  152.25
 168.66  138.09
 168.72  123.54
 168.79   63.95
 169.09  107.31
 169.16   82.99
 169.32   63.80
 169.36   51.76
 169.81  159.18
 170.70  129.31
 170.72  113.52
 170.76   87.73
 170.82   49.00
 170.90  142.51
 171.39   30.44
 171.42  186.67
 171.60   92.56
 172.04  196.87
 172.28  100.71
 172.36   27.03
 172.42   59.93
 172.46   98.83
 173.17  109.22
 173.52  121.53
 174.02   66.64
 174.10  129.76
 174.79   73.83
 174.94  204.54
 175.55  184.44
 175.98  209.51
 176.01  196.15
 176.30   81.54
 177.75   69.71
 178.56  148.52
 179.18  102.86
 179.30  187.78
 179.37  155.00
 179.55  209.46
 179.82  162.81
 179.88   57.17
 179.89  119.16
 179.92  162.79
 180.07  110.71
 180.09  191.21
 180.12  132.06
 180.20  166.04
 180.45  158.21
 180.52   62.55
 181.00  173.86
 181.06   89.73
 181.61   26.07
 181.96  152.63
 182.60  205.81
 182.76   96.85
 182.80  103.52
 182.86  196.64
 182.88  140.96
 184.18   73.69
 184.27  172.73
 184.35  110.09
 184.80  115.86
 184.85  138.70
 185.18  193.47
 185.30  189.36
 185.50  143.55
 185.52   83.47
 185.60  128.69
 185.73  185.47
 186.01  163.05
 186.77   90.61
 186.86   64.13
 187.38   99.98
 187.45  136.24
 187.74  176.98
 187.79   76.07
 187.89  183.02
 187.98  137.55
 188.04  108.51
 188.18  123.35
 188.31  160.49
 188.56   52.11
 188.80   81.55
 188.82  127.88
 189.41   59.63
 189.63  104.06
 189.72  166.56
 189.88   73.18
 190.11  151.40
 190.17  156.95
 190.27  200.92
 190.38  179.15
 190.55  175.22
 191.30   64.96
 191.32  145.01
 191.53  109.45
 191.58  171.42
 191.80  112.96
 191.84   56.00
 192.33  139.55
 193.09  152.72
 193.15   71.57
 193.42  116.01
 193.61   82.57
 193.69   77.92
 194.04   62.55
 194.52  126.49
 194.60  126.58
 194.97   88.35
 195.13  160.37
 195.26   49.94
 195.36  111.37
 195.75   94.16
 196.24  106.03
 196.89  191.44
 197.09   65.70
 197.11   71.14
 198.24  142.10
 198.35  188.46
 198.75  198.40
 198.98   51.23
 199.37   82.97
 200.18   86.28
 200.29   62.49
 200.48  167.35
 200.58   27.64
 200.63   27.78
 202.08  193.56
 202.10  153.45
 202.10  100.80
 202.52  129.28
 202.86   72.47
 202.98  153.04
 203.02   59.49
 203.32   76.38
 203.46   94.09
 203.64  147.90
 204.26  188.03
 204.69   88.47
 204.98  184.00
 205.24  110.21
 206.92  177.10
 207.77  123.37
 207.93   62.34
 207.96   27.38
 208.21  136.00
 208.36  100.44
 209.51   74.72
 209.68   72.09
 210.15    9.83
 210.23  151.27
 210.25   85.09
 210.39   94.83
 210.79   77.75
 210.80  175.41
 210.91  167.29
 211.09  180.80
 211.41  129.05
 211.50   85.63
 211.71   52.15
 211.78  148.62
 211.88  123.28
 212.12   62.12
 212.41  164.03
 212.69  177.37
 212.87  140.01
 212.88  155.34
 213.32   42.42
 213.55  170.65
 213.55   12.00
 213.58  131.42
 213.67  113.01
 213.69   94.68
 213.89  151.01
 213.96   66.21
 214.01  208.44
 214.44  159.34
 214.64  181.88
 215.05  123.37
 215.18  152.90
 215.49  105.94
 215.52   86.93
 215.59  118.03
 216.38   77.00
 217.02  101.65
 217.11   10.17
 218.49   29.61
 219.06  140.41
 219.24  153.58
 219.36   93.91
 219.49   86.55
 219.64   60.01
 220.17  168.81
 220.24  170.02
 220.36  131.84
 220.47   83.07
 220.63   67.21
 220.70  134.98
 220.79   37.98
 221.00    8.48
 221.04  207.11
 221.21  116.91
 221.41   65.82
 221.74   32.85
 221.88  147.64
 222.04   26.39
 222.22  162.69
 222.88   52.01
 223.22   61.98
 223.30  137.98
 223.58  128.33
 224.24   29.28
 224.69  172.47
 224.86   74.69
 225.03   67.62
 225.05  169.07
 226.03  198.43
 226.18   48.64
 226.28   15.79
 226.75  138.26
 227.09  198.26
 227.16   60.73
 227.38   89.14
 227.51  153.55
 227.80  177.49
 228.15  104.93
 228.21  185.95
 228.39  169.38
 228.53   51.02
 228.98   55.78
 229.07   26.83
 229.37   32.54
 229.44  181.49
 229.63   79.01
 229.86   11.06
 230.16   96.77
 230.17   42.83
 230.21   18.96
 230.46   83.69
 231.21   67.06
 231.30  155.98
 231.32  101.34
 231.44  158.74
 231.49  175.39
 231.63  135.88
 231.83  121.37
 232.44  169.61
 232.84  179.97
 233.26   35.03
 233.39  108.88
 233.57   27.30
 233.90   52.27
 234.04  134.71
 234.32   72.83
 234.32  172.82
 234.72   62.86
 234.77   92.49
 234.82  188.61
 235.07  181.02
 235.08  172.79
 235.17   86.21
 235.48  142.43
 235.86  105.24
 235.94   97.11
 235.94   11.98
 236.01   67.09
 236.08  124.22
 236.21   59.58
 236.23   32.35
 236.25  118.86
 236.39  168.17
 236.51  158.65
 236.55  181.67
 237.19  127.83
 237.42  149.43
 237.65   38.51
 238.04  196.95
 238.31  176.43
 238.43   77.20
 238.93  184.69
 239.62  137.98
 239.74  143.21
 239.79  124.12
 239.94   80.82
 240.71  158.81
 241.07   87.12
 241.71   16.20
 241.89  147.95
 242.04  117.97
 242.09  110.52
 242.81  188.02
 242.89  169.17
 243.43   64.67
 243.61  103.14
 243.96   73.71
 244.01   24.17
 244.18  106.91
 244.28  180.79
 244.43  100.85
 244.51   83.47
 244.79  157.09
 244.98  138.96
 245.12   44.21
 245.79  161.09
 245.95  165.21
 246.75  155.18
 246.82   17.22
 246.91   86.52
 246.95  119.34
 246.96   35.12
 247.28   76.34
 247.38   70.26
 247.45  145.32
 247.74  114.50
 247.91  186.47
 247.98   30.84
 248.09   90.64
 248.53  131.53
 248.54   65.19
 248.62  136.58
 249.11   95.46
 249.15  151.42
 249.29    7.24
 249.44  180.29
 249.57  157.37
 249.81   10.29
 250.36  167.07
 250.48  113.58
 250.58  124.61
 250.59   68.52
 250.78   52.55
 250.96   60.75
 251.05  198.74
 251.18  203.50
 251.26   30.31
 251.76   83.23
 251.83   86.49
 252.25  128.69
 252.29   74.40
 252.44   60.11
 252.67  187.63
 252.75  110.26
 252.92   95.21
 253.01  164.10
 253.46   11.04
 253.86  148.76
 254.18  198.76
 255.07   56.17
 257.09   38.41
 257.87  106.38
 258.98   53.41
 259.77   59.69
 260.33   52.50
 262.83   54.83
 263.37  175.86
 267.88  168.16
 279.13   27.04
 282.79   31.04
