  11.87   92.62
  16.23  136.49
  17.23   96.38
  17.54   79.98
  19.48   93.32
  19.64   84.22
  19.65  131.67
  21.50   74.67
  22.88  120.45
  23.64   88.43
  24.18   67.67
  24.39   96.79
  25.69   81.90
  26.06  119.68
  26.86   74.60
  29.26   99.22
  29.88  111.31
  32.09  104.10
  32.36   81.87
  32.43  111.37
  32.67  132.63
  32.72   70.98
  38.63  134.01
  38.94   86.72
  39.00   63.24
  39.29   67.07
  42.11  128.51
  42.41  121.43
  42.45  121.51
  42.48  105.73
  45.14   55.90
  45.24   96.06
  45.40  130.40
  45.79   54.11
  45.91  137.46
  46.03  117.16
  46.95   51.37
  47.04   90.50
  47.53   88.08
  48.97  122.86
  49.55   84.63
  49.80  110.10
  50.11  107.08
  50.83   96.97
  51.10  135.37
  53.97  117.81
  54.27  111.47
  54.38   86.42
  55.98  106.02
  57.16   87.67
  57.31   93.01
  57.33   56.95
  58.63   84.97
  59.57   99.81
  63.39   87.23
  63.44   95.68
  63.94   86.53
  64.47  104.48
  65.86  101.56
  67.45   76.51
  67.53   91.38
  68.27   85.02
  68.32   45.62
  69.81  101.34
  70.31  105.67
  71.69   87.20
  72.25   95.80
  75.52  129.41
  75.82   88.13
  76.61  117.40
  76.98  124.51
  77.56  119.64
  77.88  102.34
  79.47   87.13
  80.77   59.37
  81.87   78.88
  82.80  105.48
  83.42   84.11
  83.71   91.80
  85.55   82.40
  85.90   93.64
  86.01   98.14
  86.16   79.41
  89.06  107.87
  93.26   56.38
  93.32   60.98
  93.98   93.27
  94.10  112.70
  95.65  101.17
 103.26  116.32
 104.25  109.27
 108.63   77.95
 111.00  107.50
 111.12   49.58
 112.50   86.36
 114.32  131.07
 114.34   77.90
 117.14  109.34
 117.49   80.04
 117.52  106.49
 117.79   84.21
 118.36  101.67
 120.20   86.12
 120.90  143.94
 122.44  144.10
 123.20   96.45
 124.82  102.02
 126.04  106.17
 127.03   24.01
 127.05  117.56
 128.18  154.91
 128.75  145.41
 129.23   84.54
 130.44  101.08
 131.83  109.78
 132.26   79.30
 132.40   87.09
 133.22  101.00
 133.60   91.29
 133.88  118.30
 134.86   95.42
 135.63   40.19
 136.68  132.94
 137.42   51.47
 137.68  114.09
 137.72  122.38
 137.92  127.58
 139.10   91.50
 140.45   88.28
 142.90  106.09
 143.78  129.84
 144.18  111.94
 144.22   94.62
 144.55   77.48
 144.62   57.85
 146.02  116.77
 146.77  106.79
 146.94   91.74
 147.28   84.37
 147.30   76.50
 147.31  122.58
 147.84  128.51
 147.97  123.95
 148.56   81.90
 148.97  115.56
 149.27   35.49
 149.91   86.33
 151.09   38.39
 151.51  125.92
 151.85   78.94
 152.03   85.07
 152.06  105.12
 153.06  120.89
 155.05  107.65
 155.81  104.03
 157.50   36.36
 157.51   81.14
 158.42   59.34
 158.60   55.76
 158.91  126.43
 159.33  120.15
 160.87  126.58
 163.94  126.62
 164.48   84.37
 164.82   63.17
 167.60   69.75
 168.19  123.11
 169.04   80.61
 169.12  180.06
 169.78   24.90
 169.93   98.28
 170.61  122.07
 170.71  106.15
 171.01  121.84
 171.92  104.85
 172.33   27.18
 172.57  180.74
 172.73   93.87
 173.72  154.26
 174.05  126.03
 174.51  151.08
 176.97   79.73
 179.38   82.68
 179.73   67.10
 183.09   83.32
 184.21   60.49
 184.37   40.55
 186.56   72.70
 187.75  177.50
 191.00  113.25
 191.87   79.08
 192.03   60.37
 195.47  104.51
 196.69   72.82
 202.50  175.69
 202.84  161.31
 203.05   69.50
 204.08  112.50
 207.05  170.39
 207.41  170.66
 207.64   32.40
 207.70  128.44
 207.80  153.60
 207.83  147.60
 209.18  184.12
 209.50  146.79
 210.12   83.90
 211.34  166.13
 212.57   51.18
 212.66  129.52
 214.09   75.47
 214.13   52.99
 215.05   75.93
 215.11  171.79
 215.96  147.35
 216.66   61.63
 216.67   65.71
 216.68   80.82
 216.78  136.48
 217.09  164.26
 217.60  139.87
 219.33  147.82
 220.29   57.22
 220.34   50.38
 221.58   81.54
 222.30   87.83
 223.17   72.46
 223.50  173.47
 223.63   91.09
 223.73  161.60
 223.74  144.73
 224.83   52.05
 224.88  128.22
 225.44  126.52
 225.83   91.68
 225.86   91.60
 226.04   96.65
 227.20   91.20
 227.25  111.40
 227.71  172.63
 228.20  106.76
 228.45  166.96
 228.89   83.11
 229.12   94.32
 230.06  139.78
 230.98  104.48
 231.60   84.23
 231.71   89.99
 233.34  112.99
 233.75  110.22
 233.95  144.34
 234.66   92.41
 235.06    9.41
 235.08   24.39
 235.68   83.64
 236.05   27.28
 236.33  148.20
 237.20  114.60
 237.24   97.61
 239.01   80.07
 239.10   36.72
 239.39   94.65
 239.42   40.32
 239.89  103.22
 241.57   90.76
 241.61   52.67
 242.43   85.10
 242.86  104.21
 244.13  154.78
 244.48  130.15
 245.18   98.54
 245.25   89.20
 245.65   94.37
 245.92  117.60
 246.13   80.70
 246.24  176.10
 248.52   96.07
 248.71  171.88
 249.52   89.91
 250.42  118.03
 250.94  146.62
 253.34   98.24
 253.49   94.54
 255.20  154.66
 255.21   88.49
 256.14  145.89
 256.64  182.57
 257.93   78.81
 257.98   83.27
 258.55   98.18
 258.69  105.45
 258.70  170.95
 258.79   92.78
 259.03  148.77
 260.54   80.00
 260.66  177.19
 262.35   96.03
 263.57  120.15
 263.99  154.56
 264.02   87.43
 265.35  180.32
 265.65  141.28
 266.12  113.16
 266.19  182.86
 266.26  117.55
 267.28   91.43
 267.51  110.53
 268.02   87.05
 268.72  180.00
 270.96  116.17
 270.97  103.00
 271.90  211.36
 272.06   14.59
 272.09   14.48
 272.14  135.96
 272.44  119.94
 274.83  102.45
 275.47  118.40
 278.54  120.26
 278.56  170.04
 278.66  167.58
 281.55  169.99
 283.24  111.69
 284.89  151.46
