   9.66   71.65
  10.40  118.49
  11.24  191.29
  11.51   62.23
  12.73   80.91
  12.92   55.34
  12.94  112.94
  13.44  120.07
  14.72  163.17
  14.75   71.21
  14.89  164.22
  15.38  161.92
  15.75  140.89
  15.84   50.95
  16.11   54.14
  16.50  114.31
  17.30   83.60
  17.65   50.34
  18.02  173.65
  18.60  165.60
  18.73  160.10
  18.82  106.89
  19.11   64.15
  19.53  190.69
  19.88  132.83
  20.70  175.15
  20.70   59.99
  21.16   75.57
  21.41  155.15
  21.43  115.16
  21.67  200.10
  21.71  200.08
  21.85   79.94
  22.47   87.93
  22.98   43.55
  23.19  195.11
  23.59  138.47
  24.83  144.92
  25.08  172.75
  25.49  120.62
  25.56  129.08
  25.86  128.87
  26.10   45.74
  26.17  191.04
  26.31  107.58
  26.45  119.52
  26.54   74.99
  27.12  178.71
  27.69  180.91
  27.85   83.53
  28.39   65.27
  30.58  118.83
  30.95   40.68
  30.99   39.28
  32.79   86.64
  33.16  142.24
  33.32  148.48
  33.45  148.41
  33.88   43.13
  35.57   77.72
  36.06  110.26
  37.42  157.22
  37.42  201.71
  38.29   73.65
  38.88   48.59
  39.46  178.78
  39.55  169.28
  40.26   93.50
  40.48   81.49
  40.56  189.33
  40.89   84.44
  41.05  120.13
  41.36   47.06
  42.01   55.38
  42.02  114.19
  42.05   90.21
  42.63  120.23
  43.09   69.74
  43.38   72.93
  44.58   84.71
  45.41   24.43
  47.03   62.75
  47.06  154.98
  47.10   56.94
  47.11   92.64
  48.62  147.38
  49.22   95.55
  49.23  117.94
  50.20  208.12
  51.24   39.80
  51.53  156.15
  52.33   57.85
  53.09  141.22
  53.21   22.51
  53.49  121.17
  54.55  166.51
  54.55  138.13
  55.13   43.19
  55.96  192.53
  55.97  116.88
  56.28   29.10
  56.62  141.10
  57.77  165.36
  57.86   53.98
  58.64  156.86
  58.73  119.47
  59.62   30.82
  59.99   37.63
  60.45   61.92
  60.60   78.95
  60.75  109.41
  62.12  122.55
  62.28   45.22
  62.68   89.22
  63.00  183.91
  63.39   51.59
  63.49   37.26
  64.04   69.54
  64.45   13.38
  64.73   58.72
  64.76   43.93
  64.94   18.82
  65.34  110.58
  65.91  162.34
  65.98   92.13
  66.41   26.37
  66.43  117.54
  66.54   45.11
  66.94   31.77
  67.16   51.90
  67.49   82.08
  67.98  179.49
  68.02   55.38
  68.02  133.71
  68.54   99.50
  69.33   85.58
  69.73  121.82
  69.78   13.81
  70.38  123.43
  70.46   37.02
  70.88   51.06
  71.00   71.09
  71.06   89.07
  71.09  183.73
  71.96  156.55
  72.23   56.43
  72.53  138.70
  72.94  169.53
  72.99   34.17
  74.33  129.58
  74.34   28.93
  75.11  122.61
  76.42   53.60
  76.80  175.35
  76.96   41.74
  77.02   67.32
  77.34   22.75
  77.42   27.89
  77.56   88.66
  78.47   33.40
  78.93  116.80
  80.09   23.85
  80.53   54.27
  80.61   30.41
  80.73   45.62
  80.78   18.37
  81.47  169.29
  82.58  166.53
  82.80  127.88
  82.81   35.14
  82.94  122.95
  83.60   23.03
  83.90  128.27
  84.31   12.70
  86.58   46.05
  87.03  166.84
  87.71  170.12
  88.85   14.33
  89.87   12.71
  90.66   27.31
  91.02   20.29
  91.14   32.66
  92.19   69.07
  92.34   63.98
  92.94   14.76
  93.21  126.31
  93.79   22.47
  93.96   61.25
  95.62   78.77
  95.94  119.60
  96.06   64.97
  96.63   45.05
  96.78  132.47
  97.84   62.74
  99.91  113.56
 100.20    8.26
 100.33  130.38
 100.47  149.37
 100.60  109.98
 100.88  167.57
 101.59   14.49
 102.64   49.29
 102.70   49.51
 103.54  190.50
 104.48   65.90
 104.64   86.54
 107.34  193.84
 107.48   88.96
 108.15   88.20
 110.45   62.99
 110.55  192.48
 110.58  171.29
 111.49   76.95
 113.42   60.00
 115.82  142.12
 115.93  138.53
 117.12  157.20
 118.21   90.70
 118.78  139.82
 119.07  148.45
 119.61   53.73
 119.83   82.41
 120.01   39.97
 120.46   57.80
 122.17  158.50
 122.65  162.15
 122.87   74.61
 123.27   33.92
 126.70  189.73
 127.81  147.77
 127.89   93.27
 128.54  204.23
 130.91   51.21
 131.14   92.50
 131.37  163.17
 131.65  194.16
 132.23  117.09
 132.70  190.87
 132.91   90.07
 141.27   51.89
 141.78  100.72
 142.08  121.92
 143.70   56.40
 144.73   72.50
 146.41   15.46
 146.44  126.58
 146.57  147.08
 146.67  185.84
 146.99  102.36
 147.04   52.14
 147.57  187.54
 148.17  129.40
 149.71  123.81
 150.33  173.57
 152.56   59.76
 152.85  150.45
 153.42  165.95
 154.20   80.41
 154.84   85.17
 155.86  168.48
 157.49   88.79
 157.61   88.71
 159.08  161.25
 159.26  181.17
 159.31  177.19
 159.41  192.34
 159.57   87.63
 159.78   65.29
 159.84  135.79
 160.14   71.63
 160.57  142.79
 162.39   65.78
 167.15  115.03
 168.06  150.39
 168.34  139.28
 168.95  164.14
 171.34  103.96
 172.01   90.11
 172.50  150.71
 172.71  107.45
 173.56  162.74
 173.56  110.55
 173.57   89.12
 174.28  100.64
 174.34  104.60
 176.53  126.28
 177.60  161.75
 179.07   66.59
 179.24  173.53
 179.98  141.08
 180.30  158.72
 180.54  194.37
 181.15  185.14
 181.17  106.98
 182.59   84.71
 183.32   99.23
 183.68  169.49
 184.05   69.97
 184.22  187.94
 184.28   94.68
 184.77   94.74
 186.45  168.14
 186.47  163.82
 186.57  163.50
 186.89  162.56
 187.06  183.58
 188.32  124.11
 189.11  154.25
 191.09   54.26
 191.66   59.32
 193.22  119.24
 193.25   59.07
 193.29   95.34
 193.93  174.19
 194.14   89.49
 194.19   89.16
 197.07   61.27
 197.42  178.77
 201.76   56.08
 201.86   32.49
 203.07  136.97
 205.00   29.87
 205.11  114.63
 206.00  144.00
 206.64   93.22
 207.07  121.46
 207.08   71.49
 207.13  121.38
 207.69  128.52
 208.07   29.70
 208.56  136.49
 209.24  130.85
 209.37   86.15
 209.58   73.34
 210.40  123.45
 211.39   90.98
 211.60   76.28
 212.00  126.64
 212.53   59.31
 212.58   29.44
 212.78   59.26
 212.79  143.68
 213.43  166.19
 214.09  120.89
 215.32   44.29
 215.50   50.39
 215.93   13.60
 216.35  131.32
 218.15  137.46
 218.27  137.73
 220.30   88.49
 220.50  116.41
 220.53   58.02
 220.84   74.27
 222.50  188.84
 223.23  213.16
 223.27  164.74
 225.42  181.23
 225.72   78.39
 225.99  175.91
 226.30  134.66
 228.30  172.36
 228.35   68.75
 228.91  167.42
 230.34   81.37
 230.63   71.87
 232.72  173.46
 234.48  168.98
 236.61   88.15
 236.80   67.98
 238.52  125.99
 239.94  171.89
 243.26   84.80
 244.00   62.36
 244.39  121.09
 244.84   84.24
 245.10   48.49
 246.59  122.93
 246.72  161.65
 247.56  103.30
 248.34  194.47
 249.37  131.17
 253.99  150.31
 259.83   97.50
 261.27  144.13
 262.32  161.41
 263.12  149.92
 265.84  164.41
 268.95  199.07
 270.39   90.21
 270.44   26.07
 270.48  161.56
 271.49  126.32
 272.55  168.38
 273.29  165.43
 273.43   27.04
 273.46   27.00
 276.16  142.27
 278.20  117.45
 278.77  171.89
 280.00  121.93
 281.05   65.48
 282.11  170.65
 282.77  187.30
