  11.52   72.58
  12.97   80.64
  13.40  167.79
  14.00   85.16
  14.98   91.40
  16.70   91.30
  16.73   77.08
  17.33  199.93
  17.58  126.68
  18.19  112.26
  18.20  182.98
  18.31   95.98
  19.00  204.52
  19.14  170.39
  19.72   83.55
  20.41   74.39
  20.94  108.87
  20.96  156.42
  22.63  186.61
  22.90  145.05
  23.46  132.44
  23.60   91.36
  23.61  155.92
  23.70  179.32
  24.03  112.13
  24.09  166.24
  24.14   74.98
  25.44  167.70
  25.53   97.79
  25.67  137.75
  26.06  108.16
  26.45  132.35
  27.47  154.33
  27.48   75.48
  27.53  122.20
  28.17  102.29
  28.27  102.13
  28.36  149.18
  29.08  156.89
  29.24   84.60
  29.38  116.24
  29.47  135.05
  30.30  126.19
  30.41  193.20
  30.45  109.27
  31.50   72.20
  32.24   72.74
  32.58  137.90
  34.07   66.67
  34.54   62.55
  34.57   98.05
  34.74  116.05
  34.92   85.65
  34.94  134.30
  35.02  129.70
  35.63  141.91
  36.04  105.45
  36.07  178.28
  36.51   82.76
  36.77   72.63
  36.95   67.07
  37.06  183.98
  37.10  108.89
  38.20  174.86
  38.27   77.12
  38.45  168.42
  39.03  150.49
  39.08  119.63
  39.18  155.42
  39.26  131.33
  39.41   88.76
  39.50  164.66
  40.19  126.85
  40.49  166.02
  40.92  146.26
  40.99  142.66
  41.48   80.43
  41.84  135.07
  42.07   85.72
  42.61  198.05
  43.24  102.51
  43.48  150.77
  43.73  102.50
  43.94  127.09
  43.99  147.67
  44.30  159.67
  44.76   89.80
  46.91   69.80
  47.25  130.07
  47.34  169.18
  48.32  147.80
  48.51  137.78
  48.87  124.70
  49.76  207.10
  50.24   75.18
  50.30  108.85
  50.47   95.24
  50.59   86.29
  52.95  203.78
  53.34   67.15
  54.88  113.13
  55.18  164.34
  56.00   93.52
  56.34   80.14
  56.61  134.17
  57.10  118.39
  57.21  202.93
  57.82  150.73
  58.57  113.86
  58.84   97.59
  58.93   80.81
  59.39  141.18
  59.81  199.99
  59.95  166.01
  60.21  166.07
  60.64  149.70
  61.78   85.95
  62.18   92.82
  62.21   78.57
  63.19  106.21
  64.10  111.46
  65.16  129.11
  65.43  143.30
  65.99  121.57
  66.13  133.99
  66.54  150.81
  67.38  108.71
  67.59  114.73
  68.80  128.21
  68.80  127.67
  69.01  200.15
  69.47  135.48
  69.78  119.07
  71.70   82.28
  71.75  110.49
  72.50   93.12
  72.79  123.37
  74.19  114.40
  76.41   20.06
  76.89  194.37
  76.96  194.40
  77.09  131.10
  77.58  112.19
  78.23  129.54
  79.25  146.46
  79.25  142.17
  79.35   75.76
  81.11  132.04
  81.39  139.24
  83.99  140.02
  84.02   77.44
  84.34   97.08
  85.28  152.85
  85.50  149.85
  85.72  134.65
  87.78  163.33
  88.03  143.22
  88.50   77.42
  88.50   68.66
  89.47  115.97
  89.78   72.74
  91.03   87.61
  91.31  162.23
  91.39  130.27
  91.72   65.58
  92.62  137.35
  92.97  174.73
  93.26   79.51
  94.40  170.62
  94.83   53.74
  94.89   53.94
  94.93   26.58
  95.30   49.90
  95.43  162.90
  95.97  138.32
  97.52  170.03
  98.04  165.44
  98.52   55.88
  99.31   95.65
  99.69  171.28
 101.68  154.85
 102.36  163.03
 102.81   52.30
 103.04  102.42
 103.26  180.85
 104.99  138.71
 107.62  169.20
 107.70  146.26
 108.00  101.37
 108.10   64.10
 108.81  165.41
 109.87  159.54
 109.98  138.99
 110.61  186.13
 110.61  190.90
 110.80  151.41
 111.60  129.47
 111.73   50.24
 111.95  145.39
 112.43  193.96
 112.63   63.06
 113.22  126.43
 114.08  189.16
 114.68   52.82
 115.14   59.93
 115.93   47.54
 118.35   17.29
 120.03  184.26
 125.47   90.55
 125.71   52.73
 127.73   59.88
 127.90  191.93
 128.92  197.36
 130.68   58.83
 132.22   97.80
 132.23  103.08
 132.52  107.99
 133.27   52.63
 133.59   59.99
 135.92   56.90
 136.63   88.34
 138.65   52.94
 138.85   59.25
 139.00   93.06
 140.46   88.54
 141.09   55.90
 142.56  208.15
 144.03   52.33
 144.43  149.22
 144.45  210.29
 144.60  199.76
 144.63  210.80
 144.75   92.23
 146.88  209.10
 147.69   56.07
 149.04  145.79
 150.10   52.41
 150.15   60.06
 151.16   82.82
 151.83  115.89
 153.34   58.45
 154.21   55.63
 154.71  204.94
 156.08   88.07
 158.02  155.01
 158.70   86.98
 159.01   52.77
 160.91   59.94
 163.28   84.70
 163.87   58.23
 163.89   58.46
 165.13  204.75
 165.26  204.73
 166.43   85.58
 166.83   52.57
 167.02   59.99
 167.04   95.47
 167.49  121.60
 167.84   84.20
 168.22   22.82
 169.22   55.78
 170.15   47.06
 171.81   52.49
 171.97  100.25
 172.68   59.87
 175.26   42.88
 175.31   96.59
 175.48   65.94
 175.57   56.53
 176.70   21.70
 177.46   22.38
 178.94  138.59
 179.38   33.77
 179.72   59.43
 179.83   52.86
 180.34   86.86
 181.36   48.06
 181.74  210.80
 181.96  198.91
 182.10   92.55
 182.58  133.18
 182.99  127.46
 183.17  144.45
 183.39  181.69
 183.54  173.59
 183.78   56.75
 184.15  198.41
 184.17  108.09
 184.44  103.40
 185.50  121.06
 185.53  146.18
 185.56  139.37
 186.72  208.58
 186.87  103.88
 187.10  202.89
 187.34  101.01
 187.58   63.94
 187.80  196.38
 188.23  141.85
 188.36  127.56
 188.77  127.57
 189.20  205.82
 190.01  166.71
 190.92  209.74
 191.13  116.47
 191.20  167.54
 191.35  116.45
 191.45  103.88
 191.54   70.44
 191.72  108.24
 191.94  174.91
 192.19  157.43
 192.50   97.71
 192.72   89.82
 192.91   50.37
 192.94  141.93
 193.42  128.52
 193.77  148.67
 194.28  209.57
 195.18   83.80
 196.92  173.65
 197.19  187.68
 197.98  195.95
 198.20   78.35
 198.69  158.10
 199.26  155.83
 199.29   71.05
 199.82  179.39
 200.12  114.71
 200.39   90.25
 200.66  194.59
 202.35   84.47
 202.49  106.10
 202.88  101.07
 202.93  189.42
 203.13   80.20
 203.84  126.10
 206.05  128.22
 206.16  182.87
 206.53  176.71
 206.61   95.55
 207.21  161.41
 207.46   87.83
 207.69   82.98
 208.10   85.35
 208.65  168.48
 208.92  101.28
 209.21   80.36
 211.24  136.17
 211.29  125.01
 211.35  164.85
 211.53  169.59
 212.26   70.56
 212.37  173.55
 212.60  129.16
 212.76   91.59
 212.90  133.08
 213.12   94.71
 213.18   18.91
 213.52  127.80
 215.01  199.00
 215.60   89.93
 216.63  124.92
 216.99  170.54
 217.02  197.59
 217.59  205.54
 218.13   78.56
 219.59  135.32
 219.64  195.79
 220.11  157.52
 220.15   94.38
 220.21   94.50
 220.36   82.15
 220.46  161.40
 221.99  124.44
 223.22  148.70
 223.98   82.21
 224.09  165.96
 224.47   91.09
 224.70  198.48
 224.71  204.37
 225.38  161.31
 225.59  171.47
 227.17  129.40
 227.44  171.80
 227.66  157.35
 227.92  201.60
 232.65  149.08
 232.74  101.10
 232.85  162.37
 233.02  130.53
 233.09  118.32
 233.51  168.72
 234.07  157.09
 234.52   19.51
 235.34  180.35
 235.47  159.99
 235.89   97.97
 237.42  122.79
 239.20  203.28
 239.28   88.79
 239.59  156.00
 239.93  190.94
 240.07  190.70
 241.01  163.36
 241.37  159.86
 241.87  203.23
 243.03  165.09
 244.46   91.63
 244.46  158.34
 244.90   98.07
 246.16  134.38
 246.37  199.90
 246.80   67.75
 247.60  160.02
 247.97  153.35
 249.21  102.96
 249.59   60.90
 249.84  158.12
 249.85  101.25
 252.39   96.52
 253.63  167.17
 254.96  184.59
 255.72  145.12
 256.25   90.71
 256.60   86.49
 257.45  156.07
 258.56  124.18
 259.03  185.97
 259.88  159.47
 262.04   96.64
 262.50  178.50
 262.76  132.52
 263.11  119.82
 263.69  139.17
 263.73  154.12
 263.87  188.57
 263.88   99.42
 263.91  139.22
 264.27  121.48
 265.13  123.42
 265.57  116.78
 266.08  179.32
 266.96  137.79
 267.12  172.44
 267.15   99.69
 268.44  183.09
 269.35   44.95
 269.64   96.09
 270.16   74.56
 270.57  188.47
 271.42  141.95
 272.08  139.86
 272.15  122.13
 272.36   79.27
 272.38  117.34
 272.41   85.83
 272.58  137.54
 272.59  100.49
 273.96  180.18
 274.21  180.11
 274.45   74.95
 274.52   81.69
 275.98  164.25
 276.11  156.09
 277.46   76.63
 277.75   41.80
 277.97  119.07
 278.06  201.98
 278.87  132.16
 279.83  187.20
 280.44  198.37
 280.78   94.48
 281.07   87.65
 281.96  138.74
 282.47  195.48
 283.67   86.38
 284.36  111.32
