   8.01  183.09
  10.11  208.26
  10.83  101.72
  10.95  204.66
  11.11  150.78
  11.15  135.86
  11.78  177.24
  13.70  146.84
  13.86  176.99
  14.05   39.31
  14.78  101.59
  14.97  120.64
  15.32  138.52
  15.51  153.28
  15.60  149.35
  15.65  138.78
  15.89  134.03
  15.98   21.89
  17.34  178.76
  18.96  123.93
  19.72   67.19
  19.81  119.42
  20.22  106.16
  20.82  204.20
  20.92  200.60
  21.18  197.47
  22.29   59.24
  22.40  151.21
  23.16  103.09
  23.64  188.66
  24.74  133.35
  24.87  195.60
  24.97  147.37
  25.18  199.53
  25.92  170.55
  27.00  201.59
  27.35  206.72
  27.79  145.35
  28.01  122.72
  28.42  149.04
  29.04  135.89
  29.05   68.68
  32.33  206.70
  33.49  100.26
  34.06   62.71
  34.65  130.76
  34.89   83.45
  35.04  195.62
  35.12  112.24
  35.73  198.50
  37.01  104.67
  37.42  167.34
  37.44  179.63
  37.54  145.26
  37.90  132.62
  38.39  191.13
  39.15  194.89
  39.76  111.68
  40.57  143.51
  41.50   70.38
  41.76  188.14
  42.25  144.95
  42.34   77.41
  43.03  197.55
  43.94  118.99
  44.08  153.99
  44.20  139.24
  44.33  186.05
  44.96  174.06
  45.50  177.56
  46.53  190.99
  49.00   89.47
  49.04   83.99
  49.34  153.65
  49.58  152.63
  49.83  197.55
  49.85  104.33
  49.94  181.66
  50.01  213.47
  50.13  134.57
  50.13  118.23
  50.42  110.38
  50.44  191.50
  50.82  149.94
  51.38   99.81
  51.85  162.49
  51.99  205.39
  52.52  186.20
  52.60  197.13
  52.79  145.06
  53.05  173.35
  53.17   73.43
  54.94   88.61
  54.96   98.57
  55.25   81.10
  55.69  118.50
  55.78  141.17
  55.86   71.57
  58.28  135.50
  58.83   95.42
  58.86   70.97
  59.39   76.96
  62.99  106.62
  64.12  124.74
  64.91  166.05
  64.94   69.67
  66.56   88.61
  66.57  100.35
  66.99  136.23
  67.04  210.83
  67.70  105.66
  69.83   54.27
  70.39  105.43
  70.97  163.37
  72.09   55.65
  72.49  144.48
  73.10   83.78
  73.77   94.15
  73.91  188.59
  74.63  133.91
  74.69  159.86
  75.02  107.37
  75.68  130.73
  76.23  121.25
  77.77   53.96
  77.88  192.99
  78.10  147.95
  79.09  112.81
  79.21  104.17
  79.33  165.70
  79.49  165.65
  79.91   88.19
  80.66  100.43
  80.95  186.54
  81.52   95.05
  81.87  143.86
  81.87  164.29
  82.28   85.03
  82.61  109.93
  82.63  109.49
  82.73  138.83
  82.95  131.60
  83.03  102.60
  83.10  161.96
  83.12  119.57
  83.33  122.45
  83.49   45.39
  83.60  161.34
  83.69  190.20
  83.75  154.93
  84.01  185.47
  84.10  115.45
  84.78   96.54
  85.93   71.13
  86.71  130.84
  86.91  124.48
  87.09   42.66
  87.64   80.50
  88.63  184.35
  89.16   91.39
  89.61   91.97
  89.68  120.90
  90.55  169.04
  91.33  159.02
  91.53  107.55
  91.89  142.38
  92.43  115.29
  92.76  149.70
  93.34  169.23
  93.53  125.18
  93.71   86.14
  93.94  134.96
  94.15  121.12
  94.24  167.08
  94.27  166.86
  94.63   42.21
  95.22  103.62
  95.62   84.65
  96.27  130.96
  97.80   91.11
  97.84  156.44
  98.08  107.97
  98.16  122.65
  98.48  115.21
  98.84   98.23
  98.88   71.49
  99.40  163.16
 100.25  130.42
 100.60  148.61
 100.76   89.93
 101.74   74.95
 101.92  100.92
 101.97   37.88
 103.05   82.37
 103.97   35.18
 104.21   41.07
 104.38   84.97
 105.03   42.88
 105.40  153.13
 107.23  122.69
 107.69  110.20
 108.23   84.75
 108.27  101.95
 108.59   95.01
 109.21  143.23
 109.89  136.99
 110.33   30.30
 110.33  107.55
 111.02  158.13
 112.12   50.31
 112.38  146.78
 112.46   85.85
 113.28  119.52
 113.82  131.57
 114.94   60.60
 115.66   88.78
 115.80   52.32
 116.02  144.65
 116.94  106.00
 117.30  211.53
 117.66  111.11
 117.97  157.93
 117.99  125.80
 118.15  146.35
 119.22   80.90
 119.42   72.89
 120.43  111.81
 120.71   59.34
 120.99   84.51
 122.03  111.65
 122.70  158.20
 122.91  112.38
 123.14  180.79
 123.35   82.07
 124.20   71.44
 124.89  100.86
 125.11  136.63
 125.81   59.38
 126.81  105.01
 128.36   91.99
 128.50  158.24
 129.15   74.51
 132.70   92.33
 132.88   88.48
 132.91   71.50
 133.34  157.97
 133.71   59.54
 135.08   96.09
 135.30   90.80
 135.55   74.79
 135.92  104.94
 136.61  167.00
 136.88  112.61
 136.90  158.78
 138.00   89.06
 138.07  101.12
 140.26   59.65
 140.94   84.19
 141.41   88.06
 142.48   92.14
 142.84   59.94
 144.46   95.85
 144.77  158.89
 147.81   87.97
 148.04   40.89
 150.48  127.11
 150.50   60.40
 151.17   40.47
 151.38  153.55
 152.01  158.97
 152.14   91.16
 152.60  109.21
 152.85   95.95
 153.79   86.73
 154.97   71.32
 156.81  158.04
 157.01   92.43
 157.16   64.15
 157.29  113.69
 157.33   79.84
 158.13  158.98
 158.70  144.90
 158.74   63.00
 158.94   40.99
 159.11  125.42
 160.38  105.37
 161.49   66.90
 161.58   63.15
 161.82   57.88
 162.25   93.01
 162.60   35.22
 162.68   39.29
 162.72   44.51
 162.75  100.82
 162.81   30.06
 162.92  100.74
 162.99  139.21
 163.27  147.58
 163.62  138.21
 163.63  144.62
 164.29   87.16
 164.74   78.12
 165.51  154.66
 165.64   38.39
 165.77  104.51
 165.94   65.15
 166.40   64.98
 167.04   41.90
 167.06   33.06
 167.07  100.00
 167.36  132.79
 167.78  159.13
 168.16  121.43
 168.47   37.32
 168.53   44.95
 168.54   91.41
 168.80  116.10
 168.84   39.29
 168.87   35.63
 168.87   30.11
 168.91  156.26
 168.94  112.19
 169.68   52.89
 169.74  143.51
 169.95   82.66
 170.08  150.73
 170.17  150.65
 170.39  125.15
 170.85  122.20
 171.47  161.09
 171.54   37.00
 171.73  131.89
 172.09  128.03
 172.13   30.73
 173.07   93.41
 173.16  109.18
 173.72   55.11
 173.83   33.54
 174.13  148.50
 175.79  102.56
 176.28  149.97
 177.23  114.51
 177.27  153.49
 177.41   76.28
 177.53  138.11
 177.76  100.61
 178.95  109.69
 179.74  165.98
 179.93   51.52
 180.10  150.62
 180.69  147.07
 182.20  141.61
 182.43   73.20
 182.50  186.29
 182.62  100.71
 182.82  173.45
 183.10   85.73
 183.25  168.66
 184.48  106.41
 184.91  101.76
 185.84   81.04
 185.92  165.00
 186.34  145.70
 186.40   93.95
 186.72   33.31
 186.95  178.60
 187.40   85.95
 187.40  109.13
 188.19   49.62
 188.24   59.68
 188.35  116.53
 189.13  149.93
 189.38  154.28
 191.77   67.10
 191.85  168.20
 194.74   81.83
 195.35   90.86
 195.90   38.98
 196.14   51.68
 196.50  201.24
 196.51  131.44
 196.62  172.13
 197.70  144.90
 197.72  155.12
 197.79  197.04
 197.86  205.66
 197.91  138.17
 198.05   96.63
 198.07  193.32
 198.07  159.67
 198.35  197.40
 198.64  188.06
 198.88   59.93
 198.92  124.37
 198.93  122.10
 199.00  165.93
 199.35  153.78
 199.63   53.38
 200.00  162.62
 200.23  105.37
 200.24  180.28
 200.27  102.36
 200.56   37.00
 201.14  134.56
 201.23   79.93
 201.73  112.50
 201.83   26.72
 202.26  177.16
 202.34  143.15
 202.41  156.79
 202.62  109.51
 202.67  171.27
 202.86  171.28
 203.17   85.40
 204.10  133.39
 204.76  167.44
 204.97  148.13
 205.96  122.82
 206.02   58.18
 206.76  182.27
 206.97   86.02
 206.97  171.00
 207.27   43.43
 207.75  133.14
 207.82   91.39
 207.89   47.38
 208.07  156.73
 208.40  143.81
 208.48  109.28
 208.77  180.23
 208.94   28.98
 209.02   73.09
 209.16  122.97
 209.36  167.56
 209.49   85.81
 210.50  147.78
 210.60   64.15
 210.60   64.21
 210.67   65.65
 210.91  143.43
 211.22  182.38
 211.42  171.34
 212.13  133.70
 212.43   29.37
 212.62  156.93
 212.78   50.17
 213.43  180.32
 214.02   36.04
 214.15   84.34
 215.12  147.75
 215.32  197.16
 215.44    8.49
 215.79   71.79
 215.82  182.42
 216.17   65.09
 216.20  104.20
 216.22  171.27
 216.34   91.61
 217.08  156.89
 217.12   36.34
 217.19  143.87
 217.86  180.49
 218.20  167.64
 219.08  147.92
 219.33   49.65
 220.32  171.31
 221.00   92.01
 221.31  144.32
 221.51  156.93
 222.17  180.36
 222.39  168.00
 223.16   71.17
 223.29  185.30
 223.53    9.02
 223.85  147.74
 224.24   58.87
 224.36  182.41
 224.47  171.48
 225.13   92.15
 226.15    9.32
 226.36   17.12
 226.67   86.67
 226.87  167.87
 227.02  185.26
 227.42   77.21
 227.54   63.41
 227.63   23.49
 228.11   98.96
 228.19  147.79
 228.84  182.65
 229.01  178.21
 229.02  171.50
 229.24   96.69
 230.27  144.15
 230.29  157.00
 230.96  180.40
 231.21  168.09
 231.47  134.89
 231.58   71.50
 233.23  190.01
 233.25  182.51
 233.48  113.82
 233.51  113.80
 233.59  171.51
 233.73  147.96
 233.99  130.49
 234.10  127.07
 234.45  144.12
 234.91  193.38
 235.35  140.68
 235.52   85.04
 235.70  147.84
 235.83  167.92
 236.05  195.84
 236.06  213.47
 236.09   69.74
 236.59   22.22
 236.80  178.37
 237.12  134.88
 237.48  177.44
 237.73   18.73
 238.28  171.51
 238.49   74.90
 238.62  156.66
 238.72  144.20
 239.05  192.07
 240.13  166.60
 240.22  167.82
 240.73  141.09
 241.40   83.32
 241.54  191.12
 241.71  147.94
 242.02  207.44
 242.44  171.52
 243.53   79.90
 243.61  148.37
 244.27   68.43
 245.03  140.98
 245.39  196.90
 245.45   49.82
 246.30   94.36
 246.58  158.01
 246.66   17.23
 246.81  157.84
 247.25   81.01
 249.11  169.52
 249.17  123.12
 249.45  143.67
 249.74  166.89
 251.32  127.07
 251.64  172.96
 252.08  202.89
 252.19   94.38
 252.28  168.66
 252.29  203.89
 253.44  105.08
 253.69   40.91
 254.14  137.88
 254.30  137.47
 254.96  166.75
 255.18  203.77
 255.19   82.87
 255.19   37.52
 255.30   50.61
 255.63  110.86
 256.53  137.97
 257.25  191.54
 257.81   44.58
 257.98   70.90
 258.02  119.10
 258.47   81.37
 258.77  185.18
 258.84  209.27
 258.99  148.91
 259.48   93.18
 259.72  106.78
 260.42   97.20
 261.40  173.53
 261.71  163.40
 261.85  120.06
 262.14   85.49
 262.54   77.91
 262.76  125.80
 262.93  177.99
 263.03   58.45
 263.32   95.90
 263.46  108.60
 263.52  110.06
 264.28  151.64
 264.73  140.56
 264.92   56.30
 265.12   51.22
 265.12  180.82
 265.14  183.15
 265.25   64.24
 265.41   72.77
 265.49   64.61
 265.96   77.74
 266.05   24.14
 266.10  165.36
 266.16  121.52
 266.27   77.60
 266.43   23.74
 266.62  186.40
 266.87   53.75
 267.12   44.70
 267.31  134.64
 267.36  176.74
 268.19  182.76
 268.62  191.04
 269.02  161.48
 269.28  168.81
 269.40   38.26
 269.63  173.67
 269.70   91.90
 269.93  138.32
 270.75  131.61
 271.03   25.15
 271.14  204.56
 271.69   14.53
 271.69    9.18
 272.10  189.20
 272.28  108.13
 272.66  178.35
 272.67   83.98
 273.14  116.02
 273.18   89.12
 273.36  206.42
 273.50   95.18
 274.16  169.91
 274.56  182.89
 275.11   21.52
 275.87  136.56
 275.90    7.53
 277.81   13.05
 277.85  177.88
 277.93   90.59
 279.48   84.01
 279.59   22.46
 279.73  191.18
 279.77  183.47
 280.09  138.69
 280.20   15.93
 280.35  109.10
 281.18  211.26
 281.64  102.62
 281.74   20.15
 282.89   92.62
 284.05  144.79
 285.43  149.10
