   9.25   38.99
   9.61   27.51
  12.25   52.92
  15.82  112.06
  16.44   50.85
  17.03   46.71
  17.27  118.83
  17.85  187.36
  18.80   41.80
  19.85   47.93
  19.89   22.95
  20.13  124.20
  20.67   51.90
  21.40   34.24
  21.57  180.32
  21.67  172.61
  22.21  116.38
  24.43  173.55
  25.40  200.24
  25.71   28.38
  26.25  173.89
  26.55   25.40
  27.96   39.48
  28.26   33.14
  28.56  188.61
  28.58   58.97
  28.74   22.25
  29.99  182.01
  30.03  200.32
  31.14   33.94
  31.94  121.71
  32.15   72.12
  32.40  121.38
  32.53  187.80
  32.56  167.66
  32.69  203.77
  33.44   38.58
  33.90   21.96
  33.94   31.85
  33.96  180.23
  34.57   27.32
  35.01  117.02
  36.15  184.54
  36.38   58.84
  36.50   49.20
  37.14   75.43
  37.16  159.20
  37.60  122.35
  37.77  167.04
  39.01  184.77
  39.06  198.13
  39.06   80.60
  40.12  206.72
  40.14   41.75
  40.54  160.33
  40.65  168.70
  41.14  195.91
  41.39   31.15
  41.48   63.14
  41.49   27.94
  43.58   90.46
  44.55  185.79
  44.62  157.81
  44.71  111.13
  44.90  135.26
  45.39  172.28
  45.73   27.09
  45.80  177.25
  45.92  182.01
  46.32  204.81
  47.30   69.44
  47.86   11.49
  47.89   52.04
  48.41   74.41
  48.48  140.25
  48.66   71.39
  48.75  173.30
  48.82  156.11
  50.01   27.49
  50.24  188.27
  50.56  178.49
  50.74   93.31
  51.14   47.01
  51.53  109.07
  53.15  147.06
  53.55  108.85
  53.73  158.97
  54.06   84.11
  54.17   16.26
  54.42   83.06
  55.32   20.60
  55.51  165.89
  56.44   30.01
  56.93   74.43
  57.49  174.30
  59.07  180.08
  59.32   29.87
  59.67   11.80
  60.83  100.83
  62.29  144.29
  62.55   27.49
  63.13  121.76
  63.17  121.79
  63.67  136.99
  64.23   93.87
  64.96   31.95
  65.78  104.80
  65.88   85.10
  66.53  143.22
  66.89  108.44
  66.94   21.66
  67.23  101.82
  68.43  168.57
  68.68   92.89
  68.95   98.74
  69.26   27.13
  69.90  121.38
  70.15  115.62
  70.19   72.19
  70.43  141.06
  70.60  176.60
  70.73   44.90
  70.95   12.16
  71.33   50.52
  71.76   50.52
  73.12   68.47
  73.22  109.18
  73.24   85.64
  74.19   36.51
  75.11  115.92
  75.79  130.02
  76.45   78.02
  76.49   27.05
  76.70   57.17
  77.49   65.84
  77.58   79.96
  78.22   93.79
  78.25   21.68
  78.70   48.55
  78.98  132.21
  79.61  106.62
  80.64   88.70
  80.80  130.99
  81.21  120.67
  81.49  112.28
  81.78   26.91
  81.81  115.28
  83.03  128.15
  83.15    8.82
  83.42  111.57
  83.56   81.07
  83.72  136.06
  84.89   88.26
  85.28   83.72
  85.32   68.98
  85.71  107.21
  86.01   97.32
  86.20   53.61
  86.45   61.55
  87.75   80.17
  87.82   71.64
  88.23   11.94
  88.26   25.23
  88.42   30.24
  88.96  125.09
  89.29   39.25
  89.45  132.21
  89.46   43.46
  89.82   82.09
  90.68   65.23
  90.76   36.20
  90.77   77.21
  91.06  135.91
  91.18   91.48
  91.39  119.35
  91.73   20.51
  92.59  111.33
  93.25  102.39
  93.46   78.86
  93.60   96.64
  93.95  142.81
  93.99   34.46
  94.55  154.86
  94.76  172.46
  95.31   26.48
  95.31  111.58
  96.11   80.53
  96.18  141.28
  96.32   96.79
  96.52   66.70
  96.84  172.16
  96.87  159.35
  97.33  130.99
  97.72  156.35
  99.42   30.21
 100.93  165.81
 101.81   27.04
 102.48   95.50
 102.52  161.44
 103.14  127.01
 103.17   91.89
 103.32  158.47
 103.54  165.87
 103.86  111.43
 103.97  180.41
 104.41  120.50
 105.11  106.39
 105.50  103.62
 106.61  164.54
 106.74   30.56
 106.86  157.99
 107.22  138.14
 107.32   90.45
 107.65  168.93
 107.81  101.46
 107.98   93.85
 108.08  186.46
 108.81  123.96
 109.57  152.47
 109.71   22.78
 109.75   31.57
 109.87  188.85
 110.21   82.74
 110.72  185.76
 110.99  150.06
 111.07  128.18
 112.11   17.22
 112.27  102.60
 112.95   91.42
 112.98  172.97
 113.21  152.78
 113.55  160.79
 114.14  149.54
 114.98  154.50
 115.08  134.02
 115.63  120.27
 116.00   20.85
 116.30  120.18
 116.52  193.72
 116.81   32.34
 116.88  112.33
 117.16   37.03
 117.28  101.08
 117.37  163.17
 117.80  108.55
 118.14   29.54
 118.15   18.16
 118.22   45.03
 120.07   37.72
 120.41  162.35
 120.92   81.64
 121.14   51.79
 121.17   96.45
 121.30  144.79
 122.50  209.15
 122.58   86.02
 122.80  185.04
 123.87   69.89
 124.28  106.24
 124.29  112.05
 124.36  185.52
 124.60  201.77
 124.80   25.99
 124.89   41.09
 124.92   51.70
 124.97   10.29
 125.68   14.59
 125.69  108.54
 126.50   77.71
 126.86   21.20
 128.60   68.07
 128.72  104.85
 129.44   92.25
 130.52   65.10
 130.76  111.33
 130.97   11.16
 130.98   54.49
 131.01   86.41
 131.25  173.56
 131.89   39.34
 132.11  181.10
 132.81   38.19
 132.95  198.24
 132.97   98.81
 133.18   24.50
 133.23  127.03
 133.90   66.13
 133.94   81.00
 134.44  164.36
 134.55   93.85
 135.40  106.57
 136.00   60.70
 136.39  153.10
 136.80  112.18
 137.05  177.58
 137.33  200.29
 137.90   96.68
 137.96  174.21
 138.38   31.36
 139.19   90.83
 139.36  186.81
 139.44   77.44
 139.75   19.06
 140.13   36.61
 140.74  175.06
 140.92  140.05
 141.16  126.53
 141.35  170.31
 141.35  108.38
 141.50   79.47
 141.59   90.93
 141.66  147.12
 141.95   24.78
 142.16   24.73
 143.43  104.44
 143.44  146.22
 143.71  116.32
 143.94   76.30
 144.25  135.95
 144.54  127.44
 144.70   39.95
 144.82   43.22
 145.18  203.67
 145.59   93.53
 146.83   46.23
 147.06   11.12
 147.49   31.88
 148.16   22.00
 148.59  158.50
 149.49  144.04
 149.78   40.90
 150.01  153.97
 150.37   45.74
 150.64  170.29
 151.01   37.44
 152.42  118.21
 153.09  199.96
 153.31  143.42
 153.34   12.10
 153.63   62.44
 153.64   70.08
 153.97  178.16
 154.00  179.49
 154.03  135.08
 154.25   15.77
 154.51   22.34
 154.52  163.96
 155.19   34.41
 155.68   39.48
 156.72   42.59
 157.56   54.51
 158.06   65.11
 158.19  103.90
 158.44   25.18
 158.58  163.30
 158.92   12.55
 159.46   68.92
 159.71   16.20
 159.87   21.22
 160.07  124.76
 160.24   82.75
 160.27  195.84
 160.30   88.69
 160.58  116.62
 160.72  183.87
 160.77  115.65
 161.27  149.86
 161.42   56.67
 162.43  200.02
 162.72   44.41
 162.93   95.52
 162.98   84.57
 163.37  135.63
 163.51  152.45
 163.88   79.05
 164.16   24.41
 164.29   34.53
 164.69   12.96
 164.83   89.43
 165.05   92.81
 165.78  181.97
 166.02   37.19
 166.56  104.45
 167.15   46.56
 167.44   56.02
 167.97  192.31
 168.32  177.80
 168.74  204.33
 169.31   96.69
 170.02   13.32
 170.68   24.63
 171.42   92.56
 172.04  134.24
 172.50  189.39
 172.61  170.96
 172.86  153.34
 173.15  173.89
 173.29  146.45
 174.38   68.21
 174.48  101.96
 174.52   24.91
 174.76   64.92
 174.83  184.90
 175.10   29.01
 175.39   47.33
 175.91   13.10
 176.19   34.32
 176.44   20.71
 176.52   58.36
 177.75  148.95
 177.81  107.44
 178.06  138.01
 178.89  179.22
 178.93   11.64
 179.51   25.06
 179.74  120.52
 179.90   86.25
 179.90   33.11
 180.50   87.45
 181.59   13.79
 181.71  150.84
 182.04   16.98
 182.44   93.09
 183.17   58.75
 183.66  115.66
 183.92  154.01
 184.32  170.44
 184.72  185.46
 185.84   36.79
 185.95  105.37
 186.19   14.18
 186.23   68.15
 186.32   21.91
 186.34   45.34
 186.39  180.64
 186.67  177.71
 187.41  150.12
 188.42   85.71
 188.89  137.93
 189.53   55.95
 189.64  111.05
 190.24  187.93
 190.51   22.02
 190.54  117.35
 190.56  157.62
 190.66  163.27
 190.67   14.41
 190.98  147.11
 191.17  201.64
 192.07  103.15
 192.47   27.84
 192.48   90.73
 192.57  175.79
 192.87  160.60
 193.63   71.87
 193.92   56.81
 194.27  181.42
 194.58   22.14
 195.81   55.19
 196.57   66.17
 196.75   75.22
 196.85  204.36
 197.00  111.62
 197.12   52.30
 197.26   44.51
 197.96   99.09
 198.07   85.10
 198.19  110.48
 198.29  198.96
 198.51  208.93
 198.91   24.77
 199.21   29.97
 199.56  156.19
 199.63   39.65
 200.06   45.33
 200.47  118.96
 200.62  130.89
 201.07  173.08
 201.42  187.20
 201.51  192.98
 201.90  142.99
 202.09  206.94
 202.22  178.19
 202.50   55.36
 202.62   21.94
 203.17   15.24
 203.56  172.45
 203.64   83.14
 203.89  181.76
 203.95  142.75
 205.01   25.34
 205.27  159.51
 205.27  124.93
 205.41   18.52
 205.82  108.57
 206.75   41.05
 208.44   46.50
 208.95  113.13
 209.59  151.88
 209.80  117.08
 209.84   61.32
 210.64   25.73
 210.67  181.45
 211.61   66.69
 211.71  144.99
 212.04  141.48
 212.10  150.05
 212.49    6.79
 212.69   50.47
 213.42  130.64
 214.44   81.75
 215.32  168.09
 216.04   66.90
 216.65   70.08
 216.82  120.21
 217.02   34.78
 217.10  134.02
 217.14  110.15
 217.60  137.70
 217.62  114.05
 218.10  186.91
 218.38  115.24
 218.94  124.77
 219.78   49.84
 220.43  113.67
 220.44   25.51
 220.51   74.60
 220.54   45.94
 220.82  129.33
 221.95   67.65
 223.35  164.52
 224.13   79.41
 225.47  115.13
 225.78  157.97
 226.09   39.93
 226.84   84.78
 228.46  138.74
 229.19  128.34
 229.86   40.42
 230.00  125.76
 230.01  201.88
 230.85  132.38
 231.74   62.69
 234.12  176.41
 234.26  119.17
 235.43   23.09
 235.72   20.26
 236.21  188.22
 236.24  163.04
 236.25  158.36
 236.78  102.99
 236.89   59.64
 237.05   39.22
 238.11   63.01
 238.46   50.15
 238.72   89.01
 239.23   58.92
 239.31  146.40
 239.59   16.11
 239.67   21.56
 239.68  122.69
 239.78   44.72
 240.91  153.46
 241.12  131.90
 242.04   60.95
 242.89   46.59
 242.95  201.56
 243.15  150.78
 243.41   53.03
 244.63   69.94
 245.59  189.16
 246.19  140.66
 246.74  156.54
 246.86  177.93
 247.07  186.87
 247.14  118.37
 247.22  195.46
 247.33  183.67
 247.38   96.84
 247.39   41.84
 248.06  110.78
 248.76  139.71
 249.29   26.15
 249.71   55.03
 249.92  126.03
 250.30   37.56
 250.47   22.26
 250.52   97.82
 250.55  119.57
 250.78  147.72
 250.88  203.79
 251.19    7.58
 251.52   68.75
 251.65   18.71
 251.66   59.03
 251.75   47.73
 252.39  134.44
 252.72  180.73
 252.80   79.93
 253.78   22.52
 254.10   97.62
 254.28  100.04
 254.28   99.73
 254.67   72.59
 254.85   34.54
 255.11  194.62
 255.94  129.89
 256.28  213.05
 256.35  124.75
 256.71  109.95
 257.77   46.54
 257.80   77.88
 258.43   56.10
 259.46   32.94
 259.64  158.79
 260.26  137.35
 261.23  167.28
 261.27  112.94
 261.73   72.07
 261.77  131.16
 261.99  134.20
 262.21  123.53
 262.30  127.76
 262.32   57.17
 262.36   34.26
 263.27  204.46
 264.03   39.61
 264.33  136.34
 264.94   71.96
 265.13  149.18
 265.85   48.63
 265.97  108.83
 266.26   66.21
 267.02  190.39
 267.10  190.97
 267.44   53.37
 267.50   67.34
 267.90   39.68
 268.26  100.69
 268.31  167.28
 268.51   99.83
 268.62   69.02
 269.68  113.15
 270.12  155.26
 271.20  104.40
 271.32   51.58
 271.94  127.78
 271.95  138.42
 271.96   47.18
 272.17  164.90
 272.65  135.52
 272.78   29.71
 272.94  179.47
 273.59  193.38
 273.75   37.74
 273.78   54.12
 274.16  179.46
 274.63   60.90
 274.70  131.50
 274.95  167.74
 275.86   47.54
 276.22  149.33
 277.69  147.78
 278.41   67.87
 278.86  125.25
 280.60  137.14
 281.19   73.63
 281.68   47.94
 281.79  122.98
 282.28   38.26
 282.28  203.74
 282.30  132.80
 282.66  125.12
 283.16   43.56
 283.66  174.38
 284.50  174.71
 285.09  164.61
 285.14  128.66
 285.92  103.69
 286.19   58.47
 286.26  166.41
 286.37   67.70
 287.14   30.47
 287.71   42.03
 288.75  154.89
 288.94   27.19
 289.72   79.52
 292.48   57.53
 292.74  197.22
 294.03  132.71
 294.85   74.60
 295.33   36.00
 295.64    8.00
 295.67   44.23
 295.88   73.75
 296.05  191.17
 296.77  188.54
 297.38   55.56
 297.53   48.91
 298.13  207.60
 298.83  177.74
 300.23  161.71
 300.30  167.65
 301.50  206.34
 301.69   58.31
 302.36  165.03
 304.84   49.55
 305.78  170.51
 306.71  161.39
 308.36   21.28
 308.78   18.26
 310.25  147.66
 312.22  145.37
 314.26   30.22
 314.92  182.53
